main_dl2.py --pruning=True --tensorboard=True --log-interval=15 --pruning_config=./configs/mnist_22_15.json --constraint RobustnessCorr(eps=0.4) --print-after-epoch=0 --dl2-weight=0.001 --delay=6 --batch-size-constr=500
pruning_engine.load_mask(): did not find mask file, will load nothing
epoch, neuron_units, loss, dl2_loss, top1, top5, dl2_p_acc, dl2_constraint_acc
[0] Train acc: 0.1406
1, 252, 2.2927, 0.0023, 14.062, 59.375, 0.103, 0.000, 
[15] Train acc: 0.1875
1, 252, 2.2763, 0.0023, 18.750, 68.750, 0.103, 0.100, 
[30] Train acc: 0.3125
1, 252, 2.2343, 0.0023, 31.250, 75.000, 0.205, 0.400, 
[45] Train acc: 0.3594
1, 252, 2.1083, 0.0022, 35.938, 89.062, 0.408, 0.400, 
[60] Train acc: 0.5625
1, 252, 1.8079, 0.0021, 56.250, 90.625, 0.576, 0.800, 
[75] Train acc: 0.6719
1, 252, 1.1560, 0.0017, 67.188, 95.312, 0.646, 0.700, 
[90] Train acc: 0.6250
1, 252, 1.0569, 0.0015, 62.500, 98.438, 0.674, 0.700, 
[105] Train acc: 0.7031
1, 252, 0.8945, 0.0013, 70.312, 95.312, 0.730, 0.900, 
[120] Train acc: 0.8125
1, 252, 0.5999, 0.0011, 81.250, 98.438, 0.806, 1.000, 
[135] Train acc: 0.8594
1, 252, 0.3908, 0.0010, 85.938, 100.000, 0.854, 1.000, 
[150] Train acc: 0.8594
1, 252, 0.5338, 0.0010, 85.938, 100.000, 0.820, 0.700, 
[165] Train acc: 0.8281
1, 252, 0.5438, 0.0010, 82.812, 98.438, 0.764, 0.800, 
[180] Train acc: 0.9062
1, 252, 0.4400, 0.0009, 90.625, 98.438, 0.846, 0.800, 
[195] Train acc: 0.9062
1, 252, 0.2807, 0.0009, 90.625, 100.000, 0.848, 0.800, 
[210] Train acc: 0.9219
1, 252, 0.3626, 0.0009, 92.188, 98.438, 0.857, 1.000, 
[225] Train acc: 0.8750
1, 252, 0.3995, 0.0008, 87.500, 100.000, 0.887, 0.700, 
[240] Train acc: 0.8750
1, 252, 0.4170, 0.0008, 87.500, 98.438, 0.877, 0.900, 
[255] Train acc: 0.8281
1, 252, 0.4295, 0.0008, 82.812, 100.000, 0.851, 1.000, 
[270] Train acc: 0.9219
1, 252, 0.2311, 0.0008, 92.188, 100.000, 0.843, 0.800, 
[285] Train acc: 0.9375
1, 252, 0.2467, 0.0007, 93.750, 100.000, 0.920, 0.900, 
[300] Train acc: 0.9062
1, 252, 0.2694, 0.0007, 90.625, 100.000, 0.911, 1.000, 
[315] Train acc: 0.9219
1, 252, 0.2680, 0.0007, 92.188, 98.438, 0.922, 0.900, 
[330] Train acc: 0.9062
1, 252, 0.3726, 0.0007, 90.625, 98.438, 0.864, 0.800, 
[345] Train acc: 0.8594
1, 252, 0.4701, 0.0007, 85.938, 98.438, 0.908, 0.800, 
[360] Train acc: 0.8750
1, 252, 0.2838, 0.0007, 87.500, 100.000, 0.909, 0.900, 
[375] Train acc: 0.9375
1, 252, 0.1560, 0.0007, 93.750, 100.000, 0.923, 0.900, 
[390] Train acc: 0.9062
1, 252, 0.2070, 0.0006, 90.625, 100.000, 0.915, 0.800, 
[405] Train acc: 0.9375
1, 252, 0.1975, 0.0006, 93.750, 100.000, 0.918, 1.000, 
[420] Train acc: 0.9219
1, 252, 0.2446, 0.0006, 92.188, 100.000, 0.936, 0.900, 
[435] Train acc: 0.9219
1, 252, 0.2261, 0.0006, 92.188, 100.000, 0.935, 0.900, 
[450] Train acc: 0.9219
1, 252, 0.1807, 0.0006, 92.188, 100.000, 0.942, 1.000, 
[465] Train acc: 0.8906
1, 252, 0.3503, 0.0006, 89.062, 100.000, 0.914, 1.000, 
[480] Train acc: 1.0000
1, 252, 0.0762, 0.0006, 100.000, 100.000, 0.934, 0.900, 
[495] Train acc: 0.9531
1, 252, 0.1621, 0.0006, 95.312, 100.000, 0.948, 1.000, 
[510] Train acc: 0.9219
1, 252, 0.1649, 0.0005, 92.188, 100.000, 0.949, 0.900, 
[525] Train acc: 0.9531
1, 252, 0.1392, 0.0006, 95.312, 100.000, 0.945, 0.900, 
[540] Train acc: 0.9531
1, 252, 0.2543, 0.0006, 95.312, 98.438, 0.933, 1.000, 
[555] Train acc: 0.9688
1, 252, 0.1702, 0.0005, 96.875, 98.438, 0.953, 1.000, 
[570] Train acc: 0.9531
1, 252, 0.1492, 0.0005, 95.312, 100.000, 0.925, 0.900, 
[585] Train acc: 0.9844
1, 252, 0.0822, 0.0005, 98.438, 100.000, 0.950, 1.000, 
[600] Train acc: 0.9531
1, 252, 0.1890, 0.0005, 95.312, 100.000, 0.951, 0.900, 
[615] Train acc: 0.9531
1, 252, 0.1561, 0.0005, 95.312, 100.000, 0.951, 1.000, 
[630] Train acc: 0.9375
1, 252, 0.3362, 0.0005, 93.750, 100.000, 0.956, 1.000, 
[645] Train acc: 0.9688
1, 252, 0.1513, 0.0005, 96.875, 100.000, 0.956, 1.000, 
[660] Train acc: 0.9688
1, 252, 0.1354, 0.0005, 96.875, 100.000, 0.956, 1.000, 
[675] Train acc: 0.9375
1, 252, 0.1571, 0.0005, 93.750, 100.000, 0.956, 1.000, 
[690] Train acc: 0.9688
1, 252, 0.1637, 0.0005, 96.875, 98.438, 0.958, 0.900, 
[705] Train acc: 0.8906
1, 252, 0.3415, 0.0005, 89.062, 100.000, 0.953, 0.900, 
[720] Train acc: 1.0000
1, 252, 0.0550, 0.0005, 100.000, 100.000, 0.958, 1.000, 
[735] Train acc: 0.9375
1, 252, 0.1595, 0.0005, 93.750, 100.000, 0.956, 1.000, 
[750] Train acc: 0.9688
1, 252, 0.0683, 0.0005, 96.875, 100.000, 0.950, 0.900, 
[765] Train acc: 0.9062
1, 252, 0.2801, 0.0005, 90.625, 100.000, 0.945, 0.900, 
[780] Train acc: 0.9219
1, 252, 0.1975, 0.0005, 92.188, 100.000, 0.965, 1.000, 
[795] Train acc: 0.9375
1, 252, 0.1232, 0.0005, 93.750, 100.000, 0.960, 0.800, 
[810] Train acc: 1.0000
1, 252, 0.0531, 0.0005, 100.000, 100.000, 0.963, 1.000, 
[825] Train acc: 0.9531
1, 252, 0.1005, 0.0005, 95.312, 100.000, 0.959, 0.800, 
[840] Train acc: 0.9531
1, 252, 0.1271, 0.0005, 95.312, 100.000, 0.969, 1.000, 
[855] Train acc: 0.9375
1, 252, 0.1566, 0.0005, 93.750, 100.000, 0.942, 1.000, 
[870] Train acc: 0.9531
1, 252, 0.1490, 0.0004, 95.312, 100.000, 0.963, 1.000, 
[885] Train acc: 0.9375
1, 252, 0.1344, 0.0005, 93.750, 100.000, 0.959, 0.900, 
[900] Train acc: 0.9531
1, 252, 0.1105, 0.0004, 95.312, 100.000, 0.962, 1.000, 
[915] Train acc: 0.9375
1, 252, 0.1970, 0.0004, 93.750, 100.000, 0.960, 0.900, 
[930] Train acc: 0.9375
1, 252, 0.1600, 0.0004, 93.750, 100.000, 0.965, 1.000, 
[0] Train acc: 0.9531
2, 252, 0.1407, 0.0004, 95.312, 100.000, 0.963, 0.900, 
[15] Train acc: 0.9844
2, 252, 0.0752, 0.0004, 98.438, 100.000, 0.967, 0.900, 
[30] Train acc: 0.9688
2, 252, 0.0801, 0.0004, 96.875, 100.000, 0.955, 0.900, 
[45] Train acc: 0.9688
2, 252, 0.0949, 0.0004, 96.875, 100.000, 0.965, 0.800, 
[60] Train acc: 0.9844
2, 252, 0.0438, 0.0004, 98.438, 100.000, 0.963, 0.900, 
[75] Train acc: 0.9688
2, 252, 0.1399, 0.0004, 96.875, 100.000, 0.966, 0.800, 
[90] Train acc: 0.9375
2, 252, 0.3302, 0.0004, 93.750, 100.000, 0.967, 1.000, 
[105] Train acc: 0.9844
2, 252, 0.0491, 0.0004, 98.438, 100.000, 0.970, 1.000, 
[120] Train acc: 0.9688
2, 252, 0.0914, 0.0004, 96.875, 100.000, 0.970, 1.000, 
[135] Train acc: 0.9688
2, 252, 0.1508, 0.0004, 96.875, 100.000, 0.964, 1.000, 
[150] Train acc: 0.9531
2, 252, 0.0793, 0.0004, 95.312, 100.000, 0.967, 1.000, 
[165] Train acc: 0.9844
2, 252, 0.0713, 0.0004, 98.438, 100.000, 0.969, 0.800, 
[180] Train acc: 0.9531
2, 252, 0.0830, 0.0004, 95.312, 100.000, 0.966, 1.000, 
[195] Train acc: 0.9844
2, 252, 0.0966, 0.0004, 98.438, 100.000, 0.961, 0.900, 
[210] Train acc: 0.9688
2, 252, 0.0620, 0.0004, 96.875, 100.000, 0.973, 0.800, 
[225] Train acc: 0.9531
2, 252, 0.1448, 0.0004, 95.312, 100.000, 0.965, 0.900, 
[240] Train acc: 0.9531
2, 252, 0.1479, 0.0004, 95.312, 100.000, 0.967, 0.700, 
[255] Train acc: 1.0000
2, 252, 0.0279, 0.0004, 100.000, 100.000, 0.968, 0.600, 
[270] Train acc: 0.9844
2, 252, 0.0609, 0.0003, 98.438, 100.000, 0.974, 0.800, 
[285] Train acc: 0.9844
2, 252, 0.0342, 0.0003, 98.438, 100.000, 0.975, 0.800, 
[300] Train acc: 0.9688
2, 252, 0.0782, 0.0004, 96.875, 100.000, 0.969, 1.000, 
[315] Train acc: 0.9375
2, 252, 0.1122, 0.0004, 93.750, 100.000, 0.975, 0.800, 
[330] Train acc: 0.9688
2, 252, 0.0469, 0.0004, 96.875, 100.000, 0.968, 0.800, 
[345] Train acc: 0.9531
2, 252, 0.2345, 0.0004, 95.312, 100.000, 0.977, 0.800, 
[360] Train acc: 0.9688
2, 252, 0.0647, 0.0004, 96.875, 100.000, 0.962, 0.800, 
[375] Train acc: 0.9531
2, 252, 0.1035, 0.0004, 95.312, 100.000, 0.976, 0.600, 
[390] Train acc: 0.9844
2, 252, 0.0274, 0.0004, 98.438, 100.000, 0.974, 0.800, 
[405] Train acc: 0.9844
2, 252, 0.0408, 0.0004, 98.438, 100.000, 0.968, 0.700, 
[420] Train acc: 0.9844
2, 252, 0.0255, 0.0004, 98.438, 100.000, 0.976, 0.800, 
[435] Train acc: 0.9844
2, 252, 0.0391, 0.0004, 98.438, 100.000, 0.977, 0.500, 
[450] Train acc: 0.9844
2, 252, 0.0888, 0.0003, 98.438, 100.000, 0.975, 0.800, 
[465] Train acc: 0.9688
2, 252, 0.0860, 0.0004, 96.875, 100.000, 0.972, 0.400, 
[480] Train acc: 0.9688
2, 252, 0.0826, 0.0004, 96.875, 100.000, 0.969, 0.700, 
[495] Train acc: 0.9375
2, 252, 0.1246, 0.0004, 93.750, 100.000, 0.972, 0.700, 
[510] Train acc: 1.0000
2, 252, 0.0169, 0.0004, 100.000, 100.000, 0.974, 0.700, 
[525] Train acc: 0.9688
2, 252, 0.1215, 0.0004, 96.875, 100.000, 0.977, 0.700, 
[540] Train acc: 0.9844
2, 252, 0.0627, 0.0004, 98.438, 100.000, 0.977, 0.800, 
[555] Train acc: 1.0000
2, 252, 0.0338, 0.0004, 100.000, 100.000, 0.977, 0.500, 
[570] Train acc: 0.9531
2, 252, 0.1980, 0.0004, 95.312, 100.000, 0.972, 0.800, 
[585] Train acc: 1.0000
2, 252, 0.0180, 0.0004, 100.000, 100.000, 0.965, 0.400, 
[600] Train acc: 0.9531
2, 252, 0.1889, 0.0004, 95.312, 100.000, 0.966, 0.800, 
[615] Train acc: 0.9531
2, 252, 0.1996, 0.0004, 95.312, 100.000, 0.972, 0.400, 
[630] Train acc: 0.9844
2, 252, 0.0752, 0.0004, 98.438, 100.000, 0.971, 0.400, 
[645] Train acc: 0.9062
2, 252, 0.2343, 0.0003, 90.625, 100.000, 0.980, 0.800, 
[660] Train acc: 0.9844
2, 252, 0.0542, 0.0003, 98.438, 100.000, 0.978, 0.700, 
[675] Train acc: 0.9844
2, 252, 0.0672, 0.0003, 98.438, 100.000, 0.977, 0.600, 
[690] Train acc: 0.9688
2, 252, 0.0481, 0.0003, 96.875, 100.000, 0.975, 0.800, 
[705] Train acc: 0.9844
2, 252, 0.0961, 0.0003, 98.438, 100.000, 0.970, 0.700, 
[720] Train acc: 0.9688
2, 252, 0.0633, 0.0003, 96.875, 100.000, 0.976, 0.800, 
[735] Train acc: 0.9844
2, 252, 0.0988, 0.0004, 98.438, 100.000, 0.959, 0.700, 
[750] Train acc: 0.9844
2, 252, 0.0208, 0.0003, 98.438, 100.000, 0.978, 0.400, 
[765] Train acc: 0.9688
2, 252, 0.0411, 0.0003, 96.875, 100.000, 0.978, 0.300, 
[780] Train acc: 0.9844
2, 252, 0.0408, 0.0003, 98.438, 100.000, 0.975, 0.500, 
[795] Train acc: 0.9688
2, 252, 0.0842, 0.0003, 96.875, 100.000, 0.976, 0.600, 
[810] Train acc: 0.9688
2, 252, 0.0810, 0.0003, 96.875, 100.000, 0.976, 0.500, 
[825] Train acc: 0.9375
2, 252, 0.2803, 0.0003, 93.750, 100.000, 0.979, 0.600, 
[840] Train acc: 1.0000
2, 252, 0.0204, 0.0003, 100.000, 100.000, 0.974, 0.700, 
[855] Train acc: 1.0000
2, 252, 0.0160, 0.0003, 100.000, 100.000, 0.980, 0.600, 
[870] Train acc: 1.0000
2, 252, 0.0261, 0.0003, 100.000, 100.000, 0.978, 0.500, 
[885] Train acc: 0.9844
2, 252, 0.0547, 0.0003, 98.438, 100.000, 0.977, 0.600, 
[900] Train acc: 0.9375
2, 252, 0.1150, 0.0003, 93.750, 100.000, 0.979, 0.400, 
[915] Train acc: 0.9688
2, 252, 0.0495, 0.0003, 96.875, 100.000, 0.981, 0.100, 
[930] Train acc: 0.9688
2, 252, 0.1090, 0.0003, 96.875, 100.000, 0.971, 0.400, 
[0] Train acc: 0.9688
3, 252, 0.1437, 0.0003, 96.875, 100.000, 0.970, 0.400, 
[15] Train acc: 1.0000
3, 252, 0.0285, 0.0003, 100.000, 100.000, 0.981, 0.600, 
[30] Train acc: 0.9844
3, 252, 0.0529, 0.0003, 98.438, 100.000, 0.978, 0.500, 
[45] Train acc: 0.9688
3, 252, 0.0809, 0.0004, 96.875, 100.000, 0.969, 0.100, 
[60] Train acc: 1.0000
3, 252, 0.0216, 0.0003, 100.000, 100.000, 0.981, 0.700, 
[75] Train acc: 0.9688
3, 252, 0.1329, 0.0003, 96.875, 100.000, 0.969, 0.700, 
[90] Train acc: 0.9844
3, 252, 0.0656, 0.0003, 98.438, 100.000, 0.976, 0.500, 
[105] Train acc: 1.0000
3, 252, 0.0243, 0.0003, 100.000, 100.000, 0.981, 0.600, 
[120] Train acc: 1.0000
3, 252, 0.0218, 0.0003, 100.000, 100.000, 0.979, 0.600, 
[135] Train acc: 0.9531
3, 252, 0.0817, 0.0003, 95.312, 100.000, 0.981, 0.300, 
[150] Train acc: 1.0000
3, 252, 0.0099, 0.0003, 100.000, 100.000, 0.975, 0.700, 
[165] Train acc: 0.9844
3, 252, 0.1767, 0.0003, 98.438, 100.000, 0.981, 0.400, 
[180] Train acc: 0.9531
3, 252, 0.1106, 0.0003, 95.312, 100.000, 0.981, 0.600, 
[195] Train acc: 0.9844
3, 252, 0.0700, 0.0003, 98.438, 100.000, 0.976, 0.200, 
[210] Train acc: 0.9531
3, 252, 0.0754, 0.0003, 95.312, 100.000, 0.972, 0.600, 
[225] Train acc: 1.0000
3, 252, 0.0133, 0.0003, 100.000, 100.000, 0.983, 0.300, 
[240] Train acc: 0.9688
3, 252, 0.0620, 0.0003, 96.875, 100.000, 0.980, 0.600, 
[255] Train acc: 0.9844
3, 252, 0.0525, 0.0003, 98.438, 100.000, 0.972, 0.300, 
[270] Train acc: 0.9688
3, 252, 0.0948, 0.0003, 96.875, 100.000, 0.982, 0.400, 
[285] Train acc: 0.9688
3, 252, 0.0618, 0.0003, 96.875, 100.000, 0.984, 0.200, 
[300] Train acc: 0.9844
3, 252, 0.0618, 0.0003, 98.438, 100.000, 0.981, 0.400, 
[315] Train acc: 0.9688
3, 252, 0.1432, 0.0003, 96.875, 100.000, 0.983, 0.700, 
[330] Train acc: 0.9531
3, 252, 0.1283, 0.0003, 95.312, 100.000, 0.978, 0.600, 
[345] Train acc: 1.0000
3, 252, 0.0156, 0.0003, 100.000, 100.000, 0.982, 0.400, 
[360] Train acc: 0.9844
3, 252, 0.0625, 0.0003, 98.438, 100.000, 0.979, 0.400, 
[375] Train acc: 1.0000
3, 252, 0.0429, 0.0003, 100.000, 100.000, 0.977, 1.000, 
[390] Train acc: 0.9375
3, 252, 0.2170, 0.0003, 93.750, 100.000, 0.966, 0.300, 
[405] Train acc: 0.9844
3, 252, 0.0477, 0.0003, 98.438, 100.000, 0.982, 0.300, 
[420] Train acc: 1.0000
3, 252, 0.0266, 0.0003, 100.000, 100.000, 0.982, 0.500, 
[435] Train acc: 0.9844
3, 252, 0.0296, 0.0003, 98.438, 100.000, 0.972, 0.300, 
[450] Train acc: 0.9844
3, 252, 0.0515, 0.0003, 98.438, 100.000, 0.979, 0.400, 
[465] Train acc: 1.0000
3, 252, 0.0425, 0.0003, 100.000, 100.000, 0.982, 0.000, 
[480] Train acc: 0.9844
3, 252, 0.1283, 0.0003, 98.438, 100.000, 0.981, 0.300, 
[495] Train acc: 0.9688
3, 252, 0.0506, 0.0003, 96.875, 100.000, 0.983, 0.600, 
[510] Train acc: 0.9688
3, 252, 0.0836, 0.0003, 96.875, 100.000, 0.982, 0.600, 
[525] Train acc: 0.9531
3, 252, 0.1020, 0.0003, 95.312, 100.000, 0.984, 0.500, 
[540] Train acc: 1.0000
3, 252, 0.0214, 0.0003, 100.000, 100.000, 0.982, 0.100, 
[555] Train acc: 0.9531
3, 252, 0.1520, 0.0003, 95.312, 100.000, 0.985, 0.400, 
[570] Train acc: 0.9844
3, 252, 0.0536, 0.0003, 98.438, 100.000, 0.978, 0.300, 
[585] Train acc: 1.0000
3, 252, 0.0112, 0.0003, 100.000, 100.000, 0.982, 0.300, 
[600] Train acc: 0.9375
3, 252, 0.1640, 0.0003, 93.750, 100.000, 0.980, 0.300, 
[615] Train acc: 0.9531
3, 252, 0.1815, 0.0003, 95.312, 100.000, 0.982, 0.500, 
[630] Train acc: 1.0000
3, 252, 0.0235, 0.0003, 100.000, 100.000, 0.984, 0.300, 
[645] Train acc: 0.9688
3, 252, 0.2124, 0.0003, 96.875, 100.000, 0.983, 0.200, 
[660] Train acc: 1.0000
3, 252, 0.0341, 0.0003, 100.000, 100.000, 0.983, 0.500, 
[675] Train acc: 1.0000
3, 252, 0.0153, 0.0003, 100.000, 100.000, 0.984, 0.300, 
[690] Train acc: 0.9844
3, 252, 0.0284, 0.0003, 98.438, 100.000, 0.985, 0.200, 
[705] Train acc: 1.0000
3, 252, 0.0274, 0.0003, 100.000, 100.000, 0.983, 0.200, 
[720] Train acc: 0.9844
3, 252, 0.0483, 0.0003, 98.438, 100.000, 0.984, 0.400, 
[735] Train acc: 0.9844
3, 252, 0.0342, 0.0003, 98.438, 100.000, 0.982, 0.000, 
[750] Train acc: 0.9844
3, 252, 0.0250, 0.0003, 98.438, 100.000, 0.986, 0.000, 
[765] Train acc: 1.0000
3, 252, 0.0191, 0.0003, 100.000, 100.000, 0.981, 0.300, 
[780] Train acc: 0.9531
3, 252, 0.1058, 0.0003, 95.312, 100.000, 0.984, 0.200, 
[795] Train acc: 0.9688
3, 252, 0.0497, 0.0003, 96.875, 100.000, 0.982, 0.000, 
[810] Train acc: 1.0000
3, 252, 0.0074, 0.0003, 100.000, 100.000, 0.978, 0.200, 
[825] Train acc: 1.0000
3, 252, 0.0133, 0.0002, 100.000, 100.000, 0.984, 0.300, 
[840] Train acc: 0.9531
3, 252, 0.0715, 0.0003, 95.312, 100.000, 0.981, 0.400, 
[855] Train acc: 1.0000
3, 252, 0.0085, 0.0003, 100.000, 100.000, 0.978, 0.500, 
[870] Train acc: 1.0000
3, 252, 0.0084, 0.0003, 100.000, 100.000, 0.981, 0.100, 
[885] Train acc: 1.0000
3, 252, 0.0144, 0.0003, 100.000, 100.000, 0.983, 0.100, 
[900] Train acc: 0.9844
3, 252, 0.0241, 0.0003, 98.438, 100.000, 0.981, 0.200, 
[915] Train acc: 0.9531
3, 252, 0.2423, 0.0003, 95.312, 100.000, 0.983, 0.300, 
[930] Train acc: 0.9844
3, 252, 0.0708, 0.0003, 98.438, 100.000, 0.987, 0.200, 
[0] Train acc: 0.9844
4, 252, 0.0484, 0.0003, 98.438, 100.000, 0.985, 0.000, 
[15] Train acc: 1.0000
4, 252, 0.0244, 0.0003, 100.000, 100.000, 0.983, 0.200, 
[30] Train acc: 0.9844
4, 252, 0.0416, 0.0003, 98.438, 100.000, 0.981, 0.300, 
[45] Train acc: 1.0000
4, 252, 0.0063, 0.0003, 100.000, 100.000, 0.985, 0.400, 
[60] Train acc: 1.0000
4, 252, 0.0215, 0.0003, 100.000, 100.000, 0.984, 0.300, 
[75] Train acc: 1.0000
4, 252, 0.0432, 0.0003, 100.000, 100.000, 0.972, 0.200, 
[90] Train acc: 0.9844
4, 252, 0.0448, 0.0002, 98.438, 100.000, 0.985, 0.500, 
[105] Train acc: 1.0000
4, 252, 0.0111, 0.0002, 100.000, 100.000, 0.984, 0.200, 
[120] Train acc: 0.9844
4, 252, 0.0530, 0.0003, 98.438, 100.000, 0.982, 0.300, 
[135] Train acc: 0.9844
4, 252, 0.0300, 0.0003, 98.438, 100.000, 0.985, 0.100, 
[150] Train acc: 0.9688
4, 252, 0.0593, 0.0002, 96.875, 100.000, 0.985, 0.200, 
[165] Train acc: 1.0000
4, 252, 0.0173, 0.0003, 100.000, 100.000, 0.982, 0.100, 
[180] Train acc: 0.9844
4, 252, 0.1133, 0.0002, 98.438, 100.000, 0.985, 0.200, 
[195] Train acc: 1.0000
4, 252, 0.0079, 0.0003, 100.000, 100.000, 0.983, 0.000, 
[210] Train acc: 0.9531
4, 252, 0.1191, 0.0003, 95.312, 100.000, 0.980, 0.000, 
[225] Train acc: 1.0000
4, 252, 0.0161, 0.0003, 100.000, 100.000, 0.985, 0.200, 
[240] Train acc: 1.0000
4, 252, 0.0187, 0.0003, 100.000, 100.000, 0.982, 0.200, 
[255] Train acc: 0.9844
4, 252, 0.1243, 0.0003, 98.438, 98.438, 0.983, 0.200, 
[270] Train acc: 1.0000
4, 252, 0.0103, 0.0002, 100.000, 100.000, 0.986, 0.500, 
[285] Train acc: 0.9688
4, 252, 0.0890, 0.0002, 96.875, 100.000, 0.986, 0.200, 
[300] Train acc: 1.0000
4, 252, 0.0147, 0.0003, 100.000, 100.000, 0.981, 0.300, 
[315] Train acc: 1.0000
4, 252, 0.0182, 0.0002, 100.000, 100.000, 0.985, 0.200, 
[330] Train acc: 1.0000
4, 252, 0.0325, 0.0003, 100.000, 100.000, 0.985, 0.200, 
[345] Train acc: 0.9531
4, 252, 0.0922, 0.0003, 95.312, 100.000, 0.983, 0.300, 
[360] Train acc: 0.9688
4, 252, 0.0669, 0.0003, 96.875, 100.000, 0.979, 0.200, 
[375] Train acc: 1.0000
4, 252, 0.0089, 0.0003, 100.000, 100.000, 0.987, 0.200, 
[390] Train acc: 1.0000
4, 252, 0.0179, 0.0003, 100.000, 100.000, 0.985, 0.200, 
[405] Train acc: 1.0000
4, 252, 0.0076, 0.0003, 100.000, 100.000, 0.982, 0.300, 
[420] Train acc: 0.9688
4, 252, 0.0540, 0.0003, 96.875, 100.000, 0.982, 0.300, 
[435] Train acc: 0.9688
4, 252, 0.0744, 0.0003, 96.875, 100.000, 0.984, 0.200, 
[450] Train acc: 1.0000
4, 252, 0.0152, 0.0003, 100.000, 100.000, 0.983, 0.100, 
[465] Train acc: 0.9844
4, 252, 0.0753, 0.0002, 98.438, 100.000, 0.985, 0.300, 
[480] Train acc: 0.9688
4, 252, 0.0678, 0.0002, 96.875, 100.000, 0.984, 0.100, 
[495] Train acc: 0.9844
4, 252, 0.0385, 0.0003, 98.438, 100.000, 0.985, 0.500, 
[510] Train acc: 0.9531
4, 252, 0.0576, 0.0003, 95.312, 100.000, 0.987, 0.300, 
[525] Train acc: 1.0000
4, 252, 0.0055, 0.0002, 100.000, 100.000, 0.985, 0.200, 
[540] Train acc: 1.0000
4, 252, 0.0088, 0.0003, 100.000, 100.000, 0.980, 0.000, 
[555] Train acc: 0.9844
4, 252, 0.0672, 0.0002, 98.438, 100.000, 0.984, 0.100, 
[570] Train acc: 1.0000
4, 252, 0.0215, 0.0003, 100.000, 100.000, 0.982, 0.200, 
[585] Train acc: 0.9531
4, 252, 0.1056, 0.0002, 95.312, 100.000, 0.986, 0.300, 
[600] Train acc: 1.0000
4, 252, 0.0105, 0.0002, 100.000, 100.000, 0.987, 0.400, 
[615] Train acc: 0.9844
4, 252, 0.0304, 0.0002, 98.438, 100.000, 0.986, 0.400, 
[630] Train acc: 0.9531
4, 252, 0.1299, 0.0002, 95.312, 100.000, 0.983, 0.000, 
[645] Train acc: 1.0000
4, 252, 0.0146, 0.0002, 100.000, 100.000, 0.985, 0.100, 
[660] Train acc: 1.0000
4, 252, 0.0169, 0.0002, 100.000, 100.000, 0.987, 0.400, 
[675] Train acc: 0.9688
4, 252, 0.0538, 0.0002, 96.875, 100.000, 0.986, 0.300, 
[690] Train acc: 0.9844
4, 252, 0.0774, 0.0002, 98.438, 100.000, 0.983, 0.400, 
[705] Train acc: 1.0000
4, 252, 0.0300, 0.0002, 100.000, 100.000, 0.986, 0.400, 
[720] Train acc: 0.9844
4, 252, 0.0937, 0.0002, 98.438, 100.000, 0.983, 0.200, 
[735] Train acc: 1.0000
4, 252, 0.0191, 0.0002, 100.000, 100.000, 0.980, 0.300, 
[750] Train acc: 1.0000
4, 252, 0.0044, 0.0002, 100.000, 100.000, 0.983, 0.300, 
[765] Train acc: 0.9531
4, 252, 0.0958, 0.0002, 95.312, 100.000, 0.985, 0.200, 
[780] Train acc: 0.9688
4, 252, 0.0661, 0.0002, 96.875, 100.000, 0.985, 0.200, 
[795] Train acc: 0.9531
4, 252, 0.1070, 0.0002, 95.312, 100.000, 0.983, 0.100, 
[810] Train acc: 1.0000
4, 252, 0.0131, 0.0002, 100.000, 100.000, 0.985, 0.200, 
[825] Train acc: 0.9688
4, 252, 0.0316, 0.0002, 96.875, 100.000, 0.985, 0.400, 
[840] Train acc: 1.0000
4, 252, 0.0235, 0.0002, 100.000, 100.000, 0.986, 0.300, 
[855] Train acc: 1.0000
4, 252, 0.0032, 0.0002, 100.000, 100.000, 0.986, 0.200, 
[870] Train acc: 0.9844
4, 252, 0.0457, 0.0003, 98.438, 100.000, 0.983, 0.500, 
[885] Train acc: 1.0000
4, 252, 0.0180, 0.0002, 100.000, 100.000, 0.983, 0.300, 
[900] Train acc: 0.9844
4, 252, 0.0469, 0.0003, 98.438, 100.000, 0.980, 0.500, 
[915] Train acc: 1.0000
4, 252, 0.0054, 0.0002, 100.000, 100.000, 0.987, 0.200, 
[930] Train acc: 0.9688
4, 252, 0.1351, 0.0002, 96.875, 100.000, 0.988, 0.300, 
[0] Train acc: 0.9531
5, 252, 0.1104, 0.0003, 95.312, 100.000, 0.982, 0.000, 
[15] Train acc: 0.9844
5, 252, 0.0755, 0.0002, 98.438, 100.000, 0.987, 0.200, 
[30] Train acc: 1.0000
5, 252, 0.0264, 0.0002, 100.000, 100.000, 0.988, 0.300, 
[45] Train acc: 0.9531
5, 252, 0.0984, 0.0002, 95.312, 100.000, 0.986, 0.200, 
[60] Train acc: 1.0000
5, 252, 0.0236, 0.0002, 100.000, 100.000, 0.983, 0.500, 
[75] Train acc: 0.9844
5, 252, 0.0256, 0.0002, 98.438, 100.000, 0.988, 0.600, 
[90] Train acc: 0.9531
5, 252, 0.1569, 0.0003, 95.312, 100.000, 0.984, 0.300, 
[105] Train acc: 0.9844
5, 252, 0.0473, 0.0002, 98.438, 100.000, 0.987, 0.000, 
[120] Train acc: 1.0000
5, 252, 0.0015, 0.0002, 100.000, 100.000, 0.986, 0.100, 
[135] Train acc: 0.9844
5, 252, 0.0393, 0.0002, 98.438, 100.000, 0.988, 0.200, 
[150] Train acc: 1.0000
5, 252, 0.0231, 0.0002, 100.000, 100.000, 0.988, 0.100, 
[165] Train acc: 0.9844
5, 252, 0.0324, 0.0002, 98.438, 100.000, 0.984, 0.200, 
[180] Train acc: 0.9844
5, 252, 0.0189, 0.0002, 98.438, 100.000, 0.985, 0.200, 
[195] Train acc: 1.0000
5, 252, 0.0243, 0.0002, 100.000, 100.000, 0.986, 0.200, 
[210] Train acc: 0.9688
5, 252, 0.2014, 0.0002, 96.875, 98.438, 0.986, 0.100, 
[225] Train acc: 0.9688
5, 252, 0.0636, 0.0002, 96.875, 100.000, 0.981, 0.400, 
[240] Train acc: 0.9844
5, 252, 0.0409, 0.0002, 98.438, 100.000, 0.988, 0.200, 
[255] Train acc: 0.9844
5, 252, 0.0414, 0.0002, 98.438, 100.000, 0.985, 0.200, 
[270] Train acc: 1.0000
5, 252, 0.0077, 0.0002, 100.000, 100.000, 0.984, 0.200, 
[285] Train acc: 0.9844
5, 252, 0.0314, 0.0002, 98.438, 100.000, 0.986, 0.200, 
[300] Train acc: 0.9688
5, 252, 0.0770, 0.0002, 96.875, 100.000, 0.987, 0.200, 
[315] Train acc: 0.9688
5, 252, 0.0528, 0.0002, 96.875, 100.000, 0.986, 0.300, 
[330] Train acc: 0.9844
5, 252, 0.0357, 0.0002, 98.438, 100.000, 0.986, 0.200, 
[345] Train acc: 1.0000
5, 252, 0.0078, 0.0002, 100.000, 100.000, 0.986, 0.100, 
[360] Train acc: 1.0000
5, 252, 0.0062, 0.0002, 100.000, 100.000, 0.988, 0.000, 
[375] Train acc: 1.0000
5, 252, 0.0182, 0.0002, 100.000, 100.000, 0.985, 0.400, 
[390] Train acc: 0.9844
5, 252, 0.0347, 0.0002, 98.438, 100.000, 0.986, 0.400, 
[405] Train acc: 0.9844
5, 252, 0.0357, 0.0002, 98.438, 100.000, 0.986, 0.600, 
[420] Train acc: 0.9844
5, 252, 0.0288, 0.0002, 98.438, 100.000, 0.987, 0.200, 
[435] Train acc: 1.0000
5, 252, 0.0384, 0.0002, 100.000, 100.000, 0.987, 0.200, 
[450] Train acc: 0.9688
5, 252, 0.0746, 0.0002, 96.875, 100.000, 0.986, 0.300, 
[465] Train acc: 0.9531
5, 252, 0.2299, 0.0003, 95.312, 100.000, 0.985, 0.100, 
[480] Train acc: 1.0000
5, 252, 0.0095, 0.0002, 100.000, 100.000, 0.985, 0.200, 
[495] Train acc: 0.9688
5, 252, 0.0636, 0.0002, 96.875, 100.000, 0.985, 0.100, 
[510] Train acc: 0.9531
5, 252, 0.0753, 0.0002, 95.312, 100.000, 0.987, 0.000, 
[525] Train acc: 0.9688
5, 252, 0.0763, 0.0002, 96.875, 100.000, 0.988, 0.300, 
[540] Train acc: 0.9688
5, 252, 0.1208, 0.0002, 96.875, 100.000, 0.988, 0.200, 
[555] Train acc: 0.9844
5, 252, 0.0301, 0.0002, 98.438, 100.000, 0.990, 0.300, 
[570] Train acc: 1.0000
5, 252, 0.0098, 0.0002, 100.000, 100.000, 0.986, 0.600, 
[585] Train acc: 1.0000
5, 252, 0.0090, 0.0002, 100.000, 100.000, 0.985, 0.000, 
[600] Train acc: 1.0000
5, 252, 0.0170, 0.0002, 100.000, 100.000, 0.985, 0.100, 
[615] Train acc: 0.9844
5, 252, 0.0246, 0.0002, 98.438, 100.000, 0.988, 0.400, 
[630] Train acc: 0.9219
5, 252, 0.1508, 0.0002, 92.188, 100.000, 0.987, 0.200, 
[645] Train acc: 1.0000
5, 252, 0.0039, 0.0002, 100.000, 100.000, 0.987, 0.200, 
[660] Train acc: 1.0000
5, 252, 0.0033, 0.0002, 100.000, 100.000, 0.987, 0.500, 
[675] Train acc: 1.0000
5, 252, 0.0219, 0.0002, 100.000, 100.000, 0.987, 0.200, 
[690] Train acc: 1.0000
5, 252, 0.0031, 0.0002, 100.000, 100.000, 0.986, 0.000, 
[705] Train acc: 1.0000
5, 252, 0.0078, 0.0002, 100.000, 100.000, 0.988, 0.300, 
[720] Train acc: 0.9844
5, 252, 0.0540, 0.0002, 98.438, 100.000, 0.986, 0.200, 
[735] Train acc: 0.9844
5, 252, 0.0684, 0.0002, 98.438, 100.000, 0.987, 0.300, 
[750] Train acc: 1.0000
5, 252, 0.0082, 0.0002, 100.000, 100.000, 0.986, 0.400, 
[765] Train acc: 1.0000
5, 252, 0.0112, 0.0002, 100.000, 100.000, 0.983, 0.300, 
[780] Train acc: 0.9531
5, 252, 0.2455, 0.0002, 95.312, 100.000, 0.988, 0.100, 
[795] Train acc: 0.9688
5, 252, 0.0589, 0.0002, 96.875, 100.000, 0.988, 0.200, 
[810] Train acc: 0.9844
5, 252, 0.0220, 0.0002, 98.438, 100.000, 0.986, 0.300, 
[825] Train acc: 1.0000
5, 252, 0.0090, 0.0002, 100.000, 100.000, 0.983, 0.400, 
[840] Train acc: 0.9844
5, 252, 0.0306, 0.0002, 98.438, 100.000, 0.987, 0.200, 
[855] Train acc: 1.0000
5, 252, 0.0127, 0.0002, 100.000, 100.000, 0.985, 0.600, 
[870] Train acc: 0.9688
5, 252, 0.1107, 0.0002, 96.875, 100.000, 0.980, 0.500, 
[885] Train acc: 1.0000
5, 252, 0.0024, 0.0002, 100.000, 100.000, 0.987, 0.200, 
[900] Train acc: 1.0000
5, 252, 0.0236, 0.0002, 100.000, 100.000, 0.987, 0.400, 
[915] Train acc: 0.9844
5, 252, 0.0203, 0.0002, 98.438, 100.000, 0.987, 0.200, 
[930] Train acc: 0.9844
5, 252, 0.0435, 0.0002, 98.438, 100.000, 0.986, 0.100, 
[0] Train acc: 1.0000
6, 252, 0.0085, 0.0002, 100.000, 100.000, 0.985, 0.100, 
[15] Train acc: 1.0000
6, 252, 0.0074, 0.0002, 100.000, 100.000, 0.990, 0.000, 
[30] Train acc: 0.9844
6, 252, 0.0378, 0.0002, 98.438, 100.000, 0.986, 0.300, 
[45] Train acc: 1.0000
6, 252, 0.0035, 0.0002, 100.000, 100.000, 0.989, 0.200, 
[60] Train acc: 1.0000
6, 252, 0.0291, 0.0002, 100.000, 100.000, 0.987, 0.000, 
[75] Train acc: 1.0000
6, 252, 0.0240, 0.0002, 100.000, 100.000, 0.986, 0.300, 
[90] Train acc: 1.0000
6, 252, 0.0225, 0.0002, 100.000, 100.000, 0.987, 0.300, 
[105] Train acc: 0.9688
6, 252, 0.0429, 0.0002, 96.875, 100.000, 0.987, 0.200, 
[120] Train acc: 0.9844
6, 252, 0.0526, 0.0002, 98.438, 100.000, 0.988, 0.400, 
[135] Train acc: 1.0000
6, 252, 0.0031, 0.0002, 100.000, 100.000, 0.988, 0.300, 
[150] Train acc: 1.0000
6, 252, 0.0227, 0.0002, 100.000, 100.000, 0.986, 0.200, 
[165] Train acc: 1.0000
6, 252, 0.0111, 0.0002, 100.000, 100.000, 0.986, 0.100, 
[180] Train acc: 1.0000
6, 252, 0.0106, 0.0002, 100.000, 100.000, 0.988, 0.300, 
[195] Train acc: 0.9688
6, 252, 0.0541, 0.0002, 96.875, 100.000, 0.988, 0.200, 
[210] Train acc: 0.9844
6, 252, 0.0496, 0.0002, 98.438, 100.000, 0.987, 0.600, 
[225] Train acc: 0.9688
6, 252, 0.0520, 0.0002, 96.875, 100.000, 0.989, 0.300, 
[240] Train acc: 1.0000
6, 252, 0.0066, 0.0002, 100.000, 100.000, 0.986, 0.400, 
[255] Train acc: 0.9844
6, 252, 0.0878, 0.0002, 98.438, 100.000, 0.987, 0.000, 
[270] Train acc: 1.0000
6, 252, 0.0132, 0.0002, 100.000, 100.000, 0.988, 0.200, 
[285] Train acc: 0.9688
6, 252, 0.0930, 0.0002, 96.875, 100.000, 0.988, 0.300, 
[300] Train acc: 0.9844
6, 252, 0.1033, 0.0002, 98.438, 100.000, 0.985, 0.200, 
[315] Train acc: 1.0000
6, 252, 0.0046, 0.0002, 100.000, 100.000, 0.988, 0.300, 
[330] Train acc: 0.9844
6, 252, 0.0216, 0.0002, 98.438, 100.000, 0.988, 0.100, 
[345] Train acc: 0.9688
6, 252, 0.1465, 0.0002, 96.875, 100.000, 0.989, 0.100, 
[360] Train acc: 0.9844
6, 252, 0.0298, 0.0002, 98.438, 100.000, 0.990, 0.100, 
[375] Train acc: 0.9844
6, 252, 0.0448, 0.0003, 98.438, 100.000, 0.984, 0.100, 
[390] Train acc: 0.9844
6, 252, 0.0541, 0.0002, 98.438, 100.000, 0.987, 0.200, 
[405] Train acc: 1.0000
6, 252, 0.0164, 0.0002, 100.000, 100.000, 0.984, 0.500, 
[420] Train acc: 1.0000
6, 252, 0.0045, 0.0002, 100.000, 100.000, 0.985, 0.200, 
[435] Train acc: 1.0000
6, 252, 0.0035, 0.0002, 100.000, 100.000, 0.988, 0.000, 
[450] Train acc: 1.0000
6, 252, 0.0090, 0.0002, 100.000, 100.000, 0.986, 0.200, 
[465] Train acc: 0.9844
6, 252, 0.0272, 0.0002, 98.438, 100.000, 0.989, 0.000, 
[480] Train acc: 1.0000
6, 252, 0.0067, 0.0002, 100.000, 100.000, 0.988, 0.400, 
[495] Train acc: 1.0000
6, 252, 0.0115, 0.0002, 100.000, 100.000, 0.987, 0.100, 
[510] Train acc: 0.9688
6, 252, 0.1064, 0.0002, 96.875, 100.000, 0.986, 0.200, 
[525] Train acc: 0.9688
6, 252, 0.0514, 0.0002, 96.875, 100.000, 0.991, 0.200, 
[540] Train acc: 0.9844
6, 252, 0.0582, 0.0002, 98.438, 100.000, 0.986, 0.000, 
[555] Train acc: 1.0000
6, 252, 0.0139, 0.0002, 100.000, 100.000, 0.989, 0.100, 
[570] Train acc: 0.9688
6, 252, 0.0436, 0.0002, 96.875, 100.000, 0.989, 0.300, 
[585] Train acc: 0.9844
6, 252, 0.0471, 0.0002, 98.438, 100.000, 0.988, 0.100, 
[600] Train acc: 1.0000
6, 252, 0.0010, 0.0002, 100.000, 100.000, 0.986, 0.200, 
[615] Train acc: 1.0000
6, 252, 0.0274, 0.0002, 100.000, 100.000, 0.989, 0.100, 
[630] Train acc: 0.9844
6, 252, 0.0533, 0.0002, 98.438, 100.000, 0.981, 0.300, 
[645] Train acc: 1.0000
6, 252, 0.0045, 0.0002, 100.000, 100.000, 0.989, 0.200, 
[660] Train acc: 1.0000
6, 252, 0.0103, 0.0002, 100.000, 100.000, 0.988, 0.200, 
[675] Train acc: 1.0000
6, 252, 0.0031, 0.0002, 100.000, 100.000, 0.990, 0.100, 
[690] Train acc: 1.0000
6, 252, 0.0067, 0.0002, 100.000, 100.000, 0.988, 0.100, 
[705] Train acc: 1.0000
6, 252, 0.0077, 0.0002, 100.000, 100.000, 0.986, 0.300, 
[720] Train acc: 0.9844
6, 252, 0.0290, 0.0002, 98.438, 100.000, 0.985, 0.300, 
[735] Train acc: 0.9844
6, 252, 0.0469, 0.0002, 98.438, 100.000, 0.988, 0.100, 
[750] Train acc: 0.9844
6, 252, 0.0277, 0.0002, 98.438, 100.000, 0.990, 0.100, 
[765] Train acc: 1.0000
6, 252, 0.0017, 0.0002, 100.000, 100.000, 0.989, 0.100, 
[780] Train acc: 1.0000
6, 252, 0.0126, 0.0002, 100.000, 100.000, 0.987, 0.300, 
[795] Train acc: 0.9844
6, 252, 0.0272, 0.0002, 98.438, 100.000, 0.988, 0.200, 
[810] Train acc: 1.0000
6, 252, 0.0162, 0.0002, 100.000, 100.000, 0.988, 0.400, 
[825] Train acc: 0.9688
6, 252, 0.0488, 0.0002, 96.875, 100.000, 0.988, 0.000, 
[840] Train acc: 0.9844
6, 252, 0.0506, 0.0002, 98.438, 100.000, 0.987, 0.200, 
[855] Train acc: 1.0000
6, 252, 0.0059, 0.0002, 100.000, 100.000, 0.987, 0.300, 
[870] Train acc: 1.0000
6, 252, 0.0069, 0.0002, 100.000, 100.000, 0.987, 0.300, 
[885] Train acc: 0.9688
6, 252, 0.0715, 0.0002, 96.875, 100.000, 0.987, 0.100, 
[900] Train acc: 1.0000
6, 252, 0.0087, 0.0002, 100.000, 100.000, 0.989, 0.200, 
[915] Train acc: 1.0000
6, 252, 0.0105, 0.0002, 100.000, 100.000, 0.988, 0.100, 
[930] Train acc: 1.0000
6, 252, 0.0081, 0.0002, 100.000, 100.000, 0.987, 0.100, 
[0] Train acc: 1.0000, Constr acc: 1.0000, CE loss: 0.005, DL2 loss: 0.000
7, 252, 0.0049, 0.0002, 100.000, 100.000, 0.989, 0.400, 
[15] Train acc: 1.0000, Constr acc: 0.0000, CE loss: 0.007, DL2 loss: 0.155
7, 251, 0.0065, 0.0002, 100.000, 100.000, 0.988, 0.100, 
[30] Train acc: 1.0000, Constr acc: 0.0000, CE loss: 0.007, DL2 loss: 0.017
7, 250, 0.0070, 0.0002, 100.000, 100.000, 0.987, 0.100, 
[45] Train acc: 0.9688, Constr acc: 1.0000, CE loss: 0.044, DL2 loss: 0.000
7, 249, 0.0439, 0.0002, 96.875, 100.000, 0.989, 0.100, 
[60] Train acc: 1.0000, Constr acc: 0.0000, CE loss: 0.002, DL2 loss: 0.116
7, 248, 0.0022, 0.0002, 100.000, 100.000, 0.988, 0.100, 
[75] Train acc: 0.9844, Constr acc: 0.0000, CE loss: 0.046, DL2 loss: 0.246
7, 247, 0.0455, 0.0002, 98.438, 100.000, 0.989, 0.500, 
[90] Train acc: 1.0000, Constr acc: 0.0000, CE loss: 0.004, DL2 loss: 0.169
7, 246, 0.0043, 0.0002, 100.000, 100.000, 0.989, 0.100, 
[105] Train acc: 1.0000, Constr acc: 0.0000, CE loss: 0.007, DL2 loss: 0.048
7, 245, 0.0070, 0.0002, 100.000, 100.000, 0.988, 0.200, 
[120] Train acc: 1.0000, Constr acc: 1.0000, CE loss: 0.007, DL2 loss: 0.000
7, 244, 0.0070, 0.0002, 100.000, 100.000, 0.988, 0.200, 
[135] Train acc: 1.0000, Constr acc: 0.0000, CE loss: 0.001, DL2 loss: 0.244
7, 243, 0.0013, 0.0002, 100.000, 100.000, 0.988, 0.000, 
[150] Train acc: 1.0000, Constr acc: 0.0000, CE loss: 0.006, DL2 loss: 0.221
7, 242, 0.0059, 0.0002, 100.000, 100.000, 0.988, 0.100, 
[165] Train acc: 1.0000, Constr acc: 0.0000, CE loss: 0.001, DL2 loss: 0.055
7, 241, 0.0015, 0.0002, 100.000, 100.000, 0.988, 0.100, 
[180] Train acc: 0.9844, Constr acc: 1.0000, CE loss: 0.036, DL2 loss: 0.000
7, 240, 0.0358, 0.0002, 98.438, 100.000, 0.987, 0.000, 
[195] Train acc: 0.9844, Constr acc: 0.0000, CE loss: 0.031, DL2 loss: 0.285
7, 239, 0.0309, 0.0002, 98.438, 100.000, 0.986, 0.400, 
[210] Train acc: 1.0000, Constr acc: 0.0000, CE loss: 0.004, DL2 loss: 0.106
7, 238, 0.0035, 0.0002, 100.000, 100.000, 0.989, 0.300, 
[225] Train acc: 1.0000, Constr acc: 0.0000, CE loss: 0.009, DL2 loss: 0.082
7, 237, 0.0094, 0.0002, 100.000, 100.000, 0.988, 0.100, 
[240] Train acc: 1.0000, Constr acc: 0.0000, CE loss: 0.007, DL2 loss: 0.008
7, 236, 0.0074, 0.0002, 100.000, 100.000, 0.986, 0.300, 
[255] Train acc: 1.0000, Constr acc: 1.0000, CE loss: 0.004, DL2 loss: 0.000
7, 235, 0.0036, 0.0002, 100.000, 100.000, 0.988, 0.300, 
[270] Train acc: 1.0000, Constr acc: 0.0000, CE loss: 0.016, DL2 loss: 0.342
7, 234, 0.0162, 0.0002, 100.000, 100.000, 0.985, 0.500, 
[285] Train acc: 1.0000, Constr acc: 1.0000, CE loss: 0.016, DL2 loss: 0.000
7, 233, 0.0156, 0.0002, 100.000, 100.000, 0.987, 0.100, 
[300] Train acc: 1.0000, Constr acc: 1.0000, CE loss: 0.012, DL2 loss: 0.000
7, 232, 0.0122, 0.0002, 100.000, 100.000, 0.990, 0.100, 
[315] Train acc: 1.0000, Constr acc: 0.0000, CE loss: 0.015, DL2 loss: 0.273
7, 231, 0.0147, 0.0002, 100.000, 100.000, 0.988, 0.200, 
[330] Train acc: 1.0000, Constr acc: 0.0000, CE loss: 0.004, DL2 loss: 0.092
7, 230, 0.0037, 0.0002, 100.000, 100.000, 0.989, 0.100, 
[345] Train acc: 0.9844, Constr acc: 0.0000, CE loss: 0.053, DL2 loss: 0.015
7, 229, 0.0531, 0.0002, 98.438, 100.000, 0.991, 0.200, 
[360] Train acc: 1.0000, Constr acc: 0.0000, CE loss: 0.006, DL2 loss: 0.076
7, 228, 0.0063, 0.0002, 100.000, 100.000, 0.990, 0.300, 
[375] Train acc: 0.9688, Constr acc: 0.0000, CE loss: 0.081, DL2 loss: 0.470
7, 227, 0.0814, 0.0002, 96.875, 100.000, 0.988, 0.100, 
[390] Train acc: 0.9844, Constr acc: 0.0000, CE loss: 0.015, DL2 loss: 0.141
7, 226, 0.0154, 0.0002, 98.438, 100.000, 0.988, 0.000, 
[405] Train acc: 0.9844, Constr acc: 0.0000, CE loss: 0.073, DL2 loss: 0.208
7, 225, 0.0731, 0.0002, 98.438, 100.000, 0.991, 0.200, 
[420] Train acc: 0.9688, Constr acc: 1.0000, CE loss: 0.046, DL2 loss: 0.000
7, 224, 0.0463, 0.0002, 96.875, 100.000, 0.985, 0.200, 
[435] Train acc: 0.9844, Constr acc: 0.0000, CE loss: 0.036, DL2 loss: 0.126
7, 223, 0.0356, 0.0002, 98.438, 100.000, 0.987, 0.100, 
[450] Train acc: 1.0000, Constr acc: 1.0000, CE loss: 0.010, DL2 loss: 0.000
7, 222, 0.0100, 0.0002, 100.000, 100.000, 0.990, 0.700, 
[465] Train acc: 1.0000, Constr acc: 0.0000, CE loss: 0.006, DL2 loss: 0.238
7, 221, 0.0061, 0.0002, 100.000, 100.000, 0.989, 0.200, 
[480] Train acc: 0.9844, Constr acc: 0.0000, CE loss: 0.060, DL2 loss: 0.224
7, 220, 0.0599, 0.0002, 98.438, 100.000, 0.989, 0.200, 
[495] Train acc: 1.0000, Constr acc: 0.0000, CE loss: 0.003, DL2 loss: 0.308
7, 219, 0.0026, 0.0002, 100.000, 100.000, 0.986, 0.100, 
[510] Train acc: 1.0000, Constr acc: 1.0000, CE loss: 0.008, DL2 loss: 0.000
7, 218, 0.0083, 0.0002, 100.000, 100.000, 0.990, 0.100, 
[525] Train acc: 0.9844, Constr acc: 0.0000, CE loss: 0.026, DL2 loss: 0.032
7, 217, 0.0262, 0.0002, 98.438, 100.000, 0.988, 0.200, 
[540] Train acc: 1.0000, Constr acc: 1.0000, CE loss: 0.002, DL2 loss: 0.000
7, 216, 0.0020, 0.0002, 100.000, 100.000, 0.988, 0.200, 
[555] Train acc: 0.9531, Constr acc: 1.0000, CE loss: 0.076, DL2 loss: 0.000
7, 215, 0.0755, 0.0002, 95.312, 100.000, 0.987, 0.200, 
[570] Train acc: 1.0000, Constr acc: 0.0000, CE loss: 0.013, DL2 loss: 0.312
7, 214, 0.0127, 0.0002, 100.000, 100.000, 0.989, 0.300, 
[585] Train acc: 0.9844, Constr acc: 0.0000, CE loss: 0.067, DL2 loss: 0.191
7, 213, 0.0671, 0.0002, 98.438, 100.000, 0.988, 0.200, 
[600] Train acc: 1.0000, Constr acc: 1.0000, CE loss: 0.003, DL2 loss: 0.000
7, 212, 0.0034, 0.0002, 100.000, 100.000, 0.987, 0.300, 
[615] Train acc: 1.0000, Constr acc: 0.0000, CE loss: 0.006, DL2 loss: 0.177
7, 211, 0.0060, 0.0002, 100.000, 100.000, 0.989, 0.100, 
[630] Train acc: 0.9844, Constr acc: 0.0000, CE loss: 0.046, DL2 loss: 0.429
7, 210, 0.0463, 0.0002, 98.438, 100.000, 0.989, 0.300, 
[645] Train acc: 0.9531, Constr acc: 1.0000, CE loss: 0.105, DL2 loss: 0.000
7, 209, 0.1050, 0.0002, 95.312, 100.000, 0.988, 0.100, 
[660] Train acc: 1.0000, Constr acc: 0.0000, CE loss: 0.003, DL2 loss: 0.303
7, 208, 0.0034, 0.0002, 100.000, 100.000, 0.987, 0.300, 
[675] Train acc: 1.0000, Constr acc: 0.0000, CE loss: 0.014, DL2 loss: 0.203
7, 207, 0.0137, 0.0002, 100.000, 100.000, 0.988, 0.200, 
[690] Train acc: 1.0000, Constr acc: 1.0000, CE loss: 0.007, DL2 loss: 0.000
7, 206, 0.0074, 0.0002, 100.000, 100.000, 0.989, 0.000, 
[705] Train acc: 1.0000, Constr acc: 0.0000, CE loss: 0.005, DL2 loss: 0.206
7, 205, 0.0047, 0.0002, 100.000, 100.000, 0.987, 0.400, 
[720] Train acc: 1.0000, Constr acc: 0.0000, CE loss: 0.017, DL2 loss: 0.037
7, 204, 0.0168, 0.0002, 100.000, 100.000, 0.986, 0.300, 
[735] Train acc: 0.9844, Constr acc: 0.0000, CE loss: 0.049, DL2 loss: 0.002
7, 203, 0.0494, 0.0002, 98.438, 100.000, 0.989, 0.200, 
[750] Train acc: 1.0000, Constr acc: 0.0000, CE loss: 0.007, DL2 loss: 0.136
7, 202, 0.0067, 0.0002, 100.000, 100.000, 0.989, 0.200, 
[765] Train acc: 0.9844, Constr acc: 1.0000, CE loss: 0.022, DL2 loss: 0.000
7, 201, 0.0221, 0.0002, 98.438, 100.000, 0.987, 0.000, 
[780] Train acc: 1.0000, Constr acc: 0.0000, CE loss: 0.009, DL2 loss: 0.300
7, 200, 0.0087, 0.0002, 100.000, 100.000, 0.989, 0.300, 
[795] Train acc: 1.0000, Constr acc: 0.0000, CE loss: 0.008, DL2 loss: 0.094
7, 199, 0.0078, 0.0002, 100.000, 100.000, 0.989, 0.200, 
[810] Train acc: 1.0000, Constr acc: 0.0000, CE loss: 0.021, DL2 loss: 0.252
7, 198, 0.0205, 0.0002, 100.000, 100.000, 0.988, 0.100, 
[825] Train acc: 0.9844, Constr acc: 0.0000, CE loss: 0.031, DL2 loss: 0.067
7, 197, 0.0307, 0.0002, 98.438, 100.000, 0.988, 0.300, 
[840] Train acc: 1.0000, Constr acc: 0.0000, CE loss: 0.013, DL2 loss: 0.160
7, 196, 0.0130, 0.0002, 100.000, 100.000, 0.988, 0.100, 
[855] Train acc: 1.0000, Constr acc: 0.0000, CE loss: 0.006, DL2 loss: 0.075
7, 195, 0.0056, 0.0002, 100.000, 100.000, 0.989, 0.200, 
[870] Train acc: 1.0000, Constr acc: 0.0000, CE loss: 0.005, DL2 loss: 0.217
7, 194, 0.0050, 0.0002, 100.000, 100.000, 0.988, 0.100, 
[885] Train acc: 0.9844, Constr acc: 0.0000, CE loss: 0.034, DL2 loss: 0.380
7, 193, 0.0343, 0.0002, 98.438, 100.000, 0.989, 0.400, 
[900] Train acc: 0.9844, Constr acc: 1.0000, CE loss: 0.032, DL2 loss: 0.000
7, 192, 0.0319, 0.0002, 98.438, 100.000, 0.988, 0.400, 
[915] Train acc: 0.9688, Constr acc: 0.0000, CE loss: 0.066, DL2 loss: 0.118
7, 191, 0.0659, 0.0002, 96.875, 100.000, 0.988, 0.000, 
[930] Train acc: 0.9844, Constr acc: 1.0000, CE loss: 0.069, DL2 loss: 0.000
7, 190, 0.0693, 0.0002, 98.438, 100.000, 0.988, 0.200, 
[0] Train acc: 1.0000, Constr acc: 0.0000, CE loss: 0.006, DL2 loss: 0.286
8, 190, 0.0057, 0.0002, 100.000, 100.000, 0.989, 0.400, 
[15] Train acc: 1.0000, Constr acc: 0.0000, CE loss: 0.010, DL2 loss: 0.343
8, 189, 0.0099, 0.0002, 100.000, 100.000, 0.989, 0.200, 
[30] Train acc: 1.0000, Constr acc: 0.0000, CE loss: 0.017, DL2 loss: 0.018
8, 188, 0.0171, 0.0002, 100.000, 100.000, 0.989, 0.300, 
[45] Train acc: 1.0000, Constr acc: 0.0000, CE loss: 0.009, DL2 loss: 0.163
8, 187, 0.0094, 0.0002, 100.000, 100.000, 0.991, 0.200, 
[60] Train acc: 0.9688, Constr acc: 1.0000, CE loss: 0.133, DL2 loss: 0.000
8, 186, 0.1328, 0.0002, 96.875, 100.000, 0.986, 0.200, 
[75] Train acc: 1.0000, Constr acc: 1.0000, CE loss: 0.003, DL2 loss: 0.000
8, 185, 0.0028, 0.0002, 100.000, 100.000, 0.986, 0.300, 
[90] Train acc: 1.0000, Constr acc: 0.0000, CE loss: 0.023, DL2 loss: 0.216
8, 184, 0.0227, 0.0002, 100.000, 100.000, 0.988, 0.500, 
[105] Train acc: 0.9844, Constr acc: 0.0000, CE loss: 0.018, DL2 loss: 0.012
8, 183, 0.0177, 0.0002, 98.438, 100.000, 0.989, 0.000, 
[120] Train acc: 0.9844, Constr acc: 0.0000, CE loss: 0.037, DL2 loss: 0.170
8, 182, 0.0367, 0.0002, 98.438, 100.000, 0.987, 0.200, 
[135] Train acc: 1.0000, Constr acc: 0.0000, CE loss: 0.003, DL2 loss: 0.168
8, 181, 0.0035, 0.0002, 100.000, 100.000, 0.984, 0.300, 
[150] Train acc: 0.9844, Constr acc: 1.0000, CE loss: 0.035, DL2 loss: 0.000
8, 180, 0.0351, 0.0002, 98.438, 100.000, 0.989, 0.400, 
[165] Train acc: 1.0000, Constr acc: 0.0000, CE loss: 0.018, DL2 loss: 0.003
8, 179, 0.0184, 0.0002, 100.000, 100.000, 0.987, 0.100, 
[180] Train acc: 1.0000, Constr acc: 0.0000, CE loss: 0.004, DL2 loss: 0.256
8, 178, 0.0045, 0.0002, 100.000, 100.000, 0.987, 0.100, 
[195] Train acc: 0.9844, Constr acc: 0.0000, CE loss: 0.025, DL2 loss: 0.102
8, 177, 0.0245, 0.0002, 98.438, 100.000, 0.987, 0.300, 
[210] Train acc: 1.0000, Constr acc: 1.0000, CE loss: 0.011, DL2 loss: 0.000
8, 176, 0.0106, 0.0002, 100.000, 100.000, 0.987, 0.200, 
[225] Train acc: 1.0000, Constr acc: 0.0000, CE loss: 0.002, DL2 loss: 0.093
8, 175, 0.0019, 0.0002, 100.000, 100.000, 0.986, 0.100, 
[240] Train acc: 0.9688, Constr acc: 0.0000, CE loss: 0.041, DL2 loss: 0.170
8, 174, 0.0409, 0.0002, 96.875, 100.000, 0.988, 0.200, 
[255] Train acc: 0.9844, Constr acc: 0.0000, CE loss: 0.041, DL2 loss: 0.013
8, 173, 0.0406, 0.0002, 98.438, 100.000, 0.988, 0.100, 
[270] Train acc: 0.9844, Constr acc: 0.0000, CE loss: 0.032, DL2 loss: 0.451
8, 172, 0.0318, 0.0002, 98.438, 100.000, 0.986, 0.000, 
[285] Train acc: 0.9844, Constr acc: 1.0000, CE loss: 0.035, DL2 loss: 0.000
8, 171, 0.0354, 0.0002, 98.438, 100.000, 0.988, 0.300, 
[300] Train acc: 1.0000, Constr acc: 0.0000, CE loss: 0.019, DL2 loss: 0.163
8, 170, 0.0186, 0.0002, 100.000, 100.000, 0.988, 0.200, 
[315] Train acc: 0.9844, Constr acc: 0.0000, CE loss: 0.037, DL2 loss: 0.283
8, 169, 0.0375, 0.0002, 98.438, 100.000, 0.989, 0.200, 
[330] Train acc: 1.0000, Constr acc: 1.0000, CE loss: 0.007, DL2 loss: 0.000
8, 168, 0.0073, 0.0002, 100.000, 100.000, 0.988, 0.300, 
[345] Train acc: 1.0000, Constr acc: 0.0000, CE loss: 0.011, DL2 loss: 0.021
8, 167, 0.0108, 0.0002, 100.000, 100.000, 0.990, 0.100, 
[360] Train acc: 0.9844, Constr acc: 0.0000, CE loss: 0.167, DL2 loss: 0.084
8, 166, 0.1673, 0.0002, 98.438, 100.000, 0.989, 0.100, 
[375] Train acc: 0.9844, Constr acc: 0.0000, CE loss: 0.033, DL2 loss: 0.583
8, 165, 0.0331, 0.0002, 98.438, 100.000, 0.990, 0.200, 
[390] Train acc: 1.0000, Constr acc: 1.0000, CE loss: 0.003, DL2 loss: 0.000
8, 164, 0.0028, 0.0002, 100.000, 100.000, 0.988, 0.000, 
[405] Train acc: 1.0000, Constr acc: 0.0000, CE loss: 0.006, DL2 loss: 0.165
8, 163, 0.0064, 0.0002, 100.000, 100.000, 0.990, 0.200, 
[420] Train acc: 1.0000, Constr acc: 1.0000, CE loss: 0.007, DL2 loss: 0.000
8, 162, 0.0067, 0.0002, 100.000, 100.000, 0.990, 0.300, 
[435] Train acc: 0.9688, Constr acc: 1.0000, CE loss: 0.129, DL2 loss: 0.000
8, 161, 0.1286, 0.0002, 96.875, 100.000, 0.987, 0.200, 
[450] Train acc: 0.9844, Constr acc: 0.0000, CE loss: 0.022, DL2 loss: 0.289
8, 160, 0.0222, 0.0002, 98.438, 100.000, 0.988, 0.300, 
[465] Train acc: 0.9531, Constr acc: 0.0000, CE loss: 0.131, DL2 loss: 0.086
8, 159, 0.1305, 0.0002, 95.312, 100.000, 0.986, 0.400, 
[480] Train acc: 1.0000, Constr acc: 0.0000, CE loss: 0.005, DL2 loss: 0.026
8, 158, 0.0047, 0.0002, 100.000, 100.000, 0.988, 0.000, 
[495] Train acc: 1.0000, Constr acc: 1.0000, CE loss: 0.007, DL2 loss: 0.000
8, 157, 0.0070, 0.0002, 100.000, 100.000, 0.988, 0.600, 
[510] Train acc: 1.0000, Constr acc: 0.0000, CE loss: 0.002, DL2 loss: 0.192
8, 156, 0.0020, 0.0002, 100.000, 100.000, 0.987, 0.200, 
[525] Train acc: 0.9844, Constr acc: 0.0000, CE loss: 0.025, DL2 loss: 0.151
8, 155, 0.0252, 0.0002, 98.438, 100.000, 0.988, 0.300, 
[540] Train acc: 0.9688, Constr acc: 1.0000, CE loss: 0.079, DL2 loss: 0.000
8, 154, 0.0787, 0.0002, 96.875, 100.000, 0.989, 0.200, 
[555] Train acc: 0.9688, Constr acc: 0.0000, CE loss: 0.074, DL2 loss: 0.124
8, 153, 0.0744, 0.0002, 96.875, 100.000, 0.988, 0.400, 
[570] Train acc: 1.0000, Constr acc: 0.0000, CE loss: 0.006, DL2 loss: 0.360
8, 152, 0.0055, 0.0002, 100.000, 100.000, 0.989, 0.400, 
[585] Train acc: 1.0000, Constr acc: 1.0000, CE loss: 0.005, DL2 loss: 0.000
8, 151, 0.0046, 0.0002, 100.000, 100.000, 0.989, 0.500, 
[600] Train acc: 0.9844, Constr acc: 1.0000, CE loss: 0.083, DL2 loss: 0.000
8, 150, 0.0830, 0.0002, 98.438, 100.000, 0.986, 0.200, 
[615] Train acc: 0.9844, Constr acc: 1.0000, CE loss: 0.048, DL2 loss: 0.000
8, 149, 0.0482, 0.0003, 98.438, 100.000, 0.984, 0.300, 
[630] Train acc: 0.9844, Constr acc: 0.0000, CE loss: 0.036, DL2 loss: 0.323
8, 148, 0.0360, 0.0002, 98.438, 100.000, 0.986, 0.100, 
[645] Train acc: 0.9844, Constr acc: 0.0000, CE loss: 0.029, DL2 loss: 0.023
8, 147, 0.0288, 0.0002, 98.438, 100.000, 0.987, 0.200, 
[660] Train acc: 0.9688, Constr acc: 0.0000, CE loss: 0.080, DL2 loss: 0.178
8, 146, 0.0803, 0.0002, 96.875, 100.000, 0.988, 0.100, 
[675] Train acc: 1.0000, Constr acc: 0.0000, CE loss: 0.021, DL2 loss: 0.136
8, 145, 0.0209, 0.0002, 100.000, 100.000, 0.989, 0.500, 
[690] Train acc: 1.0000, Constr acc: 0.0000, CE loss: 0.017, DL2 loss: 0.052
8, 144, 0.0166, 0.0002, 100.000, 100.000, 0.987, 0.300, 
[705] Train acc: 0.9688, Constr acc: 1.0000, CE loss: 0.164, DL2 loss: 0.000
8, 143, 0.1642, 0.0003, 96.875, 100.000, 0.989, 0.200, 
[720] Train acc: 0.9844, Constr acc: 1.0000, CE loss: 0.021, DL2 loss: 0.000
8, 142, 0.0206, 0.0003, 98.438, 100.000, 0.989, 0.300, 
[735] Train acc: 1.0000, Constr acc: 1.0000, CE loss: 0.026, DL2 loss: 0.000
8, 141, 0.0264, 0.0003, 100.000, 100.000, 0.989, 0.100, 
[750] Train acc: 0.9688, Constr acc: 0.0000, CE loss: 0.081, DL2 loss: 0.066
8, 140, 0.0807, 0.0003, 96.875, 100.000, 0.988, 0.300, 
[765] Train acc: 0.9844, Constr acc: 0.0000, CE loss: 0.026, DL2 loss: 0.022
8, 139, 0.0257, 0.0003, 98.438, 100.000, 0.989, 0.200, 
[780] Train acc: 0.9844, Constr acc: 0.0000, CE loss: 0.030, DL2 loss: 0.060
8, 138, 0.0296, 0.0003, 98.438, 100.000, 0.985, 0.300, 
[795] Train acc: 1.0000, Constr acc: 0.0000, CE loss: 0.012, DL2 loss: 0.250
8, 137, 0.0124, 0.0003, 100.000, 100.000, 0.988, 0.400, 
[810] Train acc: 0.9688, Constr acc: 0.0000, CE loss: 0.086, DL2 loss: 0.309
8, 136, 0.0856, 0.0003, 96.875, 100.000, 0.988, 0.300, 
[825] Train acc: 0.9844, Constr acc: 0.0000, CE loss: 0.080, DL2 loss: 0.043
8, 135, 0.0803, 0.0003, 98.438, 100.000, 0.988, 0.400, 
[840] Train acc: 1.0000, Constr acc: 0.0000, CE loss: 0.015, DL2 loss: 0.004
8, 134, 0.0149, 0.0003, 100.000, 100.000, 0.988, 0.100, 
[855] Train acc: 1.0000, Constr acc: 0.0000, CE loss: 0.017, DL2 loss: 0.229
8, 133, 0.0169, 0.0003, 100.000, 100.000, 0.989, 0.300, 
[870] Train acc: 1.0000, Constr acc: 0.0000, CE loss: 0.035, DL2 loss: 0.104
8, 132, 0.0352, 0.0003, 100.000, 100.000, 0.987, 0.300, 
[885] Train acc: 1.0000, Constr acc: 0.0000, CE loss: 0.017, DL2 loss: 0.128
8, 131, 0.0170, 0.0003, 100.000, 100.000, 0.987, 0.200, 
[900] Train acc: 0.9844, Constr acc: 1.0000, CE loss: 0.087, DL2 loss: 0.000
8, 130, 0.0872, 0.0003, 98.438, 98.438, 0.989, 0.500, 
[915] Train acc: 0.9844, Constr acc: 0.0000, CE loss: 0.034, DL2 loss: 0.098
8, 129, 0.0343, 0.0003, 98.438, 100.000, 0.987, 0.200, 
[930] Train acc: 1.0000, Constr acc: 1.0000, CE loss: 0.010, DL2 loss: 0.000
8, 128, 0.0098, 0.0003, 100.000, 100.000, 0.985, 0.300, 
[0] Train acc: 1.0000, Constr acc: 0.0000, CE loss: 0.030, DL2 loss: 0.298
9, 127, 0.0296, 0.0003, 100.000, 100.000, 0.987, 0.000, 
[15] Train acc: 0.9844, Constr acc: 0.0000, CE loss: 0.027, DL2 loss: 0.003
9, 126, 0.0271, 0.0003, 98.438, 100.000, 0.988, 0.100, 
[30] Train acc: 1.0000, Constr acc: 0.0000, CE loss: 0.016, DL2 loss: 0.067
9, 125, 0.0155, 0.0003, 100.000, 100.000, 0.987, 0.000, 
[45] Train acc: 0.9844, Constr acc: 0.0000, CE loss: 0.046, DL2 loss: 0.049
9, 124, 0.0455, 0.0003, 98.438, 100.000, 0.988, 0.200, 
[60] Train acc: 0.9844, Constr acc: 0.0000, CE loss: 0.030, DL2 loss: 0.399
9, 123, 0.0299, 0.0003, 98.438, 100.000, 0.984, 0.200, 
[75] Train acc: 1.0000, Constr acc: 0.0000, CE loss: 0.011, DL2 loss: 0.309
9, 122, 0.0109, 0.0003, 100.000, 100.000, 0.987, 0.600, 
[90] Train acc: 0.9844, Constr acc: 1.0000, CE loss: 0.033, DL2 loss: 0.000
9, 121, 0.0333, 0.0003, 98.438, 100.000, 0.986, 0.200, 
[105] Train acc: 1.0000, Constr acc: 0.0000, CE loss: 0.021, DL2 loss: 0.065
9, 120, 0.0205, 0.0003, 100.000, 100.000, 0.985, 0.300, 
[120] Train acc: 1.0000, Constr acc: 1.0000, CE loss: 0.016, DL2 loss: 0.000
9, 119, 0.0158, 0.0003, 100.000, 100.000, 0.985, 0.600, 
[135] Train acc: 1.0000, Constr acc: 1.0000, CE loss: 0.043, DL2 loss: 0.000
9, 118, 0.0430, 0.0003, 100.000, 100.000, 0.985, 0.300, 
[150] Train acc: 1.0000, Constr acc: 0.0000, CE loss: 0.024, DL2 loss: 0.030
9, 117, 0.0238, 0.0003, 100.000, 100.000, 0.987, 0.100, 
[165] Train acc: 0.9844, Constr acc: 0.0000, CE loss: 0.024, DL2 loss: 0.240
9, 116, 0.0245, 0.0003, 98.438, 100.000, 0.986, 0.100, 
[180] Train acc: 0.9844, Constr acc: 1.0000, CE loss: 0.042, DL2 loss: 0.000
9, 115, 0.0415, 0.0003, 98.438, 100.000, 0.985, 0.500, 
[195] Train acc: 0.9844, Constr acc: 0.0000, CE loss: 0.043, DL2 loss: 0.073
9, 114, 0.0427, 0.0003, 98.438, 100.000, 0.986, 0.300, 
[210] Train acc: 1.0000, Constr acc: 0.0000, CE loss: 0.019, DL2 loss: 0.170
9, 113, 0.0195, 0.0003, 100.000, 100.000, 0.986, 0.300, 
[225] Train acc: 0.9844, Constr acc: 0.0000, CE loss: 0.035, DL2 loss: 0.170
9, 112, 0.0348, 0.0003, 98.438, 100.000, 0.984, 0.700, 
[240] Train acc: 0.9844, Constr acc: 0.0000, CE loss: 0.020, DL2 loss: 0.251
9, 111, 0.0203, 0.0003, 98.438, 100.000, 0.986, 0.200, 
[255] Train acc: 1.0000, Constr acc: 0.0000, CE loss: 0.018, DL2 loss: 0.079
9, 110, 0.0182, 0.0003, 100.000, 100.000, 0.987, 0.100, 
[270] Train acc: 0.9688, Constr acc: 1.0000, CE loss: 0.151, DL2 loss: 0.000
9, 109, 0.1514, 0.0004, 96.875, 100.000, 0.980, 0.100, 
[285] Train acc: 0.9688, Constr acc: 0.0000, CE loss: 0.055, DL2 loss: 0.225
9, 108, 0.0553, 0.0004, 96.875, 100.000, 0.986, 0.500, 
[300] Train acc: 1.0000, Constr acc: 0.0000, CE loss: 0.035, DL2 loss: 0.160
9, 107, 0.0351, 0.0003, 100.000, 100.000, 0.981, 0.400, 
[315] Train acc: 0.9844, Constr acc: 0.0000, CE loss: 0.075, DL2 loss: 0.044
9, 106, 0.0749, 0.0003, 98.438, 100.000, 0.987, 0.200, 
[330] Train acc: 0.9688, Constr acc: 0.0000, CE loss: 0.075, DL2 loss: 0.267
9, 105, 0.0755, 0.0003, 96.875, 100.000, 0.988, 0.300, 
[345] Train acc: 1.0000, Constr acc: 0.0000, CE loss: 0.017, DL2 loss: 0.007
9, 104, 0.0175, 0.0003, 100.000, 100.000, 0.986, 0.400, 
[360] Train acc: 0.9844, Constr acc: 1.0000, CE loss: 0.053, DL2 loss: 0.000
9, 103, 0.0534, 0.0003, 98.438, 100.000, 0.984, 0.400, 
[375] Train acc: 1.0000, Constr acc: 1.0000, CE loss: 0.022, DL2 loss: 0.000
9, 102, 0.0221, 0.0003, 100.000, 100.000, 0.984, 0.300, 
[390] Train acc: 0.9844, Constr acc: 0.0000, CE loss: 0.055, DL2 loss: 0.283
9, 101, 0.0553, 0.0003, 98.438, 100.000, 0.984, 0.300, 
[405] Train acc: 0.9844, Constr acc: 0.0000, CE loss: 0.022, DL2 loss: 0.106
9, 100, 0.0216, 0.0003, 98.438, 100.000, 0.984, 0.500, 
[420] Train acc: 0.9688, Constr acc: 0.0000, CE loss: 0.041, DL2 loss: 0.230
9, 99, 0.0411, 0.0003, 96.875, 100.000, 0.985, 0.300, 
[435] Train acc: 0.9688, Constr acc: 0.0000, CE loss: 0.057, DL2 loss: 0.293
9, 98, 0.0571, 0.0003, 96.875, 100.000, 0.979, 0.200, 
[450] Train acc: 0.9688, Constr acc: 1.0000, CE loss: 0.078, DL2 loss: 0.000
9, 97, 0.0782, 0.0004, 96.875, 100.000, 0.976, 0.400, 
[465] Train acc: 0.9844, Constr acc: 0.0000, CE loss: 0.057, DL2 loss: 0.010
9, 96, 0.0565, 0.0004, 98.438, 100.000, 0.983, 0.500, 
[480] Train acc: 0.9844, Constr acc: 1.0000, CE loss: 0.052, DL2 loss: 0.000
9, 95, 0.0521, 0.0003, 98.438, 100.000, 0.984, 0.100, 
[495] Train acc: 1.0000, Constr acc: 1.0000, CE loss: 0.011, DL2 loss: 0.000
9, 94, 0.0111, 0.0003, 100.000, 100.000, 0.985, 0.100, 
[510] Train acc: 0.9844, Constr acc: 0.0000, CE loss: 0.043, DL2 loss: 0.190
9, 93, 0.0430, 0.0003, 98.438, 100.000, 0.987, 0.000, 
[525] Train acc: 0.9375, Constr acc: 0.0000, CE loss: 0.167, DL2 loss: 0.225
9, 92, 0.1665, 0.0004, 93.750, 100.000, 0.981, 0.500, 
[540] Train acc: 1.0000, Constr acc: 0.0000, CE loss: 0.037, DL2 loss: 0.216
9, 91, 0.0368, 0.0004, 100.000, 100.000, 0.981, 0.400, 
[555] Train acc: 1.0000, Constr acc: 0.0000, CE loss: 0.044, DL2 loss: 0.044
9, 90, 0.0440, 0.0003, 100.000, 100.000, 0.986, 0.300, 
[570] Train acc: 1.0000, Constr acc: 0.0000, CE loss: 0.018, DL2 loss: 0.211
9, 89, 0.0181, 0.0004, 100.000, 100.000, 0.980, 0.600, 
[585] Train acc: 0.9844, Constr acc: 0.0000, CE loss: 0.022, DL2 loss: 0.125
9, 88, 0.0216, 0.0004, 98.438, 100.000, 0.985, 0.300, 
[600] Train acc: 1.0000, Constr acc: 0.0000, CE loss: 0.018, DL2 loss: 0.154
9, 87, 0.0181, 0.0004, 100.000, 100.000, 0.985, 0.000, 
[615] Train acc: 1.0000, Constr acc: 0.0000, CE loss: 0.037, DL2 loss: 0.068
9, 86, 0.0370, 0.0004, 100.000, 100.000, 0.984, 0.100, 
[630] Train acc: 1.0000, Constr acc: 0.0000, CE loss: 0.017, DL2 loss: 0.021
9, 85, 0.0169, 0.0004, 100.000, 100.000, 0.982, 0.200, 
[645] Train acc: 1.0000, Constr acc: 0.0000, CE loss: 0.037, DL2 loss: 0.476
9, 84, 0.0371, 0.0003, 100.000, 100.000, 0.981, 0.800, 
[660] Train acc: 0.9531, Constr acc: 0.0000, CE loss: 0.138, DL2 loss: 0.271
9, 83, 0.1375, 0.0004, 95.312, 98.438, 0.983, 0.700, 
[675] Train acc: 0.9219, Constr acc: 0.0000, CE loss: 0.176, DL2 loss: 0.040
9, 82, 0.1757, 0.0004, 92.188, 98.438, 0.968, 0.400, 
[690] Train acc: 1.0000, Constr acc: 0.0000, CE loss: 0.019, DL2 loss: 0.051
9, 81, 0.0190, 0.0004, 100.000, 100.000, 0.984, 0.600, 
[705] Train acc: 1.0000, Constr acc: 0.0000, CE loss: 0.027, DL2 loss: 0.372
9, 80, 0.0275, 0.0004, 100.000, 100.000, 0.982, 0.600, 
[720] Train acc: 0.9688, Constr acc: 1.0000, CE loss: 0.098, DL2 loss: 0.000
9, 79, 0.0984, 0.0004, 96.875, 100.000, 0.977, 0.400, 
[735] Train acc: 0.9531, Constr acc: 0.0000, CE loss: 0.179, DL2 loss: 0.180
9, 78, 0.1791, 0.0005, 95.312, 100.000, 0.971, 0.300, 
[750] Train acc: 0.9844, Constr acc: 0.0000, CE loss: 0.044, DL2 loss: 0.107
9, 77, 0.0438, 0.0004, 98.438, 100.000, 0.978, 0.800, 
[765] Train acc: 0.9844, Constr acc: 0.0000, CE loss: 0.037, DL2 loss: 0.117
9, 76, 0.0371, 0.0004, 98.438, 100.000, 0.980, 0.700, 
[780] Train acc: 0.9531, Constr acc: 0.0000, CE loss: 0.083, DL2 loss: 0.318
9, 75, 0.0830, 0.0004, 95.312, 100.000, 0.979, 0.700, 
[795] Train acc: 1.0000, Constr acc: 0.0000, CE loss: 0.041, DL2 loss: 0.221
9, 74, 0.0411, 0.0005, 100.000, 100.000, 0.972, 0.100, 
[810] Train acc: 0.9844, Constr acc: 0.0000, CE loss: 0.048, DL2 loss: 0.245
9, 73, 0.0483, 0.0004, 98.438, 100.000, 0.979, 0.400, 
[825] Train acc: 0.9688, Constr acc: 0.0000, CE loss: 0.142, DL2 loss: 0.155
9, 72, 0.1424, 0.0004, 96.875, 100.000, 0.980, 0.600, 
[840] Train acc: 0.9688, Constr acc: 0.0000, CE loss: 0.079, DL2 loss: 0.142
9, 71, 0.0789, 0.0004, 96.875, 100.000, 0.976, 0.600, 
[855] Train acc: 0.9531, Constr acc: 0.0000, CE loss: 0.185, DL2 loss: 0.121
9, 70, 0.1846, 0.0004, 95.312, 100.000, 0.979, 0.400, 
[870] Train acc: 0.9531, Constr acc: 0.0000, CE loss: 0.162, DL2 loss: 0.025
9, 69, 0.1622, 0.0004, 95.312, 100.000, 0.981, 0.600, 
[885] Train acc: 1.0000, Constr acc: 0.0000, CE loss: 0.054, DL2 loss: 0.188
9, 68, 0.0539, 0.0005, 100.000, 100.000, 0.973, 0.300, 
[900] Train acc: 0.9844, Constr acc: 0.0000, CE loss: 0.049, DL2 loss: 0.541
9, 67, 0.0492, 0.0004, 98.438, 100.000, 0.980, 0.700, 
[915] Train acc: 0.9844, Constr acc: 1.0000, CE loss: 0.051, DL2 loss: 0.000
9, 66, 0.0510, 0.0004, 98.438, 100.000, 0.980, 0.100, 
[930] Train acc: 1.0000, Constr acc: 0.0000, CE loss: 0.042, DL2 loss: 0.161
9, 65, 0.0417, 0.0004, 100.000, 100.000, 0.975, 0.500, 
[0] Train acc: 0.9844, Constr acc: 1.0000, CE loss: 0.048, DL2 loss: 0.000
10, 65, 0.0476, 0.0004, 98.438, 100.000, 0.975, 0.400, 
[15] Train acc: 0.8906, Constr acc: 0.0000, CE loss: 0.221, DL2 loss: 0.217
10, 64, 0.2211, 0.0004, 89.062, 100.000, 0.980, 0.500, 
[30] Train acc: 1.0000, Constr acc: 1.0000, CE loss: 0.043, DL2 loss: 0.000
10, 63, 0.0434, 0.0004, 100.000, 100.000, 0.975, 0.300, 
[45] Train acc: 0.9688, Constr acc: 0.0000, CE loss: 0.079, DL2 loss: 0.008
10, 62, 0.0790, 0.0004, 96.875, 100.000, 0.981, 0.400, 
[60] Train acc: 0.9844, Constr acc: 1.0000, CE loss: 0.056, DL2 loss: 0.000
10, 61, 0.0556, 0.0005, 98.438, 100.000, 0.976, 0.500, 
[75] Train acc: 0.9688, Constr acc: 0.0000, CE loss: 0.085, DL2 loss: 0.172
10, 60, 0.0853, 0.0005, 96.875, 100.000, 0.976, 0.700, 
[90] Train acc: 0.9844, Constr acc: 0.0000, CE loss: 0.054, DL2 loss: 0.150
10, 59, 0.0541, 0.0005, 98.438, 100.000, 0.974, 0.800, 
[105] Train acc: 0.9688, Constr acc: 1.0000, CE loss: 0.064, DL2 loss: 0.000
10, 58, 0.0637, 0.0005, 96.875, 100.000, 0.978, 0.500, 
[120] Train acc: 0.9844, Constr acc: 0.0000, CE loss: 0.045, DL2 loss: 0.076
10, 57, 0.0454, 0.0005, 98.438, 100.000, 0.972, 0.500, 
[135] Train acc: 0.9688, Constr acc: 1.0000, CE loss: 0.093, DL2 loss: 0.000
10, 56, 0.0929, 0.0005, 96.875, 100.000, 0.971, 0.200, 
[150] Train acc: 0.9844, Constr acc: 1.0000, CE loss: 0.102, DL2 loss: 0.000
10, 55, 0.1024, 0.0005, 98.438, 100.000, 0.976, 0.500, 
[165] Train acc: 0.9531, Constr acc: 0.0000, CE loss: 0.087, DL2 loss: 0.138
10, 54, 0.0874, 0.0005, 95.312, 100.000, 0.977, 0.200, 
[180] Train acc: 0.9844, Constr acc: 0.0000, CE loss: 0.068, DL2 loss: 0.179
10, 53, 0.0678, 0.0005, 98.438, 100.000, 0.974, 0.500, 
[195] Train acc: 0.9688, Constr acc: 0.0000, CE loss: 0.086, DL2 loss: 0.082
10, 52, 0.0857, 0.0005, 96.875, 100.000, 0.966, 0.400, 
[210] Train acc: 0.9844, Constr acc: 0.0000, CE loss: 0.055, DL2 loss: 0.195
10, 51, 0.0552, 0.0005, 98.438, 100.000, 0.977, 0.100, 
[225] Train acc: 1.0000, Constr acc: 0.0000, CE loss: 0.043, DL2 loss: 0.077
10, 50, 0.0434, 0.0005, 100.000, 100.000, 0.970, 0.200, 
[240] Train acc: 0.9531, Constr acc: 0.0000, CE loss: 0.155, DL2 loss: 0.116
10, 49, 0.1545, 0.0005, 95.312, 100.000, 0.962, 0.000, 
[255] Train acc: 0.9531, Constr acc: 0.0000, CE loss: 0.104, DL2 loss: 0.091
10, 48, 0.1042, 0.0005, 95.312, 100.000, 0.967, 0.400, 
[270] Train acc: 0.9531, Constr acc: 0.0000, CE loss: 0.111, DL2 loss: 0.062
10, 47, 0.1114, 0.0006, 95.312, 100.000, 0.961, 0.900, 
[285] Train acc: 0.9688, Constr acc: 0.0000, CE loss: 0.118, DL2 loss: 0.117
10, 46, 0.1177, 0.0005, 96.875, 100.000, 0.972, 0.600, 
[300] Train acc: 0.9531, Constr acc: 1.0000, CE loss: 0.113, DL2 loss: 0.000
10, 45, 0.1128, 0.0005, 95.312, 100.000, 0.961, 0.300, 
[315] Train acc: 0.9531, Constr acc: 0.0000, CE loss: 0.112, DL2 loss: 0.016
10, 44, 0.1124, 0.0005, 95.312, 100.000, 0.972, 0.300, 
[330] Train acc: 0.9531, Constr acc: 1.0000, CE loss: 0.299, DL2 loss: 0.000
10, 43, 0.2992, 0.0006, 95.312, 100.000, 0.943, 0.100, 
[345] Train acc: 0.9844, Constr acc: 1.0000, CE loss: 0.077, DL2 loss: 0.000
10, 42, 0.0769, 0.0006, 98.438, 100.000, 0.966, 0.300, 
[360] Train acc: 0.9688, Constr acc: 0.0000, CE loss: 0.076, DL2 loss: 0.057
10, 41, 0.0757, 0.0006, 96.875, 100.000, 0.945, 0.200, 
[375] Train acc: 1.0000, Constr acc: 0.0000, CE loss: 0.056, DL2 loss: 0.238
10, 40, 0.0563, 0.0006, 100.000, 100.000, 0.968, 0.300, 
[390] Train acc: 1.0000, Constr acc: 0.0000, CE loss: 0.037, DL2 loss: 0.028
10, 39, 0.0371, 0.0006, 100.000, 100.000, 0.963, 0.400, 
[405] Train acc: 1.0000, Constr acc: 1.0000, CE loss: 0.039, DL2 loss: 0.000
10, 38, 0.0389, 0.0006, 100.000, 100.000, 0.960, 0.600, 
[420] Train acc: 0.9688, Constr acc: 1.0000, CE loss: 0.115, DL2 loss: 0.000
10, 37, 0.1154, 0.0006, 96.875, 100.000, 0.964, 0.500, 
[435] Train acc: 0.9688, Constr acc: 0.0000, CE loss: 0.201, DL2 loss: 0.154
10, 36, 0.2014, 0.0006, 96.875, 100.000, 0.968, 0.300, 
[450] Train acc: 0.9219, Constr acc: 1.0000, CE loss: 0.188, DL2 loss: 0.000
10, 35, 0.1883, 0.0006, 92.188, 100.000, 0.967, 0.100, 
[465] Train acc: 0.9531, Constr acc: 0.0000, CE loss: 0.164, DL2 loss: 0.158
10, 34, 0.1638, 0.0006, 95.312, 100.000, 0.953, 0.100, 
[480] Train acc: 0.9531, Constr acc: 1.0000, CE loss: 0.165, DL2 loss: 0.000
10, 33, 0.1648, 0.0007, 95.312, 100.000, 0.933, 0.500, 
[495] Train acc: 0.9844, Constr acc: 0.0000, CE loss: 0.102, DL2 loss: 0.062
10, 32, 0.1018, 0.0006, 98.438, 100.000, 0.962, 0.900, 
[510] Train acc: 0.9844, Constr acc: 0.0000, CE loss: 0.113, DL2 loss: 0.163
10, 31, 0.1134, 0.0006, 98.438, 100.000, 0.956, 0.300, 
[525] Train acc: 0.9531, Constr acc: 0.0000, CE loss: 0.176, DL2 loss: 0.168
10, 30, 0.1757, 0.0006, 95.312, 100.000, 0.961, 0.400, 
[540] Train acc: 0.9062, Constr acc: 0.0000, CE loss: 0.256, DL2 loss: 0.036
10, 29, 0.2557, 0.0007, 90.625, 100.000, 0.949, 0.000, 
[555] Train acc: 0.9219, Constr acc: 0.0000, CE loss: 0.257, DL2 loss: 0.308
10, 28, 0.2570, 0.0007, 92.188, 100.000, 0.942, 0.100, 
[570] Train acc: 0.9062, Constr acc: 1.0000, CE loss: 0.262, DL2 loss: 0.000
10, 27, 0.2621, 0.0007, 90.625, 100.000, 0.950, 0.000, 
[585] Train acc: 0.8906, Constr acc: 1.0000, CE loss: 0.360, DL2 loss: 0.000
10, 26, 0.3599, 0.0007, 89.062, 98.438, 0.942, 0.000, 
[600] Train acc: 0.9688, Constr acc: 0.0000, CE loss: 0.166, DL2 loss: 0.083
10, 25, 0.1660, 0.0007, 96.875, 100.000, 0.947, 0.600, 
[615] Train acc: 0.9219, Constr acc: 1.0000, CE loss: 0.300, DL2 loss: 0.000
10, 24, 0.3002, 0.0008, 92.188, 98.438, 0.938, 0.300, 
[630] Train acc: 0.9375, Constr acc: 1.0000, CE loss: 0.249, DL2 loss: 0.000
10, 23, 0.2485, 0.0007, 93.750, 100.000, 0.930, 0.500, 
[645] Train acc: 0.8750, Constr acc: 0.0000, CE loss: 0.310, DL2 loss: 0.197
10, 22, 0.3101, 0.0008, 87.500, 100.000, 0.919, 0.700, 
[660] Train acc: 0.9062, Constr acc: 0.0000, CE loss: 0.386, DL2 loss: 0.518
10, 21, 0.3861, 0.0009, 90.625, 98.438, 0.912, 0.100, 
[675] Train acc: 0.9062, Constr acc: 0.0000, CE loss: 0.408, DL2 loss: 0.658
10, 20, 0.4085, 0.0009, 90.625, 98.438, 0.903, 0.700, 
[690] Train acc: 0.7812, Constr acc: 0.0000, CE loss: 0.585, DL2 loss: 0.543
10, 19, 0.5852, 0.0010, 78.125, 100.000, 0.840, 0.600, 
[705] Train acc: 0.8281, Constr acc: 0.0000, CE loss: 0.494, DL2 loss: 0.184
10, 18, 0.4937, 0.0010, 82.812, 98.438, 0.849, 0.600, 
[720] Train acc: 0.8750, Constr acc: 1.0000, CE loss: 0.525, DL2 loss: 0.000
10, 17, 0.5246, 0.0011, 87.500, 98.438, 0.868, 0.100, 
[735] Train acc: 0.8438, Constr acc: 0.0000, CE loss: 0.472, DL2 loss: 0.057
10, 16, 0.4715, 0.0012, 84.375, 100.000, 0.753, 0.000, 
[750] Train acc: 0.7656, Constr acc: 0.0000, CE loss: 0.705, DL2 loss: 0.278
10, 15, 0.7045, 0.0013, 76.562, 96.875, 0.715, 0.000, 
[765] Train acc: 0.6719, Constr acc: 0.0000, CE loss: 0.996, DL2 loss: 0.449
10, 14, 0.9960, 0.0014, 67.188, 98.438, 0.701, 0.000, 
[780] Train acc: 0.7031, Constr acc: 0.0000, CE loss: 1.046, DL2 loss: 0.406
10, 13, 1.0462, 0.0016, 70.312, 95.312, 0.515, 0.000, 
[795] Train acc: 0.3594, Constr acc: 0.0000, CE loss: 1.708, DL2 loss: 0.185
10, 12, 1.7083, 0.0020, 35.938, 70.312, 0.319, 0.000, 
[810] Train acc: 0.1562, Constr acc: 0.0000, CE loss: 1.993, DL2 loss: 0.278
10, 11, 1.9934, 0.0021, 15.625, 62.500, 0.169, 0.000, 
[825] Train acc: 0.0625, Constr acc: 0.0000, CE loss: 2.185, DL2 loss: 0.144
10, 10, 2.1851, 0.0022, 6.250, 54.688, 0.162, 0.200, 
[840] Train acc: 0.0938, Constr acc: 0.0000, CE loss: 2.048, DL2 loss: 0.174
10, 9, 2.0478, 0.0022, 9.375, 71.875, 0.225, 0.100, 
[855] Train acc: 0.1562, Constr acc: 0.0000, CE loss: 2.127, DL2 loss: 0.276
10, 8, 2.1272, 0.0022, 15.625, 70.312, 0.192, 0.000, 
[870] Train acc: 0.1250, Constr acc: 0.0000, CE loss: 2.000, DL2 loss: 0.524
10, 7, 2.0001, 0.0022, 12.500, 75.000, 0.189, 0.200, 
[885] Train acc: 0.1719, Constr acc: 0.0000, CE loss: 2.073, DL2 loss: 0.358
10, 6, 2.0729, 0.0022, 17.188, 73.438, 0.196, 0.200, 
[900] Train acc: 0.2188, Constr acc: 0.0000, CE loss: 2.037, DL2 loss: 0.600
10, 5, 2.0365, 0.0022, 21.875, 82.812, 0.196, 0.100, 
[915] Train acc: 0.0938, Constr acc: 0.0000, CE loss: nan, DL2 loss: nan
10, 4, nan, nan, 9.375, 50.000, 0.098, 0.000, 
[930] Train acc: 0.0781, Constr acc: 0.0000, CE loss: nan, DL2 loss: nan
10, 4, nan, nan, 10.938, 57.812, 0.098, 0.000, 
