main_dl2.py --pruning=True --tensorboard=True --log-interval=15 --pruning_config=./configs/mnist_22_15.json --constraint RobustnessDandR(eps1=7.8, eps2=2.9) --print-after-epoch=0 --dl2-weight=0 --delay=6
pruning_engine.load_mask(): did not find mask file, will load nothing
epoch, neuron_units, loss, dl2_loss, top1, top5, dl2_p_acc, dl2_constraint_acc
[0] Train acc: 0.1406
1, 252, 2.2927, 0.0023, 14.062, 59.375, 0.103, 1.000, 
[15] Train acc: 0.1875
1, 252, 2.2763, 0.0023, 18.750, 68.750, 0.103, 0.910, 
[30] Train acc: 0.3125
1, 252, 2.2343, 0.0023, 31.250, 75.000, 0.205, 0.636, 
[45] Train acc: 0.3594
1, 252, 2.1083, 0.0022, 35.938, 89.062, 0.408, 0.641, 
[60] Train acc: 0.5625
1, 252, 1.8079, 0.0021, 56.250, 90.625, 0.576, 0.257, 
[75] Train acc: 0.6719
1, 252, 1.1560, 0.0017, 67.188, 95.312, 0.646, 0.341, 
[90] Train acc: 0.6250
1, 252, 1.0569, 0.0015, 62.500, 98.438, 0.674, 0.341, 
[105] Train acc: 0.7031
1, 252, 0.8945, 0.0013, 70.312, 95.312, 0.730, 0.151, 
[120] Train acc: 0.8125
1, 252, 0.5999, 0.0011, 81.250, 98.438, 0.806, 0.066, 
[135] Train acc: 0.8594
1, 252, 0.3908, 0.0010, 85.938, 100.000, 0.854, 0.083, 
[150] Train acc: 0.8594
1, 252, 0.5338, 0.0010, 85.938, 100.000, 0.820, 0.351, 
[165] Train acc: 0.8281
1, 252, 0.5438, 0.0010, 82.812, 98.438, 0.764, 0.297, 
[180] Train acc: 0.9062
1, 252, 0.4400, 0.0009, 90.625, 98.438, 0.846, 0.317, 
[195] Train acc: 0.9062
1, 252, 0.2807, 0.0009, 90.625, 100.000, 0.848, 0.322, 
[210] Train acc: 0.9219
1, 252, 0.3620, 0.0009, 92.188, 98.438, 0.857, 0.132, 
[225] Train acc: 0.8906
1, 252, 0.3961, 0.0008, 89.062, 100.000, 0.886, 0.410, 
[240] Train acc: 0.8750
1, 252, 0.4191, 0.0008, 87.500, 98.438, 0.877, 0.270, 
[255] Train acc: 0.8281
1, 252, 0.4304, 0.0008, 82.812, 100.000, 0.853, 0.197, 
[270] Train acc: 0.9219
1, 252, 0.2301, 0.0008, 92.188, 100.000, 0.844, 0.361, 
[285] Train acc: 0.9375
1, 252, 0.2475, 0.0007, 93.750, 100.000, 0.920, 0.317, 
[300] Train acc: 0.9062
1, 252, 0.2684, 0.0007, 90.625, 100.000, 0.911, 0.251, 
[315] Train acc: 0.9375
1, 252, 0.2690, 0.0007, 93.750, 98.438, 0.921, 0.317, 
[330] Train acc: 0.9062
1, 252, 0.3765, 0.0007, 90.625, 98.438, 0.864, 0.328, 
[345] Train acc: 0.8594
1, 252, 0.4717, 0.0007, 85.938, 98.438, 0.908, 0.420, 
[360] Train acc: 0.8750
1, 252, 0.2840, 0.0007, 87.500, 100.000, 0.908, 0.337, 
[375] Train acc: 0.9375
1, 252, 0.1569, 0.0007, 93.750, 100.000, 0.922, 0.349, 
[390] Train acc: 0.9219
1, 252, 0.2107, 0.0006, 92.188, 100.000, 0.915, 0.427, 
[405] Train acc: 0.9375
1, 252, 0.1972, 0.0006, 93.750, 100.000, 0.917, 0.270, 
[420] Train acc: 0.9375
1, 252, 0.2407, 0.0006, 93.750, 100.000, 0.935, 0.366, 
[435] Train acc: 0.9219
1, 252, 0.2249, 0.0006, 92.188, 100.000, 0.934, 0.366, 
[450] Train acc: 0.9219
1, 252, 0.1830, 0.0006, 92.188, 100.000, 0.942, 0.338, 
[465] Train acc: 0.8906
1, 252, 0.3452, 0.0006, 89.062, 100.000, 0.912, 0.338, 
[480] Train acc: 1.0000
1, 252, 0.0759, 0.0006, 100.000, 100.000, 0.935, 0.426, 
[495] Train acc: 0.9531
1, 252, 0.1630, 0.0006, 95.312, 100.000, 0.947, 0.332, 
[510] Train acc: 0.9219
1, 252, 0.1678, 0.0005, 92.188, 100.000, 0.948, 0.414, 
[525] Train acc: 0.9531
1, 252, 0.1374, 0.0006, 95.312, 100.000, 0.945, 0.393, 
[540] Train acc: 0.9531
1, 252, 0.2549, 0.0006, 95.312, 98.438, 0.932, 0.323, 
[555] Train acc: 0.9688
1, 252, 0.1706, 0.0005, 96.875, 98.438, 0.953, 0.377, 
[570] Train acc: 0.9531
1, 252, 0.1493, 0.0005, 95.312, 100.000, 0.924, 0.465, 
[585] Train acc: 0.9844
1, 252, 0.0839, 0.0005, 98.438, 100.000, 0.950, 0.357, 
[600] Train acc: 0.9531
1, 252, 0.1911, 0.0005, 95.312, 100.000, 0.951, 0.441, 
[615] Train acc: 0.9531
1, 252, 0.1562, 0.0005, 95.312, 100.000, 0.951, 0.383, 
[630] Train acc: 0.9375
1, 252, 0.3316, 0.0005, 93.750, 100.000, 0.956, 0.372, 
[645] Train acc: 0.9688
1, 252, 0.1515, 0.0005, 96.875, 100.000, 0.956, 0.380, 
[660] Train acc: 0.9688
1, 252, 0.1340, 0.0005, 96.875, 100.000, 0.956, 0.428, 
[675] Train acc: 0.9219
1, 252, 0.1611, 0.0005, 92.188, 100.000, 0.956, 0.421, 
[690] Train acc: 0.9688
1, 252, 0.1636, 0.0005, 96.875, 98.438, 0.957, 0.440, 
[705] Train acc: 0.8906
1, 252, 0.3456, 0.0005, 89.062, 100.000, 0.951, 0.471, 
[720] Train acc: 1.0000
1, 252, 0.0531, 0.0005, 100.000, 100.000, 0.958, 0.443, 
[735] Train acc: 0.9375
1, 252, 0.1569, 0.0005, 93.750, 100.000, 0.957, 0.394, 
[750] Train acc: 0.9688
1, 252, 0.0697, 0.0005, 96.875, 100.000, 0.950, 0.508, 
[765] Train acc: 0.9062
1, 252, 0.2833, 0.0005, 90.625, 100.000, 0.946, 0.446, 
[780] Train acc: 0.9219
1, 252, 0.1946, 0.0005, 92.188, 100.000, 0.964, 0.350, 
[795] Train acc: 0.9375
1, 252, 0.1266, 0.0005, 93.750, 100.000, 0.960, 0.438, 
[810] Train acc: 1.0000
1, 252, 0.0542, 0.0005, 100.000, 100.000, 0.964, 0.357, 
[825] Train acc: 0.9531
1, 252, 0.1051, 0.0005, 95.312, 100.000, 0.960, 0.362, 
[840] Train acc: 0.9531
1, 252, 0.1322, 0.0005, 95.312, 100.000, 0.968, 0.399, 
[855] Train acc: 0.9375
1, 252, 0.1512, 0.0005, 93.750, 100.000, 0.942, 0.394, 
[870] Train acc: 0.9531
1, 252, 0.1509, 0.0004, 95.312, 100.000, 0.964, 0.426, 
[885] Train acc: 0.9375
1, 252, 0.1358, 0.0005, 93.750, 100.000, 0.959, 0.445, 
[900] Train acc: 0.9531
1, 252, 0.1066, 0.0004, 95.312, 100.000, 0.962, 0.468, 
[915] Train acc: 0.9375
1, 252, 0.1932, 0.0004, 93.750, 100.000, 0.960, 0.464, 
[930] Train acc: 0.9375
1, 252, 0.1555, 0.0004, 93.750, 100.000, 0.964, 0.470, 
[0] Train acc: 0.9531
2, 252, 0.1419, 0.0004, 95.312, 100.000, 0.963, 0.486, 
[15] Train acc: 0.9844
2, 252, 0.0728, 0.0004, 98.438, 100.000, 0.968, 0.505, 
[30] Train acc: 0.9688
2, 252, 0.0831, 0.0004, 96.875, 100.000, 0.955, 0.571, 
[45] Train acc: 0.9688
2, 252, 0.0926, 0.0004, 96.875, 100.000, 0.965, 0.516, 
[60] Train acc: 0.9844
2, 252, 0.0453, 0.0004, 98.438, 100.000, 0.963, 0.534, 
[75] Train acc: 0.9688
2, 252, 0.1387, 0.0004, 96.875, 100.000, 0.966, 0.530, 
[90] Train acc: 0.9375
2, 252, 0.3302, 0.0004, 93.750, 100.000, 0.967, 0.463, 
[105] Train acc: 0.9844
2, 252, 0.0469, 0.0004, 98.438, 100.000, 0.969, 0.433, 
[120] Train acc: 0.9844
2, 252, 0.0899, 0.0004, 98.438, 100.000, 0.970, 0.522, 
[135] Train acc: 0.9688
2, 252, 0.1524, 0.0004, 96.875, 100.000, 0.963, 0.460, 
[150] Train acc: 0.9531
2, 252, 0.0857, 0.0004, 95.312, 100.000, 0.967, 0.519, 
[165] Train acc: 0.9844
2, 252, 0.0723, 0.0004, 98.438, 100.000, 0.968, 0.560, 
[180] Train acc: 0.9531
2, 252, 0.0809, 0.0004, 95.312, 100.000, 0.967, 0.546, 
[195] Train acc: 0.9844
2, 252, 0.0929, 0.0004, 98.438, 100.000, 0.960, 0.500, 
[210] Train acc: 0.9688
2, 252, 0.0649, 0.0004, 96.875, 100.000, 0.973, 0.590, 
[225] Train acc: 0.9531
2, 252, 0.1443, 0.0004, 95.312, 100.000, 0.966, 0.606, 
[240] Train acc: 0.9531
2, 252, 0.1491, 0.0004, 95.312, 100.000, 0.966, 0.472, 
[255] Train acc: 1.0000
2, 252, 0.0272, 0.0004, 100.000, 100.000, 0.968, 0.509, 
[270] Train acc: 0.9844
2, 252, 0.0611, 0.0003, 98.438, 100.000, 0.973, 0.579, 
[285] Train acc: 0.9844
2, 252, 0.0364, 0.0003, 98.438, 100.000, 0.975, 0.612, 
[300] Train acc: 0.9688
2, 252, 0.0821, 0.0004, 96.875, 100.000, 0.969, 0.571, 
[315] Train acc: 0.9375
2, 252, 0.1149, 0.0004, 93.750, 100.000, 0.975, 0.592, 
[330] Train acc: 0.9688
2, 252, 0.0534, 0.0004, 96.875, 100.000, 0.968, 0.530, 
[345] Train acc: 0.9531
2, 252, 0.2329, 0.0004, 95.312, 100.000, 0.976, 0.506, 
[360] Train acc: 0.9688
2, 252, 0.0643, 0.0004, 96.875, 100.000, 0.962, 0.422, 
[375] Train acc: 0.9688
2, 252, 0.1032, 0.0004, 96.875, 100.000, 0.976, 0.460, 
[390] Train acc: 0.9844
2, 252, 0.0273, 0.0004, 98.438, 100.000, 0.975, 0.511, 
[405] Train acc: 0.9844
2, 252, 0.0432, 0.0004, 98.438, 100.000, 0.968, 0.512, 
[420] Train acc: 0.9844
2, 252, 0.0258, 0.0003, 98.438, 100.000, 0.976, 0.556, 
[435] Train acc: 0.9844
2, 252, 0.0375, 0.0004, 98.438, 100.000, 0.977, 0.515, 
[450] Train acc: 0.9844
2, 252, 0.0817, 0.0003, 98.438, 100.000, 0.974, 0.562, 
[465] Train acc: 0.9688
2, 252, 0.0876, 0.0004, 96.875, 100.000, 0.972, 0.569, 
[480] Train acc: 0.9688
2, 252, 0.0873, 0.0004, 96.875, 100.000, 0.969, 0.522, 
[495] Train acc: 0.9531
2, 252, 0.1178, 0.0004, 95.312, 100.000, 0.972, 0.594, 
[510] Train acc: 1.0000
2, 252, 0.0177, 0.0004, 100.000, 100.000, 0.974, 0.490, 
[525] Train acc: 0.9688
2, 252, 0.1225, 0.0004, 96.875, 100.000, 0.978, 0.507, 
[540] Train acc: 0.9688
2, 252, 0.0677, 0.0004, 96.875, 100.000, 0.977, 0.456, 
[555] Train acc: 1.0000
2, 252, 0.0318, 0.0004, 100.000, 100.000, 0.977, 0.502, 
[570] Train acc: 0.9531
2, 252, 0.1975, 0.0004, 95.312, 100.000, 0.971, 0.504, 
[585] Train acc: 1.0000
2, 252, 0.0184, 0.0004, 100.000, 100.000, 0.964, 0.484, 
[600] Train acc: 0.9531
2, 252, 0.1874, 0.0004, 95.312, 100.000, 0.964, 0.515, 
[615] Train acc: 0.9531
2, 252, 0.1911, 0.0004, 95.312, 100.000, 0.974, 0.527, 
[630] Train acc: 0.9844
2, 252, 0.0757, 0.0004, 98.438, 100.000, 0.970, 0.510, 
[645] Train acc: 0.9062
2, 252, 0.2339, 0.0003, 90.625, 100.000, 0.980, 0.564, 
[660] Train acc: 0.9844
2, 252, 0.0507, 0.0003, 98.438, 100.000, 0.977, 0.606, 
[675] Train acc: 0.9844
2, 252, 0.0637, 0.0003, 98.438, 100.000, 0.978, 0.657, 
[690] Train acc: 0.9688
2, 252, 0.0459, 0.0003, 96.875, 100.000, 0.975, 0.664, 
[705] Train acc: 0.9844
2, 252, 0.0947, 0.0003, 98.438, 100.000, 0.970, 0.620, 
[720] Train acc: 0.9688
2, 252, 0.0641, 0.0003, 96.875, 100.000, 0.977, 0.617, 
[735] Train acc: 0.9844
2, 252, 0.1057, 0.0003, 98.438, 100.000, 0.959, 0.672, 
[750] Train acc: 1.0000
2, 252, 0.0183, 0.0003, 100.000, 100.000, 0.978, 0.615, 
[765] Train acc: 1.0000
2, 252, 0.0371, 0.0003, 100.000, 100.000, 0.978, 0.637, 
[780] Train acc: 0.9844
2, 252, 0.0421, 0.0003, 98.438, 100.000, 0.974, 0.651, 
[795] Train acc: 0.9688
2, 252, 0.0918, 0.0003, 96.875, 100.000, 0.976, 0.584, 
[810] Train acc: 0.9688
2, 252, 0.0796, 0.0003, 96.875, 100.000, 0.976, 0.616, 
[825] Train acc: 0.9375
2, 252, 0.2884, 0.0003, 93.750, 100.000, 0.979, 0.607, 
[840] Train acc: 1.0000
2, 252, 0.0218, 0.0003, 100.000, 100.000, 0.975, 0.604, 
[855] Train acc: 1.0000
2, 252, 0.0167, 0.0003, 100.000, 100.000, 0.980, 0.611, 
[870] Train acc: 0.9844
2, 252, 0.0273, 0.0003, 98.438, 100.000, 0.978, 0.611, 
[885] Train acc: 0.9688
2, 252, 0.0610, 0.0003, 96.875, 100.000, 0.977, 0.618, 
[900] Train acc: 0.9375
2, 252, 0.1101, 0.0003, 93.750, 100.000, 0.978, 0.574, 
[915] Train acc: 0.9844
2, 252, 0.0516, 0.0003, 98.438, 100.000, 0.981, 0.672, 
[930] Train acc: 0.9688
2, 252, 0.1069, 0.0003, 96.875, 100.000, 0.971, 0.636, 
[0] Train acc: 0.9688
3, 252, 0.1489, 0.0003, 96.875, 100.000, 0.969, 0.572, 
[15] Train acc: 1.0000
3, 252, 0.0289, 0.0003, 100.000, 100.000, 0.981, 0.605, 
[30] Train acc: 0.9844
3, 252, 0.0524, 0.0003, 98.438, 100.000, 0.977, 0.623, 
[45] Train acc: 0.9688
3, 252, 0.0788, 0.0004, 96.875, 100.000, 0.970, 0.560, 
[60] Train acc: 1.0000
3, 252, 0.0204, 0.0003, 100.000, 100.000, 0.981, 0.647, 
[75] Train acc: 0.9531
3, 252, 0.1291, 0.0003, 95.312, 100.000, 0.969, 0.605, 
[90] Train acc: 0.9688
3, 252, 0.0700, 0.0003, 96.875, 100.000, 0.975, 0.634, 
[105] Train acc: 1.0000
3, 252, 0.0225, 0.0003, 100.000, 100.000, 0.981, 0.617, 
[120] Train acc: 1.0000
3, 252, 0.0228, 0.0003, 100.000, 100.000, 0.979, 0.669, 
[135] Train acc: 0.9531
3, 252, 0.0802, 0.0003, 95.312, 100.000, 0.981, 0.631, 
[150] Train acc: 1.0000
3, 252, 0.0099, 0.0003, 100.000, 100.000, 0.974, 0.563, 
[165] Train acc: 0.9688
3, 252, 0.1813, 0.0003, 96.875, 100.000, 0.982, 0.590, 
[180] Train acc: 0.9531
3, 252, 0.1139, 0.0003, 95.312, 100.000, 0.980, 0.635, 
[195] Train acc: 0.9844
3, 252, 0.0672, 0.0003, 98.438, 100.000, 0.977, 0.620, 
[210] Train acc: 0.9688
3, 252, 0.0690, 0.0003, 96.875, 100.000, 0.971, 0.678, 
[225] Train acc: 1.0000
3, 252, 0.0137, 0.0003, 100.000, 100.000, 0.982, 0.659, 
[240] Train acc: 0.9688
3, 252, 0.0634, 0.0003, 96.875, 100.000, 0.979, 0.690, 
[255] Train acc: 0.9844
3, 252, 0.0525, 0.0003, 98.438, 100.000, 0.973, 0.687, 
[270] Train acc: 0.9531
3, 252, 0.1225, 0.0003, 95.312, 100.000, 0.982, 0.676, 
[285] Train acc: 0.9688
3, 252, 0.0596, 0.0003, 96.875, 100.000, 0.984, 0.650, 
[300] Train acc: 0.9844
3, 252, 0.0657, 0.0003, 98.438, 100.000, 0.980, 0.608, 
[315] Train acc: 0.9688
3, 252, 0.1433, 0.0003, 96.875, 100.000, 0.983, 0.622, 
[330] Train acc: 0.9531
3, 252, 0.1233, 0.0003, 95.312, 100.000, 0.978, 0.707, 
[345] Train acc: 1.0000
3, 252, 0.0148, 0.0003, 100.000, 100.000, 0.982, 0.662, 
[360] Train acc: 0.9844
3, 252, 0.0623, 0.0003, 98.438, 100.000, 0.979, 0.694, 
[375] Train acc: 1.0000
3, 252, 0.0419, 0.0003, 100.000, 100.000, 0.976, 0.697, 
[390] Train acc: 0.9375
3, 252, 0.2216, 0.0003, 93.750, 100.000, 0.967, 0.747, 
[405] Train acc: 0.9844
3, 252, 0.0486, 0.0003, 98.438, 100.000, 0.982, 0.729, 
[420] Train acc: 1.0000
3, 252, 0.0293, 0.0003, 100.000, 100.000, 0.983, 0.688, 
[435] Train acc: 0.9844
3, 252, 0.0260, 0.0003, 98.438, 100.000, 0.974, 0.669, 
[450] Train acc: 0.9844
3, 252, 0.0510, 0.0003, 98.438, 100.000, 0.979, 0.659, 
[465] Train acc: 0.9844
3, 252, 0.0471, 0.0003, 98.438, 100.000, 0.982, 0.685, 
[480] Train acc: 0.9844
3, 252, 0.1269, 0.0003, 98.438, 100.000, 0.982, 0.653, 
[495] Train acc: 0.9688
3, 252, 0.0567, 0.0003, 96.875, 100.000, 0.983, 0.675, 
[510] Train acc: 0.9531
3, 252, 0.0854, 0.0003, 95.312, 100.000, 0.982, 0.660, 
[525] Train acc: 0.9531
3, 252, 0.1040, 0.0003, 95.312, 100.000, 0.984, 0.648, 
[540] Train acc: 1.0000
3, 252, 0.0216, 0.0003, 100.000, 100.000, 0.982, 0.664, 
[555] Train acc: 0.9531
3, 252, 0.1553, 0.0003, 95.312, 100.000, 0.985, 0.572, 
[570] Train acc: 0.9844
3, 252, 0.0607, 0.0003, 98.438, 100.000, 0.978, 0.593, 
[585] Train acc: 1.0000
3, 252, 0.0113, 0.0003, 100.000, 100.000, 0.983, 0.703, 
[600] Train acc: 0.9375
3, 252, 0.1608, 0.0003, 93.750, 98.438, 0.980, 0.582, 
[615] Train acc: 0.9531
3, 252, 0.1858, 0.0003, 95.312, 100.000, 0.983, 0.663, 
[630] Train acc: 1.0000
3, 252, 0.0248, 0.0003, 100.000, 100.000, 0.983, 0.653, 
[645] Train acc: 0.9688
3, 252, 0.2095, 0.0003, 96.875, 100.000, 0.983, 0.640, 
[660] Train acc: 1.0000
3, 252, 0.0344, 0.0003, 100.000, 100.000, 0.983, 0.584, 
[675] Train acc: 1.0000
3, 252, 0.0165, 0.0003, 100.000, 100.000, 0.984, 0.619, 
[690] Train acc: 0.9844
3, 252, 0.0297, 0.0003, 98.438, 100.000, 0.984, 0.627, 
[705] Train acc: 1.0000
3, 252, 0.0265, 0.0003, 100.000, 100.000, 0.982, 0.631, 
[720] Train acc: 0.9844
3, 252, 0.0475, 0.0003, 98.438, 100.000, 0.983, 0.615, 
[735] Train acc: 0.9844
3, 252, 0.0325, 0.0003, 98.438, 100.000, 0.983, 0.675, 
[750] Train acc: 1.0000
3, 252, 0.0210, 0.0003, 100.000, 100.000, 0.985, 0.635, 
[765] Train acc: 1.0000
3, 252, 0.0205, 0.0003, 100.000, 100.000, 0.981, 0.640, 
[780] Train acc: 0.9531
3, 252, 0.1131, 0.0003, 95.312, 100.000, 0.983, 0.662, 
[795] Train acc: 0.9688
3, 252, 0.0429, 0.0003, 96.875, 100.000, 0.982, 0.689, 
[810] Train acc: 1.0000
3, 252, 0.0081, 0.0003, 100.000, 100.000, 0.978, 0.726, 
[825] Train acc: 1.0000
3, 252, 0.0135, 0.0002, 100.000, 100.000, 0.984, 0.738, 
[840] Train acc: 0.9531
3, 252, 0.0637, 0.0003, 95.312, 100.000, 0.981, 0.676, 
[855] Train acc: 1.0000
3, 252, 0.0079, 0.0003, 100.000, 100.000, 0.977, 0.623, 
[870] Train acc: 1.0000
3, 252, 0.0084, 0.0003, 100.000, 100.000, 0.982, 0.674, 
[885] Train acc: 1.0000
3, 252, 0.0130, 0.0003, 100.000, 100.000, 0.982, 0.669, 
[900] Train acc: 0.9844
3, 252, 0.0273, 0.0003, 98.438, 100.000, 0.981, 0.665, 
[915] Train acc: 0.9531
3, 252, 0.2454, 0.0003, 95.312, 100.000, 0.984, 0.650, 
[930] Train acc: 0.9844
3, 252, 0.0700, 0.0003, 98.438, 100.000, 0.987, 0.689, 
[0] Train acc: 0.9844
4, 252, 0.0492, 0.0003, 98.438, 100.000, 0.985, 0.687, 
[15] Train acc: 1.0000
4, 252, 0.0252, 0.0003, 100.000, 100.000, 0.984, 0.677, 
[30] Train acc: 0.9844
4, 252, 0.0465, 0.0003, 98.438, 100.000, 0.981, 0.684, 
[45] Train acc: 1.0000
4, 252, 0.0069, 0.0003, 100.000, 100.000, 0.985, 0.680, 
[60] Train acc: 1.0000
4, 252, 0.0200, 0.0003, 100.000, 100.000, 0.985, 0.668, 
[75] Train acc: 1.0000
4, 252, 0.0442, 0.0003, 100.000, 100.000, 0.973, 0.630, 
[90] Train acc: 0.9844
4, 252, 0.0424, 0.0002, 98.438, 100.000, 0.986, 0.731, 
[105] Train acc: 1.0000
4, 252, 0.0098, 0.0002, 100.000, 100.000, 0.984, 0.713, 
[120] Train acc: 0.9844
4, 252, 0.0582, 0.0003, 98.438, 100.000, 0.982, 0.703, 
[135] Train acc: 0.9844
4, 252, 0.0365, 0.0003, 98.438, 100.000, 0.985, 0.710, 
[150] Train acc: 0.9688
4, 252, 0.0530, 0.0003, 96.875, 100.000, 0.986, 0.727, 
[165] Train acc: 1.0000
4, 252, 0.0181, 0.0003, 100.000, 100.000, 0.983, 0.731, 
[180] Train acc: 0.9844
4, 252, 0.1068, 0.0002, 98.438, 100.000, 0.985, 0.710, 
[195] Train acc: 1.0000
4, 252, 0.0065, 0.0002, 100.000, 100.000, 0.984, 0.717, 
[210] Train acc: 0.9688
4, 252, 0.1149, 0.0003, 96.875, 100.000, 0.980, 0.703, 
[225] Train acc: 0.9844
4, 252, 0.0266, 0.0003, 98.438, 100.000, 0.984, 0.665, 
[240] Train acc: 1.0000
4, 252, 0.0188, 0.0003, 100.000, 100.000, 0.983, 0.676, 
[255] Train acc: 0.9844
4, 252, 0.1269, 0.0003, 98.438, 98.438, 0.984, 0.692, 
[270] Train acc: 1.0000
4, 252, 0.0097, 0.0002, 100.000, 100.000, 0.986, 0.718, 
[285] Train acc: 0.9844
4, 252, 0.0872, 0.0002, 98.438, 100.000, 0.986, 0.766, 
[300] Train acc: 1.0000
4, 252, 0.0138, 0.0003, 100.000, 100.000, 0.981, 0.699, 
[315] Train acc: 1.0000
4, 252, 0.0184, 0.0003, 100.000, 100.000, 0.985, 0.697, 
[330] Train acc: 1.0000
4, 252, 0.0371, 0.0003, 100.000, 100.000, 0.985, 0.685, 
[345] Train acc: 0.9531
4, 252, 0.0905, 0.0003, 95.312, 100.000, 0.983, 0.673, 
[360] Train acc: 0.9688
4, 252, 0.0696, 0.0003, 96.875, 100.000, 0.980, 0.652, 
[375] Train acc: 1.0000
4, 252, 0.0083, 0.0003, 100.000, 100.000, 0.987, 0.658, 
[390] Train acc: 1.0000
4, 252, 0.0169, 0.0003, 100.000, 100.000, 0.985, 0.699, 
[405] Train acc: 1.0000
4, 252, 0.0087, 0.0003, 100.000, 100.000, 0.983, 0.678, 
[420] Train acc: 0.9688
4, 252, 0.0532, 0.0003, 96.875, 100.000, 0.983, 0.703, 
[435] Train acc: 0.9688
4, 252, 0.0706, 0.0003, 96.875, 100.000, 0.984, 0.697, 
[450] Train acc: 0.9844
4, 252, 0.0191, 0.0003, 98.438, 100.000, 0.983, 0.694, 
[465] Train acc: 0.9844
4, 252, 0.0746, 0.0002, 98.438, 100.000, 0.986, 0.698, 
[480] Train acc: 0.9688
4, 252, 0.0676, 0.0002, 96.875, 100.000, 0.984, 0.717, 
[495] Train acc: 0.9844
4, 252, 0.0458, 0.0003, 98.438, 100.000, 0.986, 0.721, 
[510] Train acc: 0.9688
4, 252, 0.0589, 0.0002, 96.875, 100.000, 0.986, 0.703, 
[525] Train acc: 1.0000
4, 252, 0.0050, 0.0002, 100.000, 100.000, 0.985, 0.723, 
[540] Train acc: 1.0000
4, 252, 0.0088, 0.0003, 100.000, 100.000, 0.979, 0.701, 
[555] Train acc: 0.9844
4, 252, 0.0708, 0.0002, 98.438, 100.000, 0.984, 0.729, 
[570] Train acc: 1.0000
4, 252, 0.0223, 0.0003, 100.000, 100.000, 0.982, 0.722, 
[585] Train acc: 0.9531
4, 252, 0.1069, 0.0002, 95.312, 100.000, 0.986, 0.693, 
[600] Train acc: 1.0000
4, 252, 0.0118, 0.0002, 100.000, 100.000, 0.986, 0.719, 
[615] Train acc: 0.9844
4, 252, 0.0314, 0.0002, 98.438, 100.000, 0.986, 0.752, 
[630] Train acc: 0.9531
4, 252, 0.1357, 0.0002, 95.312, 100.000, 0.983, 0.755, 
[645] Train acc: 1.0000
4, 252, 0.0155, 0.0002, 100.000, 100.000, 0.984, 0.730, 
[660] Train acc: 1.0000
4, 252, 0.0163, 0.0002, 100.000, 100.000, 0.987, 0.712, 
[675] Train acc: 0.9688
4, 252, 0.0475, 0.0002, 96.875, 100.000, 0.985, 0.712, 
[690] Train acc: 0.9844
4, 252, 0.0805, 0.0002, 98.438, 100.000, 0.984, 0.759, 
[705] Train acc: 1.0000
4, 252, 0.0358, 0.0002, 100.000, 100.000, 0.986, 0.738, 
[720] Train acc: 0.9844
4, 252, 0.0912, 0.0002, 98.438, 100.000, 0.983, 0.746, 
[735] Train acc: 1.0000
4, 252, 0.0193, 0.0002, 100.000, 100.000, 0.981, 0.754, 
[750] Train acc: 1.0000
4, 252, 0.0035, 0.0002, 100.000, 100.000, 0.984, 0.775, 
[765] Train acc: 0.9375
4, 252, 0.1056, 0.0002, 93.750, 100.000, 0.983, 0.723, 
[780] Train acc: 0.9688
4, 252, 0.0596, 0.0002, 96.875, 100.000, 0.985, 0.737, 
[795] Train acc: 0.9531
4, 252, 0.1130, 0.0002, 95.312, 100.000, 0.983, 0.724, 
[810] Train acc: 0.9844
4, 252, 0.0195, 0.0002, 98.438, 100.000, 0.985, 0.701, 
[825] Train acc: 0.9688
4, 252, 0.0343, 0.0002, 96.875, 100.000, 0.985, 0.730, 
[840] Train acc: 1.0000
4, 252, 0.0193, 0.0002, 100.000, 100.000, 0.985, 0.705, 
[855] Train acc: 1.0000
4, 252, 0.0029, 0.0002, 100.000, 100.000, 0.985, 0.715, 
[870] Train acc: 0.9844
4, 252, 0.0470, 0.0003, 98.438, 100.000, 0.983, 0.698, 
[885] Train acc: 1.0000
4, 252, 0.0200, 0.0002, 100.000, 100.000, 0.983, 0.724, 
[900] Train acc: 0.9844
4, 252, 0.0475, 0.0003, 98.438, 100.000, 0.980, 0.688, 
[915] Train acc: 1.0000
4, 252, 0.0056, 0.0002, 100.000, 100.000, 0.987, 0.742, 
[930] Train acc: 0.9688
4, 252, 0.1391, 0.0002, 96.875, 100.000, 0.987, 0.708, 
[0] Train acc: 0.9531
5, 252, 0.1102, 0.0003, 95.312, 100.000, 0.983, 0.730, 
[15] Train acc: 0.9844
5, 252, 0.0720, 0.0002, 98.438, 100.000, 0.987, 0.710, 
[30] Train acc: 1.0000
5, 252, 0.0294, 0.0002, 100.000, 100.000, 0.987, 0.746, 
[45] Train acc: 0.9531
5, 252, 0.1029, 0.0002, 95.312, 100.000, 0.985, 0.731, 
[60] Train acc: 1.0000
5, 252, 0.0252, 0.0002, 100.000, 100.000, 0.983, 0.757, 
[75] Train acc: 0.9844
5, 252, 0.0287, 0.0002, 98.438, 100.000, 0.987, 0.746, 
[90] Train acc: 0.9531
5, 252, 0.1605, 0.0003, 95.312, 100.000, 0.984, 0.743, 
[105] Train acc: 0.9844
5, 252, 0.0386, 0.0002, 98.438, 100.000, 0.986, 0.713, 
[120] Train acc: 1.0000
5, 252, 0.0022, 0.0002, 100.000, 100.000, 0.985, 0.706, 
[135] Train acc: 0.9844
5, 252, 0.0400, 0.0002, 98.438, 100.000, 0.988, 0.742, 
[150] Train acc: 1.0000
5, 252, 0.0239, 0.0002, 100.000, 100.000, 0.988, 0.740, 
[165] Train acc: 0.9844
5, 252, 0.0322, 0.0002, 98.438, 100.000, 0.984, 0.715, 
[180] Train acc: 1.0000
5, 252, 0.0168, 0.0002, 100.000, 100.000, 0.986, 0.768, 
[195] Train acc: 0.9844
5, 252, 0.0289, 0.0002, 98.438, 100.000, 0.985, 0.749, 
[210] Train acc: 0.9688
5, 252, 0.2134, 0.0002, 96.875, 98.438, 0.986, 0.715, 
[225] Train acc: 0.9688
5, 252, 0.0581, 0.0002, 96.875, 100.000, 0.981, 0.743, 
[240] Train acc: 0.9844
5, 252, 0.0447, 0.0002, 98.438, 100.000, 0.987, 0.736, 
[255] Train acc: 0.9844
5, 252, 0.0388, 0.0002, 98.438, 100.000, 0.986, 0.713, 
[270] Train acc: 1.0000
5, 252, 0.0078, 0.0003, 100.000, 100.000, 0.983, 0.740, 
[285] Train acc: 0.9844
5, 252, 0.0373, 0.0002, 98.438, 100.000, 0.986, 0.687, 
[300] Train acc: 0.9688
5, 252, 0.0721, 0.0002, 96.875, 100.000, 0.986, 0.729, 
[315] Train acc: 0.9688
5, 252, 0.0610, 0.0002, 96.875, 100.000, 0.985, 0.710, 
[330] Train acc: 1.0000
5, 252, 0.0311, 0.0002, 100.000, 100.000, 0.985, 0.725, 
[345] Train acc: 1.0000
5, 252, 0.0053, 0.0002, 100.000, 100.000, 0.986, 0.741, 
[360] Train acc: 1.0000
5, 252, 0.0069, 0.0002, 100.000, 100.000, 0.988, 0.739, 
[375] Train acc: 1.0000
5, 252, 0.0180, 0.0002, 100.000, 100.000, 0.985, 0.755, 
[390] Train acc: 0.9844
5, 252, 0.0299, 0.0002, 98.438, 100.000, 0.987, 0.753, 
[405] Train acc: 0.9688
5, 252, 0.0394, 0.0002, 96.875, 100.000, 0.986, 0.762, 
[420] Train acc: 0.9844
5, 252, 0.0280, 0.0002, 98.438, 100.000, 0.987, 0.797, 
[435] Train acc: 0.9844
5, 252, 0.0364, 0.0002, 98.438, 100.000, 0.986, 0.790, 
[450] Train acc: 0.9688
5, 252, 0.0735, 0.0002, 96.875, 100.000, 0.987, 0.780, 
[465] Train acc: 0.9531
5, 252, 0.2302, 0.0003, 95.312, 100.000, 0.986, 0.682, 
[480] Train acc: 1.0000
5, 252, 0.0074, 0.0002, 100.000, 100.000, 0.985, 0.709, 
[495] Train acc: 0.9688
5, 252, 0.0723, 0.0003, 96.875, 100.000, 0.986, 0.705, 
[510] Train acc: 0.9531
5, 252, 0.0750, 0.0002, 95.312, 100.000, 0.987, 0.725, 
[525] Train acc: 0.9688
5, 252, 0.0753, 0.0002, 96.875, 100.000, 0.988, 0.769, 
[540] Train acc: 0.9688
5, 252, 0.1275, 0.0002, 96.875, 100.000, 0.988, 0.767, 
[555] Train acc: 0.9844
5, 252, 0.0237, 0.0002, 98.438, 100.000, 0.989, 0.752, 
[570] Train acc: 1.0000
5, 252, 0.0092, 0.0002, 100.000, 100.000, 0.987, 0.758, 
[585] Train acc: 1.0000
5, 252, 0.0076, 0.0002, 100.000, 100.000, 0.985, 0.749, 
[600] Train acc: 1.0000
5, 252, 0.0149, 0.0002, 100.000, 100.000, 0.986, 0.723, 
[615] Train acc: 0.9844
5, 252, 0.0203, 0.0002, 98.438, 100.000, 0.988, 0.698, 
[630] Train acc: 0.9375
5, 252, 0.1450, 0.0002, 93.750, 100.000, 0.988, 0.736, 
[645] Train acc: 1.0000
5, 252, 0.0040, 0.0002, 100.000, 100.000, 0.987, 0.743, 
[660] Train acc: 1.0000
5, 252, 0.0038, 0.0002, 100.000, 100.000, 0.987, 0.739, 
[675] Train acc: 1.0000
5, 252, 0.0193, 0.0002, 100.000, 100.000, 0.987, 0.731, 
[690] Train acc: 1.0000
5, 252, 0.0028, 0.0002, 100.000, 100.000, 0.987, 0.773, 
[705] Train acc: 1.0000
5, 252, 0.0094, 0.0002, 100.000, 100.000, 0.988, 0.737, 
[720] Train acc: 0.9844
5, 252, 0.0522, 0.0002, 98.438, 100.000, 0.988, 0.745, 
[735] Train acc: 0.9844
5, 252, 0.0574, 0.0002, 98.438, 100.000, 0.988, 0.735, 
[750] Train acc: 1.0000
5, 252, 0.0062, 0.0002, 100.000, 100.000, 0.986, 0.765, 
[765] Train acc: 0.9844
5, 252, 0.0172, 0.0002, 98.438, 100.000, 0.984, 0.749, 
[780] Train acc: 0.9531
5, 252, 0.2520, 0.0002, 95.312, 100.000, 0.987, 0.712, 
[795] Train acc: 0.9688
5, 252, 0.0624, 0.0002, 96.875, 100.000, 0.988, 0.729, 
[810] Train acc: 0.9844
5, 252, 0.0244, 0.0002, 98.438, 100.000, 0.986, 0.742, 
[825] Train acc: 1.0000
5, 252, 0.0097, 0.0002, 100.000, 100.000, 0.986, 0.757, 
[840] Train acc: 0.9844
5, 252, 0.0248, 0.0002, 98.438, 100.000, 0.988, 0.761, 
[855] Train acc: 1.0000
5, 252, 0.0125, 0.0002, 100.000, 100.000, 0.985, 0.772, 
[870] Train acc: 0.9688
5, 252, 0.1250, 0.0002, 96.875, 100.000, 0.980, 0.787, 
[885] Train acc: 1.0000
5, 252, 0.0025, 0.0002, 100.000, 100.000, 0.988, 0.739, 
[900] Train acc: 1.0000
5, 252, 0.0236, 0.0002, 100.000, 100.000, 0.987, 0.738, 
[915] Train acc: 0.9844
5, 252, 0.0192, 0.0002, 98.438, 100.000, 0.987, 0.749, 
[930] Train acc: 0.9844
5, 252, 0.0358, 0.0003, 98.438, 100.000, 0.984, 0.696, 
[0] Train acc: 1.0000
6, 252, 0.0100, 0.0002, 100.000, 100.000, 0.986, 0.746, 
[15] Train acc: 1.0000
6, 252, 0.0078, 0.0002, 100.000, 100.000, 0.990, 0.738, 
[30] Train acc: 0.9844
6, 252, 0.0399, 0.0002, 98.438, 100.000, 0.986, 0.705, 
[45] Train acc: 1.0000
6, 252, 0.0039, 0.0002, 100.000, 100.000, 0.989, 0.695, 
[60] Train acc: 0.9844
6, 252, 0.0358, 0.0002, 98.438, 100.000, 0.987, 0.720, 
[75] Train acc: 1.0000
6, 252, 0.0224, 0.0002, 100.000, 100.000, 0.987, 0.787, 
[90] Train acc: 1.0000
6, 252, 0.0267, 0.0002, 100.000, 100.000, 0.988, 0.780, 
[105] Train acc: 0.9844
6, 252, 0.0392, 0.0002, 98.438, 100.000, 0.987, 0.775, 
[120] Train acc: 0.9844
6, 252, 0.0495, 0.0002, 98.438, 100.000, 0.988, 0.814, 
[135] Train acc: 1.0000
6, 252, 0.0039, 0.0002, 100.000, 100.000, 0.989, 0.785, 
[150] Train acc: 1.0000
6, 252, 0.0166, 0.0002, 100.000, 100.000, 0.985, 0.766, 
[165] Train acc: 1.0000
6, 252, 0.0103, 0.0002, 100.000, 100.000, 0.986, 0.750, 
[180] Train acc: 1.0000
6, 252, 0.0103, 0.0002, 100.000, 100.000, 0.988, 0.780, 
[195] Train acc: 0.9688
6, 252, 0.0573, 0.0002, 96.875, 100.000, 0.987, 0.767, 
[210] Train acc: 0.9844
6, 252, 0.0431, 0.0002, 98.438, 100.000, 0.987, 0.738, 
[225] Train acc: 0.9688
6, 252, 0.0422, 0.0002, 96.875, 100.000, 0.989, 0.752, 
[240] Train acc: 1.0000
6, 252, 0.0054, 0.0002, 100.000, 100.000, 0.986, 0.748, 
[255] Train acc: 0.9844
6, 252, 0.0919, 0.0002, 98.438, 100.000, 0.986, 0.758, 
[270] Train acc: 1.0000
6, 252, 0.0132, 0.0002, 100.000, 100.000, 0.987, 0.738, 
[285] Train acc: 0.9688
6, 252, 0.1043, 0.0002, 96.875, 100.000, 0.988, 0.755, 
[300] Train acc: 0.9844
6, 252, 0.1036, 0.0002, 98.438, 100.000, 0.985, 0.710, 
[315] Train acc: 1.0000
6, 252, 0.0044, 0.0002, 100.000, 100.000, 0.988, 0.751, 
[330] Train acc: 1.0000
6, 252, 0.0161, 0.0002, 100.000, 100.000, 0.988, 0.735, 
[345] Train acc: 0.9688
6, 252, 0.1493, 0.0002, 96.875, 100.000, 0.989, 0.750, 
[360] Train acc: 0.9844
6, 252, 0.0295, 0.0002, 98.438, 100.000, 0.989, 0.726, 
[375] Train acc: 0.9844
6, 252, 0.0457, 0.0002, 98.438, 100.000, 0.985, 0.703, 
[390] Train acc: 0.9844
6, 252, 0.0532, 0.0002, 98.438, 100.000, 0.987, 0.743, 
[405] Train acc: 0.9844
6, 252, 0.0209, 0.0002, 98.438, 100.000, 0.985, 0.753, 
[420] Train acc: 1.0000
6, 252, 0.0041, 0.0002, 100.000, 100.000, 0.985, 0.781, 
[435] Train acc: 1.0000
6, 252, 0.0039, 0.0002, 100.000, 100.000, 0.987, 0.814, 
[450] Train acc: 1.0000
6, 252, 0.0092, 0.0002, 100.000, 100.000, 0.987, 0.757, 
[465] Train acc: 0.9844
6, 252, 0.0293, 0.0002, 98.438, 100.000, 0.989, 0.729, 
[480] Train acc: 1.0000
6, 252, 0.0078, 0.0002, 100.000, 100.000, 0.988, 0.723, 
[495] Train acc: 1.0000
6, 252, 0.0118, 0.0002, 100.000, 100.000, 0.987, 0.741, 
[510] Train acc: 0.9688
6, 252, 0.1119, 0.0002, 96.875, 100.000, 0.987, 0.752, 
[525] Train acc: 0.9688
6, 252, 0.0495, 0.0002, 96.875, 100.000, 0.991, 0.767, 
[540] Train acc: 0.9688
6, 252, 0.0535, 0.0002, 96.875, 100.000, 0.986, 0.727, 
[555] Train acc: 1.0000
6, 252, 0.0165, 0.0002, 100.000, 100.000, 0.988, 0.781, 
[570] Train acc: 0.9844
6, 252, 0.0528, 0.0002, 98.438, 100.000, 0.989, 0.760, 
[585] Train acc: 0.9844
6, 252, 0.0452, 0.0002, 98.438, 100.000, 0.988, 0.747, 
[600] Train acc: 1.0000
6, 252, 0.0011, 0.0002, 100.000, 100.000, 0.985, 0.748, 
[615] Train acc: 0.9844
6, 252, 0.0370, 0.0002, 98.438, 100.000, 0.988, 0.819, 
[630] Train acc: 0.9844
6, 252, 0.0510, 0.0002, 98.438, 100.000, 0.982, 0.770, 
[645] Train acc: 1.0000
6, 252, 0.0039, 0.0002, 100.000, 100.000, 0.989, 0.801, 
[660] Train acc: 1.0000
6, 252, 0.0106, 0.0002, 100.000, 100.000, 0.989, 0.780, 
[675] Train acc: 1.0000
6, 252, 0.0028, 0.0002, 100.000, 100.000, 0.990, 0.772, 
[690] Train acc: 1.0000
6, 252, 0.0075, 0.0002, 100.000, 100.000, 0.988, 0.778, 
[705] Train acc: 1.0000
6, 252, 0.0077, 0.0002, 100.000, 100.000, 0.987, 0.763, 
[720] Train acc: 0.9844
6, 252, 0.0294, 0.0002, 98.438, 100.000, 0.984, 0.762, 
[735] Train acc: 0.9844
6, 252, 0.0521, 0.0002, 98.438, 100.000, 0.988, 0.778, 
[750] Train acc: 0.9844
6, 252, 0.0211, 0.0002, 98.438, 100.000, 0.990, 0.735, 
[765] Train acc: 1.0000
6, 252, 0.0021, 0.0002, 100.000, 100.000, 0.987, 0.735, 
[780] Train acc: 1.0000
6, 252, 0.0118, 0.0002, 100.000, 100.000, 0.987, 0.788, 
[795] Train acc: 0.9844
6, 252, 0.0259, 0.0002, 98.438, 100.000, 0.989, 0.768, 
[810] Train acc: 1.0000
6, 252, 0.0199, 0.0002, 100.000, 100.000, 0.987, 0.816, 
[825] Train acc: 0.9688
6, 252, 0.0521, 0.0002, 96.875, 100.000, 0.987, 0.752, 
[840] Train acc: 0.9844
6, 252, 0.0415, 0.0002, 98.438, 100.000, 0.987, 0.754, 
[855] Train acc: 1.0000
6, 252, 0.0056, 0.0002, 100.000, 100.000, 0.987, 0.769, 
[870] Train acc: 1.0000
6, 252, 0.0069, 0.0002, 100.000, 100.000, 0.988, 0.794, 
[885] Train acc: 0.9688
6, 252, 0.0726, 0.0002, 96.875, 100.000, 0.988, 0.771, 
[900] Train acc: 1.0000
6, 252, 0.0110, 0.0002, 100.000, 100.000, 0.988, 0.766, 
[915] Train acc: 1.0000
6, 252, 0.0109, 0.0002, 100.000, 100.000, 0.988, 0.762, 
[930] Train acc: 1.0000
6, 252, 0.0092, 0.0002, 100.000, 100.000, 0.988, 0.754, 
[0] Train acc: 1.0000
7, 252, 0.0063, 0.0002, 100.000, 100.000, 0.988, 0.789, 
[15] Train acc: 1.0000
7, 251, 0.0050, 0.0002, 100.000, 100.000, 0.989, 0.777, 
[30] Train acc: 1.0000
7, 250, 0.0079, 0.0002, 100.000, 100.000, 0.988, 0.780, 
[45] Train acc: 0.9688
7, 249, 0.0440, 0.0002, 96.875, 100.000, 0.989, 0.786, 
[60] Train acc: 1.0000
7, 248, 0.0016, 0.0002, 100.000, 100.000, 0.989, 0.801, 
[75] Train acc: 0.9844
7, 247, 0.0534, 0.0002, 98.438, 100.000, 0.988, 0.795, 
[90] Train acc: 1.0000
7, 246, 0.0048, 0.0002, 100.000, 100.000, 0.989, 0.795, 
[105] Train acc: 1.0000
7, 245, 0.0075, 0.0002, 100.000, 100.000, 0.988, 0.805, 
[120] Train acc: 1.0000
7, 244, 0.0064, 0.0002, 100.000, 100.000, 0.988, 0.806, 
[135] Train acc: 1.0000
7, 243, 0.0013, 0.0002, 100.000, 100.000, 0.988, 0.792, 
[150] Train acc: 1.0000
7, 242, 0.0050, 0.0002, 100.000, 100.000, 0.988, 0.815, 
[165] Train acc: 1.0000
7, 241, 0.0012, 0.0002, 100.000, 100.000, 0.989, 0.801, 
[180] Train acc: 0.9844
7, 240, 0.0360, 0.0002, 98.438, 100.000, 0.987, 0.791, 
[195] Train acc: 0.9844
7, 239, 0.0323, 0.0002, 98.438, 100.000, 0.986, 0.804, 
[210] Train acc: 1.0000
7, 238, 0.0028, 0.0002, 100.000, 100.000, 0.988, 0.824, 
[225] Train acc: 1.0000
7, 237, 0.0118, 0.0002, 100.000, 100.000, 0.988, 0.797, 
[240] Train acc: 1.0000
7, 236, 0.0065, 0.0002, 100.000, 100.000, 0.987, 0.796, 
[255] Train acc: 1.0000
7, 235, 0.0040, 0.0002, 100.000, 100.000, 0.989, 0.767, 
[270] Train acc: 1.0000
7, 234, 0.0171, 0.0002, 100.000, 100.000, 0.985, 0.765, 
[285] Train acc: 1.0000
7, 233, 0.0164, 0.0002, 100.000, 100.000, 0.987, 0.787, 
[300] Train acc: 1.0000
7, 232, 0.0116, 0.0002, 100.000, 100.000, 0.990, 0.785, 
[315] Train acc: 1.0000
7, 231, 0.0170, 0.0002, 100.000, 100.000, 0.987, 0.798, 
[330] Train acc: 1.0000
7, 230, 0.0041, 0.0002, 100.000, 100.000, 0.988, 0.815, 
[345] Train acc: 0.9844
7, 229, 0.0493, 0.0002, 98.438, 100.000, 0.990, 0.801, 
[360] Train acc: 1.0000
7, 228, 0.0050, 0.0002, 100.000, 100.000, 0.990, 0.782, 
[375] Train acc: 0.9688
7, 227, 0.0705, 0.0002, 96.875, 100.000, 0.988, 0.805, 
[390] Train acc: 1.0000
7, 226, 0.0113, 0.0002, 100.000, 100.000, 0.988, 0.788, 
[405] Train acc: 0.9844
7, 225, 0.0710, 0.0002, 98.438, 100.000, 0.990, 0.821, 
[420] Train acc: 0.9688
7, 224, 0.0463, 0.0002, 96.875, 100.000, 0.985, 0.743, 
[435] Train acc: 0.9844
7, 223, 0.0393, 0.0002, 98.438, 100.000, 0.988, 0.758, 
[450] Train acc: 1.0000
7, 222, 0.0081, 0.0002, 100.000, 100.000, 0.990, 0.790, 
[465] Train acc: 1.0000
7, 221, 0.0061, 0.0002, 100.000, 100.000, 0.990, 0.798, 
[480] Train acc: 0.9688
7, 220, 0.0728, 0.0002, 96.875, 100.000, 0.988, 0.791, 
[495] Train acc: 1.0000
7, 219, 0.0021, 0.0002, 100.000, 100.000, 0.987, 0.775, 
[510] Train acc: 1.0000
7, 218, 0.0089, 0.0002, 100.000, 100.000, 0.990, 0.787, 
[525] Train acc: 0.9844
7, 217, 0.0387, 0.0002, 98.438, 100.000, 0.988, 0.798, 
[540] Train acc: 1.0000
7, 216, 0.0015, 0.0002, 100.000, 100.000, 0.987, 0.766, 
[555] Train acc: 0.9531
7, 215, 0.0811, 0.0002, 95.312, 100.000, 0.987, 0.759, 
[570] Train acc: 1.0000
7, 214, 0.0123, 0.0002, 100.000, 100.000, 0.989, 0.761, 
[585] Train acc: 0.9844
7, 213, 0.0675, 0.0002, 98.438, 100.000, 0.987, 0.775, 
[600] Train acc: 1.0000
7, 212, 0.0028, 0.0002, 100.000, 100.000, 0.987, 0.784, 
[615] Train acc: 1.0000
7, 211, 0.0064, 0.0002, 100.000, 100.000, 0.987, 0.785, 
[630] Train acc: 0.9844
7, 210, 0.0470, 0.0002, 98.438, 100.000, 0.989, 0.797, 
[645] Train acc: 0.9531
7, 209, 0.0963, 0.0002, 95.312, 100.000, 0.988, 0.788, 
[660] Train acc: 1.0000
7, 208, 0.0026, 0.0002, 100.000, 100.000, 0.987, 0.745, 
[675] Train acc: 1.0000
7, 207, 0.0159, 0.0002, 100.000, 100.000, 0.988, 0.770, 
[690] Train acc: 1.0000
7, 206, 0.0048, 0.0002, 100.000, 100.000, 0.989, 0.781, 
[705] Train acc: 1.0000
7, 205, 0.0049, 0.0002, 100.000, 100.000, 0.986, 0.776, 
[720] Train acc: 1.0000
7, 204, 0.0166, 0.0002, 100.000, 100.000, 0.986, 0.771, 
[735] Train acc: 0.9844
7, 203, 0.0615, 0.0002, 98.438, 100.000, 0.988, 0.806, 
[750] Train acc: 1.0000
7, 202, 0.0059, 0.0002, 100.000, 100.000, 0.989, 0.788, 
[765] Train acc: 0.9844
7, 201, 0.0204, 0.0002, 98.438, 100.000, 0.988, 0.788, 
[780] Train acc: 1.0000
7, 200, 0.0071, 0.0002, 100.000, 100.000, 0.989, 0.788, 
[795] Train acc: 1.0000
7, 199, 0.0068, 0.0002, 100.000, 100.000, 0.989, 0.797, 
[810] Train acc: 1.0000
7, 198, 0.0202, 0.0002, 100.000, 100.000, 0.988, 0.781, 
[825] Train acc: 0.9844
7, 197, 0.0255, 0.0002, 98.438, 100.000, 0.988, 0.760, 
[840] Train acc: 1.0000
7, 196, 0.0146, 0.0002, 100.000, 100.000, 0.989, 0.768, 
[855] Train acc: 1.0000
7, 195, 0.0046, 0.0002, 100.000, 100.000, 0.989, 0.785, 
[870] Train acc: 1.0000
7, 194, 0.0049, 0.0002, 100.000, 100.000, 0.987, 0.775, 
[885] Train acc: 1.0000
7, 193, 0.0191, 0.0002, 100.000, 100.000, 0.989, 0.785, 
[900] Train acc: 0.9844
7, 192, 0.0249, 0.0002, 98.438, 100.000, 0.988, 0.826, 
[915] Train acc: 0.9844
7, 191, 0.0600, 0.0002, 98.438, 100.000, 0.988, 0.749, 
[930] Train acc: 0.9844
7, 190, 0.0741, 0.0002, 98.438, 100.000, 0.988, 0.779, 
[0] Train acc: 1.0000
8, 190, 0.0051, 0.0002, 100.000, 100.000, 0.989, 0.807, 
[15] Train acc: 1.0000
8, 189, 0.0095, 0.0002, 100.000, 100.000, 0.989, 0.766, 
[30] Train acc: 1.0000
8, 188, 0.0176, 0.0002, 100.000, 100.000, 0.990, 0.741, 
[45] Train acc: 1.0000
8, 187, 0.0123, 0.0002, 100.000, 100.000, 0.991, 0.742, 
[60] Train acc: 0.9688
8, 186, 0.1390, 0.0002, 96.875, 100.000, 0.986, 0.736, 
[75] Train acc: 1.0000
8, 185, 0.0032, 0.0002, 100.000, 100.000, 0.986, 0.759, 
[90] Train acc: 0.9844
8, 184, 0.0257, 0.0002, 98.438, 100.000, 0.987, 0.787, 
[105] Train acc: 0.9844
8, 183, 0.0164, 0.0002, 98.438, 100.000, 0.988, 0.812, 
[120] Train acc: 0.9688
8, 182, 0.0458, 0.0002, 96.875, 100.000, 0.988, 0.791, 
[135] Train acc: 1.0000
8, 181, 0.0036, 0.0002, 100.000, 100.000, 0.983, 0.760, 
[150] Train acc: 0.9844
8, 180, 0.0395, 0.0002, 98.438, 100.000, 0.988, 0.795, 
[165] Train acc: 1.0000
8, 179, 0.0174, 0.0002, 100.000, 100.000, 0.986, 0.777, 
[180] Train acc: 1.0000
8, 178, 0.0028, 0.0002, 100.000, 100.000, 0.987, 0.796, 
[195] Train acc: 0.9844
8, 177, 0.0315, 0.0002, 98.438, 100.000, 0.988, 0.811, 
[210] Train acc: 1.0000
8, 176, 0.0070, 0.0002, 100.000, 100.000, 0.987, 0.838, 
[225] Train acc: 1.0000
8, 175, 0.0019, 0.0002, 100.000, 100.000, 0.986, 0.814, 
[240] Train acc: 0.9844
8, 174, 0.0426, 0.0002, 98.438, 100.000, 0.988, 0.778, 
[255] Train acc: 0.9688
8, 173, 0.0492, 0.0002, 96.875, 100.000, 0.988, 0.795, 
[270] Train acc: 0.9844
8, 172, 0.0401, 0.0002, 98.438, 100.000, 0.986, 0.764, 
[285] Train acc: 0.9844
8, 171, 0.0302, 0.0002, 98.438, 100.000, 0.988, 0.783, 
[300] Train acc: 1.0000
8, 170, 0.0211, 0.0002, 100.000, 100.000, 0.987, 0.759, 
[315] Train acc: 0.9844
8, 169, 0.0382, 0.0002, 98.438, 100.000, 0.988, 0.785, 
[330] Train acc: 1.0000
8, 168, 0.0058, 0.0002, 100.000, 100.000, 0.988, 0.801, 
[345] Train acc: 1.0000
8, 167, 0.0150, 0.0002, 100.000, 100.000, 0.990, 0.792, 
[360] Train acc: 0.9688
8, 166, 0.1694, 0.0002, 96.875, 100.000, 0.988, 0.782, 
[375] Train acc: 0.9844
8, 165, 0.0387, 0.0002, 98.438, 100.000, 0.989, 0.774, 
[390] Train acc: 1.0000
8, 164, 0.0034, 0.0002, 100.000, 100.000, 0.988, 0.781, 
[405] Train acc: 1.0000
8, 163, 0.0057, 0.0002, 100.000, 100.000, 0.989, 0.779, 
[420] Train acc: 1.0000
8, 162, 0.0066, 0.0002, 100.000, 100.000, 0.989, 0.782, 
[435] Train acc: 0.9688
8, 161, 0.1310, 0.0002, 96.875, 100.000, 0.987, 0.745, 
[450] Train acc: 0.9844
8, 160, 0.0240, 0.0002, 98.438, 100.000, 0.988, 0.714, 
[465] Train acc: 0.9531
8, 159, 0.1338, 0.0002, 95.312, 100.000, 0.985, 0.702, 
[480] Train acc: 1.0000
8, 158, 0.0038, 0.0002, 100.000, 100.000, 0.988, 0.717, 
[495] Train acc: 1.0000
8, 157, 0.0057, 0.0002, 100.000, 100.000, 0.988, 0.711, 
[510] Train acc: 1.0000
8, 156, 0.0030, 0.0002, 100.000, 100.000, 0.987, 0.723, 
[525] Train acc: 0.9844
8, 155, 0.0252, 0.0002, 98.438, 100.000, 0.988, 0.720, 
[540] Train acc: 0.9688
8, 154, 0.0691, 0.0002, 96.875, 100.000, 0.988, 0.752, 
[555] Train acc: 0.9688
8, 153, 0.0611, 0.0002, 96.875, 100.000, 0.989, 0.713, 
[570] Train acc: 1.0000
8, 152, 0.0061, 0.0002, 100.000, 100.000, 0.988, 0.726, 
[585] Train acc: 1.0000
8, 151, 0.0057, 0.0002, 100.000, 100.000, 0.989, 0.731, 
[600] Train acc: 0.9844
8, 150, 0.0533, 0.0002, 98.438, 100.000, 0.987, 0.713, 
[615] Train acc: 0.9844
8, 149, 0.0476, 0.0003, 98.438, 100.000, 0.984, 0.702, 
[630] Train acc: 0.9688
8, 148, 0.0641, 0.0002, 96.875, 100.000, 0.986, 0.696, 
[645] Train acc: 1.0000
8, 147, 0.0156, 0.0002, 100.000, 100.000, 0.987, 0.703, 
[660] Train acc: 0.9688
8, 146, 0.0787, 0.0003, 96.875, 100.000, 0.987, 0.681, 
[675] Train acc: 0.9844
8, 145, 0.0276, 0.0003, 98.438, 100.000, 0.989, 0.677, 
[690] Train acc: 1.0000
8, 144, 0.0141, 0.0002, 100.000, 100.000, 0.988, 0.719, 
[705] Train acc: 0.9688
8, 143, 0.1632, 0.0003, 96.875, 100.000, 0.989, 0.667, 
[720] Train acc: 1.0000
8, 142, 0.0160, 0.0003, 100.000, 100.000, 0.989, 0.625, 
[735] Train acc: 1.0000
8, 141, 0.0200, 0.0003, 100.000, 100.000, 0.987, 0.629, 
[750] Train acc: 0.9531
8, 140, 0.0952, 0.0003, 95.312, 100.000, 0.988, 0.624, 
[765] Train acc: 0.9844
8, 139, 0.0304, 0.0003, 98.438, 100.000, 0.988, 0.646, 
[780] Train acc: 0.9844
8, 138, 0.0316, 0.0003, 98.438, 100.000, 0.985, 0.656, 
[795] Train acc: 0.9844
8, 137, 0.0167, 0.0003, 98.438, 100.000, 0.988, 0.659, 
[810] Train acc: 0.9688
8, 136, 0.0966, 0.0003, 96.875, 100.000, 0.988, 0.642, 
[825] Train acc: 0.9844
8, 135, 0.0711, 0.0003, 98.438, 100.000, 0.989, 0.682, 
[840] Train acc: 1.0000
8, 134, 0.0175, 0.0003, 100.000, 100.000, 0.989, 0.651, 
[855] Train acc: 1.0000
8, 133, 0.0252, 0.0003, 100.000, 100.000, 0.988, 0.653, 
[870] Train acc: 1.0000
8, 132, 0.0307, 0.0003, 100.000, 100.000, 0.987, 0.632, 
[885] Train acc: 1.0000
8, 131, 0.0273, 0.0003, 100.000, 100.000, 0.987, 0.634, 
[900] Train acc: 0.9688
8, 130, 0.0837, 0.0003, 96.875, 98.438, 0.988, 0.681, 
[915] Train acc: 0.9844
8, 129, 0.0493, 0.0003, 98.438, 100.000, 0.985, 0.660, 
[930] Train acc: 1.0000
8, 128, 0.0065, 0.0003, 100.000, 100.000, 0.983, 0.653, 
[0] Train acc: 0.9844
9, 127, 0.0358, 0.0003, 98.438, 100.000, 0.986, 0.610, 
[15] Train acc: 1.0000
9, 126, 0.0240, 0.0003, 100.000, 100.000, 0.988, 0.590, 
[30] Train acc: 1.0000
9, 125, 0.0124, 0.0003, 100.000, 100.000, 0.987, 0.628, 
[45] Train acc: 1.0000
9, 124, 0.0359, 0.0003, 100.000, 100.000, 0.988, 0.647, 
[60] Train acc: 1.0000
9, 123, 0.0233, 0.0003, 100.000, 100.000, 0.984, 0.656, 
[75] Train acc: 1.0000
9, 122, 0.0159, 0.0003, 100.000, 100.000, 0.987, 0.633, 
[90] Train acc: 0.9844
9, 121, 0.0386, 0.0003, 98.438, 100.000, 0.985, 0.658, 
[105] Train acc: 1.0000
9, 120, 0.0131, 0.0003, 100.000, 100.000, 0.986, 0.663, 
[120] Train acc: 1.0000
9, 119, 0.0169, 0.0003, 100.000, 100.000, 0.984, 0.680, 
[135] Train acc: 1.0000
9, 118, 0.0413, 0.0003, 100.000, 100.000, 0.984, 0.594, 
[150] Train acc: 1.0000
9, 117, 0.0243, 0.0003, 100.000, 100.000, 0.986, 0.688, 
[165] Train acc: 1.0000
9, 116, 0.0179, 0.0003, 100.000, 100.000, 0.988, 0.672, 
[180] Train acc: 0.9844
9, 115, 0.0307, 0.0003, 98.438, 100.000, 0.985, 0.665, 
[195] Train acc: 0.9688
9, 114, 0.0442, 0.0003, 96.875, 100.000, 0.987, 0.620, 
[210] Train acc: 1.0000
9, 113, 0.0216, 0.0003, 100.000, 100.000, 0.986, 0.674, 
[225] Train acc: 0.9844
9, 112, 0.0383, 0.0003, 98.438, 100.000, 0.984, 0.602, 
[240] Train acc: 0.9844
9, 111, 0.0294, 0.0003, 98.438, 100.000, 0.986, 0.574, 
[255] Train acc: 1.0000
9, 110, 0.0196, 0.0003, 100.000, 100.000, 0.985, 0.585, 
[270] Train acc: 0.9688
9, 109, 0.1342, 0.0004, 96.875, 100.000, 0.979, 0.489, 
[285] Train acc: 0.9688
9, 108, 0.0496, 0.0004, 96.875, 100.000, 0.982, 0.488, 
[300] Train acc: 1.0000
9, 107, 0.0255, 0.0004, 100.000, 100.000, 0.981, 0.523, 
[315] Train acc: 0.9844
9, 106, 0.0750, 0.0003, 98.438, 100.000, 0.987, 0.555, 
[330] Train acc: 0.9688
9, 105, 0.0718, 0.0003, 96.875, 100.000, 0.987, 0.547, 
[345] Train acc: 1.0000
9, 104, 0.0194, 0.0003, 100.000, 100.000, 0.985, 0.567, 
[360] Train acc: 0.9844
9, 103, 0.0639, 0.0003, 98.438, 100.000, 0.984, 0.596, 
[375] Train acc: 1.0000
9, 102, 0.0255, 0.0003, 100.000, 100.000, 0.985, 0.589, 
[390] Train acc: 0.9844
9, 101, 0.0465, 0.0003, 98.438, 100.000, 0.984, 0.572, 
[405] Train acc: 1.0000
9, 100, 0.0108, 0.0003, 100.000, 100.000, 0.985, 0.620, 
[420] Train acc: 0.9844
9, 99, 0.0347, 0.0003, 98.438, 100.000, 0.986, 0.540, 
[435] Train acc: 0.9688
9, 98, 0.0529, 0.0003, 96.875, 100.000, 0.983, 0.569, 
[450] Train acc: 0.9688
9, 97, 0.1065, 0.0004, 96.875, 100.000, 0.977, 0.479, 
[465] Train acc: 0.9844
9, 96, 0.0523, 0.0004, 98.438, 100.000, 0.982, 0.502, 
[480] Train acc: 0.9844
9, 95, 0.0389, 0.0003, 98.438, 100.000, 0.986, 0.537, 
[495] Train acc: 1.0000
9, 94, 0.0204, 0.0003, 100.000, 100.000, 0.985, 0.566, 
[510] Train acc: 0.9844
9, 93, 0.0434, 0.0003, 98.438, 100.000, 0.987, 0.562, 
[525] Train acc: 0.9375
9, 92, 0.1512, 0.0004, 93.750, 100.000, 0.982, 0.517, 
[540] Train acc: 0.9844
9, 91, 0.0459, 0.0004, 98.438, 100.000, 0.973, 0.566, 
[555] Train acc: 0.9844
9, 90, 0.0489, 0.0004, 98.438, 100.000, 0.986, 0.483, 
[570] Train acc: 1.0000
9, 89, 0.0211, 0.0004, 100.000, 100.000, 0.981, 0.535, 
[585] Train acc: 1.0000
9, 88, 0.0198, 0.0004, 100.000, 100.000, 0.985, 0.493, 
[600] Train acc: 1.0000
9, 87, 0.0260, 0.0003, 100.000, 100.000, 0.985, 0.519, 
[615] Train acc: 0.9844
9, 86, 0.0337, 0.0004, 98.438, 100.000, 0.982, 0.515, 
[630] Train acc: 1.0000
9, 85, 0.0202, 0.0004, 100.000, 100.000, 0.980, 0.498, 
[645] Train acc: 1.0000
9, 84, 0.0320, 0.0003, 100.000, 100.000, 0.984, 0.548, 
[660] Train acc: 0.9688
9, 83, 0.1088, 0.0004, 96.875, 98.438, 0.986, 0.523, 
[675] Train acc: 0.9219
9, 82, 0.1836, 0.0004, 92.188, 98.438, 0.977, 0.463, 
[690] Train acc: 0.9844
9, 81, 0.0245, 0.0004, 98.438, 100.000, 0.985, 0.489, 
[705] Train acc: 1.0000
9, 80, 0.0240, 0.0004, 100.000, 100.000, 0.985, 0.469, 
[720] Train acc: 0.9688
9, 79, 0.1089, 0.0004, 96.875, 100.000, 0.981, 0.479, 
[735] Train acc: 0.9531
9, 78, 0.1474, 0.0004, 95.312, 98.438, 0.974, 0.399, 
[750] Train acc: 1.0000
9, 77, 0.0348, 0.0004, 100.000, 100.000, 0.977, 0.423, 
[765] Train acc: 0.9844
9, 76, 0.0497, 0.0004, 98.438, 100.000, 0.985, 0.415, 
[780] Train acc: 0.9531
9, 75, 0.0854, 0.0004, 95.312, 100.000, 0.978, 0.371, 
[795] Train acc: 1.0000
9, 74, 0.0383, 0.0005, 100.000, 100.000, 0.979, 0.344, 
[810] Train acc: 0.9844
9, 73, 0.0379, 0.0004, 98.438, 100.000, 0.980, 0.355, 
[825] Train acc: 0.9688
9, 72, 0.0856, 0.0004, 96.875, 100.000, 0.981, 0.470, 
[840] Train acc: 0.9688
9, 71, 0.0731, 0.0004, 96.875, 100.000, 0.980, 0.425, 
[855] Train acc: 0.9531
9, 70, 0.2410, 0.0004, 95.312, 100.000, 0.978, 0.399, 
[870] Train acc: 0.9531
9, 69, 0.1806, 0.0004, 95.312, 100.000, 0.981, 0.475, 
[885] Train acc: 0.9844
9, 68, 0.0488, 0.0005, 98.438, 100.000, 0.967, 0.348, 
[900] Train acc: 0.9844
9, 67, 0.0427, 0.0004, 98.438, 100.000, 0.977, 0.403, 
[915] Train acc: 0.9688
9, 66, 0.0676, 0.0005, 96.875, 100.000, 0.978, 0.457, 
[930] Train acc: 0.9844
9, 65, 0.0449, 0.0004, 98.438, 100.000, 0.973, 0.385, 
[0] Train acc: 0.9844
10, 65, 0.0603, 0.0005, 98.438, 100.000, 0.974, 0.347, 
[15] Train acc: 0.9219
10, 64, 0.2110, 0.0004, 92.188, 100.000, 0.979, 0.403, 
[30] Train acc: 1.0000
10, 63, 0.0419, 0.0005, 100.000, 100.000, 0.975, 0.329, 
[45] Train acc: 0.9688
10, 62, 0.0809, 0.0005, 96.875, 100.000, 0.978, 0.306, 
[60] Train acc: 0.9844
10, 61, 0.0566, 0.0005, 98.438, 100.000, 0.978, 0.404, 
[75] Train acc: 0.9688
10, 60, 0.0920, 0.0005, 96.875, 100.000, 0.974, 0.308, 
[90] Train acc: 0.9844
10, 59, 0.0533, 0.0005, 98.438, 100.000, 0.975, 0.326, 
[105] Train acc: 0.9531
10, 58, 0.0828, 0.0004, 95.312, 100.000, 0.979, 0.391, 
[120] Train acc: 0.9844
10, 57, 0.0447, 0.0005, 98.438, 100.000, 0.968, 0.349, 
[135] Train acc: 0.9531
10, 56, 0.0810, 0.0005, 95.312, 100.000, 0.972, 0.333, 
[150] Train acc: 0.9688
10, 55, 0.1011, 0.0005, 96.875, 100.000, 0.972, 0.365, 
[165] Train acc: 1.0000
10, 54, 0.0539, 0.0005, 100.000, 100.000, 0.978, 0.361, 
[180] Train acc: 0.9688
10, 53, 0.0817, 0.0005, 96.875, 100.000, 0.975, 0.312, 
[195] Train acc: 0.9688
10, 52, 0.0895, 0.0005, 96.875, 100.000, 0.964, 0.388, 
[210] Train acc: 0.9844
10, 51, 0.0506, 0.0005, 98.438, 100.000, 0.974, 0.333, 
[225] Train acc: 1.0000
10, 50, 0.0439, 0.0005, 100.000, 100.000, 0.969, 0.274, 
[240] Train acc: 0.9219
10, 49, 0.1985, 0.0005, 92.188, 100.000, 0.963, 0.288, 
[255] Train acc: 0.9844
10, 48, 0.0945, 0.0005, 98.438, 100.000, 0.961, 0.295, 
[270] Train acc: 0.9688
10, 47, 0.1091, 0.0006, 96.875, 100.000, 0.954, 0.296, 
[285] Train acc: 0.9531
10, 46, 0.1522, 0.0005, 95.312, 100.000, 0.973, 0.314, 
[300] Train acc: 0.9531
10, 45, 0.1122, 0.0005, 95.312, 100.000, 0.971, 0.316, 
[315] Train acc: 0.9688
10, 44, 0.1018, 0.0005, 96.875, 100.000, 0.971, 0.294, 
[330] Train acc: 0.9531
10, 43, 0.2898, 0.0006, 95.312, 98.438, 0.949, 0.327, 
[345] Train acc: 0.9688
10, 42, 0.0995, 0.0006, 96.875, 100.000, 0.956, 0.271, 
[360] Train acc: 0.9688
10, 41, 0.0707, 0.0006, 96.875, 100.000, 0.957, 0.388, 
[375] Train acc: 0.9844
10, 40, 0.0776, 0.0006, 98.438, 100.000, 0.968, 0.269, 
[390] Train acc: 0.9844
10, 39, 0.0448, 0.0006, 98.438, 100.000, 0.964, 0.329, 
[405] Train acc: 1.0000
10, 38, 0.0419, 0.0005, 100.000, 100.000, 0.962, 0.310, 
[420] Train acc: 0.9531
10, 37, 0.1329, 0.0006, 95.312, 100.000, 0.950, 0.319, 
[435] Train acc: 0.9688
10, 36, 0.1933, 0.0006, 96.875, 100.000, 0.960, 0.221, 
[450] Train acc: 0.9219
10, 35, 0.1646, 0.0006, 92.188, 100.000, 0.965, 0.430, 
[465] Train acc: 0.9375
10, 34, 0.1637, 0.0006, 93.750, 100.000, 0.958, 0.331, 
[480] Train acc: 0.9531
10, 33, 0.1945, 0.0006, 95.312, 100.000, 0.949, 0.221, 
[495] Train acc: 0.9688
10, 32, 0.1114, 0.0006, 96.875, 100.000, 0.962, 0.245, 
[510] Train acc: 1.0000
10, 31, 0.0941, 0.0006, 100.000, 100.000, 0.964, 0.238, 
[525] Train acc: 0.9531
10, 30, 0.1796, 0.0006, 95.312, 100.000, 0.965, 0.189, 
[540] Train acc: 0.9375
10, 29, 0.2525, 0.0007, 93.750, 100.000, 0.961, 0.264, 
[555] Train acc: 0.8906
10, 28, 0.2838, 0.0007, 89.062, 98.438, 0.941, 0.167, 
[570] Train acc: 0.8594
10, 27, 0.2938, 0.0007, 85.938, 100.000, 0.937, 0.236, 
[585] Train acc: 0.8906
10, 26, 0.3471, 0.0007, 89.062, 100.000, 0.947, 0.154, 
[600] Train acc: 0.9531
10, 25, 0.2534, 0.0008, 95.312, 100.000, 0.934, 0.104, 
[615] Train acc: 0.8750
10, 24, 0.4277, 0.0009, 87.500, 96.875, 0.881, 0.176, 
[630] Train acc: 0.8906
10, 23, 0.3162, 0.0009, 89.062, 100.000, 0.916, 0.088, 
[645] Train acc: 0.9062
10, 22, 0.3514, 0.0009, 90.625, 100.000, 0.904, 0.171, 
[660] Train acc: 0.9375
10, 21, 0.3826, 0.0009, 93.750, 98.438, 0.890, 0.187, 
[675] Train acc: 0.8750
10, 20, 0.4731, 0.0009, 87.500, 98.438, 0.890, 0.191, 
[690] Train acc: 0.7969
10, 19, 0.5555, 0.0010, 79.688, 100.000, 0.862, 0.178, 
[705] Train acc: 0.8438
10, 18, 0.6516, 0.0012, 84.375, 98.438, 0.724, 0.165, 
[720] Train acc: 0.7812
10, 17, 0.6335, 0.0012, 78.125, 100.000, 0.771, 0.349, 
[735] Train acc: 0.7031
10, 16, 0.7784, 0.0013, 70.312, 100.000, 0.667, 0.534, 
[750] Train acc: 0.7344
10, 15, 0.8239, 0.0013, 73.438, 98.438, 0.693, 0.272, 
[765] Train acc: 0.4844
10, 14, 1.2182, 0.0014, 48.438, 98.438, 0.580, 0.220, 
[780] Train acc: 0.5625
10, 13, 0.9396, 0.0015, 56.250, 96.875, 0.652, 0.262, 
[795] Train acc: 0.2500
10, 12, 1.6824, 0.0018, 25.000, 87.500, 0.370, 0.641, 
[810] Train acc: 0.3438
10, 11, 1.7060, 0.0019, 34.375, 84.375, 0.436, 0.636, 
[825] Train acc: 0.2031
10, 10, 1.9889, 0.0021, 20.312, 68.750, 0.270, 0.837, 
[840] Train acc: 0.1875
10, 9, 1.8098, 0.0021, 18.750, 79.688, 0.275, 0.837, 
[855] Train acc: 0.0781
10, 8, 2.1121, 0.0022, 7.812, 76.562, 0.187, 0.874, 
[870] Train acc: 0.1875
10, 7, 1.9865, 0.0022, 18.750, 67.188, 0.195, 0.821, 
[885] Train acc: 0.1094
10, 6, 2.1390, 0.0022, 10.938, 60.938, 0.143, 0.946, 
[900] Train acc: 0.1406
10, 5, 2.0832, 0.0022, 14.062, 70.312, 0.141, 0.899, 
[915] Train acc: 0.1250
10, 4, 2.3150, 0.0023, 12.500, 53.125, 0.114, 0.970, 
[930] Train acc: 0.1250
10, 3, 2.3135, 0.0023, 12.500, 43.750, 0.114, 1.000, 
