main_allinputs_dl2.py --pruning=True --tensorboard=True --log-interval=15 --pruning_config=./configs/mnist_22_15.json --constraint RobustnessDandR(eps1=78, eps2=2.9) --print-after-epoch=0 --dl2-weight=0.1 --delay=6
pruning_engine.load_mask(): did not find mask file, will load nothing
epoch, neuron_units, loss, dl2_loss, top1, top5, dl2_p_acc, dl2_constraint_acc
[0] Train acc: 0.1406
1, 252, 2.2927, 0.0023, 14.062, 59.375, 0.103, 1.000, 
[15] Train acc: 0.1875
1, 252, 2.2763, 0.0023, 18.750, 68.750, 0.103, 1.000, 
[30] Train acc: 0.3125
1, 252, 2.2343, 0.0023, 31.250, 75.000, 0.205, 1.000, 
[45] Train acc: 0.3594
1, 252, 2.1083, 0.0022, 35.938, 89.062, 0.408, 1.000, 
[60] Train acc: 0.5625
1, 252, 1.8079, 0.0021, 56.250, 90.625, 0.576, 1.000, 
[75] Train acc: 0.6719
1, 252, 1.1560, 0.0017, 67.188, 95.312, 0.646, 1.000, 
[90] Train acc: 0.6250
1, 252, 1.0569, 0.0015, 62.500, 98.438, 0.674, 1.000, 
[105] Train acc: 0.7031
1, 252, 0.8945, 0.0013, 70.312, 95.312, 0.730, 1.000, 
[120] Train acc: 0.8125
1, 252, 0.5999, 0.0011, 81.250, 98.438, 0.806, 0.989, 
[135] Train acc: 0.8594
1, 252, 0.3908, 0.0010, 85.938, 100.000, 0.854, 0.971, 
[150] Train acc: 0.8594
1, 252, 0.5338, 0.0010, 85.938, 100.000, 0.820, 0.976, 
[165] Train acc: 0.8281
1, 252, 0.5438, 0.0010, 82.812, 98.438, 0.764, 0.956, 
[180] Train acc: 0.9062
1, 252, 0.4400, 0.0009, 90.625, 98.438, 0.846, 0.930, 
[195] Train acc: 0.9062
1, 252, 0.2807, 0.0009, 90.625, 100.000, 0.848, 0.914, 
[210] Train acc: 0.9219
1, 252, 0.3626, 0.0009, 92.188, 98.438, 0.857, 0.931, 
[225] Train acc: 0.8750
1, 252, 0.3995, 0.0008, 87.500, 100.000, 0.887, 0.913, 
[240] Train acc: 0.8750
1, 252, 0.4170, 0.0008, 87.500, 98.438, 0.877, 0.877, 
[255] Train acc: 0.8281
1, 252, 0.4295, 0.0008, 82.812, 100.000, 0.851, 0.880, 
[270] Train acc: 0.9219
1, 252, 0.2311, 0.0008, 92.188, 100.000, 0.843, 0.873, 
[285] Train acc: 0.9375
1, 252, 0.2467, 0.0007, 93.750, 100.000, 0.920, 0.829, 
[300] Train acc: 0.9062
1, 252, 0.2694, 0.0007, 90.625, 100.000, 0.911, 0.815, 
[315] Train acc: 0.9219
1, 252, 0.2680, 0.0007, 92.188, 98.438, 0.922, 0.831, 
[330] Train acc: 0.9062
1, 252, 0.3726, 0.0007, 90.625, 98.438, 0.864, 0.828, 
[345] Train acc: 0.8594
1, 252, 0.4701, 0.0007, 85.938, 98.438, 0.908, 0.800, 
[360] Train acc: 0.8750
1, 252, 0.2838, 0.0007, 87.500, 100.000, 0.909, 0.806, 
[375] Train acc: 0.9375
1, 252, 0.1560, 0.0007, 93.750, 100.000, 0.923, 0.798, 
[390] Train acc: 0.9062
1, 252, 0.2070, 0.0006, 90.625, 100.000, 0.915, 0.783, 
[405] Train acc: 0.9375
1, 252, 0.1975, 0.0006, 93.750, 100.000, 0.918, 0.806, 
[420] Train acc: 0.9219
1, 252, 0.2446, 0.0006, 92.188, 100.000, 0.936, 0.765, 
[435] Train acc: 0.9219
1, 252, 0.2261, 0.0006, 92.188, 100.000, 0.935, 0.780, 
[450] Train acc: 0.9219
1, 252, 0.1807, 0.0006, 92.188, 100.000, 0.942, 0.740, 
[465] Train acc: 0.8906
1, 252, 0.3503, 0.0006, 89.062, 100.000, 0.914, 0.746, 
[480] Train acc: 1.0000
1, 252, 0.0762, 0.0006, 100.000, 100.000, 0.934, 0.709, 
[495] Train acc: 0.9531
1, 252, 0.1621, 0.0006, 95.312, 100.000, 0.948, 0.733, 
[510] Train acc: 0.9219
1, 252, 0.1649, 0.0005, 92.188, 100.000, 0.949, 0.721, 
[525] Train acc: 0.9531
1, 252, 0.1392, 0.0006, 95.312, 100.000, 0.945, 0.746, 
[540] Train acc: 0.9531
1, 252, 0.2543, 0.0006, 95.312, 98.438, 0.933, 0.748, 
[555] Train acc: 0.9688
1, 252, 0.1702, 0.0005, 96.875, 98.438, 0.953, 0.697, 
[570] Train acc: 0.9531
1, 252, 0.1492, 0.0005, 95.312, 100.000, 0.925, 0.661, 
[585] Train acc: 0.9844
1, 252, 0.0822, 0.0005, 98.438, 100.000, 0.950, 0.704, 
[600] Train acc: 0.9531
1, 252, 0.1890, 0.0005, 95.312, 100.000, 0.951, 0.687, 
[615] Train acc: 0.9531
1, 252, 0.1561, 0.0005, 95.312, 100.000, 0.951, 0.686, 
[630] Train acc: 0.9375
1, 252, 0.3362, 0.0005, 93.750, 100.000, 0.956, 0.696, 
[645] Train acc: 0.9688
1, 252, 0.1513, 0.0005, 96.875, 100.000, 0.956, 0.692, 
[660] Train acc: 0.9688
1, 252, 0.1354, 0.0005, 96.875, 100.000, 0.956, 0.644, 
[675] Train acc: 0.9375
1, 252, 0.1571, 0.0005, 93.750, 100.000, 0.956, 0.638, 
[690] Train acc: 0.9688
1, 252, 0.1637, 0.0005, 96.875, 98.438, 0.958, 0.691, 
[705] Train acc: 0.8906
1, 252, 0.3415, 0.0005, 89.062, 100.000, 0.953, 0.667, 
[720] Train acc: 1.0000
1, 252, 0.0550, 0.0005, 100.000, 100.000, 0.958, 0.623, 
[735] Train acc: 0.9375
1, 252, 0.1595, 0.0005, 93.750, 100.000, 0.956, 0.678, 
[750] Train acc: 0.9688
1, 252, 0.0683, 0.0005, 96.875, 100.000, 0.950, 0.616, 
[765] Train acc: 0.9062
1, 252, 0.2801, 0.0005, 90.625, 100.000, 0.945, 0.688, 
[780] Train acc: 0.9219
1, 252, 0.1975, 0.0005, 92.188, 100.000, 0.965, 0.707, 
[795] Train acc: 0.9375
1, 252, 0.1232, 0.0005, 93.750, 100.000, 0.960, 0.756, 
[810] Train acc: 1.0000
1, 252, 0.0531, 0.0005, 100.000, 100.000, 0.963, 0.704, 
[825] Train acc: 0.9531
1, 252, 0.1005, 0.0005, 95.312, 100.000, 0.959, 0.706, 
[840] Train acc: 0.9531
1, 252, 0.1271, 0.0005, 95.312, 100.000, 0.969, 0.666, 
[855] Train acc: 0.9375
1, 252, 0.1566, 0.0005, 93.750, 100.000, 0.942, 0.680, 
[870] Train acc: 0.9531
1, 252, 0.1490, 0.0004, 95.312, 100.000, 0.963, 0.647, 
[885] Train acc: 0.9375
1, 252, 0.1344, 0.0005, 93.750, 100.000, 0.959, 0.694, 
[900] Train acc: 0.9531
1, 252, 0.1105, 0.0004, 95.312, 100.000, 0.962, 0.604, 
[915] Train acc: 0.9375
1, 252, 0.1970, 0.0004, 93.750, 100.000, 0.960, 0.604, 
[930] Train acc: 0.9375
1, 252, 0.1600, 0.0004, 93.750, 100.000, 0.965, 0.607, 
[0] Train acc: 0.9531
2, 252, 0.1407, 0.0004, 95.312, 100.000, 0.963, 0.582, 
[15] Train acc: 0.9844
2, 252, 0.0752, 0.0004, 98.438, 100.000, 0.967, 0.558, 
[30] Train acc: 0.9688
2, 252, 0.0801, 0.0004, 96.875, 100.000, 0.955, 0.557, 
[45] Train acc: 0.9688
2, 252, 0.0949, 0.0004, 96.875, 100.000, 0.965, 0.542, 
[60] Train acc: 0.9844
2, 252, 0.0438, 0.0004, 98.438, 100.000, 0.963, 0.585, 
[75] Train acc: 0.9688
2, 252, 0.1399, 0.0004, 96.875, 100.000, 0.966, 0.593, 
[90] Train acc: 0.9375
2, 252, 0.3302, 0.0004, 93.750, 100.000, 0.967, 0.602, 
[105] Train acc: 0.9844
2, 252, 0.0491, 0.0004, 98.438, 100.000, 0.970, 0.634, 
[120] Train acc: 0.9688
2, 252, 0.0914, 0.0004, 96.875, 100.000, 0.970, 0.603, 
[135] Train acc: 0.9688
2, 252, 0.1508, 0.0004, 96.875, 100.000, 0.964, 0.601, 
[150] Train acc: 0.9531
2, 252, 0.0793, 0.0004, 95.312, 100.000, 0.967, 0.558, 
[165] Train acc: 0.9844
2, 252, 0.0713, 0.0004, 98.438, 100.000, 0.969, 0.559, 
[180] Train acc: 0.9531
2, 252, 0.0830, 0.0004, 95.312, 100.000, 0.966, 0.530, 
[195] Train acc: 0.9844
2, 252, 0.0966, 0.0004, 98.438, 100.000, 0.961, 0.565, 
[210] Train acc: 0.9688
2, 252, 0.0620, 0.0004, 96.875, 100.000, 0.973, 0.475, 
[225] Train acc: 0.9531
2, 252, 0.1448, 0.0004, 95.312, 100.000, 0.965, 0.497, 
[240] Train acc: 0.9531
2, 252, 0.1479, 0.0004, 95.312, 100.000, 0.967, 0.580, 
[255] Train acc: 1.0000
2, 252, 0.0279, 0.0004, 100.000, 100.000, 0.968, 0.562, 
[270] Train acc: 0.9844
2, 252, 0.0609, 0.0003, 98.438, 100.000, 0.974, 0.493, 
[285] Train acc: 0.9844
2, 252, 0.0342, 0.0003, 98.438, 100.000, 0.975, 0.457, 
[300] Train acc: 0.9688
2, 252, 0.0782, 0.0004, 96.875, 100.000, 0.969, 0.503, 
[315] Train acc: 0.9375
2, 252, 0.1122, 0.0004, 93.750, 100.000, 0.975, 0.521, 
[330] Train acc: 0.9688
2, 252, 0.0469, 0.0004, 96.875, 100.000, 0.968, 0.526, 
[345] Train acc: 0.9531
2, 252, 0.2345, 0.0004, 95.312, 100.000, 0.977, 0.556, 
[360] Train acc: 0.9688
2, 252, 0.0647, 0.0004, 96.875, 100.000, 0.962, 0.640, 
[375] Train acc: 0.9531
2, 252, 0.1035, 0.0004, 95.312, 100.000, 0.976, 0.596, 
[390] Train acc: 0.9844
2, 252, 0.0274, 0.0004, 98.438, 100.000, 0.974, 0.551, 
[405] Train acc: 0.9844
2, 252, 0.0408, 0.0004, 98.438, 100.000, 0.968, 0.543, 
[420] Train acc: 0.9844
2, 252, 0.0255, 0.0004, 98.438, 100.000, 0.976, 0.507, 
[435] Train acc: 0.9844
2, 252, 0.0391, 0.0004, 98.438, 100.000, 0.977, 0.536, 
[450] Train acc: 0.9844
2, 252, 0.0888, 0.0003, 98.438, 100.000, 0.975, 0.491, 
[465] Train acc: 0.9688
2, 252, 0.0860, 0.0004, 96.875, 100.000, 0.972, 0.533, 
[480] Train acc: 0.9688
2, 252, 0.0826, 0.0004, 96.875, 100.000, 0.969, 0.542, 
[495] Train acc: 0.9375
2, 252, 0.1246, 0.0004, 93.750, 100.000, 0.972, 0.512, 
[510] Train acc: 1.0000
2, 252, 0.0169, 0.0004, 100.000, 100.000, 0.974, 0.566, 
[525] Train acc: 0.9688
2, 252, 0.1215, 0.0004, 96.875, 100.000, 0.977, 0.550, 
[540] Train acc: 0.9844
2, 252, 0.0627, 0.0004, 98.438, 100.000, 0.977, 0.603, 
[555] Train acc: 1.0000
2, 252, 0.0338, 0.0004, 100.000, 100.000, 0.977, 0.567, 
[570] Train acc: 0.9531
2, 252, 0.1980, 0.0004, 95.312, 100.000, 0.972, 0.565, 
[585] Train acc: 1.0000
2, 252, 0.0180, 0.0004, 100.000, 100.000, 0.965, 0.577, 
[600] Train acc: 0.9531
2, 252, 0.1889, 0.0004, 95.312, 100.000, 0.966, 0.537, 
[615] Train acc: 0.9531
2, 252, 0.1996, 0.0004, 95.312, 100.000, 0.972, 0.529, 
[630] Train acc: 0.9844
2, 252, 0.0752, 0.0004, 98.438, 100.000, 0.971, 0.526, 
[645] Train acc: 0.9062
2, 252, 0.2343, 0.0003, 90.625, 100.000, 0.980, 0.485, 
[660] Train acc: 0.9844
2, 252, 0.0542, 0.0003, 98.438, 100.000, 0.978, 0.486, 
[675] Train acc: 0.9844
2, 252, 0.0672, 0.0003, 98.438, 100.000, 0.977, 0.430, 
[690] Train acc: 0.9688
2, 252, 0.0481, 0.0003, 96.875, 100.000, 0.975, 0.431, 
[705] Train acc: 0.9844
2, 252, 0.0961, 0.0003, 98.438, 100.000, 0.970, 0.444, 
[720] Train acc: 0.9688
2, 252, 0.0633, 0.0003, 96.875, 100.000, 0.976, 0.440, 
[735] Train acc: 0.9844
2, 252, 0.0988, 0.0004, 98.438, 100.000, 0.959, 0.440, 
[750] Train acc: 0.9844
2, 252, 0.0208, 0.0003, 98.438, 100.000, 0.978, 0.443, 
[765] Train acc: 0.9688
2, 252, 0.0411, 0.0003, 96.875, 100.000, 0.978, 0.417, 
[780] Train acc: 0.9844
2, 252, 0.0408, 0.0003, 98.438, 100.000, 0.975, 0.407, 
[795] Train acc: 0.9688
2, 252, 0.0842, 0.0003, 96.875, 100.000, 0.976, 0.469, 
[810] Train acc: 0.9688
2, 252, 0.0810, 0.0003, 96.875, 100.000, 0.976, 0.434, 
[825] Train acc: 0.9375
2, 252, 0.2803, 0.0003, 93.750, 100.000, 0.979, 0.447, 
[840] Train acc: 1.0000
2, 252, 0.0204, 0.0003, 100.000, 100.000, 0.974, 0.449, 
[855] Train acc: 1.0000
2, 252, 0.0160, 0.0003, 100.000, 100.000, 0.980, 0.429, 
[870] Train acc: 1.0000
2, 252, 0.0261, 0.0003, 100.000, 100.000, 0.978, 0.436, 
[885] Train acc: 0.9844
2, 252, 0.0547, 0.0003, 98.438, 100.000, 0.977, 0.455, 
[900] Train acc: 0.9375
2, 252, 0.1150, 0.0003, 93.750, 100.000, 0.979, 0.487, 
[915] Train acc: 0.9688
2, 252, 0.0495, 0.0003, 96.875, 100.000, 0.981, 0.419, 
[930] Train acc: 0.9688
2, 252, 0.1090, 0.0003, 96.875, 100.000, 0.971, 0.478, 
[0] Train acc: 0.9688
3, 252, 0.1437, 0.0003, 96.875, 100.000, 0.970, 0.488, 
[15] Train acc: 1.0000
3, 252, 0.0285, 0.0003, 100.000, 100.000, 0.981, 0.446, 
[30] Train acc: 0.9844
3, 252, 0.0529, 0.0003, 98.438, 100.000, 0.978, 0.428, 
[45] Train acc: 0.9688
3, 252, 0.0809, 0.0004, 96.875, 100.000, 0.969, 0.509, 
[60] Train acc: 1.0000
3, 252, 0.0216, 0.0003, 100.000, 100.000, 0.981, 0.426, 
[75] Train acc: 0.9688
3, 252, 0.1329, 0.0003, 96.875, 100.000, 0.969, 0.459, 
[90] Train acc: 0.9844
3, 252, 0.0656, 0.0003, 98.438, 100.000, 0.976, 0.421, 
[105] Train acc: 1.0000
3, 252, 0.0243, 0.0003, 100.000, 100.000, 0.981, 0.443, 
[120] Train acc: 1.0000
3, 252, 0.0218, 0.0003, 100.000, 100.000, 0.979, 0.427, 
[135] Train acc: 0.9531
3, 252, 0.0817, 0.0003, 95.312, 100.000, 0.981, 0.452, 
[150] Train acc: 1.0000
3, 252, 0.0099, 0.0003, 100.000, 100.000, 0.975, 0.483, 
[165] Train acc: 0.9844
3, 252, 0.1767, 0.0003, 98.438, 100.000, 0.981, 0.473, 
[180] Train acc: 0.9531
3, 252, 0.1106, 0.0003, 95.312, 100.000, 0.981, 0.417, 
[195] Train acc: 0.9844
3, 252, 0.0700, 0.0003, 98.438, 100.000, 0.976, 0.435, 
[210] Train acc: 0.9531
3, 252, 0.0754, 0.0003, 95.312, 100.000, 0.972, 0.421, 
[225] Train acc: 1.0000
3, 252, 0.0133, 0.0003, 100.000, 100.000, 0.983, 0.382, 
[240] Train acc: 0.9688
3, 252, 0.0620, 0.0003, 96.875, 100.000, 0.980, 0.369, 
[255] Train acc: 0.9844
3, 252, 0.0525, 0.0003, 98.438, 100.000, 0.972, 0.397, 
[270] Train acc: 0.9688
3, 252, 0.0948, 0.0003, 96.875, 100.000, 0.982, 0.374, 
[285] Train acc: 0.9688
3, 252, 0.0618, 0.0003, 96.875, 100.000, 0.984, 0.399, 
[300] Train acc: 0.9844
3, 252, 0.0618, 0.0003, 98.438, 100.000, 0.981, 0.454, 
[315] Train acc: 0.9688
3, 252, 0.1432, 0.0003, 96.875, 100.000, 0.983, 0.443, 
[330] Train acc: 0.9531
3, 252, 0.1283, 0.0003, 95.312, 100.000, 0.978, 0.424, 
[345] Train acc: 1.0000
3, 252, 0.0156, 0.0003, 100.000, 100.000, 0.982, 0.388, 
[360] Train acc: 0.9844
3, 252, 0.0625, 0.0003, 98.438, 100.000, 0.979, 0.389, 
[375] Train acc: 1.0000
3, 252, 0.0429, 0.0003, 100.000, 100.000, 0.977, 0.368, 
[390] Train acc: 0.9375
3, 252, 0.2170, 0.0003, 93.750, 100.000, 0.966, 0.379, 
[405] Train acc: 0.9844
3, 252, 0.0477, 0.0003, 98.438, 100.000, 0.982, 0.355, 
[420] Train acc: 1.0000
3, 252, 0.0266, 0.0003, 100.000, 100.000, 0.982, 0.369, 
[435] Train acc: 0.9844
3, 252, 0.0296, 0.0003, 98.438, 100.000, 0.972, 0.430, 
[450] Train acc: 0.9844
3, 252, 0.0515, 0.0003, 98.438, 100.000, 0.979, 0.385, 
[465] Train acc: 1.0000
3, 252, 0.0425, 0.0003, 100.000, 100.000, 0.982, 0.406, 
[480] Train acc: 0.9844
3, 252, 0.1283, 0.0003, 98.438, 100.000, 0.981, 0.442, 
[495] Train acc: 0.9688
3, 252, 0.0506, 0.0003, 96.875, 100.000, 0.983, 0.373, 
[510] Train acc: 0.9688
3, 252, 0.0836, 0.0003, 96.875, 100.000, 0.982, 0.398, 
[525] Train acc: 0.9531
3, 252, 0.1020, 0.0003, 95.312, 100.000, 0.984, 0.405, 
[540] Train acc: 1.0000
3, 252, 0.0214, 0.0003, 100.000, 100.000, 0.982, 0.381, 
[555] Train acc: 0.9531
3, 252, 0.1520, 0.0003, 95.312, 100.000, 0.985, 0.501, 
[570] Train acc: 0.9844
3, 252, 0.0536, 0.0003, 98.438, 100.000, 0.978, 0.460, 
[585] Train acc: 1.0000
3, 252, 0.0112, 0.0003, 100.000, 100.000, 0.982, 0.388, 
[600] Train acc: 0.9375
3, 252, 0.1640, 0.0003, 93.750, 100.000, 0.980, 0.466, 
[615] Train acc: 0.9531
3, 252, 0.1815, 0.0003, 95.312, 100.000, 0.982, 0.438, 
[630] Train acc: 1.0000
3, 252, 0.0235, 0.0003, 100.000, 100.000, 0.984, 0.386, 
[645] Train acc: 0.9688
3, 252, 0.2124, 0.0003, 96.875, 100.000, 0.983, 0.399, 
[660] Train acc: 1.0000
3, 252, 0.0341, 0.0003, 100.000, 100.000, 0.983, 0.450, 
[675] Train acc: 1.0000
3, 252, 0.0153, 0.0003, 100.000, 100.000, 0.984, 0.414, 
[690] Train acc: 0.9844
3, 252, 0.0284, 0.0003, 98.438, 100.000, 0.985, 0.407, 
[705] Train acc: 1.0000
3, 252, 0.0274, 0.0003, 100.000, 100.000, 0.983, 0.399, 
[720] Train acc: 0.9844
3, 252, 0.0483, 0.0003, 98.438, 100.000, 0.984, 0.429, 
[735] Train acc: 0.9844
3, 252, 0.0342, 0.0003, 98.438, 100.000, 0.982, 0.408, 
[750] Train acc: 0.9844
3, 252, 0.0250, 0.0003, 98.438, 100.000, 0.986, 0.396, 
[765] Train acc: 1.0000
3, 252, 0.0191, 0.0003, 100.000, 100.000, 0.981, 0.408, 
[780] Train acc: 0.9531
3, 252, 0.1058, 0.0003, 95.312, 100.000, 0.984, 0.373, 
[795] Train acc: 0.9688
3, 252, 0.0497, 0.0003, 96.875, 100.000, 0.982, 0.348, 
[810] Train acc: 1.0000
3, 252, 0.0074, 0.0003, 100.000, 100.000, 0.978, 0.322, 
[825] Train acc: 1.0000
3, 252, 0.0133, 0.0002, 100.000, 100.000, 0.984, 0.331, 
[840] Train acc: 0.9531
3, 252, 0.0715, 0.0003, 95.312, 100.000, 0.981, 0.370, 
[855] Train acc: 1.0000
3, 252, 0.0085, 0.0003, 100.000, 100.000, 0.978, 0.436, 
[870] Train acc: 1.0000
3, 252, 0.0084, 0.0003, 100.000, 100.000, 0.981, 0.395, 
[885] Train acc: 1.0000
3, 252, 0.0144, 0.0003, 100.000, 100.000, 0.983, 0.402, 
[900] Train acc: 0.9844
3, 252, 0.0241, 0.0003, 98.438, 100.000, 0.981, 0.397, 
[915] Train acc: 0.9531
3, 252, 0.2423, 0.0003, 95.312, 100.000, 0.983, 0.407, 
[930] Train acc: 0.9844
3, 252, 0.0708, 0.0003, 98.438, 100.000, 0.987, 0.362, 
[0] Train acc: 0.9844
4, 252, 0.0484, 0.0003, 98.438, 100.000, 0.985, 0.369, 
[15] Train acc: 1.0000
4, 252, 0.0244, 0.0003, 100.000, 100.000, 0.983, 0.371, 
[30] Train acc: 0.9844
4, 252, 0.0416, 0.0003, 98.438, 100.000, 0.981, 0.364, 
[45] Train acc: 1.0000
4, 252, 0.0063, 0.0003, 100.000, 100.000, 0.985, 0.366, 
[60] Train acc: 1.0000
4, 252, 0.0215, 0.0003, 100.000, 100.000, 0.984, 0.382, 
[75] Train acc: 1.0000
4, 252, 0.0432, 0.0003, 100.000, 100.000, 0.972, 0.407, 
[90] Train acc: 0.9844
4, 252, 0.0448, 0.0002, 98.438, 100.000, 0.985, 0.300, 
[105] Train acc: 1.0000
4, 252, 0.0111, 0.0002, 100.000, 100.000, 0.984, 0.322, 
[120] Train acc: 0.9844
4, 252, 0.0530, 0.0003, 98.438, 100.000, 0.982, 0.380, 
[135] Train acc: 0.9844
4, 252, 0.0300, 0.0003, 98.438, 100.000, 0.985, 0.365, 
[150] Train acc: 0.9688
4, 252, 0.0593, 0.0002, 96.875, 100.000, 0.985, 0.331, 
[165] Train acc: 1.0000
4, 252, 0.0173, 0.0003, 100.000, 100.000, 0.982, 0.368, 
[180] Train acc: 0.9844
4, 252, 0.1133, 0.0002, 98.438, 100.000, 0.985, 0.328, 
[195] Train acc: 1.0000
4, 252, 0.0079, 0.0003, 100.000, 100.000, 0.983, 0.332, 
[210] Train acc: 0.9531
4, 252, 0.1191, 0.0003, 95.312, 100.000, 0.980, 0.338, 
[225] Train acc: 1.0000
4, 252, 0.0161, 0.0003, 100.000, 100.000, 0.985, 0.377, 
[240] Train acc: 1.0000
4, 252, 0.0187, 0.0003, 100.000, 100.000, 0.982, 0.363, 
[255] Train acc: 0.9844
4, 252, 0.1243, 0.0003, 98.438, 98.438, 0.983, 0.343, 
[270] Train acc: 1.0000
4, 252, 0.0103, 0.0002, 100.000, 100.000, 0.986, 0.328, 
[285] Train acc: 0.9688
4, 252, 0.0890, 0.0002, 96.875, 100.000, 0.986, 0.303, 
[300] Train acc: 1.0000
4, 252, 0.0147, 0.0003, 100.000, 100.000, 0.981, 0.344, 
[315] Train acc: 1.0000
4, 252, 0.0182, 0.0002, 100.000, 100.000, 0.985, 0.341, 
[330] Train acc: 1.0000
4, 252, 0.0325, 0.0003, 100.000, 100.000, 0.985, 0.355, 
[345] Train acc: 0.9531
4, 252, 0.0922, 0.0003, 95.312, 100.000, 0.983, 0.365, 
[360] Train acc: 0.9688
4, 252, 0.0669, 0.0003, 96.875, 100.000, 0.979, 0.387, 
[375] Train acc: 1.0000
4, 252, 0.0089, 0.0003, 100.000, 100.000, 0.987, 0.381, 
[390] Train acc: 1.0000
4, 252, 0.0179, 0.0003, 100.000, 100.000, 0.985, 0.348, 
[405] Train acc: 1.0000
4, 252, 0.0076, 0.0003, 100.000, 100.000, 0.982, 0.367, 
[420] Train acc: 0.9688
4, 252, 0.0540, 0.0003, 96.875, 100.000, 0.982, 0.345, 
[435] Train acc: 0.9688
4, 252, 0.0744, 0.0003, 96.875, 100.000, 0.984, 0.348, 
[450] Train acc: 1.0000
4, 252, 0.0152, 0.0003, 100.000, 100.000, 0.983, 0.344, 
[465] Train acc: 0.9844
4, 252, 0.0753, 0.0002, 98.438, 100.000, 0.985, 0.346, 
[480] Train acc: 0.9688
4, 252, 0.0678, 0.0002, 96.875, 100.000, 0.984, 0.328, 
[495] Train acc: 0.9844
4, 252, 0.0385, 0.0003, 98.438, 100.000, 0.985, 0.366, 
[510] Train acc: 0.9531
4, 252, 0.0576, 0.0003, 95.312, 100.000, 0.987, 0.347, 
[525] Train acc: 1.0000
4, 252, 0.0055, 0.0002, 100.000, 100.000, 0.985, 0.325, 
[540] Train acc: 1.0000
4, 252, 0.0088, 0.0003, 100.000, 100.000, 0.980, 0.346, 
[555] Train acc: 0.9844
4, 252, 0.0672, 0.0002, 98.438, 100.000, 0.984, 0.317, 
[570] Train acc: 1.0000
4, 252, 0.0215, 0.0003, 100.000, 100.000, 0.982, 0.322, 
[585] Train acc: 0.9531
4, 252, 0.1056, 0.0002, 95.312, 100.000, 0.986, 0.348, 
[600] Train acc: 1.0000
4, 252, 0.0105, 0.0002, 100.000, 100.000, 0.987, 0.323, 
[615] Train acc: 0.9844
4, 252, 0.0304, 0.0002, 98.438, 100.000, 0.986, 0.292, 
[630] Train acc: 0.9531
4, 252, 0.1299, 0.0002, 95.312, 100.000, 0.983, 0.347, 
[645] Train acc: 1.0000
4, 252, 0.0146, 0.0002, 100.000, 100.000, 0.985, 0.300, 
[660] Train acc: 1.0000
4, 252, 0.0169, 0.0002, 100.000, 100.000, 0.987, 0.319, 
[675] Train acc: 0.9688
4, 252, 0.0538, 0.0002, 96.875, 100.000, 0.986, 0.323, 
[690] Train acc: 0.9844
4, 252, 0.0774, 0.0002, 98.438, 100.000, 0.983, 0.313, 
[705] Train acc: 1.0000
4, 252, 0.0300, 0.0002, 100.000, 100.000, 0.986, 0.300, 
[720] Train acc: 0.9844
4, 252, 0.0937, 0.0002, 98.438, 100.000, 0.983, 0.295, 
[735] Train acc: 1.0000
4, 252, 0.0191, 0.0002, 100.000, 100.000, 0.980, 0.295, 
[750] Train acc: 1.0000
4, 252, 0.0044, 0.0002, 100.000, 100.000, 0.983, 0.288, 
[765] Train acc: 0.9531
4, 252, 0.0958, 0.0002, 95.312, 100.000, 0.985, 0.309, 
[780] Train acc: 0.9688
4, 252, 0.0661, 0.0002, 96.875, 100.000, 0.985, 0.297, 
[795] Train acc: 0.9531
4, 252, 0.1070, 0.0002, 95.312, 100.000, 0.983, 0.313, 
[810] Train acc: 1.0000
4, 252, 0.0131, 0.0002, 100.000, 100.000, 0.985, 0.332, 
[825] Train acc: 0.9688
4, 252, 0.0316, 0.0002, 96.875, 100.000, 0.985, 0.316, 
[840] Train acc: 1.0000
4, 252, 0.0235, 0.0002, 100.000, 100.000, 0.986, 0.330, 
[855] Train acc: 1.0000
4, 252, 0.0032, 0.0002, 100.000, 100.000, 0.986, 0.325, 
[870] Train acc: 0.9844
4, 252, 0.0457, 0.0003, 98.438, 100.000, 0.983, 0.357, 
[885] Train acc: 1.0000
4, 252, 0.0180, 0.0002, 100.000, 100.000, 0.983, 0.320, 
[900] Train acc: 0.9844
4, 252, 0.0469, 0.0003, 98.438, 100.000, 0.980, 0.351, 
[915] Train acc: 1.0000
4, 252, 0.0054, 0.0002, 100.000, 100.000, 0.987, 0.283, 
[930] Train acc: 0.9688
4, 252, 0.1351, 0.0002, 96.875, 100.000, 0.988, 0.334, 
[0] Train acc: 0.9531
5, 252, 0.1104, 0.0003, 95.312, 100.000, 0.982, 0.351, 
[15] Train acc: 0.9844
5, 252, 0.0755, 0.0002, 98.438, 100.000, 0.987, 0.340, 
[30] Train acc: 1.0000
5, 252, 0.0264, 0.0002, 100.000, 100.000, 0.988, 0.296, 
[45] Train acc: 0.9531
5, 252, 0.0984, 0.0002, 95.312, 100.000, 0.986, 0.315, 
[60] Train acc: 1.0000
5, 252, 0.0236, 0.0002, 100.000, 100.000, 0.983, 0.292, 
[75] Train acc: 0.9844
5, 252, 0.0256, 0.0002, 98.438, 100.000, 0.988, 0.297, 
[90] Train acc: 0.9531
5, 252, 0.1569, 0.0003, 95.312, 100.000, 0.984, 0.348, 
[105] Train acc: 0.9844
5, 252, 0.0473, 0.0002, 98.438, 100.000, 0.987, 0.329, 
[120] Train acc: 1.0000
5, 252, 0.0015, 0.0002, 100.000, 100.000, 0.986, 0.344, 
[135] Train acc: 0.9844
5, 252, 0.0393, 0.0002, 98.438, 100.000, 0.988, 0.340, 
[150] Train acc: 1.0000
5, 252, 0.0231, 0.0002, 100.000, 100.000, 0.988, 0.304, 
[165] Train acc: 0.9844
5, 252, 0.0324, 0.0002, 98.438, 100.000, 0.984, 0.337, 
[180] Train acc: 0.9844
5, 252, 0.0189, 0.0002, 98.438, 100.000, 0.985, 0.311, 
[195] Train acc: 1.0000
5, 252, 0.0243, 0.0002, 100.000, 100.000, 0.986, 0.301, 
[210] Train acc: 0.9688
5, 252, 0.2014, 0.0002, 96.875, 98.438, 0.986, 0.343, 
[225] Train acc: 0.9688
5, 252, 0.0636, 0.0002, 96.875, 100.000, 0.981, 0.302, 
[240] Train acc: 0.9844
5, 252, 0.0409, 0.0002, 98.438, 100.000, 0.988, 0.304, 
[255] Train acc: 0.9844
5, 252, 0.0414, 0.0002, 98.438, 100.000, 0.985, 0.331, 
[270] Train acc: 1.0000
5, 252, 0.0077, 0.0002, 100.000, 100.000, 0.984, 0.319, 
[285] Train acc: 0.9844
5, 252, 0.0314, 0.0002, 98.438, 100.000, 0.986, 0.337, 
[300] Train acc: 0.9688
5, 252, 0.0770, 0.0002, 96.875, 100.000, 0.987, 0.345, 
[315] Train acc: 0.9688
5, 252, 0.0528, 0.0002, 96.875, 100.000, 0.986, 0.317, 
[330] Train acc: 0.9844
5, 252, 0.0357, 0.0002, 98.438, 100.000, 0.986, 0.311, 
[345] Train acc: 1.0000
5, 252, 0.0078, 0.0002, 100.000, 100.000, 0.986, 0.326, 
[360] Train acc: 1.0000
5, 252, 0.0062, 0.0002, 100.000, 100.000, 0.988, 0.296, 
[375] Train acc: 1.0000
5, 252, 0.0182, 0.0002, 100.000, 100.000, 0.985, 0.284, 
[390] Train acc: 0.9844
5, 252, 0.0347, 0.0002, 98.438, 100.000, 0.986, 0.280, 
[405] Train acc: 0.9844
5, 252, 0.0357, 0.0002, 98.438, 100.000, 0.986, 0.270, 
[420] Train acc: 0.9844
5, 252, 0.0288, 0.0002, 98.438, 100.000, 0.987, 0.254, 
[435] Train acc: 1.0000
5, 252, 0.0384, 0.0002, 100.000, 100.000, 0.987, 0.236, 
[450] Train acc: 0.9688
5, 252, 0.0746, 0.0002, 96.875, 100.000, 0.986, 0.262, 
[465] Train acc: 0.9531
5, 252, 0.2299, 0.0003, 95.312, 100.000, 0.985, 0.343, 
[480] Train acc: 1.0000
5, 252, 0.0095, 0.0002, 100.000, 100.000, 0.985, 0.319, 
[495] Train acc: 0.9688
5, 252, 0.0636, 0.0002, 96.875, 100.000, 0.985, 0.324, 
[510] Train acc: 0.9531
5, 252, 0.0753, 0.0002, 95.312, 100.000, 0.987, 0.298, 
[525] Train acc: 0.9688
5, 252, 0.0763, 0.0002, 96.875, 100.000, 0.988, 0.253, 
[540] Train acc: 0.9688
5, 252, 0.1208, 0.0002, 96.875, 100.000, 0.988, 0.249, 
[555] Train acc: 0.9844
5, 252, 0.0301, 0.0002, 98.438, 100.000, 0.990, 0.272, 
[570] Train acc: 1.0000
5, 252, 0.0098, 0.0002, 100.000, 100.000, 0.986, 0.275, 
[585] Train acc: 1.0000
5, 252, 0.0090, 0.0002, 100.000, 100.000, 0.985, 0.283, 
[600] Train acc: 1.0000
5, 252, 0.0170, 0.0002, 100.000, 100.000, 0.985, 0.299, 
[615] Train acc: 0.9844
5, 252, 0.0246, 0.0002, 98.438, 100.000, 0.988, 0.330, 
[630] Train acc: 0.9219
5, 252, 0.1508, 0.0002, 92.188, 100.000, 0.987, 0.279, 
[645] Train acc: 1.0000
5, 252, 0.0039, 0.0002, 100.000, 100.000, 0.987, 0.273, 
[660] Train acc: 1.0000
5, 252, 0.0033, 0.0002, 100.000, 100.000, 0.987, 0.284, 
[675] Train acc: 1.0000
5, 252, 0.0219, 0.0002, 100.000, 100.000, 0.987, 0.303, 
[690] Train acc: 1.0000
5, 252, 0.0031, 0.0002, 100.000, 100.000, 0.986, 0.295, 
[705] Train acc: 1.0000
5, 252, 0.0078, 0.0002, 100.000, 100.000, 0.988, 0.287, 
[720] Train acc: 0.9844
5, 252, 0.0540, 0.0002, 98.438, 100.000, 0.986, 0.304, 
[735] Train acc: 0.9844
5, 252, 0.0684, 0.0002, 98.438, 100.000, 0.987, 0.284, 
[750] Train acc: 1.0000
5, 252, 0.0082, 0.0002, 100.000, 100.000, 0.986, 0.262, 
[765] Train acc: 1.0000
5, 252, 0.0112, 0.0002, 100.000, 100.000, 0.983, 0.322, 
[780] Train acc: 0.9531
5, 252, 0.2455, 0.0002, 95.312, 100.000, 0.988, 0.324, 
[795] Train acc: 0.9688
5, 252, 0.0589, 0.0002, 96.875, 100.000, 0.988, 0.303, 
[810] Train acc: 0.9844
5, 252, 0.0220, 0.0002, 98.438, 100.000, 0.986, 0.290, 
[825] Train acc: 1.0000
5, 252, 0.0090, 0.0002, 100.000, 100.000, 0.983, 0.275, 
[840] Train acc: 0.9844
5, 252, 0.0306, 0.0002, 98.438, 100.000, 0.987, 0.252, 
[855] Train acc: 1.0000
5, 252, 0.0127, 0.0002, 100.000, 100.000, 0.985, 0.265, 
[870] Train acc: 0.9688
5, 252, 0.1107, 0.0002, 96.875, 100.000, 0.980, 0.248, 
[885] Train acc: 1.0000
5, 252, 0.0024, 0.0002, 100.000, 100.000, 0.987, 0.284, 
[900] Train acc: 1.0000
5, 252, 0.0236, 0.0002, 100.000, 100.000, 0.987, 0.298, 
[915] Train acc: 0.9844
5, 252, 0.0203, 0.0002, 98.438, 100.000, 0.987, 0.317, 
[930] Train acc: 0.9844
5, 252, 0.0435, 0.0002, 98.438, 100.000, 0.986, 0.332, 
[0] Train acc: 1.0000
6, 252, 0.0085, 0.0002, 100.000, 100.000, 0.985, 0.286, 
[15] Train acc: 1.0000
6, 252, 0.0074, 0.0002, 100.000, 100.000, 0.990, 0.295, 
[30] Train acc: 0.9844
6, 252, 0.0378, 0.0002, 98.438, 100.000, 0.986, 0.331, 
[45] Train acc: 1.0000
6, 252, 0.0035, 0.0002, 100.000, 100.000, 0.989, 0.328, 
[60] Train acc: 1.0000
6, 252, 0.0291, 0.0002, 100.000, 100.000, 0.987, 0.303, 
[75] Train acc: 1.0000
6, 252, 0.0240, 0.0002, 100.000, 100.000, 0.986, 0.271, 
[90] Train acc: 1.0000
6, 252, 0.0225, 0.0002, 100.000, 100.000, 0.987, 0.259, 
[105] Train acc: 0.9688
6, 252, 0.0429, 0.0002, 96.875, 100.000, 0.987, 0.261, 
[120] Train acc: 0.9844
6, 252, 0.0526, 0.0002, 98.438, 100.000, 0.988, 0.241, 
[135] Train acc: 1.0000
6, 252, 0.0031, 0.0002, 100.000, 100.000, 0.988, 0.247, 
[150] Train acc: 1.0000
6, 252, 0.0227, 0.0002, 100.000, 100.000, 0.986, 0.263, 
[165] Train acc: 1.0000
6, 252, 0.0111, 0.0002, 100.000, 100.000, 0.986, 0.276, 
[180] Train acc: 1.0000
6, 252, 0.0106, 0.0002, 100.000, 100.000, 0.988, 0.246, 
[195] Train acc: 0.9688
6, 252, 0.0541, 0.0002, 96.875, 100.000, 0.988, 0.267, 
[210] Train acc: 0.9844
6, 252, 0.0496, 0.0002, 98.438, 100.000, 0.987, 0.295, 
[225] Train acc: 0.9688
6, 252, 0.0520, 0.0002, 96.875, 100.000, 0.989, 0.281, 
[240] Train acc: 1.0000
6, 252, 0.0066, 0.0002, 100.000, 100.000, 0.986, 0.290, 
[255] Train acc: 0.9844
6, 252, 0.0878, 0.0002, 98.438, 100.000, 0.987, 0.279, 
[270] Train acc: 1.0000
6, 252, 0.0132, 0.0002, 100.000, 100.000, 0.988, 0.305, 
[285] Train acc: 0.9688
6, 252, 0.0930, 0.0002, 96.875, 100.000, 0.988, 0.280, 
[300] Train acc: 0.9844
6, 252, 0.1033, 0.0002, 98.438, 100.000, 0.985, 0.337, 
[315] Train acc: 1.0000
6, 252, 0.0046, 0.0002, 100.000, 100.000, 0.988, 0.288, 
[330] Train acc: 0.9844
6, 252, 0.0216, 0.0002, 98.438, 100.000, 0.988, 0.300, 
[345] Train acc: 0.9688
6, 252, 0.1465, 0.0002, 96.875, 100.000, 0.989, 0.283, 
[360] Train acc: 0.9844
6, 252, 0.0298, 0.0002, 98.438, 100.000, 0.990, 0.301, 
[375] Train acc: 0.9844
6, 252, 0.0448, 0.0003, 98.438, 100.000, 0.984, 0.344, 
[390] Train acc: 0.9844
6, 252, 0.0541, 0.0002, 98.438, 100.000, 0.987, 0.301, 
[405] Train acc: 1.0000
6, 252, 0.0164, 0.0002, 100.000, 100.000, 0.984, 0.321, 
[420] Train acc: 1.0000
6, 252, 0.0045, 0.0002, 100.000, 100.000, 0.985, 0.289, 
[435] Train acc: 1.0000
6, 252, 0.0035, 0.0002, 100.000, 100.000, 0.988, 0.300, 
[450] Train acc: 1.0000
6, 252, 0.0090, 0.0002, 100.000, 100.000, 0.986, 0.278, 
[465] Train acc: 0.9844
6, 252, 0.0272, 0.0002, 98.438, 100.000, 0.989, 0.308, 
[480] Train acc: 1.0000
6, 252, 0.0067, 0.0002, 100.000, 100.000, 0.988, 0.323, 
[495] Train acc: 1.0000
6, 252, 0.0115, 0.0002, 100.000, 100.000, 0.987, 0.299, 
[510] Train acc: 0.9688
6, 252, 0.1064, 0.0002, 96.875, 100.000, 0.986, 0.286, 
[525] Train acc: 0.9688
6, 252, 0.0514, 0.0002, 96.875, 100.000, 0.991, 0.294, 
[540] Train acc: 0.9844
6, 252, 0.0582, 0.0002, 98.438, 100.000, 0.986, 0.311, 
[555] Train acc: 1.0000
6, 252, 0.0139, 0.0002, 100.000, 100.000, 0.989, 0.263, 
[570] Train acc: 0.9688
6, 252, 0.0436, 0.0002, 96.875, 100.000, 0.989, 0.273, 
[585] Train acc: 0.9844
6, 252, 0.0471, 0.0002, 98.438, 100.000, 0.988, 0.282, 
[600] Train acc: 1.0000
6, 252, 0.0010, 0.0002, 100.000, 100.000, 0.986, 0.282, 
[615] Train acc: 1.0000
6, 252, 0.0274, 0.0002, 100.000, 100.000, 0.989, 0.226, 
[630] Train acc: 0.9844
6, 252, 0.0533, 0.0002, 98.438, 100.000, 0.981, 0.262, 
[645] Train acc: 1.0000
6, 252, 0.0045, 0.0002, 100.000, 100.000, 0.989, 0.224, 
[660] Train acc: 1.0000
6, 252, 0.0103, 0.0002, 100.000, 100.000, 0.988, 0.242, 
[675] Train acc: 1.0000
6, 252, 0.0031, 0.0002, 100.000, 100.000, 0.990, 0.254, 
[690] Train acc: 1.0000
6, 252, 0.0067, 0.0002, 100.000, 100.000, 0.988, 0.243, 
[705] Train acc: 1.0000
6, 252, 0.0077, 0.0002, 100.000, 100.000, 0.986, 0.269, 
[720] Train acc: 0.9844
6, 252, 0.0290, 0.0002, 98.438, 100.000, 0.985, 0.272, 
[735] Train acc: 0.9844
6, 252, 0.0469, 0.0002, 98.438, 100.000, 0.988, 0.242, 
[750] Train acc: 0.9844
6, 252, 0.0277, 0.0002, 98.438, 100.000, 0.990, 0.284, 
[765] Train acc: 1.0000
6, 252, 0.0017, 0.0002, 100.000, 100.000, 0.989, 0.285, 
[780] Train acc: 1.0000
6, 252, 0.0126, 0.0002, 100.000, 100.000, 0.987, 0.286, 
[795] Train acc: 0.9844
6, 252, 0.0272, 0.0002, 98.438, 100.000, 0.988, 0.263, 
[810] Train acc: 1.0000
6, 252, 0.0162, 0.0002, 100.000, 100.000, 0.988, 0.235, 
[825] Train acc: 0.9688
6, 252, 0.0488, 0.0002, 96.875, 100.000, 0.988, 0.284, 
[840] Train acc: 0.9844
6, 252, 0.0506, 0.0002, 98.438, 100.000, 0.987, 0.279, 
[855] Train acc: 1.0000
6, 252, 0.0059, 0.0002, 100.000, 100.000, 0.987, 0.263, 
[870] Train acc: 1.0000
6, 252, 0.0069, 0.0002, 100.000, 100.000, 0.987, 0.240, 
[885] Train acc: 0.9688
6, 252, 0.0715, 0.0002, 96.875, 100.000, 0.987, 0.274, 
[900] Train acc: 1.0000
6, 252, 0.0087, 0.0002, 100.000, 100.000, 0.989, 0.265, 
[915] Train acc: 1.0000
6, 252, 0.0105, 0.0002, 100.000, 100.000, 0.988, 0.273, 
[930] Train acc: 1.0000
6, 252, 0.0081, 0.0002, 100.000, 100.000, 0.987, 0.267, 
[0] Train acc: 1.0000, Constr acc: 0.2188, CE loss: 0.005, DL2 loss: 461.235
7, 252, 0.0049, 0.0022, 100.000, 100.000, 0.148, 1.000, 
[15] Train acc: 0.7031, Constr acc: 1.0000, CE loss: 1.333, DL2 loss: 0.000
7, 251, 1.3332, 0.0019, 70.312, 100.000, 0.604, 1.000, 
[30] Train acc: 0.8906, Constr acc: 1.0000, CE loss: 0.989, DL2 loss: 0.000
7, 250, 0.9894, 0.0017, 89.062, 98.438, 0.864, 1.000, 
[45] Train acc: 0.9375, Constr acc: 0.9688, CE loss: 1.032, DL2 loss: 0.028
7, 249, 1.0322, 0.0018, 93.750, 100.000, 0.900, 1.000, 
[60] Train acc: 0.9844, Constr acc: 0.9062, CE loss: 0.630, DL2 loss: 0.306
7, 248, 0.6296, 0.0017, 98.438, 100.000, 0.929, 1.000, 
[75] Train acc: 0.9688, Constr acc: 1.0000, CE loss: 0.617, DL2 loss: 0.000
7, 247, 0.6169, 0.0016, 96.875, 100.000, 0.949, 1.000, 
[90] Train acc: 0.9688, Constr acc: 1.0000, CE loss: 0.756, DL2 loss: 0.000
7, 246, 0.7563, 0.0016, 96.875, 100.000, 0.946, 1.000, 
[105] Train acc: 0.9688, Constr acc: 1.0000, CE loss: 0.652, DL2 loss: 0.000
7, 245, 0.6517, 0.0016, 96.875, 100.000, 0.962, 1.000, 
[120] Train acc: 0.9688, Constr acc: 0.9688, CE loss: 0.646, DL2 loss: 0.111
7, 244, 0.6456, 0.0016, 96.875, 100.000, 0.956, 1.000, 
[135] Train acc: 0.9688, Constr acc: 0.9062, CE loss: 0.510, DL2 loss: 0.951
7, 243, 0.5100, 0.0016, 96.875, 100.000, 0.964, 1.000, 
[150] Train acc: 0.9688, Constr acc: 0.9375, CE loss: 0.569, DL2 loss: 0.592
7, 242, 0.5692, 0.0016, 96.875, 100.000, 0.965, 1.000, 
[165] Train acc: 1.0000, Constr acc: 1.0000, CE loss: 0.669, DL2 loss: 0.000
7, 241, 0.6692, 0.0016, 100.000, 100.000, 0.954, 1.000, 
[180] Train acc: 0.9688, Constr acc: 1.0000, CE loss: 0.882, DL2 loss: 0.000
7, 240, 0.8824, 0.0017, 96.875, 100.000, 0.961, 1.000, 
[195] Train acc: 0.9375, Constr acc: 1.0000, CE loss: 0.649, DL2 loss: 0.000
7, 239, 0.6490, 0.0016, 93.750, 100.000, 0.956, 1.000, 
[210] Train acc: 1.0000, Constr acc: 1.0000, CE loss: 0.483, DL2 loss: 0.000
7, 238, 0.4835, 0.0015, 100.000, 100.000, 0.966, 1.000, 
[225] Train acc: 0.9844, Constr acc: 1.0000, CE loss: 0.572, DL2 loss: 0.000
7, 237, 0.5721, 0.0015, 98.438, 100.000, 0.965, 1.000, 
[240] Train acc: 0.9844, Constr acc: 0.9688, CE loss: 0.578, DL2 loss: 0.174
7, 236, 0.5785, 0.0016, 98.438, 100.000, 0.960, 1.000, 
[255] Train acc: 0.9844, Constr acc: 1.0000, CE loss: 0.717, DL2 loss: 0.000
7, 235, 0.7174, 0.0017, 98.438, 100.000, 0.952, 1.000, 
[270] Train acc: 0.9688, Constr acc: 0.9375, CE loss: 0.554, DL2 loss: 1.074
7, 234, 0.5540, 0.0016, 96.875, 100.000, 0.967, 1.000, 
[285] Train acc: 0.9375, Constr acc: 0.9688, CE loss: 0.507, DL2 loss: 0.076
7, 233, 0.5066, 0.0015, 93.750, 100.000, 0.971, 1.000, 
[300] Train acc: 0.9844, Constr acc: 0.9688, CE loss: 0.449, DL2 loss: 0.159
7, 232, 0.4488, 0.0015, 98.438, 100.000, 0.973, 1.000, 
[315] Train acc: 0.9844, Constr acc: 0.9375, CE loss: 0.443, DL2 loss: 1.574
7, 231, 0.4431, 0.0016, 98.438, 100.000, 0.972, 1.000, 
[330] Train acc: 0.9688, Constr acc: 1.0000, CE loss: 0.593, DL2 loss: 0.000
7, 230, 0.5930, 0.0016, 96.875, 100.000, 0.968, 1.000, 
[345] Train acc: 0.9219, Constr acc: 1.0000, CE loss: 0.729, DL2 loss: 0.000
7, 229, 0.7291, 0.0016, 92.188, 100.000, 0.963, 1.000, 
[360] Train acc: 0.9688, Constr acc: 1.0000, CE loss: 0.722, DL2 loss: 0.000
7, 228, 0.7222, 0.0016, 96.875, 100.000, 0.968, 1.000, 
[375] Train acc: 0.9531, Constr acc: 0.9375, CE loss: 0.625, DL2 loss: 0.533
7, 227, 0.6248, 0.0017, 95.312, 100.000, 0.966, 1.000, 
[390] Train acc: 0.9844, Constr acc: 1.0000, CE loss: 0.636, DL2 loss: 0.000
7, 226, 0.6356, 0.0016, 98.438, 100.000, 0.971, 1.000, 
[405] Train acc: 0.9375, Constr acc: 1.0000, CE loss: 0.476, DL2 loss: 0.000
7, 225, 0.4758, 0.0014, 93.750, 98.438, 0.977, 1.000, 
[420] Train acc: 0.9688, Constr acc: 0.9688, CE loss: 0.551, DL2 loss: 0.300
7, 224, 0.5506, 0.0016, 96.875, 100.000, 0.970, 1.000, 
[435] Train acc: 0.9688, Constr acc: 1.0000, CE loss: 0.648, DL2 loss: 0.000
7, 223, 0.6483, 0.0016, 96.875, 100.000, 0.966, 1.000, 
[450] Train acc: 0.9844, Constr acc: 0.9688, CE loss: 0.456, DL2 loss: 0.257
7, 222, 0.4558, 0.0015, 98.438, 100.000, 0.972, 1.000, 
[465] Train acc: 0.9844, Constr acc: 1.0000, CE loss: 0.550, DL2 loss: 0.000
7, 221, 0.5501, 0.0016, 98.438, 100.000, 0.965, 1.000, 
[480] Train acc: 0.9531, Constr acc: 1.0000, CE loss: 0.575, DL2 loss: 0.000
7, 220, 0.5745, 0.0015, 95.312, 100.000, 0.975, 1.000, 
[495] Train acc: 0.9844, Constr acc: 0.9062, CE loss: 0.377, DL2 loss: 1.152
7, 219, 0.3774, 0.0016, 98.438, 100.000, 0.972, 1.000, 
[510] Train acc: 1.0000, Constr acc: 1.0000, CE loss: 0.573, DL2 loss: 0.000
7, 218, 0.5734, 0.0016, 100.000, 100.000, 0.973, 1.000, 
[525] Train acc: 0.9688, Constr acc: 1.0000, CE loss: 0.587, DL2 loss: 0.000
7, 217, 0.5869, 0.0016, 96.875, 100.000, 0.976, 1.000, 
[540] Train acc: 0.9844, Constr acc: 1.0000, CE loss: 0.476, DL2 loss: 0.000
7, 216, 0.4764, 0.0015, 98.438, 100.000, 0.975, 1.000, 
[555] Train acc: 0.9375, Constr acc: 1.0000, CE loss: 0.660, DL2 loss: 0.000
7, 215, 0.6595, 0.0016, 93.750, 100.000, 0.976, 1.000, 
[570] Train acc: 0.9844, Constr acc: 1.0000, CE loss: 0.519, DL2 loss: 0.000
7, 214, 0.5185, 0.0015, 98.438, 100.000, 0.971, 1.000, 
[585] Train acc: 0.9844, Constr acc: 0.9375, CE loss: 0.461, DL2 loss: 0.584
7, 213, 0.4614, 0.0015, 98.438, 100.000, 0.974, 1.000, 
[600] Train acc: 1.0000, Constr acc: 0.9062, CE loss: 0.392, DL2 loss: 0.560
7, 212, 0.3923, 0.0015, 100.000, 100.000, 0.979, 1.000, 
[615] Train acc: 0.9688, Constr acc: 0.9688, CE loss: 0.519, DL2 loss: 0.262
7, 211, 0.5188, 0.0016, 96.875, 100.000, 0.972, 1.000, 
[630] Train acc: 0.9531, Constr acc: 1.0000, CE loss: 0.560, DL2 loss: 0.000
7, 210, 0.5604, 0.0015, 95.312, 100.000, 0.972, 1.000, 
[645] Train acc: 0.9531, Constr acc: 0.9375, CE loss: 0.557, DL2 loss: 0.718
7, 209, 0.5566, 0.0016, 95.312, 100.000, 0.973, 1.000, 
[660] Train acc: 1.0000, Constr acc: 1.0000, CE loss: 0.546, DL2 loss: 0.000
7, 208, 0.5461, 0.0015, 100.000, 100.000, 0.974, 1.000, 
[675] Train acc: 0.9844, Constr acc: 0.9062, CE loss: 0.414, DL2 loss: 1.073
7, 207, 0.4142, 0.0016, 98.438, 100.000, 0.977, 1.000, 
[690] Train acc: 0.9844, Constr acc: 1.0000, CE loss: 0.505, DL2 loss: 0.000
7, 206, 0.5047, 0.0015, 98.438, 100.000, 0.976, 1.000, 
[705] Train acc: 0.9688, Constr acc: 0.9688, CE loss: 0.478, DL2 loss: 0.131
7, 205, 0.4783, 0.0015, 96.875, 100.000, 0.977, 1.000, 
[720] Train acc: 0.9844, Constr acc: 0.9688, CE loss: 0.460, DL2 loss: 0.058
7, 204, 0.4604, 0.0016, 98.438, 100.000, 0.976, 1.000, 
[735] Train acc: 0.9688, Constr acc: 0.9375, CE loss: 0.456, DL2 loss: 0.406
7, 203, 0.4561, 0.0015, 96.875, 100.000, 0.979, 1.000, 
[750] Train acc: 1.0000, Constr acc: 0.8750, CE loss: 0.383, DL2 loss: 1.577
7, 202, 0.3834, 0.0016, 100.000, 100.000, 0.977, 1.000, 
[765] Train acc: 1.0000, Constr acc: 1.0000, CE loss: 0.478, DL2 loss: 0.000
7, 201, 0.4779, 0.0015, 100.000, 100.000, 0.974, 1.000, 
[780] Train acc: 0.9688, Constr acc: 1.0000, CE loss: 0.545, DL2 loss: 0.000
7, 200, 0.5455, 0.0015, 96.875, 100.000, 0.976, 1.000, 
[795] Train acc: 0.9844, Constr acc: 0.9375, CE loss: 0.500, DL2 loss: 0.611
7, 199, 0.4999, 0.0015, 98.438, 100.000, 0.976, 1.000, 
[810] Train acc: 0.9844, Constr acc: 0.9688, CE loss: 0.502, DL2 loss: 0.151
7, 198, 0.5023, 0.0015, 98.438, 100.000, 0.976, 1.000, 
[825] Train acc: 0.9844, Constr acc: 1.0000, CE loss: 0.501, DL2 loss: 0.000
7, 197, 0.5012, 0.0015, 98.438, 100.000, 0.975, 1.000, 
[840] Train acc: 1.0000, Constr acc: 1.0000, CE loss: 0.454, DL2 loss: 0.000
7, 196, 0.4538, 0.0014, 100.000, 100.000, 0.980, 1.000, 
[855] Train acc: 0.9844, Constr acc: 1.0000, CE loss: 0.423, DL2 loss: 0.000
7, 195, 0.4234, 0.0014, 98.438, 100.000, 0.980, 1.000, 
[870] Train acc: 0.9844, Constr acc: 0.9375, CE loss: 0.435, DL2 loss: 0.168
7, 194, 0.4355, 0.0015, 98.438, 100.000, 0.979, 1.000, 
[885] Train acc: 0.9531, Constr acc: 1.0000, CE loss: 0.694, DL2 loss: 0.000
7, 193, 0.6936, 0.0016, 95.312, 100.000, 0.974, 1.000, 
[900] Train acc: 0.9531, Constr acc: 0.8750, CE loss: 0.472, DL2 loss: 0.546
7, 192, 0.4716, 0.0015, 95.312, 100.000, 0.980, 1.000, 
[915] Train acc: 0.9688, Constr acc: 1.0000, CE loss: 0.573, DL2 loss: 0.000
7, 191, 0.5730, 0.0016, 96.875, 100.000, 0.979, 1.000, 
[930] Train acc: 0.9375, Constr acc: 1.0000, CE loss: 0.543, DL2 loss: 0.000
7, 190, 0.5432, 0.0015, 93.750, 100.000, 0.980, 1.000, 
[0] Train acc: 0.9688, Constr acc: 1.0000, CE loss: 0.552, DL2 loss: 0.000
8, 190, 0.5522, 0.0015, 96.875, 100.000, 0.977, 1.000, 
[15] Train acc: 0.9844, Constr acc: 0.8438, CE loss: 0.414, DL2 loss: 1.599
8, 189, 0.4137, 0.0016, 98.438, 100.000, 0.973, 1.000, 
[30] Train acc: 0.9688, Constr acc: 0.9688, CE loss: 0.441, DL2 loss: 0.059
8, 188, 0.4411, 0.0015, 96.875, 100.000, 0.974, 1.000, 
[45] Train acc: 0.9688, Constr acc: 1.0000, CE loss: 0.541, DL2 loss: 0.000
8, 187, 0.5414, 0.0015, 96.875, 100.000, 0.980, 1.000, 
[60] Train acc: 0.9219, Constr acc: 0.9688, CE loss: 0.508, DL2 loss: 0.301
8, 186, 0.5085, 0.0015, 92.188, 100.000, 0.980, 1.000, 
[75] Train acc: 0.9688, Constr acc: 0.9062, CE loss: 0.397, DL2 loss: 0.652
8, 185, 0.3970, 0.0015, 96.875, 100.000, 0.981, 1.000, 
[90] Train acc: 1.0000, Constr acc: 0.9688, CE loss: 0.500, DL2 loss: 0.092
8, 184, 0.4996, 0.0015, 100.000, 100.000, 0.980, 1.000, 
[105] Train acc: 1.0000, Constr acc: 1.0000, CE loss: 0.423, DL2 loss: 0.000
8, 183, 0.4229, 0.0014, 100.000, 100.000, 0.982, 1.000, 
[120] Train acc: 0.9844, Constr acc: 0.9688, CE loss: 0.435, DL2 loss: 0.850
8, 182, 0.4353, 0.0015, 98.438, 100.000, 0.976, 1.000, 
[135] Train acc: 0.9844, Constr acc: 1.0000, CE loss: 0.532, DL2 loss: 0.000
8, 181, 0.5321, 0.0016, 98.438, 100.000, 0.981, 1.000, 
[150] Train acc: 0.9531, Constr acc: 0.9688, CE loss: 0.483, DL2 loss: 0.531
8, 180, 0.4828, 0.0015, 95.312, 100.000, 0.979, 1.000, 
[165] Train acc: 1.0000, Constr acc: 0.9375, CE loss: 0.382, DL2 loss: 0.598
8, 179, 0.3817, 0.0014, 100.000, 100.000, 0.979, 1.000, 
[180] Train acc: 0.9688, Constr acc: 1.0000, CE loss: 0.809, DL2 loss: 0.000
8, 178, 0.8089, 0.0017, 96.875, 100.000, 0.972, 1.000, 
[195] Train acc: 0.9688, Constr acc: 1.0000, CE loss: 0.509, DL2 loss: 0.000
8, 177, 0.5089, 0.0016, 96.875, 100.000, 0.980, 1.000, 
[210] Train acc: 0.9844, Constr acc: 1.0000, CE loss: 0.489, DL2 loss: 0.000
8, 176, 0.4891, 0.0014, 98.438, 100.000, 0.980, 1.000, 
[225] Train acc: 1.0000, Constr acc: 0.9688, CE loss: 0.380, DL2 loss: 0.200
8, 175, 0.3796, 0.0015, 100.000, 100.000, 0.981, 1.000, 
[240] Train acc: 0.9375, Constr acc: 1.0000, CE loss: 0.612, DL2 loss: 0.000
8, 174, 0.6122, 0.0015, 93.750, 100.000, 0.980, 1.000, 
[255] Train acc: 0.9688, Constr acc: 0.9688, CE loss: 0.472, DL2 loss: 0.009
8, 173, 0.4725, 0.0015, 96.875, 100.000, 0.981, 1.000, 
[270] Train acc: 0.9531, Constr acc: 0.9688, CE loss: 0.441, DL2 loss: 0.268
8, 172, 0.4411, 0.0015, 95.312, 100.000, 0.975, 1.000, 
[285] Train acc: 0.9844, Constr acc: 1.0000, CE loss: 0.527, DL2 loss: 0.000
8, 171, 0.5269, 0.0015, 98.438, 100.000, 0.979, 1.000, 
[300] Train acc: 0.9844, Constr acc: 0.9688, CE loss: 0.470, DL2 loss: 0.233
8, 170, 0.4698, 0.0015, 98.438, 100.000, 0.980, 1.000, 
[315] Train acc: 0.9531, Constr acc: 0.9062, CE loss: 0.434, DL2 loss: 0.550
8, 169, 0.4340, 0.0015, 95.312, 100.000, 0.975, 1.000, 
[330] Train acc: 1.0000, Constr acc: 1.0000, CE loss: 0.441, DL2 loss: 0.000
8, 168, 0.4406, 0.0014, 100.000, 100.000, 0.980, 1.000, 
[345] Train acc: 0.9688, Constr acc: 0.9062, CE loss: 0.486, DL2 loss: 0.782
8, 167, 0.4861, 0.0015, 96.875, 100.000, 0.981, 1.000, 
[360] Train acc: 0.9531, Constr acc: 1.0000, CE loss: 0.529, DL2 loss: 0.000
8, 166, 0.5288, 0.0015, 95.312, 100.000, 0.978, 1.000, 
[375] Train acc: 0.9844, Constr acc: 0.9375, CE loss: 0.391, DL2 loss: 0.541
8, 165, 0.3911, 0.0015, 98.438, 100.000, 0.982, 1.000, 
[390] Train acc: 0.9688, Constr acc: 1.0000, CE loss: 0.423, DL2 loss: 0.000
8, 164, 0.4232, 0.0015, 96.875, 100.000, 0.978, 1.000, 
[405] Train acc: 0.9844, Constr acc: 1.0000, CE loss: 0.429, DL2 loss: 0.000
8, 163, 0.4287, 0.0015, 98.438, 100.000, 0.977, 1.000, 
[420] Train acc: 1.0000, Constr acc: 0.9688, CE loss: 0.407, DL2 loss: 0.363
8, 162, 0.4067, 0.0015, 100.000, 100.000, 0.981, 1.000, 
[435] Train acc: 0.9375, Constr acc: 0.9375, CE loss: 0.471, DL2 loss: 0.441
8, 161, 0.4711, 0.0015, 93.750, 100.000, 0.981, 1.000, 
[450] Train acc: 0.9688, Constr acc: 0.9688, CE loss: 0.463, DL2 loss: 0.008
8, 160, 0.4628, 0.0015, 96.875, 100.000, 0.981, 1.000, 
[465] Train acc: 0.9375, Constr acc: 0.9375, CE loss: 0.432, DL2 loss: 0.161
8, 159, 0.4324, 0.0014, 93.750, 100.000, 0.979, 1.000, 
[480] Train acc: 1.0000, Constr acc: 0.9062, CE loss: 0.366, DL2 loss: 1.025
8, 158, 0.3664, 0.0015, 100.000, 100.000, 0.980, 1.000, 
[495] Train acc: 0.9531, Constr acc: 0.9375, CE loss: 0.386, DL2 loss: 1.163
8, 157, 0.3860, 0.0014, 95.312, 100.000, 0.980, 1.000, 
[510] Train acc: 0.9688, Constr acc: 1.0000, CE loss: 0.503, DL2 loss: 0.000
8, 156, 0.5035, 0.0015, 96.875, 100.000, 0.980, 1.000, 
[525] Train acc: 0.9844, Constr acc: 1.0000, CE loss: 0.573, DL2 loss: 0.000
8, 155, 0.5731, 0.0016, 98.438, 100.000, 0.977, 1.000, 
[540] Train acc: 0.9688, Constr acc: 0.8125, CE loss: 0.358, DL2 loss: 1.855
8, 154, 0.3579, 0.0015, 96.875, 100.000, 0.981, 1.000, 
[555] Train acc: 0.9688, Constr acc: 1.0000, CE loss: 0.415, DL2 loss: 0.000
8, 153, 0.4152, 0.0014, 96.875, 100.000, 0.981, 1.000, 
[570] Train acc: 1.0000, Constr acc: 0.9375, CE loss: 0.336, DL2 loss: 0.096
8, 152, 0.3359, 0.0014, 100.000, 100.000, 0.983, 1.000, 
[585] Train acc: 1.0000, Constr acc: 0.9688, CE loss: 0.413, DL2 loss: 0.287
8, 151, 0.4133, 0.0015, 100.000, 100.000, 0.981, 1.000, 
[600] Train acc: 0.9688, Constr acc: 1.0000, CE loss: 0.530, DL2 loss: 0.000
8, 150, 0.5299, 0.0015, 96.875, 100.000, 0.981, 1.000, 
[615] Train acc: 0.9844, Constr acc: 0.9688, CE loss: 0.410, DL2 loss: 0.441
8, 149, 0.4096, 0.0014, 98.438, 100.000, 0.983, 1.000, 
[630] Train acc: 0.9688, Constr acc: 0.6562, CE loss: 0.309, DL2 loss: 3.402
8, 148, 0.3093, 0.0016, 96.875, 100.000, 0.976, 1.000, 
[645] Train acc: 1.0000, Constr acc: 1.0000, CE loss: 0.439, DL2 loss: 0.000
8, 147, 0.4393, 0.0014, 100.000, 100.000, 0.979, 1.000, 
[660] Train acc: 0.9531, Constr acc: 0.9375, CE loss: 0.481, DL2 loss: 0.426
8, 146, 0.4814, 0.0014, 95.312, 100.000, 0.980, 1.000, 
[675] Train acc: 1.0000, Constr acc: 1.0000, CE loss: 0.578, DL2 loss: 0.000
8, 145, 0.5780, 0.0015, 100.000, 100.000, 0.983, 1.000, 
[690] Train acc: 0.9844, Constr acc: 1.0000, CE loss: 0.485, DL2 loss: 0.000
8, 144, 0.4846, 0.0015, 98.438, 100.000, 0.981, 1.000, 
[705] Train acc: 0.9688, Constr acc: 0.9688, CE loss: 0.439, DL2 loss: 0.119
8, 143, 0.4393, 0.0014, 96.875, 98.438, 0.981, 1.000, 
[720] Train acc: 1.0000, Constr acc: 0.9062, CE loss: 0.412, DL2 loss: 1.296
8, 142, 0.4120, 0.0015, 100.000, 100.000, 0.976, 1.000, 
[735] Train acc: 0.9844, Constr acc: 0.8750, CE loss: 0.413, DL2 loss: 0.854
8, 141, 0.4129, 0.0015, 98.438, 100.000, 0.977, 1.000, 
[750] Train acc: 0.9062, Constr acc: 0.8750, CE loss: 0.484, DL2 loss: 0.816
8, 140, 0.4842, 0.0015, 90.625, 100.000, 0.977, 1.000, 
[765] Train acc: 0.9688, Constr acc: 0.9375, CE loss: 0.368, DL2 loss: 0.212
8, 139, 0.3682, 0.0014, 96.875, 100.000, 0.981, 1.000, 
[780] Train acc: 0.9844, Constr acc: 1.0000, CE loss: 0.483, DL2 loss: 0.000
8, 138, 0.4830, 0.0015, 98.438, 100.000, 0.981, 1.000, 
[795] Train acc: 1.0000, Constr acc: 0.9688, CE loss: 0.348, DL2 loss: 0.022
8, 137, 0.3481, 0.0014, 100.000, 100.000, 0.983, 1.000, 
[810] Train acc: 0.9688, Constr acc: 1.0000, CE loss: 0.430, DL2 loss: 0.000
8, 136, 0.4304, 0.0014, 96.875, 100.000, 0.980, 1.000, 
[825] Train acc: 0.9688, Constr acc: 0.9688, CE loss: 0.413, DL2 loss: 0.096
8, 135, 0.4129, 0.0014, 96.875, 100.000, 0.983, 1.000, 
[840] Train acc: 0.9844, Constr acc: 1.0000, CE loss: 0.481, DL2 loss: 0.000
8, 134, 0.4805, 0.0014, 98.438, 100.000, 0.982, 1.000, 
[855] Train acc: 0.9688, Constr acc: 1.0000, CE loss: 0.678, DL2 loss: 0.000
8, 133, 0.6784, 0.0016, 96.875, 100.000, 0.957, 1.000, 
[870] Train acc: 0.9844, Constr acc: 0.9688, CE loss: 0.469, DL2 loss: 0.365
8, 132, 0.4693, 0.0015, 98.438, 100.000, 0.978, 1.000, 
[885] Train acc: 0.9844, Constr acc: 0.9688, CE loss: 0.512, DL2 loss: 0.311
8, 131, 0.5115, 0.0015, 98.438, 100.000, 0.980, 1.000, 
[900] Train acc: 0.9531, Constr acc: 0.9375, CE loss: 0.438, DL2 loss: 0.410
8, 130, 0.4383, 0.0015, 95.312, 98.438, 0.979, 1.000, 
[915] Train acc: 0.9844, Constr acc: 1.0000, CE loss: 0.476, DL2 loss: 0.000
8, 129, 0.4762, 0.0015, 98.438, 100.000, 0.977, 1.000, 
[930] Train acc: 1.0000, Constr acc: 1.0000, CE loss: 0.386, DL2 loss: 0.000
8, 128, 0.3857, 0.0014, 100.000, 100.000, 0.981, 1.000, 
[0] Train acc: 0.9844, Constr acc: 0.9688, CE loss: 0.625, DL2 loss: 0.043
9, 127, 0.6253, 0.0016, 98.438, 100.000, 0.972, 1.000, 
[15] Train acc: 0.9688, Constr acc: 1.0000, CE loss: 0.461, DL2 loss: 0.000
9, 126, 0.4610, 0.0014, 96.875, 100.000, 0.981, 1.000, 
[30] Train acc: 0.9844, Constr acc: 0.7500, CE loss: 0.362, DL2 loss: 2.394
9, 125, 0.3623, 0.0016, 98.438, 100.000, 0.978, 1.000, 
[45] Train acc: 0.9531, Constr acc: 0.8438, CE loss: 0.402, DL2 loss: 1.374
9, 124, 0.4017, 0.0015, 95.312, 100.000, 0.981, 1.000, 
[60] Train acc: 0.9844, Constr acc: 0.9062, CE loss: 0.428, DL2 loss: 1.022
9, 123, 0.4284, 0.0015, 98.438, 100.000, 0.979, 1.000, 
[75] Train acc: 0.9531, Constr acc: 1.0000, CE loss: 0.494, DL2 loss: 0.000
9, 122, 0.4940, 0.0015, 95.312, 100.000, 0.980, 1.000, 
[90] Train acc: 0.9688, Constr acc: 1.0000, CE loss: 0.451, DL2 loss: 0.000
9, 121, 0.4509, 0.0015, 96.875, 100.000, 0.983, 1.000, 
[105] Train acc: 0.9844, Constr acc: 0.9375, CE loss: 0.430, DL2 loss: 0.712
9, 120, 0.4296, 0.0015, 98.438, 100.000, 0.981, 1.000, 
[120] Train acc: 0.9844, Constr acc: 1.0000, CE loss: 0.478, DL2 loss: 0.000
9, 119, 0.4784, 0.0014, 98.438, 100.000, 0.983, 1.000, 
[135] Train acc: 0.9844, Constr acc: 1.0000, CE loss: 0.472, DL2 loss: 0.000
9, 118, 0.4724, 0.0015, 98.438, 100.000, 0.979, 1.000, 
[150] Train acc: 0.9844, Constr acc: 0.8750, CE loss: 0.376, DL2 loss: 1.698
9, 117, 0.3760, 0.0015, 98.438, 100.000, 0.975, 1.000, 
[165] Train acc: 0.9844, Constr acc: 0.9375, CE loss: 0.433, DL2 loss: 0.525
9, 116, 0.4333, 0.0015, 98.438, 100.000, 0.980, 1.000, 
[180] Train acc: 0.9844, Constr acc: 1.0000, CE loss: 0.526, DL2 loss: 0.000
9, 115, 0.5259, 0.0015, 98.438, 100.000, 0.978, 1.000, 
[195] Train acc: 0.9844, Constr acc: 0.9688, CE loss: 0.502, DL2 loss: 0.087
9, 114, 0.5018, 0.0015, 98.438, 100.000, 0.978, 1.000, 
[210] Train acc: 0.9688, Constr acc: 0.9375, CE loss: 0.407, DL2 loss: 0.317
9, 113, 0.4074, 0.0015, 96.875, 100.000, 0.975, 1.000, 
[225] Train acc: 0.9688, Constr acc: 1.0000, CE loss: 0.392, DL2 loss: 0.000
9, 112, 0.3924, 0.0014, 96.875, 100.000, 0.977, 1.000, 
[240] Train acc: 0.9844, Constr acc: 1.0000, CE loss: 0.434, DL2 loss: 0.000
9, 111, 0.4336, 0.0014, 98.438, 100.000, 0.978, 1.000, 
[255] Train acc: 1.0000, Constr acc: 0.9375, CE loss: 0.427, DL2 loss: 0.187
9, 110, 0.4274, 0.0015, 100.000, 100.000, 0.976, 1.000, 
[270] Train acc: 0.9688, Constr acc: 0.9688, CE loss: 0.448, DL2 loss: 0.371
9, 109, 0.4479, 0.0014, 96.875, 100.000, 0.976, 1.000, 
[285] Train acc: 0.9688, Constr acc: 1.0000, CE loss: 0.466, DL2 loss: 0.000
9, 108, 0.4661, 0.0014, 96.875, 100.000, 0.979, 1.000, 
[300] Train acc: 0.9531, Constr acc: 1.0000, CE loss: 0.458, DL2 loss: 0.000
9, 107, 0.4584, 0.0014, 95.312, 100.000, 0.975, 1.000, 
[315] Train acc: 0.9375, Constr acc: 0.9688, CE loss: 0.488, DL2 loss: 0.149
9, 106, 0.4875, 0.0014, 93.750, 100.000, 0.980, 1.000, 
[330] Train acc: 1.0000, Constr acc: 0.9062, CE loss: 0.352, DL2 loss: 1.137
9, 105, 0.3523, 0.0015, 100.000, 100.000, 0.978, 1.000, 
[345] Train acc: 0.9844, Constr acc: 0.9688, CE loss: 0.409, DL2 loss: 0.198
9, 104, 0.4086, 0.0014, 98.438, 100.000, 0.979, 1.000, 
[360] Train acc: 0.9688, Constr acc: 0.8125, CE loss: 0.440, DL2 loss: 1.479
9, 103, 0.4404, 0.0016, 96.875, 100.000, 0.977, 1.000, 
[375] Train acc: 1.0000, Constr acc: 0.8438, CE loss: 0.362, DL2 loss: 0.960
9, 102, 0.3624, 0.0015, 100.000, 100.000, 0.977, 1.000, 
[390] Train acc: 0.9844, Constr acc: 0.9375, CE loss: 0.441, DL2 loss: 0.285
9, 101, 0.4407, 0.0015, 98.438, 100.000, 0.979, 1.000, 
[405] Train acc: 1.0000, Constr acc: 0.9375, CE loss: 0.362, DL2 loss: 0.122
9, 100, 0.3622, 0.0014, 100.000, 100.000, 0.979, 1.000, 
[420] Train acc: 1.0000, Constr acc: 1.0000, CE loss: 0.484, DL2 loss: 0.000
9, 99, 0.4844, 0.0015, 100.000, 100.000, 0.974, 1.000, 
[435] Train acc: 0.9844, Constr acc: 1.0000, CE loss: 0.415, DL2 loss: 0.000
9, 98, 0.4146, 0.0014, 98.438, 100.000, 0.977, 1.000, 
[450] Train acc: 0.9688, Constr acc: 0.9688, CE loss: 0.469, DL2 loss: 0.715
9, 97, 0.4692, 0.0015, 96.875, 100.000, 0.981, 1.000, 
[465] Train acc: 0.9375, Constr acc: 0.9062, CE loss: 0.480, DL2 loss: 1.050
9, 96, 0.4802, 0.0015, 93.750, 100.000, 0.978, 1.000, 
[480] Train acc: 0.9844, Constr acc: 1.0000, CE loss: 0.687, DL2 loss: 0.000
9, 95, 0.6868, 0.0016, 98.438, 100.000, 0.972, 1.000, 
[495] Train acc: 0.9688, Constr acc: 0.9375, CE loss: 0.455, DL2 loss: 0.229
9, 94, 0.4550, 0.0014, 96.875, 100.000, 0.977, 1.000, 
[510] Train acc: 1.0000, Constr acc: 1.0000, CE loss: 0.399, DL2 loss: 0.000
9, 93, 0.3992, 0.0015, 100.000, 100.000, 0.978, 1.000, 
[525] Train acc: 0.9844, Constr acc: 1.0000, CE loss: 0.484, DL2 loss: 0.000
9, 92, 0.4845, 0.0014, 98.438, 100.000, 0.980, 1.000, 
[540] Train acc: 0.9688, Constr acc: 1.0000, CE loss: 0.506, DL2 loss: 0.000
9, 91, 0.5062, 0.0015, 96.875, 100.000, 0.981, 1.000, 
[555] Train acc: 0.9844, Constr acc: 0.9375, CE loss: 0.435, DL2 loss: 0.703
9, 90, 0.4350, 0.0015, 98.438, 100.000, 0.981, 1.000, 
[570] Train acc: 1.0000, Constr acc: 0.7500, CE loss: 0.316, DL2 loss: 2.781
9, 89, 0.3156, 0.0016, 100.000, 100.000, 0.981, 1.000, 
[585] Train acc: 0.9844, Constr acc: 0.7500, CE loss: 0.315, DL2 loss: 3.518
9, 88, 0.3148, 0.0016, 98.438, 100.000, 0.976, 1.000, 
[600] Train acc: 0.9844, Constr acc: 1.0000, CE loss: 0.458, DL2 loss: 0.000
9, 87, 0.4575, 0.0014, 98.438, 100.000, 0.980, 1.000, 
[615] Train acc: 0.9688, Constr acc: 1.0000, CE loss: 0.540, DL2 loss: 0.000
9, 86, 0.5401, 0.0015, 96.875, 100.000, 0.977, 1.000, 
[630] Train acc: 0.9844, Constr acc: 1.0000, CE loss: 0.495, DL2 loss: 0.000
9, 85, 0.4954, 0.0015, 98.438, 100.000, 0.981, 1.000, 
[645] Train acc: 0.9844, Constr acc: 1.0000, CE loss: 0.486, DL2 loss: 0.000
9, 84, 0.4856, 0.0014, 98.438, 100.000, 0.980, 1.000, 
[660] Train acc: 0.9688, Constr acc: 0.8438, CE loss: 0.372, DL2 loss: 2.452
9, 83, 0.3724, 0.0015, 96.875, 100.000, 0.978, 1.000, 
[675] Train acc: 0.9375, Constr acc: 1.0000, CE loss: 0.541, DL2 loss: 0.000
9, 82, 0.5410, 0.0015, 93.750, 100.000, 0.977, 1.000, 
[690] Train acc: 1.0000, Constr acc: 1.0000, CE loss: 0.450, DL2 loss: 0.000
9, 81, 0.4499, 0.0015, 100.000, 100.000, 0.972, 1.000, 
[705] Train acc: 0.9844, Constr acc: 1.0000, CE loss: 0.715, DL2 loss: 0.000
9, 80, 0.7147, 0.0015, 98.438, 100.000, 0.967, 1.000, 
[720] Train acc: 0.9531, Constr acc: 0.8750, CE loss: 0.449, DL2 loss: 1.592
9, 79, 0.4486, 0.0015, 95.312, 100.000, 0.967, 1.000, 
[735] Train acc: 0.9375, Constr acc: 0.9375, CE loss: 0.504, DL2 loss: 0.615
9, 78, 0.5043, 0.0015, 93.750, 98.438, 0.972, 1.000, 
[750] Train acc: 0.9844, Constr acc: 0.9375, CE loss: 0.429, DL2 loss: 0.267
9, 77, 0.4289, 0.0015, 98.438, 100.000, 0.978, 1.000, 
[765] Train acc: 0.9844, Constr acc: 1.0000, CE loss: 0.463, DL2 loss: 0.000
9, 76, 0.4631, 0.0014, 98.438, 100.000, 0.979, 1.000, 
[780] Train acc: 0.9375, Constr acc: 1.0000, CE loss: 0.621, DL2 loss: 0.000
9, 75, 0.6210, 0.0015, 93.750, 100.000, 0.974, 1.000, 
[795] Train acc: 1.0000, Constr acc: 1.0000, CE loss: 0.380, DL2 loss: 0.000
9, 74, 0.3800, 0.0014, 100.000, 100.000, 0.977, 1.000, 
[810] Train acc: 0.9688, Constr acc: 0.9688, CE loss: 0.530, DL2 loss: 0.253
9, 73, 0.5300, 0.0015, 96.875, 100.000, 0.974, 1.000, 
[825] Train acc: 0.9688, Constr acc: 1.0000, CE loss: 0.625, DL2 loss: 0.000
9, 72, 0.6251, 0.0015, 96.875, 98.438, 0.978, 1.000, 
[840] Train acc: 0.9375, Constr acc: 0.9688, CE loss: 0.564, DL2 loss: 0.034
9, 71, 0.5643, 0.0015, 93.750, 100.000, 0.967, 1.000, 
[855] Train acc: 0.9375, Constr acc: 0.9375, CE loss: 0.529, DL2 loss: 0.461
9, 70, 0.5295, 0.0015, 93.750, 98.438, 0.977, 1.000, 
[870] Train acc: 0.9375, Constr acc: 1.0000, CE loss: 0.565, DL2 loss: 0.000
9, 69, 0.5652, 0.0015, 93.750, 100.000, 0.975, 1.000, 
[885] Train acc: 0.9844, Constr acc: 0.9062, CE loss: 0.389, DL2 loss: 0.742
9, 68, 0.3894, 0.0015, 98.438, 100.000, 0.976, 1.000, 
[900] Train acc: 0.9844, Constr acc: 0.9375, CE loss: 0.446, DL2 loss: 0.468
9, 67, 0.4460, 0.0015, 98.438, 100.000, 0.973, 1.000, 
[915] Train acc: 0.9844, Constr acc: 1.0000, CE loss: 0.461, DL2 loss: 0.000
9, 66, 0.4613, 0.0014, 98.438, 100.000, 0.969, 1.000, 
[930] Train acc: 0.9688, Constr acc: 1.0000, CE loss: 0.549, DL2 loss: 0.000
9, 65, 0.5493, 0.0015, 96.875, 100.000, 0.975, 1.000, 
[0] Train acc: 0.9844, Constr acc: 0.7812, CE loss: 0.379, DL2 loss: 3.422
10, 65, 0.3786, 0.0015, 98.438, 100.000, 0.970, 1.000, 
[15] Train acc: 0.9062, Constr acc: 1.0000, CE loss: 0.581, DL2 loss: 0.000
10, 64, 0.5813, 0.0014, 90.625, 100.000, 0.974, 1.000, 
[30] Train acc: 0.9844, Constr acc: 0.9375, CE loss: 0.400, DL2 loss: 0.238
10, 63, 0.3998, 0.0015, 98.438, 100.000, 0.975, 1.000, 
[45] Train acc: 0.9688, Constr acc: 0.9062, CE loss: 0.436, DL2 loss: 1.248
10, 62, 0.4364, 0.0015, 96.875, 100.000, 0.969, 1.000, 
[60] Train acc: 0.9844, Constr acc: 0.8750, CE loss: 0.367, DL2 loss: 0.893
10, 61, 0.3670, 0.0015, 98.438, 100.000, 0.969, 1.000, 
[75] Train acc: 0.9531, Constr acc: 1.0000, CE loss: 0.542, DL2 loss: 0.000
10, 60, 0.5417, 0.0015, 95.312, 100.000, 0.968, 1.000, 
[90] Train acc: 0.9688, Constr acc: 1.0000, CE loss: 0.509, DL2 loss: 0.000
10, 59, 0.5087, 0.0014, 96.875, 100.000, 0.974, 1.000, 
[105] Train acc: 0.9531, Constr acc: 0.9688, CE loss: 0.585, DL2 loss: 0.051
10, 58, 0.5850, 0.0015, 95.312, 100.000, 0.975, 1.000, 
[120] Train acc: 0.9844, Constr acc: 1.0000, CE loss: 0.472, DL2 loss: 0.000
10, 57, 0.4720, 0.0014, 98.438, 100.000, 0.972, 1.000, 
[135] Train acc: 0.9844, Constr acc: 0.9375, CE loss: 0.493, DL2 loss: 0.779
10, 56, 0.4932, 0.0015, 98.438, 100.000, 0.972, 1.000, 
[150] Train acc: 0.9844, Constr acc: 1.0000, CE loss: 0.465, DL2 loss: 0.000
10, 55, 0.4653, 0.0014, 98.438, 98.438, 0.971, 1.000, 
[165] Train acc: 0.9688, Constr acc: 0.9688, CE loss: 0.487, DL2 loss: 0.088
10, 54, 0.4866, 0.0015, 96.875, 100.000, 0.971, 1.000, 
[180] Train acc: 0.9844, Constr acc: 0.9375, CE loss: 0.410, DL2 loss: 0.763
10, 53, 0.4104, 0.0015, 98.438, 100.000, 0.973, 1.000, 
[195] Train acc: 0.9688, Constr acc: 0.7188, CE loss: 0.353, DL2 loss: 3.387
10, 52, 0.3526, 0.0016, 96.875, 100.000, 0.970, 1.000, 
[210] Train acc: 1.0000, Constr acc: 0.8438, CE loss: 0.372, DL2 loss: 2.456
10, 51, 0.3715, 0.0015, 100.000, 100.000, 0.970, 1.000, 
[225] Train acc: 0.9844, Constr acc: 1.0000, CE loss: 0.588, DL2 loss: 0.000
10, 50, 0.5883, 0.0015, 98.438, 100.000, 0.958, 1.000, 
[240] Train acc: 0.9375, Constr acc: 0.8750, CE loss: 0.522, DL2 loss: 2.080
10, 49, 0.5224, 0.0015, 93.750, 100.000, 0.962, 1.000, 
[255] Train acc: 0.9844, Constr acc: 1.0000, CE loss: 0.622, DL2 loss: 0.000
10, 48, 0.6223, 0.0015, 98.438, 100.000, 0.968, 1.000, 
[270] Train acc: 0.9375, Constr acc: 1.0000, CE loss: 0.531, DL2 loss: 0.000
10, 47, 0.5307, 0.0014, 93.750, 100.000, 0.972, 1.000, 
[285] Train acc: 0.9531, Constr acc: 0.9688, CE loss: 0.520, DL2 loss: 1.206
10, 46, 0.5196, 0.0015, 95.312, 100.000, 0.970, 1.000, 
[300] Train acc: 0.9531, Constr acc: 1.0000, CE loss: 0.576, DL2 loss: 0.000
10, 45, 0.5756, 0.0015, 95.312, 100.000, 0.966, 1.000, 
[315] Train acc: 0.9844, Constr acc: 0.8750, CE loss: 0.428, DL2 loss: 2.037
10, 44, 0.4275, 0.0015, 98.438, 100.000, 0.968, 1.000, 
[330] Train acc: 0.9531, Constr acc: 0.9375, CE loss: 0.565, DL2 loss: 0.357
10, 43, 0.5650, 0.0015, 95.312, 98.438, 0.967, 1.000, 
[345] Train acc: 0.9844, Constr acc: 0.9375, CE loss: 0.461, DL2 loss: 0.724
10, 42, 0.4605, 0.0015, 98.438, 100.000, 0.966, 1.000, 
[360] Train acc: 0.9844, Constr acc: 1.0000, CE loss: 0.484, DL2 loss: 0.000
10, 41, 0.4837, 0.0015, 98.438, 100.000, 0.966, 1.000, 
[375] Train acc: 1.0000, Constr acc: 1.0000, CE loss: 0.480, DL2 loss: 0.000
10, 40, 0.4801, 0.0014, 100.000, 100.000, 0.964, 1.000, 
[390] Train acc: 0.9844, Constr acc: 1.0000, CE loss: 0.528, DL2 loss: 0.000
10, 39, 0.5283, 0.0015, 98.438, 100.000, 0.956, 1.000, 
[405] Train acc: 0.9844, Constr acc: 1.0000, CE loss: 0.518, DL2 loss: 0.000
10, 38, 0.5184, 0.0015, 98.438, 100.000, 0.954, 1.000, 
[420] Train acc: 0.9844, Constr acc: 1.0000, CE loss: 0.595, DL2 loss: 0.000
10, 37, 0.5949, 0.0016, 98.438, 100.000, 0.964, 1.000, 
[435] Train acc: 0.9688, Constr acc: 0.9688, CE loss: 0.599, DL2 loss: 0.089
10, 36, 0.5986, 0.0015, 96.875, 100.000, 0.961, 1.000, 
[450] Train acc: 0.9375, Constr acc: 0.9688, CE loss: 0.614, DL2 loss: 0.451
10, 35, 0.6141, 0.0015, 93.750, 100.000, 0.875, 1.000, 
[465] Train acc: 0.9062, Constr acc: 0.8750, CE loss: 0.616, DL2 loss: 2.473
10, 34, 0.6163, 0.0016, 90.625, 100.000, 0.914, 1.000, 
[480] Train acc: 0.9375, Constr acc: 0.8750, CE loss: 0.614, DL2 loss: 1.385
10, 33, 0.6137, 0.0015, 93.750, 98.438, 0.894, 1.000, 
[495] Train acc: 0.8750, Constr acc: 0.9688, CE loss: 0.775, DL2 loss: 0.574
10, 32, 0.7748, 0.0016, 87.500, 100.000, 0.887, 1.000, 
[510] Train acc: 0.7812, Constr acc: 1.0000, CE loss: 0.748, DL2 loss: 0.000
10, 31, 0.7482, 0.0016, 78.125, 100.000, 0.851, 1.000, 
[525] Train acc: 0.7344, Constr acc: 1.0000, CE loss: 0.945, DL2 loss: 0.000
10, 30, 0.9447, 0.0016, 73.438, 100.000, 0.790, 1.000, 
[540] Train acc: 0.8438, Constr acc: 1.0000, CE loss: 0.836, DL2 loss: 0.000
10, 29, 0.8362, 0.0016, 84.375, 96.875, 0.834, 1.000, 
[555] Train acc: 0.8281, Constr acc: 0.9062, CE loss: 0.738, DL2 loss: 0.954
10, 28, 0.7380, 0.0016, 82.812, 100.000, 0.879, 1.000, 
[570] Train acc: 0.8750, Constr acc: 1.0000, CE loss: 0.809, DL2 loss: 0.000
10, 27, 0.8092, 0.0016, 87.500, 98.438, 0.850, 1.000, 
[585] Train acc: 0.8281, Constr acc: 1.0000, CE loss: 1.015, DL2 loss: 0.000
10, 26, 1.0154, 0.0017, 82.812, 96.875, 0.830, 1.000, 
[600] Train acc: 0.7656, Constr acc: 1.0000, CE loss: 1.033, DL2 loss: 0.000
10, 25, 1.0334, 0.0016, 76.562, 98.438, 0.819, 1.000, 
[615] Train acc: 0.8750, Constr acc: 0.9062, CE loss: 0.844, DL2 loss: 1.186
10, 24, 0.8437, 0.0016, 87.500, 100.000, 0.869, 1.000, 
[630] Train acc: 0.7969, Constr acc: 0.9688, CE loss: 1.012, DL2 loss: 0.554
10, 23, 1.0123, 0.0017, 79.688, 98.438, 0.770, 1.000, 
[645] Train acc: 0.6875, Constr acc: 0.9062, CE loss: 1.068, DL2 loss: 0.764
10, 22, 1.0675, 0.0018, 68.750, 92.188, 0.628, 1.000, 
[660] Train acc: 0.6094, Constr acc: 1.0000, CE loss: 1.185, DL2 loss: 0.000
10, 21, 1.1854, 0.0017, 60.938, 98.438, 0.640, 1.000, 
[675] Train acc: 0.7031, Constr acc: 0.9375, CE loss: 1.135, DL2 loss: 0.303
10, 20, 1.1352, 0.0018, 70.312, 96.875, 0.700, 1.000, 
[690] Train acc: 0.6250, Constr acc: 0.9688, CE loss: 1.098, DL2 loss: 0.216
10, 19, 1.0978, 0.0017, 62.500, 96.875, 0.608, 1.000, 
[705] Train acc: 0.6406, Constr acc: 1.0000, CE loss: 1.162, DL2 loss: 0.000
10, 18, 1.1623, 0.0017, 64.062, 98.438, 0.669, 1.000, 
[720] Train acc: 0.7344, Constr acc: 1.0000, CE loss: 1.164, DL2 loss: 0.000
10, 17, 1.1637, 0.0017, 73.438, 96.875, 0.704, 1.000, 
[735] Train acc: 0.7188, Constr acc: 1.0000, CE loss: 1.292, DL2 loss: 0.000
10, 16, 1.2922, 0.0019, 71.875, 95.312, 0.641, 1.000, 
[750] Train acc: 0.5938, Constr acc: 0.9688, CE loss: 1.289, DL2 loss: 0.035
10, 15, 1.2887, 0.0018, 59.375, 98.438, 0.680, 1.000, 
[765] Train acc: 0.7969, Constr acc: 1.0000, CE loss: 1.210, DL2 loss: 0.000
10, 14, 1.2103, 0.0018, 79.688, 100.000, 0.694, 1.000, 
[780] Train acc: 0.4844, Constr acc: 0.9375, CE loss: 1.495, DL2 loss: 1.299
10, 13, 1.4953, 0.0019, 48.438, 95.312, 0.441, 1.000, 
[795] Train acc: 0.5000, Constr acc: 1.0000, CE loss: 1.636, DL2 loss: 0.000
10, 12, 1.6356, 0.0020, 50.000, 89.062, 0.348, 1.000, 
[810] Train acc: 0.3906, Constr acc: 1.0000, CE loss: 1.898, DL2 loss: 0.000
10, 11, 1.8977, 0.0021, 39.062, 75.000, 0.353, 1.000, 
[825] Train acc: 0.3594, Constr acc: 0.9688, CE loss: 1.759, DL2 loss: 0.082
10, 10, 1.7595, 0.0021, 35.938, 81.250, 0.350, 1.000, 
[840] Train acc: 0.2812, Constr acc: 0.9688, CE loss: 1.843, DL2 loss: 0.034
10, 9, 1.8430, 0.0021, 28.125, 82.812, 0.371, 1.000, 
[855] Train acc: 0.3750, Constr acc: 1.0000, CE loss: 1.833, DL2 loss: 0.000
10, 8, 1.8330, 0.0020, 37.500, 90.625, 0.318, 1.000, 
[870] Train acc: 0.2188, Constr acc: 1.0000, CE loss: 2.027, DL2 loss: 0.000
10, 7, 2.0272, 0.0021, 21.875, 73.438, 0.329, 1.000, 
[885] Train acc: 0.0312, Constr acc: 1.0000, CE loss: 2.222, DL2 loss: 0.000
10, 6, 2.2221, 0.0022, 3.125, 53.125, 0.172, 1.000, 
[900] Train acc: 0.1406, Constr acc: 1.0000, CE loss: 2.177, DL2 loss: 0.000
10, 5, 2.1770, 0.0022, 14.062, 57.812, 0.180, 1.000, 
[915] Train acc: 0.1719, Constr acc: 1.0000, CE loss: 2.214, DL2 loss: 0.000
10, 4, 2.2141, 0.0022, 17.188, 62.500, 0.132, 1.000, 
[930] Train acc: 0.1094, Constr acc: 1.0000, CE loss: 2.309, DL2 loss: 0.000
10, 3, 2.3094, 0.0023, 10.938, 53.125, 0.103, 1.000, 
