main_allinputs_dl2.py --pruning=True --tensorboard=True --log-interval=15 --pruning_config=./configs/mnist_22_15.json --constraint RobustnessMany(eps1=5, eps2=4, eps3=25, eps4=8) --print-after-epoch=0 --dl2-weight=0.2 --delay=6
pruning_engine.load_mask(): did not find mask file, will load nothing
epoch, neuron_units, loss, dl2_loss, top1, top5, dl2_p_acc, dl2_constraint_acc
[0] Train acc: 0.1406
1, 252, 2.2927, 0.0023, 14.062, 59.375, 0.103, 1.000, 
[15] Train acc: 0.1875
1, 252, 2.2763, 0.0023, 18.750, 68.750, 0.103, 1.000, 
[30] Train acc: 0.3125
1, 252, 2.2343, 0.0023, 31.250, 75.000, 0.205, 1.000, 
[45] Train acc: 0.3594
1, 252, 2.1083, 0.0022, 35.938, 89.062, 0.408, 1.000, 
[60] Train acc: 0.5625
1, 252, 1.8079, 0.0021, 56.250, 90.625, 0.576, 1.000, 
[75] Train acc: 0.6719
1, 252, 1.1560, 0.0017, 67.188, 95.312, 0.646, 1.000, 
[90] Train acc: 0.6250
1, 252, 1.0569, 0.0015, 62.500, 98.438, 0.674, 1.000, 
[105] Train acc: 0.7031
1, 252, 0.8945, 0.0013, 70.312, 95.312, 0.730, 1.000, 
[120] Train acc: 0.8125
1, 252, 0.5999, 0.0011, 81.250, 98.438, 0.806, 1.000, 
[135] Train acc: 0.8594
1, 252, 0.3908, 0.0010, 85.938, 100.000, 0.854, 1.000, 
[150] Train acc: 0.8594
1, 252, 0.5338, 0.0010, 85.938, 100.000, 0.820, 1.000, 
[165] Train acc: 0.8281
1, 252, 0.5438, 0.0010, 82.812, 98.438, 0.764, 1.000, 
[180] Train acc: 0.9062
1, 252, 0.4400, 0.0009, 90.625, 98.438, 0.846, 1.000, 
[195] Train acc: 0.9062
1, 252, 0.2807, 0.0009, 90.625, 100.000, 0.848, 1.000, 
[210] Train acc: 0.9219
1, 252, 0.3626, 0.0009, 92.188, 98.438, 0.857, 1.000, 
[225] Train acc: 0.8750
1, 252, 0.3995, 0.0008, 87.500, 100.000, 0.887, 1.000, 
[240] Train acc: 0.8750
1, 252, 0.4170, 0.0008, 87.500, 98.438, 0.877, 1.000, 
[255] Train acc: 0.8281
1, 252, 0.4295, 0.0008, 82.812, 100.000, 0.851, 1.000, 
[270] Train acc: 0.9219
1, 252, 0.2311, 0.0008, 92.188, 100.000, 0.843, 1.000, 
[285] Train acc: 0.9375
1, 252, 0.2467, 0.0007, 93.750, 100.000, 0.920, 1.000, 
[300] Train acc: 0.9062
1, 252, 0.2694, 0.0007, 90.625, 100.000, 0.911, 1.000, 
[315] Train acc: 0.9219
1, 252, 0.2680, 0.0007, 92.188, 98.438, 0.922, 1.000, 
[330] Train acc: 0.9062
1, 252, 0.3726, 0.0007, 90.625, 98.438, 0.864, 1.000, 
[345] Train acc: 0.8594
1, 252, 0.4701, 0.0007, 85.938, 98.438, 0.908, 1.000, 
[360] Train acc: 0.8750
1, 252, 0.2838, 0.0007, 87.500, 100.000, 0.909, 1.000, 
[375] Train acc: 0.9375
1, 252, 0.1560, 0.0007, 93.750, 100.000, 0.923, 1.000, 
[390] Train acc: 0.9062
1, 252, 0.2070, 0.0006, 90.625, 100.000, 0.915, 1.000, 
[405] Train acc: 0.9375
1, 252, 0.1975, 0.0006, 93.750, 100.000, 0.918, 1.000, 
[420] Train acc: 0.9219
1, 252, 0.2446, 0.0006, 92.188, 100.000, 0.936, 1.000, 
[435] Train acc: 0.9219
1, 252, 0.2261, 0.0006, 92.188, 100.000, 0.935, 1.000, 
[450] Train acc: 0.9219
1, 252, 0.1807, 0.0006, 92.188, 100.000, 0.942, 1.000, 
[465] Train acc: 0.8906
1, 252, 0.3503, 0.0006, 89.062, 100.000, 0.914, 1.000, 
[480] Train acc: 1.0000
1, 252, 0.0762, 0.0006, 100.000, 100.000, 0.934, 1.000, 
[495] Train acc: 0.9531
1, 252, 0.1621, 0.0006, 95.312, 100.000, 0.948, 1.000, 
[510] Train acc: 0.9219
1, 252, 0.1649, 0.0005, 92.188, 100.000, 0.949, 1.000, 
[525] Train acc: 0.9531
1, 252, 0.1392, 0.0006, 95.312, 100.000, 0.945, 1.000, 
[540] Train acc: 0.9531
1, 252, 0.2543, 0.0006, 95.312, 98.438, 0.933, 1.000, 
[555] Train acc: 0.9688
1, 252, 0.1702, 0.0005, 96.875, 98.438, 0.953, 1.000, 
[570] Train acc: 0.9531
1, 252, 0.1492, 0.0005, 95.312, 100.000, 0.925, 1.000, 
[585] Train acc: 0.9844
1, 252, 0.0822, 0.0005, 98.438, 100.000, 0.950, 1.000, 
[600] Train acc: 0.9531
1, 252, 0.1890, 0.0005, 95.312, 100.000, 0.951, 1.000, 
[615] Train acc: 0.9531
1, 252, 0.1561, 0.0005, 95.312, 100.000, 0.951, 1.000, 
[630] Train acc: 0.9375
1, 252, 0.3362, 0.0005, 93.750, 100.000, 0.956, 1.000, 
[645] Train acc: 0.9688
1, 252, 0.1513, 0.0005, 96.875, 100.000, 0.956, 1.000, 
[660] Train acc: 0.9688
1, 252, 0.1354, 0.0005, 96.875, 100.000, 0.956, 1.000, 
[675] Train acc: 0.9375
1, 252, 0.1571, 0.0005, 93.750, 100.000, 0.956, 1.000, 
[690] Train acc: 0.9688
1, 252, 0.1637, 0.0005, 96.875, 98.438, 0.958, 1.000, 
[705] Train acc: 0.8906
1, 252, 0.3415, 0.0005, 89.062, 100.000, 0.953, 1.000, 
[720] Train acc: 1.0000
1, 252, 0.0550, 0.0005, 100.000, 100.000, 0.958, 1.000, 
[735] Train acc: 0.9375
1, 252, 0.1595, 0.0005, 93.750, 100.000, 0.956, 1.000, 
[750] Train acc: 0.9688
1, 252, 0.0683, 0.0005, 96.875, 100.000, 0.950, 1.000, 
[765] Train acc: 0.9062
1, 252, 0.2801, 0.0005, 90.625, 100.000, 0.945, 1.000, 
[780] Train acc: 0.9219
1, 252, 0.1975, 0.0005, 92.188, 100.000, 0.965, 1.000, 
[795] Train acc: 0.9375
1, 252, 0.1232, 0.0005, 93.750, 100.000, 0.960, 1.000, 
[810] Train acc: 1.0000
1, 252, 0.0531, 0.0005, 100.000, 100.000, 0.963, 1.000, 
[825] Train acc: 0.9531
1, 252, 0.1005, 0.0005, 95.312, 100.000, 0.959, 1.000, 
[840] Train acc: 0.9531
1, 252, 0.1271, 0.0005, 95.312, 100.000, 0.969, 1.000, 
[855] Train acc: 0.9375
1, 252, 0.1566, 0.0005, 93.750, 100.000, 0.942, 1.000, 
[870] Train acc: 0.9531
1, 252, 0.1490, 0.0004, 95.312, 100.000, 0.963, 1.000, 
[885] Train acc: 0.9375
1, 252, 0.1344, 0.0005, 93.750, 100.000, 0.959, 1.000, 
[900] Train acc: 0.9531
1, 252, 0.1105, 0.0004, 95.312, 100.000, 0.962, 1.000, 
[915] Train acc: 0.9375
1, 252, 0.1970, 0.0004, 93.750, 100.000, 0.960, 1.000, 
[930] Train acc: 0.9375
1, 252, 0.1600, 0.0004, 93.750, 100.000, 0.965, 1.000, 
[0] Train acc: 0.9531
2, 252, 0.1407, 0.0004, 95.312, 100.000, 0.963, 1.000, 
[15] Train acc: 0.9844
2, 252, 0.0752, 0.0004, 98.438, 100.000, 0.967, 1.000, 
[30] Train acc: 0.9688
2, 252, 0.0801, 0.0004, 96.875, 100.000, 0.955, 1.000, 
[45] Train acc: 0.9688
2, 252, 0.0949, 0.0004, 96.875, 100.000, 0.965, 1.000, 
[60] Train acc: 0.9844
2, 252, 0.0438, 0.0004, 98.438, 100.000, 0.963, 1.000, 
[75] Train acc: 0.9688
2, 252, 0.1399, 0.0004, 96.875, 100.000, 0.966, 1.000, 
[90] Train acc: 0.9375
2, 252, 0.3302, 0.0004, 93.750, 100.000, 0.967, 1.000, 
[105] Train acc: 0.9844
2, 252, 0.0491, 0.0004, 98.438, 100.000, 0.970, 1.000, 
[120] Train acc: 0.9688
2, 252, 0.0914, 0.0004, 96.875, 100.000, 0.970, 1.000, 
[135] Train acc: 0.9688
2, 252, 0.1508, 0.0004, 96.875, 100.000, 0.964, 1.000, 
[150] Train acc: 0.9531
2, 252, 0.0793, 0.0004, 95.312, 100.000, 0.967, 1.000, 
[165] Train acc: 0.9844
2, 252, 0.0713, 0.0004, 98.438, 100.000, 0.969, 1.000, 
[180] Train acc: 0.9531
2, 252, 0.0830, 0.0004, 95.312, 100.000, 0.966, 1.000, 
[195] Train acc: 0.9844
2, 252, 0.0966, 0.0004, 98.438, 100.000, 0.961, 1.000, 
[210] Train acc: 0.9688
2, 252, 0.0620, 0.0004, 96.875, 100.000, 0.973, 1.000, 
[225] Train acc: 0.9531
2, 252, 0.1448, 0.0004, 95.312, 100.000, 0.965, 1.000, 
[240] Train acc: 0.9531
2, 252, 0.1479, 0.0004, 95.312, 100.000, 0.967, 1.000, 
[255] Train acc: 1.0000
2, 252, 0.0279, 0.0004, 100.000, 100.000, 0.968, 1.000, 
[270] Train acc: 0.9844
2, 252, 0.0609, 0.0003, 98.438, 100.000, 0.974, 1.000, 
[285] Train acc: 0.9844
2, 252, 0.0342, 0.0003, 98.438, 100.000, 0.975, 1.000, 
[300] Train acc: 0.9688
2, 252, 0.0782, 0.0004, 96.875, 100.000, 0.969, 1.000, 
[315] Train acc: 0.9375
2, 252, 0.1122, 0.0004, 93.750, 100.000, 0.975, 1.000, 
[330] Train acc: 0.9688
2, 252, 0.0469, 0.0004, 96.875, 100.000, 0.968, 1.000, 
[345] Train acc: 0.9531
2, 252, 0.2345, 0.0004, 95.312, 100.000, 0.977, 1.000, 
[360] Train acc: 0.9688
2, 252, 0.0647, 0.0004, 96.875, 100.000, 0.962, 1.000, 
[375] Train acc: 0.9531
2, 252, 0.1035, 0.0004, 95.312, 100.000, 0.976, 1.000, 
[390] Train acc: 0.9844
2, 252, 0.0274, 0.0004, 98.438, 100.000, 0.974, 1.000, 
[405] Train acc: 0.9844
2, 252, 0.0408, 0.0004, 98.438, 100.000, 0.968, 1.000, 
[420] Train acc: 0.9844
2, 252, 0.0255, 0.0004, 98.438, 100.000, 0.976, 1.000, 
[435] Train acc: 0.9844
2, 252, 0.0391, 0.0004, 98.438, 100.000, 0.977, 1.000, 
[450] Train acc: 0.9844
2, 252, 0.0888, 0.0003, 98.438, 100.000, 0.975, 1.000, 
[465] Train acc: 0.9688
2, 252, 0.0860, 0.0004, 96.875, 100.000, 0.972, 1.000, 
[480] Train acc: 0.9688
2, 252, 0.0826, 0.0004, 96.875, 100.000, 0.969, 1.000, 
[495] Train acc: 0.9375
2, 252, 0.1246, 0.0004, 93.750, 100.000, 0.972, 1.000, 
[510] Train acc: 1.0000
2, 252, 0.0169, 0.0004, 100.000, 100.000, 0.974, 1.000, 
[525] Train acc: 0.9688
2, 252, 0.1215, 0.0004, 96.875, 100.000, 0.977, 1.000, 
[540] Train acc: 0.9844
2, 252, 0.0627, 0.0004, 98.438, 100.000, 0.977, 1.000, 
[555] Train acc: 1.0000
2, 252, 0.0338, 0.0004, 100.000, 100.000, 0.977, 1.000, 
[570] Train acc: 0.9531
2, 252, 0.1980, 0.0004, 95.312, 100.000, 0.972, 1.000, 
[585] Train acc: 1.0000
2, 252, 0.0180, 0.0004, 100.000, 100.000, 0.965, 1.000, 
[600] Train acc: 0.9531
2, 252, 0.1889, 0.0004, 95.312, 100.000, 0.966, 1.000, 
[615] Train acc: 0.9531
2, 252, 0.1996, 0.0004, 95.312, 100.000, 0.972, 1.000, 
[630] Train acc: 0.9844
2, 252, 0.0752, 0.0004, 98.438, 100.000, 0.971, 1.000, 
[645] Train acc: 0.9062
2, 252, 0.2343, 0.0003, 90.625, 100.000, 0.980, 1.000, 
[660] Train acc: 0.9844
2, 252, 0.0542, 0.0003, 98.438, 100.000, 0.978, 1.000, 
[675] Train acc: 0.9844
2, 252, 0.0672, 0.0003, 98.438, 100.000, 0.977, 1.000, 
[690] Train acc: 0.9688
2, 252, 0.0481, 0.0003, 96.875, 100.000, 0.975, 1.000, 
[705] Train acc: 0.9844
2, 252, 0.0961, 0.0003, 98.438, 100.000, 0.970, 1.000, 
[720] Train acc: 0.9688
2, 252, 0.0633, 0.0003, 96.875, 100.000, 0.976, 1.000, 
[735] Train acc: 0.9844
2, 252, 0.0988, 0.0004, 98.438, 100.000, 0.959, 1.000, 
[750] Train acc: 0.9844
2, 252, 0.0208, 0.0003, 98.438, 100.000, 0.978, 1.000, 
[765] Train acc: 0.9688
2, 252, 0.0411, 0.0003, 96.875, 100.000, 0.978, 1.000, 
[780] Train acc: 0.9844
2, 252, 0.0408, 0.0003, 98.438, 100.000, 0.975, 1.000, 
[795] Train acc: 0.9688
2, 252, 0.0842, 0.0003, 96.875, 100.000, 0.976, 1.000, 
[810] Train acc: 0.9688
2, 252, 0.0810, 0.0003, 96.875, 100.000, 0.976, 1.000, 
[825] Train acc: 0.9375
2, 252, 0.2803, 0.0003, 93.750, 100.000, 0.979, 1.000, 
[840] Train acc: 1.0000
2, 252, 0.0204, 0.0003, 100.000, 100.000, 0.974, 1.000, 
[855] Train acc: 1.0000
2, 252, 0.0160, 0.0003, 100.000, 100.000, 0.980, 1.000, 
[870] Train acc: 1.0000
2, 252, 0.0261, 0.0003, 100.000, 100.000, 0.978, 1.000, 
[885] Train acc: 0.9844
2, 252, 0.0547, 0.0003, 98.438, 100.000, 0.977, 1.000, 
[900] Train acc: 0.9375
2, 252, 0.1150, 0.0003, 93.750, 100.000, 0.979, 1.000, 
[915] Train acc: 0.9688
2, 252, 0.0495, 0.0003, 96.875, 100.000, 0.981, 1.000, 
[930] Train acc: 0.9688
2, 252, 0.1090, 0.0003, 96.875, 100.000, 0.971, 1.000, 
[0] Train acc: 0.9688
3, 252, 0.1437, 0.0003, 96.875, 100.000, 0.970, 1.000, 
[15] Train acc: 1.0000
3, 252, 0.0285, 0.0003, 100.000, 100.000, 0.981, 1.000, 
[30] Train acc: 0.9844
3, 252, 0.0529, 0.0003, 98.438, 100.000, 0.978, 1.000, 
[45] Train acc: 0.9688
3, 252, 0.0809, 0.0004, 96.875, 100.000, 0.969, 1.000, 
[60] Train acc: 1.0000
3, 252, 0.0216, 0.0003, 100.000, 100.000, 0.981, 1.000, 
[75] Train acc: 0.9688
3, 252, 0.1329, 0.0003, 96.875, 100.000, 0.969, 1.000, 
[90] Train acc: 0.9844
3, 252, 0.0656, 0.0003, 98.438, 100.000, 0.976, 1.000, 
[105] Train acc: 1.0000
3, 252, 0.0243, 0.0003, 100.000, 100.000, 0.981, 1.000, 
[120] Train acc: 1.0000
3, 252, 0.0218, 0.0003, 100.000, 100.000, 0.979, 1.000, 
[135] Train acc: 0.9531
3, 252, 0.0817, 0.0003, 95.312, 100.000, 0.981, 1.000, 
[150] Train acc: 1.0000
3, 252, 0.0099, 0.0003, 100.000, 100.000, 0.975, 1.000, 
[165] Train acc: 0.9844
3, 252, 0.1767, 0.0003, 98.438, 100.000, 0.981, 1.000, 
[180] Train acc: 0.9531
3, 252, 0.1106, 0.0003, 95.312, 100.000, 0.981, 1.000, 
[195] Train acc: 0.9844
3, 252, 0.0700, 0.0003, 98.438, 100.000, 0.976, 1.000, 
[210] Train acc: 0.9531
3, 252, 0.0754, 0.0003, 95.312, 100.000, 0.972, 1.000, 
[225] Train acc: 1.0000
3, 252, 0.0133, 0.0003, 100.000, 100.000, 0.983, 1.000, 
[240] Train acc: 0.9688
3, 252, 0.0620, 0.0003, 96.875, 100.000, 0.980, 1.000, 
[255] Train acc: 0.9844
3, 252, 0.0525, 0.0003, 98.438, 100.000, 0.972, 1.000, 
[270] Train acc: 0.9688
3, 252, 0.0948, 0.0003, 96.875, 100.000, 0.982, 1.000, 
[285] Train acc: 0.9688
3, 252, 0.0618, 0.0003, 96.875, 100.000, 0.984, 1.000, 
[300] Train acc: 0.9844
3, 252, 0.0618, 0.0003, 98.438, 100.000, 0.981, 1.000, 
[315] Train acc: 0.9688
3, 252, 0.1432, 0.0003, 96.875, 100.000, 0.983, 1.000, 
[330] Train acc: 0.9531
3, 252, 0.1283, 0.0003, 95.312, 100.000, 0.978, 1.000, 
[345] Train acc: 1.0000
3, 252, 0.0156, 0.0003, 100.000, 100.000, 0.982, 1.000, 
[360] Train acc: 0.9844
3, 252, 0.0625, 0.0003, 98.438, 100.000, 0.979, 1.000, 
[375] Train acc: 1.0000
3, 252, 0.0429, 0.0003, 100.000, 100.000, 0.977, 1.000, 
[390] Train acc: 0.9375
3, 252, 0.2170, 0.0003, 93.750, 100.000, 0.966, 1.000, 
[405] Train acc: 0.9844
3, 252, 0.0477, 0.0003, 98.438, 100.000, 0.982, 1.000, 
[420] Train acc: 1.0000
3, 252, 0.0266, 0.0003, 100.000, 100.000, 0.982, 1.000, 
[435] Train acc: 0.9844
3, 252, 0.0296, 0.0003, 98.438, 100.000, 0.972, 1.000, 
[450] Train acc: 0.9844
3, 252, 0.0515, 0.0003, 98.438, 100.000, 0.979, 1.000, 
[465] Train acc: 1.0000
3, 252, 0.0425, 0.0003, 100.000, 100.000, 0.982, 1.000, 
[480] Train acc: 0.9844
3, 252, 0.1283, 0.0003, 98.438, 100.000, 0.981, 1.000, 
[495] Train acc: 0.9688
3, 252, 0.0506, 0.0003, 96.875, 100.000, 0.983, 1.000, 
[510] Train acc: 0.9688
3, 252, 0.0836, 0.0003, 96.875, 100.000, 0.982, 1.000, 
[525] Train acc: 0.9531
3, 252, 0.1020, 0.0003, 95.312, 100.000, 0.984, 1.000, 
[540] Train acc: 1.0000
3, 252, 0.0214, 0.0003, 100.000, 100.000, 0.982, 1.000, 
[555] Train acc: 0.9531
3, 252, 0.1520, 0.0003, 95.312, 100.000, 0.985, 1.000, 
[570] Train acc: 0.9844
3, 252, 0.0536, 0.0003, 98.438, 100.000, 0.978, 1.000, 
[585] Train acc: 1.0000
3, 252, 0.0112, 0.0003, 100.000, 100.000, 0.982, 1.000, 
[600] Train acc: 0.9375
3, 252, 0.1640, 0.0003, 93.750, 100.000, 0.980, 1.000, 
[615] Train acc: 0.9531
3, 252, 0.1815, 0.0003, 95.312, 100.000, 0.982, 1.000, 
[630] Train acc: 1.0000
3, 252, 0.0235, 0.0003, 100.000, 100.000, 0.984, 1.000, 
[645] Train acc: 0.9688
3, 252, 0.2124, 0.0003, 96.875, 100.000, 0.983, 1.000, 
[660] Train acc: 1.0000
3, 252, 0.0341, 0.0003, 100.000, 100.000, 0.983, 1.000, 
[675] Train acc: 1.0000
3, 252, 0.0153, 0.0003, 100.000, 100.000, 0.984, 1.000, 
[690] Train acc: 0.9844
3, 252, 0.0284, 0.0003, 98.438, 100.000, 0.985, 1.000, 
[705] Train acc: 1.0000
3, 252, 0.0274, 0.0003, 100.000, 100.000, 0.983, 1.000, 
[720] Train acc: 0.9844
3, 252, 0.0483, 0.0003, 98.438, 100.000, 0.984, 1.000, 
[735] Train acc: 0.9844
3, 252, 0.0342, 0.0003, 98.438, 100.000, 0.982, 1.000, 
[750] Train acc: 0.9844
3, 252, 0.0250, 0.0003, 98.438, 100.000, 0.986, 1.000, 
[765] Train acc: 1.0000
3, 252, 0.0191, 0.0003, 100.000, 100.000, 0.981, 1.000, 
[780] Train acc: 0.9531
3, 252, 0.1058, 0.0003, 95.312, 100.000, 0.984, 1.000, 
[795] Train acc: 0.9688
3, 252, 0.0497, 0.0003, 96.875, 100.000, 0.982, 1.000, 
[810] Train acc: 1.0000
3, 252, 0.0074, 0.0003, 100.000, 100.000, 0.978, 1.000, 
[825] Train acc: 1.0000
3, 252, 0.0133, 0.0002, 100.000, 100.000, 0.984, 1.000, 
[840] Train acc: 0.9531
3, 252, 0.0715, 0.0003, 95.312, 100.000, 0.981, 1.000, 
[855] Train acc: 1.0000
3, 252, 0.0085, 0.0003, 100.000, 100.000, 0.978, 1.000, 
[870] Train acc: 1.0000
3, 252, 0.0084, 0.0003, 100.000, 100.000, 0.981, 1.000, 
[885] Train acc: 1.0000
3, 252, 0.0144, 0.0003, 100.000, 100.000, 0.983, 1.000, 
[900] Train acc: 0.9844
3, 252, 0.0241, 0.0003, 98.438, 100.000, 0.981, 1.000, 
[915] Train acc: 0.9531
3, 252, 0.2423, 0.0003, 95.312, 100.000, 0.983, 1.000, 
[930] Train acc: 0.9844
3, 252, 0.0708, 0.0003, 98.438, 100.000, 0.987, 1.000, 
[0] Train acc: 0.9844
4, 252, 0.0484, 0.0003, 98.438, 100.000, 0.985, 1.000, 
[15] Train acc: 1.0000
4, 252, 0.0244, 0.0003, 100.000, 100.000, 0.983, 1.000, 
[30] Train acc: 0.9844
4, 252, 0.0416, 0.0003, 98.438, 100.000, 0.981, 1.000, 
[45] Train acc: 1.0000
4, 252, 0.0063, 0.0003, 100.000, 100.000, 0.985, 1.000, 
[60] Train acc: 1.0000
4, 252, 0.0215, 0.0003, 100.000, 100.000, 0.984, 1.000, 
[75] Train acc: 1.0000
4, 252, 0.0432, 0.0003, 100.000, 100.000, 0.972, 1.000, 
[90] Train acc: 0.9844
4, 252, 0.0448, 0.0002, 98.438, 100.000, 0.985, 1.000, 
[105] Train acc: 1.0000
4, 252, 0.0111, 0.0002, 100.000, 100.000, 0.984, 1.000, 
[120] Train acc: 0.9844
4, 252, 0.0530, 0.0003, 98.438, 100.000, 0.982, 1.000, 
[135] Train acc: 0.9844
4, 252, 0.0300, 0.0003, 98.438, 100.000, 0.985, 1.000, 
[150] Train acc: 0.9688
4, 252, 0.0593, 0.0002, 96.875, 100.000, 0.985, 1.000, 
[165] Train acc: 1.0000
4, 252, 0.0173, 0.0003, 100.000, 100.000, 0.982, 1.000, 
[180] Train acc: 0.9844
4, 252, 0.1133, 0.0002, 98.438, 100.000, 0.985, 1.000, 
[195] Train acc: 1.0000
4, 252, 0.0079, 0.0003, 100.000, 100.000, 0.983, 1.000, 
[210] Train acc: 0.9531
4, 252, 0.1191, 0.0003, 95.312, 100.000, 0.980, 1.000, 
[225] Train acc: 1.0000
4, 252, 0.0161, 0.0003, 100.000, 100.000, 0.985, 1.000, 
[240] Train acc: 1.0000
4, 252, 0.0187, 0.0003, 100.000, 100.000, 0.982, 1.000, 
[255] Train acc: 0.9844
4, 252, 0.1243, 0.0003, 98.438, 98.438, 0.983, 1.000, 
[270] Train acc: 1.0000
4, 252, 0.0103, 0.0002, 100.000, 100.000, 0.986, 1.000, 
[285] Train acc: 0.9688
4, 252, 0.0890, 0.0002, 96.875, 100.000, 0.986, 1.000, 
[300] Train acc: 1.0000
4, 252, 0.0147, 0.0003, 100.000, 100.000, 0.981, 1.000, 
[315] Train acc: 1.0000
4, 252, 0.0182, 0.0002, 100.000, 100.000, 0.985, 1.000, 
[330] Train acc: 1.0000
4, 252, 0.0325, 0.0003, 100.000, 100.000, 0.985, 1.000, 
[345] Train acc: 0.9531
4, 252, 0.0922, 0.0003, 95.312, 100.000, 0.983, 1.000, 
[360] Train acc: 0.9688
4, 252, 0.0669, 0.0003, 96.875, 100.000, 0.979, 1.000, 
[375] Train acc: 1.0000
4, 252, 0.0089, 0.0003, 100.000, 100.000, 0.987, 1.000, 
[390] Train acc: 1.0000
4, 252, 0.0179, 0.0003, 100.000, 100.000, 0.985, 1.000, 
[405] Train acc: 1.0000
4, 252, 0.0076, 0.0003, 100.000, 100.000, 0.982, 1.000, 
[420] Train acc: 0.9688
4, 252, 0.0540, 0.0003, 96.875, 100.000, 0.982, 1.000, 
[435] Train acc: 0.9688
4, 252, 0.0744, 0.0003, 96.875, 100.000, 0.984, 1.000, 
[450] Train acc: 1.0000
4, 252, 0.0152, 0.0003, 100.000, 100.000, 0.983, 1.000, 
[465] Train acc: 0.9844
4, 252, 0.0753, 0.0002, 98.438, 100.000, 0.985, 1.000, 
[480] Train acc: 0.9688
4, 252, 0.0678, 0.0002, 96.875, 100.000, 0.984, 1.000, 
[495] Train acc: 0.9844
4, 252, 0.0385, 0.0003, 98.438, 100.000, 0.985, 1.000, 
[510] Train acc: 0.9531
4, 252, 0.0576, 0.0003, 95.312, 100.000, 0.987, 1.000, 
[525] Train acc: 1.0000
4, 252, 0.0055, 0.0002, 100.000, 100.000, 0.985, 1.000, 
[540] Train acc: 1.0000
4, 252, 0.0088, 0.0003, 100.000, 100.000, 0.980, 1.000, 
[555] Train acc: 0.9844
4, 252, 0.0672, 0.0002, 98.438, 100.000, 0.984, 1.000, 
[570] Train acc: 1.0000
4, 252, 0.0215, 0.0003, 100.000, 100.000, 0.982, 1.000, 
[585] Train acc: 0.9531
4, 252, 0.1056, 0.0002, 95.312, 100.000, 0.986, 1.000, 
[600] Train acc: 1.0000
4, 252, 0.0105, 0.0002, 100.000, 100.000, 0.987, 1.000, 
[615] Train acc: 0.9844
4, 252, 0.0304, 0.0002, 98.438, 100.000, 0.986, 1.000, 
[630] Train acc: 0.9531
4, 252, 0.1299, 0.0002, 95.312, 100.000, 0.983, 1.000, 
[645] Train acc: 1.0000
4, 252, 0.0146, 0.0002, 100.000, 100.000, 0.985, 1.000, 
[660] Train acc: 1.0000
4, 252, 0.0169, 0.0002, 100.000, 100.000, 0.987, 1.000, 
[675] Train acc: 0.9688
4, 252, 0.0538, 0.0002, 96.875, 100.000, 0.986, 1.000, 
[690] Train acc: 0.9844
4, 252, 0.0774, 0.0002, 98.438, 100.000, 0.983, 1.000, 
[705] Train acc: 1.0000
4, 252, 0.0300, 0.0002, 100.000, 100.000, 0.986, 1.000, 
[720] Train acc: 0.9844
4, 252, 0.0937, 0.0002, 98.438, 100.000, 0.983, 1.000, 
[735] Train acc: 1.0000
4, 252, 0.0191, 0.0002, 100.000, 100.000, 0.980, 1.000, 
[750] Train acc: 1.0000
4, 252, 0.0044, 0.0002, 100.000, 100.000, 0.983, 1.000, 
[765] Train acc: 0.9531
4, 252, 0.0958, 0.0002, 95.312, 100.000, 0.985, 1.000, 
[780] Train acc: 0.9688
4, 252, 0.0661, 0.0002, 96.875, 100.000, 0.985, 1.000, 
[795] Train acc: 0.9531
4, 252, 0.1070, 0.0002, 95.312, 100.000, 0.983, 1.000, 
[810] Train acc: 1.0000
4, 252, 0.0131, 0.0002, 100.000, 100.000, 0.985, 1.000, 
[825] Train acc: 0.9688
4, 252, 0.0316, 0.0002, 96.875, 100.000, 0.985, 1.000, 
[840] Train acc: 1.0000
4, 252, 0.0235, 0.0002, 100.000, 100.000, 0.986, 1.000, 
[855] Train acc: 1.0000
4, 252, 0.0032, 0.0002, 100.000, 100.000, 0.986, 1.000, 
[870] Train acc: 0.9844
4, 252, 0.0457, 0.0003, 98.438, 100.000, 0.983, 1.000, 
[885] Train acc: 1.0000
4, 252, 0.0180, 0.0002, 100.000, 100.000, 0.983, 1.000, 
[900] Train acc: 0.9844
4, 252, 0.0469, 0.0003, 98.438, 100.000, 0.980, 1.000, 
[915] Train acc: 1.0000
4, 252, 0.0054, 0.0002, 100.000, 100.000, 0.987, 1.000, 
[930] Train acc: 0.9688
4, 252, 0.1351, 0.0002, 96.875, 100.000, 0.988, 1.000, 
[0] Train acc: 0.9531
5, 252, 0.1104, 0.0003, 95.312, 100.000, 0.982, 1.000, 
[15] Train acc: 0.9844
5, 252, 0.0755, 0.0002, 98.438, 100.000, 0.987, 1.000, 
[30] Train acc: 1.0000
5, 252, 0.0264, 0.0002, 100.000, 100.000, 0.988, 1.000, 
[45] Train acc: 0.9531
5, 252, 0.0984, 0.0002, 95.312, 100.000, 0.986, 1.000, 
[60] Train acc: 1.0000
5, 252, 0.0236, 0.0002, 100.000, 100.000, 0.983, 1.000, 
[75] Train acc: 0.9844
5, 252, 0.0256, 0.0002, 98.438, 100.000, 0.988, 1.000, 
[90] Train acc: 0.9531
5, 252, 0.1569, 0.0003, 95.312, 100.000, 0.984, 1.000, 
[105] Train acc: 0.9844
5, 252, 0.0473, 0.0002, 98.438, 100.000, 0.987, 1.000, 
[120] Train acc: 1.0000
5, 252, 0.0015, 0.0002, 100.000, 100.000, 0.986, 1.000, 
[135] Train acc: 0.9844
5, 252, 0.0393, 0.0002, 98.438, 100.000, 0.988, 1.000, 
[150] Train acc: 1.0000
5, 252, 0.0231, 0.0002, 100.000, 100.000, 0.988, 1.000, 
[165] Train acc: 0.9844
5, 252, 0.0324, 0.0002, 98.438, 100.000, 0.984, 1.000, 
[180] Train acc: 0.9844
5, 252, 0.0189, 0.0002, 98.438, 100.000, 0.985, 1.000, 
[195] Train acc: 1.0000
5, 252, 0.0243, 0.0002, 100.000, 100.000, 0.986, 1.000, 
[210] Train acc: 0.9688
5, 252, 0.2014, 0.0002, 96.875, 98.438, 0.986, 1.000, 
[225] Train acc: 0.9688
5, 252, 0.0636, 0.0002, 96.875, 100.000, 0.981, 1.000, 
[240] Train acc: 0.9844
5, 252, 0.0409, 0.0002, 98.438, 100.000, 0.988, 1.000, 
[255] Train acc: 0.9844
5, 252, 0.0414, 0.0002, 98.438, 100.000, 0.985, 1.000, 
[270] Train acc: 1.0000
5, 252, 0.0077, 0.0002, 100.000, 100.000, 0.984, 1.000, 
[285] Train acc: 0.9844
5, 252, 0.0314, 0.0002, 98.438, 100.000, 0.986, 1.000, 
[300] Train acc: 0.9688
5, 252, 0.0770, 0.0002, 96.875, 100.000, 0.987, 1.000, 
[315] Train acc: 0.9688
5, 252, 0.0528, 0.0002, 96.875, 100.000, 0.986, 1.000, 
[330] Train acc: 0.9844
5, 252, 0.0357, 0.0002, 98.438, 100.000, 0.986, 1.000, 
[345] Train acc: 1.0000
5, 252, 0.0078, 0.0002, 100.000, 100.000, 0.986, 1.000, 
[360] Train acc: 1.0000
5, 252, 0.0062, 0.0002, 100.000, 100.000, 0.988, 1.000, 
[375] Train acc: 1.0000
5, 252, 0.0182, 0.0002, 100.000, 100.000, 0.985, 1.000, 
[390] Train acc: 0.9844
5, 252, 0.0347, 0.0002, 98.438, 100.000, 0.986, 1.000, 
[405] Train acc: 0.9844
5, 252, 0.0357, 0.0002, 98.438, 100.000, 0.986, 1.000, 
[420] Train acc: 0.9844
5, 252, 0.0288, 0.0002, 98.438, 100.000, 0.987, 1.000, 
[435] Train acc: 1.0000
5, 252, 0.0384, 0.0002, 100.000, 100.000, 0.987, 1.000, 
[450] Train acc: 0.9688
5, 252, 0.0746, 0.0002, 96.875, 100.000, 0.986, 1.000, 
[465] Train acc: 0.9531
5, 252, 0.2299, 0.0003, 95.312, 100.000, 0.985, 1.000, 
[480] Train acc: 1.0000
5, 252, 0.0095, 0.0002, 100.000, 100.000, 0.985, 1.000, 
[495] Train acc: 0.9688
5, 252, 0.0636, 0.0002, 96.875, 100.000, 0.985, 1.000, 
[510] Train acc: 0.9531
5, 252, 0.0753, 0.0002, 95.312, 100.000, 0.987, 1.000, 
[525] Train acc: 0.9688
5, 252, 0.0763, 0.0002, 96.875, 100.000, 0.988, 1.000, 
[540] Train acc: 0.9688
5, 252, 0.1208, 0.0002, 96.875, 100.000, 0.988, 1.000, 
[555] Train acc: 0.9844
5, 252, 0.0301, 0.0002, 98.438, 100.000, 0.990, 1.000, 
[570] Train acc: 1.0000
5, 252, 0.0098, 0.0002, 100.000, 100.000, 0.986, 1.000, 
[585] Train acc: 1.0000
5, 252, 0.0090, 0.0002, 100.000, 100.000, 0.985, 1.000, 
[600] Train acc: 1.0000
5, 252, 0.0170, 0.0002, 100.000, 100.000, 0.985, 1.000, 
[615] Train acc: 0.9844
5, 252, 0.0246, 0.0002, 98.438, 100.000, 0.988, 1.000, 
[630] Train acc: 0.9219
5, 252, 0.1508, 0.0002, 92.188, 100.000, 0.987, 1.000, 
[645] Train acc: 1.0000
5, 252, 0.0039, 0.0002, 100.000, 100.000, 0.987, 1.000, 
[660] Train acc: 1.0000
5, 252, 0.0033, 0.0002, 100.000, 100.000, 0.987, 1.000, 
[675] Train acc: 1.0000
5, 252, 0.0219, 0.0002, 100.000, 100.000, 0.987, 1.000, 
[690] Train acc: 1.0000
5, 252, 0.0031, 0.0002, 100.000, 100.000, 0.986, 1.000, 
[705] Train acc: 1.0000
5, 252, 0.0078, 0.0002, 100.000, 100.000, 0.988, 1.000, 
[720] Train acc: 0.9844
5, 252, 0.0540, 0.0002, 98.438, 100.000, 0.986, 1.000, 
[735] Train acc: 0.9844
5, 252, 0.0684, 0.0002, 98.438, 100.000, 0.987, 1.000, 
[750] Train acc: 1.0000
5, 252, 0.0082, 0.0002, 100.000, 100.000, 0.986, 1.000, 
[765] Train acc: 1.0000
5, 252, 0.0112, 0.0002, 100.000, 100.000, 0.983, 1.000, 
[780] Train acc: 0.9531
5, 252, 0.2455, 0.0002, 95.312, 100.000, 0.988, 1.000, 
[795] Train acc: 0.9688
5, 252, 0.0589, 0.0002, 96.875, 100.000, 0.988, 1.000, 
[810] Train acc: 0.9844
5, 252, 0.0220, 0.0002, 98.438, 100.000, 0.986, 1.000, 
[825] Train acc: 1.0000
5, 252, 0.0090, 0.0002, 100.000, 100.000, 0.983, 1.000, 
[840] Train acc: 0.9844
5, 252, 0.0306, 0.0002, 98.438, 100.000, 0.987, 1.000, 
[855] Train acc: 1.0000
5, 252, 0.0127, 0.0002, 100.000, 100.000, 0.985, 1.000, 
[870] Train acc: 0.9688
5, 252, 0.1107, 0.0002, 96.875, 100.000, 0.980, 1.000, 
[885] Train acc: 1.0000
5, 252, 0.0024, 0.0002, 100.000, 100.000, 0.987, 1.000, 
[900] Train acc: 1.0000
5, 252, 0.0236, 0.0002, 100.000, 100.000, 0.987, 1.000, 
[915] Train acc: 0.9844
5, 252, 0.0203, 0.0002, 98.438, 100.000, 0.987, 1.000, 
[930] Train acc: 0.9844
5, 252, 0.0435, 0.0002, 98.438, 100.000, 0.986, 1.000, 
[0] Train acc: 1.0000
6, 252, 0.0085, 0.0002, 100.000, 100.000, 0.985, 1.000, 
[15] Train acc: 1.0000
6, 252, 0.0074, 0.0002, 100.000, 100.000, 0.990, 1.000, 
[30] Train acc: 0.9844
6, 252, 0.0378, 0.0002, 98.438, 100.000, 0.986, 1.000, 
[45] Train acc: 1.0000
6, 252, 0.0035, 0.0002, 100.000, 100.000, 0.989, 1.000, 
[60] Train acc: 1.0000
6, 252, 0.0291, 0.0002, 100.000, 100.000, 0.987, 1.000, 
[75] Train acc: 1.0000
6, 252, 0.0240, 0.0002, 100.000, 100.000, 0.986, 1.000, 
[90] Train acc: 1.0000
6, 252, 0.0225, 0.0002, 100.000, 100.000, 0.987, 1.000, 
[105] Train acc: 0.9688
6, 252, 0.0429, 0.0002, 96.875, 100.000, 0.987, 1.000, 
[120] Train acc: 0.9844
6, 252, 0.0526, 0.0002, 98.438, 100.000, 0.988, 1.000, 
[135] Train acc: 1.0000
6, 252, 0.0031, 0.0002, 100.000, 100.000, 0.988, 1.000, 
[150] Train acc: 1.0000
6, 252, 0.0227, 0.0002, 100.000, 100.000, 0.986, 1.000, 
[165] Train acc: 1.0000
6, 252, 0.0111, 0.0002, 100.000, 100.000, 0.986, 1.000, 
[180] Train acc: 1.0000
6, 252, 0.0106, 0.0002, 100.000, 100.000, 0.988, 1.000, 
[195] Train acc: 0.9688
6, 252, 0.0541, 0.0002, 96.875, 100.000, 0.988, 1.000, 
[210] Train acc: 0.9844
6, 252, 0.0496, 0.0002, 98.438, 100.000, 0.987, 1.000, 
[225] Train acc: 0.9688
6, 252, 0.0520, 0.0002, 96.875, 100.000, 0.989, 1.000, 
[240] Train acc: 1.0000
6, 252, 0.0066, 0.0002, 100.000, 100.000, 0.986, 1.000, 
[255] Train acc: 0.9844
6, 252, 0.0878, 0.0002, 98.438, 100.000, 0.987, 1.000, 
[270] Train acc: 1.0000
6, 252, 0.0132, 0.0002, 100.000, 100.000, 0.988, 1.000, 
[285] Train acc: 0.9688
6, 252, 0.0930, 0.0002, 96.875, 100.000, 0.988, 1.000, 
[300] Train acc: 0.9844
6, 252, 0.1033, 0.0002, 98.438, 100.000, 0.985, 1.000, 
[315] Train acc: 1.0000
6, 252, 0.0046, 0.0002, 100.000, 100.000, 0.988, 1.000, 
[330] Train acc: 0.9844
6, 252, 0.0216, 0.0002, 98.438, 100.000, 0.988, 1.000, 
[345] Train acc: 0.9688
6, 252, 0.1465, 0.0002, 96.875, 100.000, 0.989, 1.000, 
[360] Train acc: 0.9844
6, 252, 0.0298, 0.0002, 98.438, 100.000, 0.990, 1.000, 
[375] Train acc: 0.9844
6, 252, 0.0448, 0.0003, 98.438, 100.000, 0.984, 1.000, 
[390] Train acc: 0.9844
6, 252, 0.0541, 0.0002, 98.438, 100.000, 0.987, 1.000, 
[405] Train acc: 1.0000
6, 252, 0.0164, 0.0002, 100.000, 100.000, 0.984, 1.000, 
[420] Train acc: 1.0000
6, 252, 0.0045, 0.0002, 100.000, 100.000, 0.985, 1.000, 
[435] Train acc: 1.0000
6, 252, 0.0035, 0.0002, 100.000, 100.000, 0.988, 1.000, 
[450] Train acc: 1.0000
6, 252, 0.0090, 0.0002, 100.000, 100.000, 0.986, 1.000, 
[465] Train acc: 0.9844
6, 252, 0.0272, 0.0002, 98.438, 100.000, 0.989, 1.000, 
[480] Train acc: 1.0000
6, 252, 0.0067, 0.0002, 100.000, 100.000, 0.988, 1.000, 
[495] Train acc: 1.0000
6, 252, 0.0115, 0.0002, 100.000, 100.000, 0.987, 1.000, 
[510] Train acc: 0.9688
6, 252, 0.1064, 0.0002, 96.875, 100.000, 0.986, 1.000, 
[525] Train acc: 0.9688
6, 252, 0.0514, 0.0002, 96.875, 100.000, 0.991, 1.000, 
[540] Train acc: 0.9844
6, 252, 0.0582, 0.0002, 98.438, 100.000, 0.986, 1.000, 
[555] Train acc: 1.0000
6, 252, 0.0139, 0.0002, 100.000, 100.000, 0.989, 1.000, 
[570] Train acc: 0.9688
6, 252, 0.0436, 0.0002, 96.875, 100.000, 0.989, 1.000, 
[585] Train acc: 0.9844
6, 252, 0.0471, 0.0002, 98.438, 100.000, 0.988, 1.000, 
[600] Train acc: 1.0000
6, 252, 0.0010, 0.0002, 100.000, 100.000, 0.986, 1.000, 
[615] Train acc: 1.0000
6, 252, 0.0274, 0.0002, 100.000, 100.000, 0.989, 1.000, 
[630] Train acc: 0.9844
6, 252, 0.0533, 0.0002, 98.438, 100.000, 0.981, 1.000, 
[645] Train acc: 1.0000
6, 252, 0.0045, 0.0002, 100.000, 100.000, 0.989, 1.000, 
[660] Train acc: 1.0000
6, 252, 0.0103, 0.0002, 100.000, 100.000, 0.988, 1.000, 
[675] Train acc: 1.0000
6, 252, 0.0031, 0.0002, 100.000, 100.000, 0.990, 1.000, 
[690] Train acc: 1.0000
6, 252, 0.0067, 0.0002, 100.000, 100.000, 0.988, 1.000, 
[705] Train acc: 1.0000
6, 252, 0.0077, 0.0002, 100.000, 100.000, 0.986, 1.000, 
[720] Train acc: 0.9844
6, 252, 0.0290, 0.0002, 98.438, 100.000, 0.985, 1.000, 
[735] Train acc: 0.9844
6, 252, 0.0469, 0.0002, 98.438, 100.000, 0.988, 1.000, 
[750] Train acc: 0.9844
6, 252, 0.0277, 0.0002, 98.438, 100.000, 0.990, 1.000, 
[765] Train acc: 1.0000
6, 252, 0.0017, 0.0002, 100.000, 100.000, 0.989, 1.000, 
[780] Train acc: 1.0000
6, 252, 0.0126, 0.0002, 100.000, 100.000, 0.987, 1.000, 
[795] Train acc: 0.9844
6, 252, 0.0272, 0.0002, 98.438, 100.000, 0.988, 1.000, 
[810] Train acc: 1.0000
6, 252, 0.0162, 0.0002, 100.000, 100.000, 0.988, 1.000, 
[825] Train acc: 0.9688
6, 252, 0.0488, 0.0002, 96.875, 100.000, 0.988, 1.000, 
[840] Train acc: 0.9844
6, 252, 0.0506, 0.0002, 98.438, 100.000, 0.987, 1.000, 
[855] Train acc: 1.0000
6, 252, 0.0059, 0.0002, 100.000, 100.000, 0.987, 1.000, 
[870] Train acc: 1.0000
6, 252, 0.0069, 0.0002, 100.000, 100.000, 0.987, 1.000, 
[885] Train acc: 0.9688
6, 252, 0.0715, 0.0002, 96.875, 100.000, 0.987, 1.000, 
[900] Train acc: 1.0000
6, 252, 0.0087, 0.0002, 100.000, 100.000, 0.989, 1.000, 
[915] Train acc: 1.0000
6, 252, 0.0105, 0.0002, 100.000, 100.000, 0.988, 1.000, 
[930] Train acc: 1.0000
6, 252, 0.0081, 0.0002, 100.000, 100.000, 0.987, 1.000, 
[0] Train acc: 1.0000, Constr acc: 0.7188, CE loss: 0.005, DL2 loss: 8.122
7, 252, 0.0049, 0.0004, 100.000, 100.000, 0.915, 1.000, 
[15] Train acc: 0.9375, Constr acc: 0.8750, CE loss: 0.128, DL2 loss: 6.447
7, 251, 0.1284, 0.0002, 93.750, 100.000, 0.957, 1.000, 
[30] Train acc: 0.9219, Constr acc: 0.9688, CE loss: 0.225, DL2 loss: 1.761
7, 250, 0.2246, 0.0002, 92.188, 100.000, 0.960, 1.000, 
[45] Train acc: 0.9375, Constr acc: 0.9062, CE loss: 0.220, DL2 loss: 3.806
7, 249, 0.2198, 0.0002, 93.750, 100.000, 0.966, 1.000, 
[60] Train acc: 1.0000, Constr acc: 0.8438, CE loss: 0.005, DL2 loss: 7.476
7, 248, 0.0052, 0.0001, 100.000, 100.000, 0.962, 1.000, 
[75] Train acc: 0.9531, Constr acc: 0.8750, CE loss: 0.120, DL2 loss: 5.445
7, 247, 0.1197, 0.0001, 95.312, 100.000, 0.971, 1.000, 
[90] Train acc: 0.9531, Constr acc: 0.8750, CE loss: 0.240, DL2 loss: 4.466
7, 246, 0.2399, 0.0002, 95.312, 100.000, 0.951, 1.000, 
[105] Train acc: 0.9531, Constr acc: 0.7812, CE loss: 0.263, DL2 loss: 7.705
7, 245, 0.2633, 0.0002, 95.312, 100.000, 0.949, 1.000, 
[120] Train acc: 0.9531, Constr acc: 0.9688, CE loss: 0.170, DL2 loss: 0.302
7, 244, 0.1700, 0.0001, 95.312, 100.000, 0.966, 1.000, 
[135] Train acc: 0.9844, Constr acc: 0.9688, CE loss: 0.030, DL2 loss: 0.122
7, 243, 0.0298, 0.0002, 98.438, 100.000, 0.952, 1.000, 
[150] Train acc: 0.9844, Constr acc: 0.7812, CE loss: 0.043, DL2 loss: 14.070
7, 242, 0.0427, 0.0002, 98.438, 100.000, 0.944, 1.000, 
[165] Train acc: 1.0000, Constr acc: 0.9062, CE loss: 0.005, DL2 loss: 5.548
7, 241, 0.0054, 0.0002, 100.000, 100.000, 0.953, 1.000, 
[180] Train acc: 0.9531, Constr acc: 0.9375, CE loss: 0.264, DL2 loss: 0.979
7, 240, 0.2640, 0.0003, 95.312, 100.000, 0.929, 1.000, 
[195] Train acc: 0.9219, Constr acc: 0.6875, CE loss: 0.452, DL2 loss: 12.053
7, 239, 0.4525, 0.0003, 92.188, 98.438, 0.915, 1.000, 
[210] Train acc: 1.0000, Constr acc: 0.8438, CE loss: 0.013, DL2 loss: 4.605
7, 238, 0.0129, 0.0001, 100.000, 100.000, 0.962, 1.000, 
[225] Train acc: 0.9688, Constr acc: 0.8750, CE loss: 0.056, DL2 loss: 4.603
7, 237, 0.0564, 0.0002, 96.875, 100.000, 0.948, 1.000, 
[240] Train acc: 0.9375, Constr acc: 0.9062, CE loss: 0.236, DL2 loss: 3.757
7, 236, 0.2357, 0.0001, 93.750, 98.438, 0.966, 1.000, 
[255] Train acc: 0.9688, Constr acc: 0.9062, CE loss: 0.065, DL2 loss: 2.252
7, 235, 0.0647, 0.0002, 96.875, 100.000, 0.941, 1.000, 
[270] Train acc: 0.8438, Constr acc: 0.8438, CE loss: 0.885, DL2 loss: 9.029
7, 234, 0.8850, 0.0003, 84.375, 100.000, 0.879, 1.000, 
[285] Train acc: 0.8594, Constr acc: 0.7500, CE loss: 0.976, DL2 loss: 10.977
7, 233, 0.9758, 0.0002, 85.938, 100.000, 0.941, 1.000, 
[300] Train acc: 0.9531, Constr acc: 0.8750, CE loss: 0.206, DL2 loss: 4.395
7, 232, 0.2064, 0.0002, 95.312, 100.000, 0.931, 1.000, 
[315] Train acc: 0.9531, Constr acc: 0.9375, CE loss: 0.179, DL2 loss: 2.200
7, 231, 0.1788, 0.0004, 95.312, 100.000, 0.867, 1.000, 
[330] Train acc: 0.9844, Constr acc: 0.9062, CE loss: 0.091, DL2 loss: 2.399
7, 230, 0.0914, 0.0004, 98.438, 100.000, 0.910, 1.000, 
[345] Train acc: 0.9375, Constr acc: 0.8750, CE loss: 0.239, DL2 loss: 2.385
7, 229, 0.2389, 0.0001, 93.750, 100.000, 0.971, 1.000, 
[360] Train acc: 0.7969, Constr acc: 0.8750, CE loss: 1.940, DL2 loss: 6.033
7, 228, 1.9396, 0.0003, 79.688, 100.000, 0.922, 1.000, 
[375] Train acc: 0.9531, Constr acc: 0.9688, CE loss: 0.209, DL2 loss: 3.683
7, 227, 0.2088, 0.0001, 95.312, 100.000, 0.968, 1.000, 
[390] Train acc: 0.9688, Constr acc: 0.9375, CE loss: 0.112, DL2 loss: 4.981
7, 226, 0.1122, 0.0001, 96.875, 100.000, 0.973, 1.000, 
[405] Train acc: 0.9531, Constr acc: 0.9688, CE loss: 0.306, DL2 loss: 3.665
7, 225, 0.3065, 0.0001, 95.312, 98.438, 0.970, 1.000, 
[420] Train acc: 0.9688, Constr acc: 0.9375, CE loss: 0.124, DL2 loss: 0.354
7, 224, 0.1241, 0.0001, 96.875, 100.000, 0.974, 1.000, 
[435] Train acc: 0.9531, Constr acc: 0.9375, CE loss: 0.247, DL2 loss: 0.707
7, 223, 0.2473, 0.0002, 95.312, 100.000, 0.955, 1.000, 
[450] Train acc: 0.9844, Constr acc: 0.8125, CE loss: 0.114, DL2 loss: 8.244
7, 222, 0.1142, 0.0001, 98.438, 100.000, 0.975, 1.000, 
[465] Train acc: 0.9844, Constr acc: 0.7812, CE loss: 0.039, DL2 loss: 12.122
7, 221, 0.0386, 0.0002, 98.438, 100.000, 0.941, 1.000, 
[480] Train acc: 0.9375, Constr acc: 0.8438, CE loss: 0.187, DL2 loss: 6.766
7, 220, 0.1873, 0.0001, 93.750, 100.000, 0.969, 1.000, 
[495] Train acc: 0.9531, Constr acc: 0.8438, CE loss: 0.221, DL2 loss: 6.626
7, 219, 0.2207, 0.0001, 95.312, 100.000, 0.968, 1.000, 
[510] Train acc: 0.9531, Constr acc: 0.8438, CE loss: 0.080, DL2 loss: 5.156
7, 218, 0.0802, 0.0002, 95.312, 100.000, 0.961, 1.000, 
[525] Train acc: 0.9375, Constr acc: 0.8438, CE loss: 0.386, DL2 loss: 6.931
7, 217, 0.3860, 0.0001, 93.750, 100.000, 0.969, 1.000, 
[540] Train acc: 1.0000, Constr acc: 0.9375, CE loss: 0.007, DL2 loss: 5.437
7, 216, 0.0067, 0.0001, 100.000, 100.000, 0.965, 1.000, 
[555] Train acc: 0.9375, Constr acc: 0.8125, CE loss: 0.388, DL2 loss: 5.496
7, 215, 0.3878, 0.0001, 93.750, 100.000, 0.958, 1.000, 
[570] Train acc: 0.9688, Constr acc: 0.9375, CE loss: 0.055, DL2 loss: 4.382
7, 214, 0.0548, 0.0001, 96.875, 100.000, 0.963, 1.000, 
[585] Train acc: 0.9844, Constr acc: 0.8438, CE loss: 0.031, DL2 loss: 2.809
7, 213, 0.0307, 0.0007, 98.438, 100.000, 0.802, 1.000, 
[600] Train acc: 0.9688, Constr acc: 0.8438, CE loss: 0.239, DL2 loss: 4.841
7, 212, 0.2386, 0.0002, 96.875, 100.000, 0.955, 1.000, 
[615] Train acc: 0.9844, Constr acc: 0.9062, CE loss: 0.012, DL2 loss: 3.149
7, 211, 0.0122, 0.0002, 98.438, 100.000, 0.956, 1.000, 
[630] Train acc: 0.9062, Constr acc: 0.8750, CE loss: 0.508, DL2 loss: 7.690
7, 210, 0.5076, 0.0002, 90.625, 98.438, 0.934, 1.000, 
[645] Train acc: 0.9375, Constr acc: 0.8750, CE loss: 0.220, DL2 loss: 4.638
7, 209, 0.2201, 0.0001, 93.750, 100.000, 0.959, 1.000, 
[660] Train acc: 1.0000, Constr acc: 0.9375, CE loss: 0.001, DL2 loss: 4.597
7, 208, 0.0015, 0.0002, 100.000, 100.000, 0.957, 1.000, 
[675] Train acc: 0.9844, Constr acc: 0.7500, CE loss: 0.181, DL2 loss: 11.881
7, 207, 0.1809, 0.0001, 98.438, 100.000, 0.966, 1.000, 
[690] Train acc: 0.9375, Constr acc: 0.8750, CE loss: 0.400, DL2 loss: 5.248
7, 206, 0.4004, 0.0002, 93.750, 100.000, 0.936, 1.000, 
[705] Train acc: 0.9844, Constr acc: 0.9062, CE loss: 0.040, DL2 loss: 3.320
7, 205, 0.0398, 0.0001, 98.438, 100.000, 0.965, 1.000, 
[720] Train acc: 0.9844, Constr acc: 0.9375, CE loss: 0.020, DL2 loss: 3.000
7, 204, 0.0199, 0.0001, 98.438, 100.000, 0.970, 1.000, 
[735] Train acc: 0.9688, Constr acc: 0.8750, CE loss: 0.116, DL2 loss: 7.984
7, 203, 0.1158, 0.0001, 96.875, 100.000, 0.970, 1.000, 
[750] Train acc: 0.9688, Constr acc: 0.9062, CE loss: 0.055, DL2 loss: 2.081
7, 202, 0.0554, 0.0001, 96.875, 100.000, 0.974, 1.000, 
[765] Train acc: 0.9844, Constr acc: 1.0000, CE loss: 0.058, DL2 loss: 0.000
7, 201, 0.0582, 0.0001, 98.438, 100.000, 0.970, 1.000, 
[780] Train acc: 0.9688, Constr acc: 0.9062, CE loss: 0.103, DL2 loss: 1.667
7, 200, 0.1025, 0.0002, 96.875, 100.000, 0.966, 1.000, 
[795] Train acc: 0.9688, Constr acc: 0.9375, CE loss: 0.078, DL2 loss: 3.055
7, 199, 0.0776, 0.0001, 96.875, 100.000, 0.968, 1.000, 
[810] Train acc: 0.9375, Constr acc: 0.9375, CE loss: 0.440, DL2 loss: 2.302
7, 198, 0.4404, 0.0001, 93.750, 100.000, 0.967, 1.000, 
[825] Train acc: 0.9844, Constr acc: 0.8750, CE loss: 0.053, DL2 loss: 4.071
7, 197, 0.0528, 0.0002, 98.438, 100.000, 0.961, 1.000, 
[840] Train acc: 0.9688, Constr acc: 0.9688, CE loss: 0.133, DL2 loss: 1.919
7, 196, 0.1329, 0.0001, 96.875, 100.000, 0.971, 1.000, 
[855] Train acc: 0.9531, Constr acc: 0.8750, CE loss: 0.120, DL2 loss: 9.042
7, 195, 0.1196, 0.0001, 95.312, 100.000, 0.967, 1.000, 
[870] Train acc: 0.9531, Constr acc: 1.0000, CE loss: 0.488, DL2 loss: 0.000
7, 194, 0.4883, 0.0001, 95.312, 98.438, 0.963, 1.000, 
[885] Train acc: 0.9844, Constr acc: 0.8750, CE loss: 0.138, DL2 loss: 11.476
7, 193, 0.1377, 0.0002, 98.438, 100.000, 0.959, 1.000, 
[900] Train acc: 0.9531, Constr acc: 0.9375, CE loss: 0.307, DL2 loss: 2.555
7, 192, 0.3072, 0.0001, 95.312, 100.000, 0.972, 1.000, 
[915] Train acc: 0.9531, Constr acc: 0.8438, CE loss: 0.245, DL2 loss: 6.182
7, 191, 0.2452, 0.0001, 95.312, 100.000, 0.973, 1.000, 
[930] Train acc: 0.9531, Constr acc: 0.9375, CE loss: 0.260, DL2 loss: 2.034
7, 190, 0.2597, 0.0001, 95.312, 100.000, 0.973, 1.000, 
[0] Train acc: 0.9844, Constr acc: 0.9062, CE loss: 0.065, DL2 loss: 7.549
8, 190, 0.0653, 0.0001, 98.438, 100.000, 0.958, 1.000, 
[15] Train acc: 0.9688, Constr acc: 0.9062, CE loss: 0.112, DL2 loss: 3.194
8, 189, 0.1118, 0.0001, 96.875, 100.000, 0.975, 1.000, 
[30] Train acc: 0.9688, Constr acc: 0.9062, CE loss: 0.141, DL2 loss: 5.379
8, 188, 0.1413, 0.0001, 96.875, 100.000, 0.974, 1.000, 
[45] Train acc: 0.9844, Constr acc: 0.8750, CE loss: 0.163, DL2 loss: 9.862
8, 187, 0.1627, 0.0001, 98.438, 98.438, 0.978, 1.000, 
[60] Train acc: 0.9375, Constr acc: 0.8125, CE loss: 0.518, DL2 loss: 5.847
8, 186, 0.5181, 0.0001, 93.750, 100.000, 0.974, 1.000, 
[75] Train acc: 0.9844, Constr acc: 0.8438, CE loss: 0.039, DL2 loss: 4.827
8, 185, 0.0392, 0.0002, 98.438, 100.000, 0.954, 1.000, 
[90] Train acc: 0.9531, Constr acc: 0.9062, CE loss: 0.129, DL2 loss: 4.919
8, 184, 0.1286, 0.0001, 95.312, 100.000, 0.971, 1.000, 
[105] Train acc: 0.9844, Constr acc: 0.9688, CE loss: 0.146, DL2 loss: 1.576
8, 183, 0.1462, 0.0001, 98.438, 100.000, 0.972, 1.000, 
[120] Train acc: 0.9219, Constr acc: 0.9688, CE loss: 0.540, DL2 loss: 0.659
8, 182, 0.5397, 0.0001, 92.188, 100.000, 0.966, 1.000, 
[135] Train acc: 1.0000, Constr acc: 0.9062, CE loss: 0.007, DL2 loss: 5.042
8, 181, 0.0067, 0.0001, 100.000, 100.000, 0.974, 1.000, 
[150] Train acc: 0.9844, Constr acc: 0.9375, CE loss: 0.023, DL2 loss: 3.128
8, 180, 0.0233, 0.0001, 98.438, 100.000, 0.978, 1.000, 
[165] Train acc: 0.9844, Constr acc: 0.9062, CE loss: 0.044, DL2 loss: 3.467
8, 179, 0.0438, 0.0001, 98.438, 100.000, 0.970, 1.000, 
[180] Train acc: 0.9844, Constr acc: 0.9688, CE loss: 0.036, DL2 loss: 3.378
8, 178, 0.0361, 0.0001, 98.438, 100.000, 0.972, 1.000, 
[195] Train acc: 0.9844, Constr acc: 0.9062, CE loss: 0.248, DL2 loss: 4.321
8, 177, 0.2481, 0.0001, 98.438, 100.000, 0.973, 1.000, 
[210] Train acc: 0.9688, Constr acc: 0.8125, CE loss: 0.168, DL2 loss: 9.259
8, 176, 0.1680, 0.0002, 96.875, 100.000, 0.933, 1.000, 
[225] Train acc: 0.9844, Constr acc: 1.0000, CE loss: 0.026, DL2 loss: 0.000
8, 175, 0.0261, 0.0001, 98.438, 100.000, 0.975, 1.000, 
[240] Train acc: 0.9688, Constr acc: 0.8750, CE loss: 0.166, DL2 loss: 5.850
8, 174, 0.1662, 0.0001, 96.875, 100.000, 0.972, 1.000, 
[255] Train acc: 0.9531, Constr acc: 0.9062, CE loss: 0.300, DL2 loss: 6.666
8, 173, 0.3004, 0.0001, 95.312, 100.000, 0.968, 1.000, 
[270] Train acc: 0.9688, Constr acc: 0.9688, CE loss: 0.337, DL2 loss: 1.278
8, 172, 0.3366, 0.0001, 96.875, 100.000, 0.978, 1.000, 
[285] Train acc: 1.0000, Constr acc: 0.9375, CE loss: 0.001, DL2 loss: 1.910
8, 171, 0.0014, 0.0001, 100.000, 100.000, 0.976, 1.000, 
[300] Train acc: 0.9844, Constr acc: 0.9688, CE loss: 0.015, DL2 loss: 0.630
8, 170, 0.0153, 0.0001, 98.438, 100.000, 0.969, 1.000, 
[315] Train acc: 0.9375, Constr acc: 0.9062, CE loss: 0.209, DL2 loss: 7.394
8, 169, 0.2095, 0.0001, 93.750, 98.438, 0.974, 1.000, 
[330] Train acc: 1.0000, Constr acc: 1.0000, CE loss: 0.000, DL2 loss: 0.000
8, 168, 0.0002, 0.0001, 100.000, 100.000, 0.977, 1.000, 
[345] Train acc: 0.9531, Constr acc: 0.8750, CE loss: 0.390, DL2 loss: 5.187
8, 167, 0.3901, 0.0001, 95.312, 100.000, 0.970, 1.000, 
[360] Train acc: 0.9375, Constr acc: 0.8750, CE loss: 0.559, DL2 loss: 4.855
8, 166, 0.5590, 0.0001, 93.750, 100.000, 0.966, 1.000, 
[375] Train acc: 0.9844, Constr acc: 0.9688, CE loss: 0.014, DL2 loss: 2.260
8, 165, 0.0143, 0.0001, 98.438, 100.000, 0.975, 1.000, 
[390] Train acc: 0.9531, Constr acc: 0.9062, CE loss: 0.289, DL2 loss: 3.110
8, 164, 0.2889, 0.0001, 95.312, 100.000, 0.976, 1.000, 
[405] Train acc: 1.0000, Constr acc: 0.9688, CE loss: 0.004, DL2 loss: 2.191
8, 163, 0.0043, 0.0001, 100.000, 100.000, 0.975, 1.000, 
[420] Train acc: 0.9688, Constr acc: 0.9375, CE loss: 0.120, DL2 loss: 3.663
8, 162, 0.1199, 0.0001, 96.875, 100.000, 0.978, 1.000, 
[435] Train acc: 0.9531, Constr acc: 0.9375, CE loss: 0.503, DL2 loss: 3.699
8, 161, 0.5028, 0.0001, 95.312, 100.000, 0.960, 1.000, 
[450] Train acc: 0.9688, Constr acc: 0.9375, CE loss: 0.037, DL2 loss: 5.756
8, 160, 0.0374, 0.0001, 96.875, 100.000, 0.979, 1.000, 
[465] Train acc: 0.9531, Constr acc: 0.9062, CE loss: 0.258, DL2 loss: 3.418
8, 159, 0.2578, 0.0001, 95.312, 100.000, 0.977, 1.000, 
[480] Train acc: 0.9844, Constr acc: 0.8750, CE loss: 0.062, DL2 loss: 6.114
8, 158, 0.0623, 0.0001, 98.438, 100.000, 0.970, 1.000, 
[495] Train acc: 1.0000, Constr acc: 0.9375, CE loss: 0.009, DL2 loss: 1.506
8, 157, 0.0093, 0.0001, 100.000, 100.000, 0.977, 1.000, 
[510] Train acc: 1.0000, Constr acc: 0.9375, CE loss: 0.009, DL2 loss: 1.033
8, 156, 0.0092, 0.0001, 100.000, 100.000, 0.979, 1.000, 
[525] Train acc: 0.9688, Constr acc: 0.9688, CE loss: 0.028, DL2 loss: 0.072
8, 155, 0.0277, 0.0001, 96.875, 100.000, 0.976, 1.000, 
[540] Train acc: 0.9688, Constr acc: 0.8750, CE loss: 0.265, DL2 loss: 4.899
8, 154, 0.2654, 0.0001, 96.875, 100.000, 0.979, 1.000, 
[555] Train acc: 0.9688, Constr acc: 0.9375, CE loss: 0.090, DL2 loss: 3.652
8, 153, 0.0902, 0.0001, 96.875, 100.000, 0.975, 1.000, 
[570] Train acc: 0.9844, Constr acc: 0.9375, CE loss: 0.040, DL2 loss: 4.393
8, 152, 0.0404, 0.0001, 98.438, 100.000, 0.971, 1.000, 
[585] Train acc: 1.0000, Constr acc: 0.9375, CE loss: 0.001, DL2 loss: 3.658
8, 151, 0.0009, 0.0002, 100.000, 100.000, 0.949, 1.000, 
[600] Train acc: 0.9844, Constr acc: 0.8750, CE loss: 0.048, DL2 loss: 3.710
8, 150, 0.0485, 0.0001, 98.438, 100.000, 0.978, 1.000, 
[615] Train acc: 0.9688, Constr acc: 0.9375, CE loss: 0.278, DL2 loss: 1.245
8, 149, 0.2778, 0.0001, 96.875, 100.000, 0.963, 1.000, 
[630] Train acc: 0.9688, Constr acc: 0.9062, CE loss: 0.069, DL2 loss: 5.625
8, 148, 0.0687, 0.0004, 96.875, 100.000, 0.906, 1.000, 
[645] Train acc: 0.9375, Constr acc: 0.9375, CE loss: 0.234, DL2 loss: 2.963
8, 147, 0.2343, 0.0001, 93.750, 100.000, 0.974, 1.000, 
[660] Train acc: 0.9688, Constr acc: 0.8125, CE loss: 0.421, DL2 loss: 8.182
8, 146, 0.4213, 0.0001, 96.875, 100.000, 0.972, 1.000, 
[675] Train acc: 0.9531, Constr acc: 0.8438, CE loss: 0.087, DL2 loss: 6.365
8, 145, 0.0870, 0.0001, 95.312, 100.000, 0.977, 1.000, 
[690] Train acc: 0.9844, Constr acc: 0.8750, CE loss: 0.157, DL2 loss: 7.181
8, 144, 0.1566, 0.0002, 98.438, 100.000, 0.927, 1.000, 
[705] Train acc: 0.9375, Constr acc: 0.9375, CE loss: 0.505, DL2 loss: 0.799
8, 143, 0.5051, 0.0002, 93.750, 100.000, 0.959, 1.000, 
[720] Train acc: 0.9531, Constr acc: 0.8750, CE loss: 0.088, DL2 loss: 5.411
8, 142, 0.0878, 0.0001, 95.312, 100.000, 0.968, 1.000, 
[735] Train acc: 0.9688, Constr acc: 0.9062, CE loss: 0.223, DL2 loss: 5.283
8, 141, 0.2233, 0.0001, 96.875, 100.000, 0.967, 1.000, 
[750] Train acc: 0.9375, Constr acc: 0.9375, CE loss: 0.269, DL2 loss: 0.937
8, 140, 0.2691, 0.0001, 93.750, 100.000, 0.973, 1.000, 
[765] Train acc: 0.8906, Constr acc: 0.8125, CE loss: 0.478, DL2 loss: 5.855
8, 139, 0.4778, 0.0001, 89.062, 100.000, 0.962, 1.000, 
[780] Train acc: 0.9375, Constr acc: 0.9062, CE loss: 0.489, DL2 loss: 4.254
8, 138, 0.4886, 0.0001, 93.750, 100.000, 0.967, 1.000, 
[795] Train acc: 1.0000, Constr acc: 0.8125, CE loss: 0.003, DL2 loss: 8.689
8, 137, 0.0032, 0.0001, 100.000, 100.000, 0.964, 1.000, 
[810] Train acc: 0.9375, Constr acc: 1.0000, CE loss: 0.198, DL2 loss: 0.000
8, 136, 0.1979, 0.0001, 93.750, 100.000, 0.972, 1.000, 
[825] Train acc: 0.9688, Constr acc: 0.9375, CE loss: 0.085, DL2 loss: 3.211
8, 135, 0.0850, 0.0001, 96.875, 100.000, 0.971, 1.000, 
[840] Train acc: 0.9844, Constr acc: 0.9062, CE loss: 0.036, DL2 loss: 4.704
8, 134, 0.0363, 0.0001, 98.438, 100.000, 0.974, 1.000, 
[855] Train acc: 0.9688, Constr acc: 0.8438, CE loss: 0.127, DL2 loss: 8.966
8, 133, 0.1275, 0.0001, 96.875, 100.000, 0.970, 1.000, 
[870] Train acc: 0.9844, Constr acc: 0.8750, CE loss: 0.401, DL2 loss: 5.377
8, 132, 0.4009, 0.0002, 98.438, 98.438, 0.957, 1.000, 
[885] Train acc: 1.0000, Constr acc: 0.9062, CE loss: 0.010, DL2 loss: 4.629
8, 131, 0.0104, 0.0001, 100.000, 100.000, 0.975, 1.000, 
[900] Train acc: 0.9688, Constr acc: 0.9688, CE loss: 0.289, DL2 loss: 0.024
8, 130, 0.2891, 0.0001, 96.875, 98.438, 0.972, 1.000, 
[915] Train acc: 0.9844, Constr acc: 0.8750, CE loss: 0.094, DL2 loss: 6.086
8, 129, 0.0937, 0.0001, 98.438, 100.000, 0.978, 1.000, 
[930] Train acc: 0.9531, Constr acc: 0.9688, CE loss: 0.147, DL2 loss: 1.048
8, 128, 0.1469, 0.0001, 95.312, 100.000, 0.974, 1.000, 
[0] Train acc: 0.9688, Constr acc: 0.8438, CE loss: 0.426, DL2 loss: 9.934
9, 127, 0.4262, 0.0001, 96.875, 100.000, 0.976, 1.000, 
[15] Train acc: 0.9844, Constr acc: 0.8125, CE loss: 0.070, DL2 loss: 10.731
9, 126, 0.0704, 0.0001, 98.438, 100.000, 0.977, 1.000, 
[30] Train acc: 0.9531, Constr acc: 0.8438, CE loss: 0.168, DL2 loss: 10.299
9, 125, 0.1681, 0.0001, 95.312, 100.000, 0.977, 1.000, 
[45] Train acc: 0.9688, Constr acc: 0.9062, CE loss: 0.407, DL2 loss: 3.977
9, 124, 0.4069, 0.0001, 96.875, 98.438, 0.978, 1.000, 
[60] Train acc: 1.0000, Constr acc: 0.9375, CE loss: 0.018, DL2 loss: 4.107
9, 123, 0.0182, 0.0001, 100.000, 100.000, 0.978, 1.000, 
[75] Train acc: 1.0000, Constr acc: 0.9688, CE loss: 0.013, DL2 loss: 0.125
9, 122, 0.0135, 0.0001, 100.000, 100.000, 0.977, 1.000, 
[90] Train acc: 0.9688, Constr acc: 0.7812, CE loss: 0.094, DL2 loss: 3.961
9, 121, 0.0945, 0.0001, 96.875, 100.000, 0.978, 1.000, 
[105] Train acc: 1.0000, Constr acc: 0.9062, CE loss: 0.001, DL2 loss: 4.893
9, 120, 0.0006, 0.0001, 100.000, 100.000, 0.977, 1.000, 
[120] Train acc: 0.9531, Constr acc: 0.9688, CE loss: 0.081, DL2 loss: 2.131
9, 119, 0.0811, 0.0001, 95.312, 100.000, 0.981, 1.000, 
[135] Train acc: 1.0000, Constr acc: 0.8750, CE loss: 0.007, DL2 loss: 2.868
9, 118, 0.0070, 0.0001, 100.000, 100.000, 0.981, 1.000, 
[150] Train acc: 0.8906, Constr acc: 0.9375, CE loss: 0.980, DL2 loss: 2.854
9, 117, 0.9798, 0.0003, 89.062, 100.000, 0.908, 1.000, 
[165] Train acc: 0.9688, Constr acc: 1.0000, CE loss: 0.109, DL2 loss: 0.000
9, 116, 0.1091, 0.0001, 96.875, 100.000, 0.978, 1.000, 
[180] Train acc: 0.9844, Constr acc: 0.9062, CE loss: 0.064, DL2 loss: 6.396
9, 115, 0.0639, 0.0001, 98.438, 100.000, 0.974, 1.000, 
[195] Train acc: 0.9688, Constr acc: 0.9688, CE loss: 0.049, DL2 loss: 0.045
9, 114, 0.0493, 0.0001, 96.875, 100.000, 0.979, 1.000, 
[210] Train acc: 0.9688, Constr acc: 0.8750, CE loss: 0.088, DL2 loss: 6.761
9, 113, 0.0876, 0.0001, 96.875, 100.000, 0.979, 1.000, 
[225] Train acc: 0.9531, Constr acc: 0.9062, CE loss: 0.218, DL2 loss: 2.238
9, 112, 0.2180, 0.0001, 95.312, 100.000, 0.971, 1.000, 
[240] Train acc: 0.9844, Constr acc: 0.8750, CE loss: 0.094, DL2 loss: 4.258
9, 111, 0.0942, 0.0001, 98.438, 100.000, 0.981, 1.000, 
[255] Train acc: 0.8906, Constr acc: 0.9062, CE loss: 0.373, DL2 loss: 3.182
9, 110, 0.3729, 0.0004, 89.062, 100.000, 0.880, 1.000, 
[270] Train acc: 0.9062, Constr acc: 0.8750, CE loss: 0.655, DL2 loss: 1.559
9, 109, 0.6549, 0.0002, 90.625, 98.438, 0.963, 1.000, 
[285] Train acc: 0.9688, Constr acc: 0.8438, CE loss: 0.100, DL2 loss: 6.021
9, 108, 0.1002, 0.0001, 96.875, 100.000, 0.966, 1.000, 
[300] Train acc: 0.9844, Constr acc: 0.9062, CE loss: 0.044, DL2 loss: 4.044
9, 107, 0.0441, 0.0001, 98.438, 100.000, 0.970, 1.000, 
[315] Train acc: 0.9375, Constr acc: 0.8438, CE loss: 0.231, DL2 loss: 10.780
9, 106, 0.2310, 0.0001, 93.750, 100.000, 0.967, 1.000, 
[330] Train acc: 0.8906, Constr acc: 0.8438, CE loss: 1.608, DL2 loss: 6.563
9, 105, 1.6081, 0.0003, 89.062, 100.000, 0.920, 1.000, 
[345] Train acc: 0.9844, Constr acc: 0.8750, CE loss: 0.068, DL2 loss: 1.216
9, 104, 0.0682, 0.0001, 98.438, 100.000, 0.972, 1.000, 
[360] Train acc: 1.0000, Constr acc: 0.9688, CE loss: 0.009, DL2 loss: 1.173
9, 103, 0.0089, 0.0001, 100.000, 100.000, 0.970, 1.000, 
[375] Train acc: 0.9688, Constr acc: 0.9688, CE loss: 0.146, DL2 loss: 0.739
9, 102, 0.1461, 0.0001, 96.875, 100.000, 0.968, 1.000, 
[390] Train acc: 0.9844, Constr acc: 0.9375, CE loss: 0.079, DL2 loss: 2.922
9, 101, 0.0791, 0.0001, 98.438, 100.000, 0.976, 1.000, 
[405] Train acc: 1.0000, Constr acc: 0.8125, CE loss: 0.003, DL2 loss: 6.360
9, 100, 0.0033, 0.0001, 100.000, 100.000, 0.966, 1.000, 
[420] Train acc: 0.9844, Constr acc: 0.8438, CE loss: 0.089, DL2 loss: 5.304
9, 99, 0.0888, 0.0001, 98.438, 100.000, 0.970, 1.000, 
[435] Train acc: 0.9844, Constr acc: 0.9688, CE loss: 0.071, DL2 loss: 2.104
9, 98, 0.0711, 0.0001, 98.438, 100.000, 0.965, 1.000, 
[450] Train acc: 0.9688, Constr acc: 0.9062, CE loss: 0.279, DL2 loss: 1.509
9, 97, 0.2792, 0.0001, 96.875, 100.000, 0.978, 1.000, 
[465] Train acc: 0.9688, Constr acc: 0.9062, CE loss: 0.102, DL2 loss: 4.971
9, 96, 0.1023, 0.0001, 96.875, 100.000, 0.974, 1.000, 
[480] Train acc: 0.9688, Constr acc: 0.8750, CE loss: 0.056, DL2 loss: 5.634
9, 95, 0.0564, 0.0002, 96.875, 100.000, 0.956, 1.000, 
[495] Train acc: 1.0000, Constr acc: 0.8750, CE loss: 0.009, DL2 loss: 4.832
9, 94, 0.0093, 0.0001, 100.000, 100.000, 0.974, 1.000, 
[510] Train acc: 0.9844, Constr acc: 0.8750, CE loss: 0.144, DL2 loss: 7.589
9, 93, 0.1445, 0.0002, 98.438, 100.000, 0.945, 1.000, 
[525] Train acc: 0.9062, Constr acc: 0.8438, CE loss: 0.386, DL2 loss: 8.496
9, 92, 0.3863, 0.0001, 90.625, 100.000, 0.959, 1.000, 
[540] Train acc: 0.9688, Constr acc: 0.8125, CE loss: 0.095, DL2 loss: 8.925
9, 91, 0.0953, 0.0001, 96.875, 100.000, 0.973, 1.000, 
[555] Train acc: 0.9844, Constr acc: 0.8750, CE loss: 0.031, DL2 loss: 3.757
9, 90, 0.0313, 0.0001, 98.438, 100.000, 0.975, 1.000, 
[570] Train acc: 1.0000, Constr acc: 0.9375, CE loss: 0.003, DL2 loss: 2.079
9, 89, 0.0027, 0.0001, 100.000, 100.000, 0.968, 1.000, 
[585] Train acc: 1.0000, Constr acc: 0.8438, CE loss: 0.000, DL2 loss: 6.558
9, 88, 0.0004, 0.0001, 100.000, 100.000, 0.974, 1.000, 
[600] Train acc: 0.9844, Constr acc: 0.7812, CE loss: 0.094, DL2 loss: 9.147
9, 87, 0.0942, 0.0001, 98.438, 100.000, 0.970, 1.000, 
[615] Train acc: 0.9531, Constr acc: 0.8750, CE loss: 0.070, DL2 loss: 7.349
9, 86, 0.0703, 0.0002, 95.312, 100.000, 0.966, 1.000, 
[630] Train acc: 1.0000, Constr acc: 0.8438, CE loss: 0.001, DL2 loss: 7.578
9, 85, 0.0013, 0.0001, 100.000, 100.000, 0.969, 1.000, 
[645] Train acc: 0.9688, Constr acc: 0.8750, CE loss: 0.064, DL2 loss: 8.273
9, 84, 0.0635, 0.0001, 96.875, 100.000, 0.969, 1.000, 
[660] Train acc: 0.9688, Constr acc: 0.7500, CE loss: 0.229, DL2 loss: 13.819
9, 83, 0.2287, 0.0001, 96.875, 98.438, 0.971, 1.000, 
[675] Train acc: 0.9375, Constr acc: 0.9062, CE loss: 0.594, DL2 loss: 2.076
9, 82, 0.5939, 0.0001, 93.750, 98.438, 0.972, 1.000, 
[690] Train acc: 1.0000, Constr acc: 0.9688, CE loss: 0.001, DL2 loss: 0.154
9, 81, 0.0006, 0.0001, 100.000, 100.000, 0.972, 1.000, 
[705] Train acc: 1.0000, Constr acc: 0.9375, CE loss: 0.012, DL2 loss: 2.937
9, 80, 0.0116, 0.0006, 100.000, 100.000, 0.811, 1.000, 
[720] Train acc: 0.9688, Constr acc: 0.8750, CE loss: 0.127, DL2 loss: 4.484
9, 79, 0.1269, 0.0001, 96.875, 98.438, 0.970, 1.000, 
[735] Train acc: 0.9375, Constr acc: 0.8125, CE loss: 0.459, DL2 loss: 5.962
9, 78, 0.4587, 0.0009, 93.750, 100.000, 0.827, 1.000, 
[750] Train acc: 0.9531, Constr acc: 0.8750, CE loss: 0.095, DL2 loss: 4.344
9, 77, 0.0946, 0.0002, 95.312, 100.000, 0.966, 1.000, 
[765] Train acc: 0.9375, Constr acc: 0.8438, CE loss: 0.383, DL2 loss: 3.221
9, 76, 0.3834, 0.0002, 93.750, 100.000, 0.959, 1.000, 
[780] Train acc: 0.9375, Constr acc: 0.9375, CE loss: 0.468, DL2 loss: 1.776
9, 75, 0.4682, 0.0002, 93.750, 100.000, 0.967, 1.000, 
[795] Train acc: 0.9219, Constr acc: 0.9062, CE loss: 0.225, DL2 loss: 4.715
9, 74, 0.2248, 0.0002, 92.188, 100.000, 0.965, 1.000, 
[810] Train acc: 0.9844, Constr acc: 0.8438, CE loss: 0.027, DL2 loss: 5.566
9, 73, 0.0271, 0.0002, 98.438, 100.000, 0.967, 1.000, 
[825] Train acc: 0.9219, Constr acc: 0.9375, CE loss: 0.373, DL2 loss: 1.467
9, 72, 0.3728, 0.0001, 92.188, 100.000, 0.968, 1.000, 
[840] Train acc: 0.9375, Constr acc: 0.9375, CE loss: 0.220, DL2 loss: 4.090
9, 71, 0.2204, 0.0002, 93.750, 100.000, 0.960, 1.000, 
[855] Train acc: 0.9688, Constr acc: 0.9375, CE loss: 0.381, DL2 loss: 1.935
9, 70, 0.3810, 0.0001, 96.875, 98.438, 0.969, 1.000, 
[870] Train acc: 0.9531, Constr acc: 0.8125, CE loss: 0.281, DL2 loss: 8.821
9, 69, 0.2813, 0.0001, 95.312, 100.000, 0.966, 1.000, 
[885] Train acc: 0.9375, Constr acc: 0.8438, CE loss: 0.223, DL2 loss: 6.783
9, 68, 0.2233, 0.0002, 93.750, 100.000, 0.949, 1.000, 
[900] Train acc: 0.8750, Constr acc: 0.8750, CE loss: 0.472, DL2 loss: 6.462
9, 67, 0.4722, 0.0006, 87.500, 98.438, 0.812, 1.000, 
[915] Train acc: 0.9219, Constr acc: 0.9062, CE loss: 0.728, DL2 loss: 1.689
9, 66, 0.7276, 0.0002, 92.188, 100.000, 0.951, 1.000, 
[930] Train acc: 0.9688, Constr acc: 0.9062, CE loss: 0.295, DL2 loss: 2.488
9, 65, 0.2949, 0.0002, 96.875, 100.000, 0.964, 1.000, 
[0] Train acc: 0.9844, Constr acc: 0.8125, CE loss: 0.058, DL2 loss: 3.684
10, 65, 0.0578, 0.0002, 98.438, 100.000, 0.964, 1.000, 
[15] Train acc: 0.8750, Constr acc: 0.8438, CE loss: 0.650, DL2 loss: 5.696
10, 64, 0.6504, 0.0002, 87.500, 98.438, 0.967, 1.000, 
[30] Train acc: 1.0000, Constr acc: 0.9375, CE loss: 0.005, DL2 loss: 1.020
10, 63, 0.0050, 0.0001, 100.000, 100.000, 0.967, 1.000, 
[45] Train acc: 0.9531, Constr acc: 0.9062, CE loss: 0.188, DL2 loss: 4.800
10, 62, 0.1884, 0.0002, 95.312, 100.000, 0.963, 1.000, 
[60] Train acc: 0.9688, Constr acc: 0.8125, CE loss: 0.073, DL2 loss: 2.296
10, 61, 0.0731, 0.0001, 96.875, 100.000, 0.969, 1.000, 
[75] Train acc: 0.9844, Constr acc: 0.8750, CE loss: 0.125, DL2 loss: 5.783
10, 60, 0.1249, 0.0001, 98.438, 100.000, 0.970, 1.000, 
[90] Train acc: 1.0000, Constr acc: 0.8438, CE loss: 0.011, DL2 loss: 4.405
10, 59, 0.0108, 0.0003, 100.000, 100.000, 0.910, 1.000, 
[105] Train acc: 0.9844, Constr acc: 0.9375, CE loss: 0.070, DL2 loss: 2.096
10, 58, 0.0703, 0.0002, 98.438, 100.000, 0.961, 1.000, 
[120] Train acc: 0.9219, Constr acc: 0.8438, CE loss: 0.211, DL2 loss: 4.451
10, 57, 0.2111, 0.0002, 92.188, 100.000, 0.954, 1.000, 
[135] Train acc: 0.9844, Constr acc: 0.9062, CE loss: 0.107, DL2 loss: 3.452
10, 56, 0.1075, 0.0002, 98.438, 100.000, 0.947, 1.000, 
[150] Train acc: 0.9844, Constr acc: 0.8438, CE loss: 0.099, DL2 loss: 5.234
10, 55, 0.0992, 0.0002, 98.438, 100.000, 0.963, 1.000, 
[165] Train acc: 0.8906, Constr acc: 0.9688, CE loss: 0.495, DL2 loss: 0.319
10, 54, 0.4945, 0.0002, 89.062, 100.000, 0.944, 1.000, 
[180] Train acc: 0.9688, Constr acc: 0.9688, CE loss: 0.048, DL2 loss: 2.056
10, 53, 0.0479, 0.0002, 96.875, 100.000, 0.960, 1.000, 
[195] Train acc: 0.9688, Constr acc: 0.9375, CE loss: 0.207, DL2 loss: 2.849
10, 52, 0.2067, 0.0002, 96.875, 100.000, 0.950, 1.000, 
[210] Train acc: 0.9531, Constr acc: 0.7812, CE loss: 0.163, DL2 loss: 7.862
10, 51, 0.1627, 0.0002, 95.312, 100.000, 0.945, 1.000, 
[225] Train acc: 0.9531, Constr acc: 0.9062, CE loss: 0.183, DL2 loss: 1.719
10, 50, 0.1828, 0.0003, 95.312, 100.000, 0.909, 1.000, 
[240] Train acc: 0.9531, Constr acc: 0.8438, CE loss: 0.351, DL2 loss: 8.831
10, 49, 0.3506, 0.0002, 95.312, 100.000, 0.965, 1.000, 
[255] Train acc: 0.8750, Constr acc: 0.8750, CE loss: 0.631, DL2 loss: 8.804
10, 48, 0.6308, 0.0002, 87.500, 100.000, 0.950, 1.000, 
[270] Train acc: 0.9531, Constr acc: 0.8438, CE loss: 0.268, DL2 loss: 6.847
10, 47, 0.2678, 0.0002, 95.312, 100.000, 0.956, 1.000, 
[285] Train acc: 0.9219, Constr acc: 0.7812, CE loss: 0.523, DL2 loss: 12.802
10, 46, 0.5228, 0.0002, 92.188, 100.000, 0.948, 1.000, 
[300] Train acc: 0.9375, Constr acc: 0.9375, CE loss: 0.249, DL2 loss: 0.421
10, 45, 0.2491, 0.0002, 93.750, 100.000, 0.943, 1.000, 
[315] Train acc: 0.9219, Constr acc: 0.8750, CE loss: 0.447, DL2 loss: 7.269
10, 44, 0.4471, 0.0002, 92.188, 100.000, 0.947, 1.000, 
[330] Train acc: 0.9531, Constr acc: 0.9375, CE loss: 0.576, DL2 loss: 1.146
10, 43, 0.5759, 0.0002, 95.312, 100.000, 0.943, 1.000, 
[345] Train acc: 0.9219, Constr acc: 0.9375, CE loss: 0.355, DL2 loss: 3.086
10, 42, 0.3549, 0.0002, 92.188, 98.438, 0.949, 1.000, 
[360] Train acc: 0.9688, Constr acc: 0.9375, CE loss: 0.048, DL2 loss: 2.970
10, 41, 0.0483, 0.0002, 96.875, 100.000, 0.942, 1.000, 
[375] Train acc: 0.9844, Constr acc: 0.8125, CE loss: 0.027, DL2 loss: 8.083
10, 40, 0.0272, 0.0002, 98.438, 100.000, 0.953, 1.000, 
[390] Train acc: 0.9844, Constr acc: 0.9062, CE loss: 0.024, DL2 loss: 4.300
10, 39, 0.0236, 0.0002, 98.438, 100.000, 0.941, 1.000, 
[405] Train acc: 0.9688, Constr acc: 0.8750, CE loss: 0.139, DL2 loss: 4.921
10, 38, 0.1391, 0.0002, 96.875, 100.000, 0.956, 1.000, 
[420] Train acc: 0.9219, Constr acc: 0.8750, CE loss: 0.287, DL2 loss: 4.206
10, 37, 0.2868, 0.0002, 92.188, 100.000, 0.946, 1.000, 
[435] Train acc: 0.9688, Constr acc: 0.9062, CE loss: 0.501, DL2 loss: 3.006
10, 36, 0.5012, 0.0002, 96.875, 100.000, 0.954, 1.000, 
[450] Train acc: 0.9844, Constr acc: 0.9062, CE loss: 0.088, DL2 loss: 4.608
10, 35, 0.0880, 0.0002, 98.438, 100.000, 0.946, 1.000, 
[465] Train acc: 0.9375, Constr acc: 0.8125, CE loss: 0.537, DL2 loss: 3.583
10, 34, 0.5365, 0.0003, 93.750, 98.438, 0.946, 1.000, 
[480] Train acc: 0.8906, Constr acc: 0.8125, CE loss: 0.288, DL2 loss: 5.480
10, 33, 0.2880, 0.0003, 89.062, 100.000, 0.937, 1.000, 
[495] Train acc: 0.9062, Constr acc: 0.7812, CE loss: 0.255, DL2 loss: 10.045
10, 32, 0.2552, 0.0006, 90.625, 100.000, 0.829, 1.000, 
[510] Train acc: 0.9219, Constr acc: 0.7500, CE loss: 0.263, DL2 loss: 7.437
10, 31, 0.2634, 0.0003, 92.188, 100.000, 0.933, 1.000, 
[525] Train acc: 0.8750, Constr acc: 0.7500, CE loss: 1.856, DL2 loss: 7.080
10, 30, 1.8564, 0.0006, 87.500, 100.000, 0.841, 1.000, 
[540] Train acc: 0.5938, Constr acc: 0.5625, CE loss: 4.311, DL2 loss: 21.452
10, 29, 4.3113, 0.0006, 59.375, 98.438, 0.808, 1.000, 
[555] Train acc: 0.8594, Constr acc: 0.7812, CE loss: 0.370, DL2 loss: 12.728
10, 28, 0.3698, 0.0003, 85.938, 100.000, 0.922, 1.000, 
[570] Train acc: 0.8906, Constr acc: 0.9375, CE loss: 0.946, DL2 loss: 0.348
10, 27, 0.9459, 0.0003, 89.062, 100.000, 0.927, 1.000, 
[585] Train acc: 0.8594, Constr acc: 0.9375, CE loss: 0.656, DL2 loss: 0.612
10, 26, 0.6555, 0.0003, 85.938, 98.438, 0.932, 1.000, 
[600] Train acc: 0.9219, Constr acc: 0.7812, CE loss: 0.404, DL2 loss: 11.336
10, 25, 0.4042, 0.0003, 92.188, 98.438, 0.911, 1.000, 
[615] Train acc: 0.8125, Constr acc: 0.5938, CE loss: 0.944, DL2 loss: 12.203
10, 24, 0.9443, 0.0005, 81.250, 100.000, 0.880, 1.000, 
[630] Train acc: 0.8750, Constr acc: 0.8438, CE loss: 0.522, DL2 loss: 5.977
10, 23, 0.5225, 0.0005, 87.500, 100.000, 0.832, 1.000, 
[645] Train acc: 0.7188, Constr acc: 0.8125, CE loss: 1.740, DL2 loss: 6.374
10, 22, 1.7398, 0.0006, 71.875, 98.438, 0.817, 1.000, 
[660] Train acc: 0.7969, Constr acc: 0.7812, CE loss: 0.649, DL2 loss: 11.318
10, 21, 0.6486, 0.0005, 79.688, 100.000, 0.834, 1.000, 
[675] Train acc: 0.7500, Constr acc: 0.7500, CE loss: 1.215, DL2 loss: 8.775
10, 20, 1.2145, 0.0007, 75.000, 96.875, 0.781, 1.000, 
[690] Train acc: 0.7812, Constr acc: 0.6875, CE loss: 1.286, DL2 loss: 16.015
10, 19, 1.2863, 0.0007, 78.125, 100.000, 0.749, 1.000, 
[705] Train acc: 0.8125, Constr acc: 0.7188, CE loss: 1.063, DL2 loss: 12.340
10, 18, 1.0628, 0.0005, 81.250, 98.438, 0.838, 1.000, 
[720] Train acc: 0.5938, Constr acc: 0.7812, CE loss: 2.411, DL2 loss: 10.006
10, 17, 2.4109, 0.0008, 59.375, 89.062, 0.718, 1.000, 
[735] Train acc: 0.6094, Constr acc: 0.5938, CE loss: 1.336, DL2 loss: 16.638
10, 16, 1.3365, 0.0009, 60.938, 100.000, 0.624, 1.000, 
[750] Train acc: 0.5781, Constr acc: 0.7500, CE loss: 1.408, DL2 loss: 11.105
10, 15, 1.4079, 0.0011, 57.812, 98.438, 0.539, 1.000, 
[765] Train acc: 0.4844, Constr acc: 0.6875, CE loss: 2.158, DL2 loss: 10.741
10, 14, 2.1577, 0.0011, 48.438, 98.438, 0.544, 1.000, 
[780] Train acc: 0.5000, Constr acc: 0.6562, CE loss: 3.720, DL2 loss: 15.857
10, 13, 3.7203, 0.0012, 50.000, 87.500, 0.593, 1.000, 
[795] Train acc: 0.5000, Constr acc: 0.6250, CE loss: 3.463, DL2 loss: 16.463
10, 12, 3.4627, 0.0013, 50.000, 81.250, 0.519, 1.000, 
[810] Train acc: 0.3594, Constr acc: 0.4375, CE loss: 2.398, DL2 loss: 21.836
10, 11, 2.3978, 0.0016, 35.938, 89.062, 0.394, 1.000, 
[825] Train acc: 0.1875, Constr acc: 0.4688, CE loss: 2.667, DL2 loss: 25.794
10, 10, 2.6671, 0.0019, 18.750, 92.188, 0.175, 1.000, 
[840] Train acc: 0.1562, Constr acc: 0.2500, CE loss: 2.498, DL2 loss: 39.561
10, 9, 2.4977, 0.0021, 15.625, 67.188, 0.162, 1.000, 
[855] Train acc: 0.1094, Constr acc: 0.0312, CE loss: 2.300, DL2 loss: 62.214
10, 8, 2.3000, 0.0023, 10.938, 57.812, 0.089, 1.000, 
[870] Train acc: 0.0625, Constr acc: 0.0938, CE loss: 2.299, DL2 loss: 58.451
10, 7, 2.2993, 0.0023, 6.250, 53.125, 0.089, 1.000, 
[885] Train acc: 0.0938, Constr acc: 0.0938, CE loss: 2.336, DL2 loss: 53.097
10, 6, 2.3363, 0.0023, 9.375, 37.500, 0.089, 1.000, 
[900] Train acc: 0.1406, Constr acc: 0.0312, CE loss: 2.295, DL2 loss: 52.293
10, 5, 2.2950, 0.0023, 14.062, 57.812, 0.089, 1.000, 
[915] Train acc: 0.0781, Constr acc: 0.0625, CE loss: 2.298, DL2 loss: 62.134
10, 4, 2.2978, 0.0023, 7.812, 51.562, 0.089, 1.000, 
[930] Train acc: 0.0938, Constr acc: 0.0938, CE loss: 2.300, DL2 loss: 51.784
10, 3, 2.3003, 0.0023, 9.375, 56.250, 0.089, 1.000, 
