main.py --pruning=True --tensorboard=True --log-interval=15 --pruning_config=./configs/mnist_02_15.json --constraint RobustnessT(eps1=7.8, eps2=2.9)
2 Conv2d(1, 16, kernel_size=(5, 5), stride=(1, 1)) yes
4 Conv2d(16, 32, kernel_size=(5, 5), stride=(1, 1)) yes
6 GateLayer(in_features=120, out_features=True) no
8 GateLayer(in_features=84, out_features=True) no
pruning_engine.load_mask(): did not find mask file, will load nothing
epoch, neuron_units, loss, dl2_loss, top1, top5, dl2_p_acc, dl2_constraint_acc
1, 252, 2.2927, 0.0362, 14.062, 59.375, 0.103, 1.000, 
1, 252, 2.2915, 0.0361, 10.938, 53.125, 0.103, 1.000, 
1, 252, 2.2823, 0.0360, 14.062, 68.750, 0.117, 1.000, 
1, 252, 2.2681, 0.0359, 14.062, 65.625, 0.139, 1.000, 
1, 252, 2.2252, 0.0358, 32.812, 85.938, 0.180, 1.000, 
1, 252, 2.1784, 0.0355, 45.312, 90.625, 0.241, 1.000, 
1, 252, 2.1380, 0.0350, 43.750, 84.375, 0.451, 1.000, 
1, 252, 1.9951, 0.0342, 59.375, 90.625, 0.470, 1.000, 
1, 252, 1.7907, 0.0331, 65.625, 92.188, 0.494, 1.000, 
1, 252, 1.6181, 0.0317, 59.375, 92.188, 0.601, 1.000, 
1, 252, 1.4028, 0.0301, 68.750, 93.750, 0.661, 1.000, 
1, 252, 1.2749, 0.0284, 73.438, 98.438, 0.708, 1.000, 
1, 252, 1.1811, 0.0268, 71.875, 98.438, 0.769, 1.000, 
1, 252, 0.8182, 0.0251, 81.250, 96.875, 0.783, 1.000, 
1, 252, 0.8447, 0.0241, 78.125, 98.438, 0.766, 1.000, 
1, 252, 0.7986, 0.0230, 79.688, 98.438, 0.803, 1.000, 
1, 252, 0.7479, 0.0222, 81.250, 96.875, 0.814, 1.000, 
1, 252, 0.8603, 0.0213, 75.000, 100.000, 0.823, 1.000, 
1, 252, 0.6127, 0.0205, 84.375, 100.000, 0.834, 1.000, 
1, 252, 0.4950, 0.0198, 87.500, 100.000, 0.817, 1.000, 
1, 252, 0.4888, 0.0191, 87.500, 100.000, 0.839, 1.000, 
1, 252, 0.5295, 0.0186, 85.938, 96.875, 0.836, 1.000, 
1, 252, 0.7759, 0.0184, 76.562, 100.000, 0.837, 1.000, 
1, 252, 0.6651, 0.0177, 81.250, 96.875, 0.844, 1.000, 
1, 252, 0.5501, 0.0175, 87.500, 96.875, 0.847, 1.000, 
1, 252, 0.4797, 0.0171, 81.250, 100.000, 0.846, 1.000, 
1, 252, 0.5049, 0.0165, 84.375, 100.000, 0.852, 1.000, 
1, 252, 0.4268, 0.0164, 82.812, 100.000, 0.852, 1.000, 
1, 252, 0.4264, 0.0160, 90.625, 98.438, 0.855, 1.000, 
1, 252, 0.4816, 0.0158, 84.375, 98.438, 0.836, 1.000, 
1, 252, 0.3990, 0.0155, 84.375, 100.000, 0.854, 1.000, 
1, 252, 0.5495, 0.0151, 85.938, 98.438, 0.867, 1.000, 
1, 252, 0.2908, 0.0147, 89.062, 100.000, 0.870, 1.000, 
1, 252, 0.3817, 0.0151, 87.500, 98.438, 0.854, 1.000, 
1, 252, 0.5172, 0.0147, 81.250, 100.000, 0.867, 1.000, 
1, 252, 0.4271, 0.0150, 87.500, 100.000, 0.843, 1.000, 
1, 252, 0.4807, 0.0147, 85.938, 98.438, 0.860, 1.000, 
1, 252, 0.2751, 0.0144, 95.312, 98.438, 0.873, 1.000, 
1, 252, 0.4721, 0.0144, 85.938, 98.438, 0.855, 1.000, 
1, 252, 0.3842, 0.0140, 87.500, 96.875, 0.868, 1.000, 
1, 252, 0.4831, 0.0141, 87.500, 98.438, 0.869, 1.000, 
1, 252, 0.4073, 0.0136, 90.625, 100.000, 0.874, 1.000, 
1, 252, 0.4234, 0.0137, 89.062, 98.438, 0.863, 1.000, 
1, 252, 0.3594, 0.0135, 92.188, 100.000, 0.876, 1.000, 
1, 252, 0.5690, 0.0135, 82.812, 96.875, 0.874, 1.000, 
1, 252, 0.3687, 0.0131, 85.938, 100.000, 0.882, 1.000, 
1, 252, 0.3471, 0.0133, 92.188, 100.000, 0.879, 1.000, 
1, 252, 0.5824, 0.0129, 78.125, 96.875, 0.882, 1.000, 
1, 252, 0.2658, 0.0127, 92.188, 100.000, 0.890, 1.000, 
1, 252, 0.4649, 0.0132, 87.500, 100.000, 0.880, 1.000, 
1, 252, 0.1815, 0.0127, 95.312, 100.000, 0.883, 1.000, 
1, 252, 0.4748, 0.0127, 84.375, 100.000, 0.889, 1.000, 
1, 252, 0.4892, 0.0126, 87.500, 98.438, 0.885, 1.000, 
1, 252, 0.4284, 0.0126, 87.500, 98.438, 0.892, 1.000, 
1, 252, 0.2468, 0.0129, 95.312, 100.000, 0.884, 1.000, 
1, 252, 0.3940, 0.0124, 89.062, 100.000, 0.894, 1.000, 
1, 252, 0.2967, 0.0129, 90.625, 100.000, 0.882, 1.000, 
1, 252, 0.2830, 0.0126, 92.188, 100.000, 0.867, 1.000, 
1, 252, 0.3317, 0.0126, 92.188, 100.000, 0.887, 1.000, 
1, 252, 0.4400, 0.0121, 84.375, 100.000, 0.891, 1.000, 
1, 252, 0.2865, 0.0123, 87.500, 100.000, 0.888, 1.000, 
1, 252, 0.3814, 0.0122, 89.062, 100.000, 0.876, 1.000, 
1, 252, 0.4502, 0.0116, 87.500, 100.000, 0.900, 1.000, 
2, 252, 0.5162, 0.0119, 84.375, 100.000, 0.894, 1.000, 
2, 252, 0.4204, 0.0118, 87.500, 100.000, 0.901, 1.000, 
2, 252, 0.5296, 0.0121, 90.625, 96.875, 0.897, 1.000, 
2, 252, 0.2864, 0.0119, 90.625, 100.000, 0.901, 1.000, 
2, 252, 0.3137, 0.0117, 93.750, 100.000, 0.904, 1.000, 
2, 252, 0.3692, 0.0118, 89.062, 100.000, 0.890, 1.000, 
2, 252, 0.3979, 0.0116, 92.188, 96.875, 0.896, 1.000, 
2, 252, 0.1673, 0.0118, 93.750, 100.000, 0.894, 1.000, 
2, 252, 0.2052, 0.0116, 96.875, 100.000, 0.895, 1.000, 
2, 252, 0.1296, 0.0114, 96.875, 100.000, 0.896, 1.000, 
2, 252, 0.1582, 0.0115, 95.312, 100.000, 0.892, 1.000, 
2, 252, 0.3168, 0.0114, 93.750, 100.000, 0.893, 1.000, 
2, 252, 0.3576, 0.0114, 84.375, 98.438, 0.904, 1.000, 
2, 252, 0.1639, 0.0110, 93.750, 100.000, 0.908, 1.000, 
2, 252, 0.4166, 0.0111, 87.500, 100.000, 0.904, 1.000, 
2, 252, 0.3437, 0.0113, 87.500, 100.000, 0.902, 1.000, 
2, 252, 0.4970, 0.0110, 84.375, 98.438, 0.910, 1.000, 
2, 252, 0.4512, 0.0109, 93.750, 100.000, 0.911, 1.000, 
2, 252, 0.2545, 0.0111, 92.188, 100.000, 0.898, 1.000, 
2, 252, 0.2190, 0.0107, 96.875, 100.000, 0.916, 1.000, 
2, 252, 0.4953, 0.0105, 81.250, 98.438, 0.915, 1.000, 
2, 252, 0.2662, 0.0110, 90.625, 100.000, 0.906, 1.000, 
2, 252, 0.1621, 0.0112, 98.438, 100.000, 0.899, 1.000, 
2, 252, 0.3649, 0.0106, 87.500, 98.438, 0.915, 1.000, 
2, 252, 0.3387, 0.0105, 87.500, 100.000, 0.919, 1.000, 
2, 252, 0.3505, 0.0101, 92.188, 100.000, 0.920, 1.000, 
2, 252, 0.3042, 0.0108, 93.750, 100.000, 0.908, 1.000, 
2, 252, 0.1702, 0.0106, 92.188, 100.000, 0.914, 1.000, 
2, 252, 0.1293, 0.0105, 98.438, 100.000, 0.907, 1.000, 
2, 252, 0.2203, 0.0102, 92.188, 98.438, 0.917, 1.000, 
2, 252, 0.3803, 0.0100, 93.750, 96.875, 0.923, 1.000, 
2, 252, 0.2767, 0.0103, 92.188, 100.000, 0.910, 1.000, 
2, 252, 0.2408, 0.0103, 92.188, 100.000, 0.913, 1.000, 
2, 252, 0.3461, 0.0102, 92.188, 96.875, 0.922, 1.000, 
2, 252, 0.1730, 0.0099, 95.312, 100.000, 0.924, 1.000, 
2, 252, 0.2194, 0.0101, 92.188, 100.000, 0.919, 1.000, 
2, 252, 0.1213, 0.0098, 95.312, 100.000, 0.927, 1.000, 
2, 252, 0.1636, 0.0100, 95.312, 100.000, 0.924, 1.000, 
2, 252, 0.1747, 0.0103, 96.875, 100.000, 0.910, 1.000, 
2, 252, 0.2749, 0.0107, 90.625, 100.000, 0.894, 1.000, 
2, 252, 0.2575, 0.0102, 90.625, 100.000, 0.921, 1.000, 
2, 252, 0.1860, 0.0097, 96.875, 100.000, 0.926, 1.000, 
2, 252, 0.2139, 0.0099, 92.188, 100.000, 0.925, 1.000, 
2, 252, 0.3806, 0.0096, 87.500, 98.438, 0.930, 1.000, 
2, 252, 0.1735, 0.0098, 95.312, 100.000, 0.926, 1.000, 
2, 252, 0.2050, 0.0095, 92.188, 100.000, 0.934, 1.000, 
2, 252, 0.4124, 0.0101, 92.188, 98.438, 0.909, 1.000, 
2, 252, 0.1206, 0.0097, 98.438, 100.000, 0.924, 1.000, 
2, 252, 0.3090, 0.0103, 90.625, 100.000, 0.897, 1.000, 
2, 252, 0.2258, 0.0098, 92.188, 100.000, 0.918, 1.000, 
2, 252, 0.1201, 0.0100, 96.875, 100.000, 0.921, 1.000, 
2, 252, 0.1248, 0.0096, 95.312, 100.000, 0.918, 1.000, 
2, 252, 0.2323, 0.0095, 92.188, 100.000, 0.933, 1.000, 
2, 252, 0.2482, 0.0094, 95.312, 100.000, 0.931, 1.000, 
2, 252, 0.1141, 0.0093, 95.312, 100.000, 0.931, 0.999, 
2, 252, 0.3036, 0.0093, 89.062, 100.000, 0.935, 0.999, 
2, 252, 0.1441, 0.0095, 95.312, 98.438, 0.917, 1.000, 
2, 252, 0.2375, 0.0094, 90.625, 100.000, 0.927, 1.000, 
2, 252, 0.1092, 0.0089, 98.438, 100.000, 0.935, 0.999, 
2, 252, 0.1049, 0.0088, 98.438, 100.000, 0.937, 1.000, 
2, 252, 0.1966, 0.0090, 93.750, 100.000, 0.927, 1.000, 
2, 252, 0.2084, 0.0091, 95.312, 100.000, 0.936, 1.000, 
2, 252, 0.1975, 0.0093, 93.750, 100.000, 0.927, 1.000, 
3, 252, 0.1481, 0.0091, 93.750, 100.000, 0.930, 1.000, 
3, 252, 0.2316, 0.0088, 90.625, 100.000, 0.936, 1.000, 
3, 252, 0.1970, 0.0095, 93.750, 100.000, 0.923, 1.000, 
3, 252, 0.1853, 0.0091, 95.312, 100.000, 0.928, 0.999, 
3, 252, 0.1702, 0.0089, 93.750, 100.000, 0.935, 1.000, 
3, 252, 0.1315, 0.0085, 95.312, 100.000, 0.942, 1.000, 
3, 252, 0.2189, 0.0087, 90.625, 100.000, 0.940, 1.000, 
3, 252, 0.2186, 0.0086, 93.750, 100.000, 0.944, 1.000, 
3, 252, 0.2510, 0.0087, 92.188, 100.000, 0.938, 1.000, 
3, 252, 0.0981, 0.0086, 96.875, 100.000, 0.941, 1.000, 
3, 252, 0.1842, 0.0086, 93.750, 100.000, 0.937, 1.000, 
3, 252, 0.1607, 0.0085, 95.312, 100.000, 0.946, 1.000, 
3, 252, 0.1600, 0.0088, 92.188, 100.000, 0.939, 1.000, 
3, 252, 0.3920, 0.0088, 85.938, 98.438, 0.929, 1.000, 
3, 252, 0.3138, 0.0089, 90.625, 100.000, 0.934, 1.000, 
3, 252, 0.0879, 0.0084, 96.875, 100.000, 0.945, 0.999, 
3, 252, 0.2354, 0.0081, 92.188, 100.000, 0.946, 0.999, 
3, 252, 0.2452, 0.0085, 93.750, 100.000, 0.933, 0.999, 
3, 252, 0.2399, 0.0080, 93.750, 98.438, 0.942, 0.999, 
3, 252, 0.1569, 0.0081, 95.312, 100.000, 0.945, 0.999, 
3, 252, 0.2154, 0.0081, 92.188, 100.000, 0.941, 1.000, 
3, 252, 0.2062, 0.0083, 92.188, 100.000, 0.944, 0.999, 
3, 252, 0.2649, 0.0087, 89.062, 100.000, 0.931, 1.000, 
3, 252, 0.2212, 0.0085, 92.188, 100.000, 0.938, 0.999, 
3, 252, 0.0729, 0.0090, 98.438, 100.000, 0.918, 1.000, 
3, 252, 0.2063, 0.0085, 96.875, 100.000, 0.939, 0.999, 
3, 252, 0.1548, 0.0080, 93.750, 100.000, 0.947, 0.999, 
3, 252, 0.1812, 0.0079, 93.750, 100.000, 0.950, 1.000, 
3, 252, 0.1550, 0.0078, 96.875, 100.000, 0.952, 0.999, 
3, 252, 0.3965, 0.0083, 87.500, 96.875, 0.930, 1.000, 
3, 252, 0.2178, 0.0083, 93.750, 100.000, 0.944, 1.000, 
3, 252, 0.2855, 0.0080, 90.625, 100.000, 0.946, 1.000, 
3, 252, 0.1583, 0.0080, 96.875, 100.000, 0.942, 1.000, 
3, 252, 0.2769, 0.0087, 90.625, 98.438, 0.930, 1.000, 
3, 252, 0.1144, 0.0084, 95.312, 100.000, 0.937, 1.000, 
3, 252, 0.0980, 0.0080, 96.875, 100.000, 0.949, 0.999, 
3, 252, 0.0775, 0.0080, 98.438, 100.000, 0.941, 1.000, 
3, 252, 0.1735, 0.0085, 96.875, 100.000, 0.933, 1.000, 
3, 252, 0.2200, 0.0080, 92.188, 100.000, 0.948, 0.999, 
3, 252, 0.1643, 0.0086, 93.750, 100.000, 0.926, 1.000, 
3, 252, 0.1330, 0.0079, 96.875, 100.000, 0.949, 0.999, 
3, 252, 0.1643, 0.0083, 96.875, 100.000, 0.939, 1.000, 
3, 252, 0.1960, 0.0077, 92.188, 100.000, 0.954, 1.000, 
3, 252, 0.1569, 0.0080, 92.188, 100.000, 0.949, 0.999, 
3, 252, 0.2935, 0.0077, 90.625, 100.000, 0.952, 0.999, 
3, 252, 0.1213, 0.0081, 96.875, 100.000, 0.946, 0.999, 
3, 252, 0.0655, 0.0081, 98.438, 100.000, 0.941, 1.000, 
3, 252, 0.3241, 0.0078, 93.750, 98.438, 0.950, 0.999, 
3, 252, 0.3039, 0.0084, 93.750, 98.438, 0.943, 0.999, 
3, 252, 0.1702, 0.0081, 95.312, 100.000, 0.941, 1.000, 
3, 252, 0.1146, 0.0079, 95.312, 100.000, 0.948, 0.999, 
3, 252, 0.0788, 0.0079, 96.875, 100.000, 0.950, 1.000, 
3, 252, 0.2374, 0.0079, 95.312, 100.000, 0.942, 1.000, 
3, 252, 0.3338, 0.0076, 90.625, 100.000, 0.950, 1.000, 
3, 252, 0.2175, 0.0081, 93.750, 100.000, 0.937, 1.000, 
3, 252, 0.3006, 0.0075, 92.188, 98.438, 0.953, 0.999, 
3, 252, 0.0920, 0.0076, 96.875, 100.000, 0.948, 1.000, 
3, 252, 0.1711, 0.0080, 93.750, 100.000, 0.936, 1.000, 
3, 252, 0.1296, 0.0075, 96.875, 100.000, 0.954, 1.000, 
3, 252, 0.1213, 0.0077, 96.875, 100.000, 0.950, 1.000, 
3, 252, 0.0814, 0.0075, 98.438, 100.000, 0.953, 0.999, 
3, 252, 0.1319, 0.0077, 93.750, 100.000, 0.948, 1.000, 
3, 252, 0.1011, 0.0075, 98.438, 100.000, 0.953, 0.999, 
4, 252, 0.1497, 0.0076, 92.188, 100.000, 0.944, 0.999, 
4, 252, 0.2284, 0.0076, 92.188, 100.000, 0.954, 1.000, 
4, 252, 0.2780, 0.0074, 92.188, 100.000, 0.953, 1.000, 
4, 252, 0.1456, 0.0083, 93.750, 100.000, 0.926, 1.000, 
4, 252, 0.0585, 0.0075, 98.438, 100.000, 0.950, 1.000, 
4, 252, 0.1581, 0.0077, 95.312, 100.000, 0.949, 1.000, 
4, 252, 0.2445, 0.0074, 90.625, 100.000, 0.955, 1.000, 
4, 252, 0.1025, 0.0072, 96.875, 100.000, 0.954, 0.999, 
4, 252, 0.2302, 0.0072, 98.438, 98.438, 0.959, 1.000, 
4, 252, 0.1099, 0.0074, 96.875, 100.000, 0.954, 1.000, 
4, 252, 0.1891, 0.0072, 95.312, 100.000, 0.957, 1.000, 
4, 252, 0.1681, 0.0077, 96.875, 100.000, 0.948, 1.000, 
4, 252, 0.1679, 0.0071, 95.312, 100.000, 0.957, 1.000, 
4, 252, 0.4950, 0.0077, 89.062, 98.438, 0.944, 1.000, 
4, 252, 0.2239, 0.0069, 92.188, 100.000, 0.959, 0.999, 
4, 252, 0.1807, 0.0074, 93.750, 100.000, 0.951, 0.999, 
4, 252, 0.2298, 0.0072, 89.062, 100.000, 0.953, 1.000, 
4, 252, 0.1648, 0.0074, 95.312, 100.000, 0.948, 0.998, 
4, 252, 0.2822, 0.0070, 90.625, 100.000, 0.959, 0.999, 
4, 252, 0.2231, 0.0069, 89.062, 100.000, 0.958, 0.999, 
4, 252, 0.2448, 0.0073, 95.312, 100.000, 0.951, 0.999, 
4, 252, 0.3949, 0.0074, 90.625, 100.000, 0.948, 1.000, 
4, 252, 0.0985, 0.0073, 96.875, 100.000, 0.948, 1.000, 
4, 252, 0.1622, 0.0071, 95.312, 100.000, 0.949, 0.999, 
4, 252, 0.1731, 0.0072, 95.312, 100.000, 0.950, 1.000, 
4, 252, 0.0564, 0.0068, 98.438, 100.000, 0.961, 0.999, 
4, 252, 0.1422, 0.0071, 93.750, 100.000, 0.949, 0.999, 
4, 252, 0.0571, 0.0070, 98.438, 100.000, 0.951, 0.999, 
4, 252, 0.1132, 0.0068, 96.875, 100.000, 0.956, 0.999, 
4, 252, 0.1882, 0.0070, 93.750, 100.000, 0.944, 0.999, 
4, 252, 0.1884, 0.0071, 96.875, 100.000, 0.950, 0.999, 
4, 252, 0.0801, 0.0071, 98.438, 100.000, 0.957, 1.000, 
4, 252, 0.0831, 0.0067, 98.438, 100.000, 0.964, 1.000, 
4, 252, 0.0920, 0.0072, 96.875, 100.000, 0.946, 0.999, 
4, 252, 0.2112, 0.0068, 95.312, 98.438, 0.955, 0.999, 
4, 252, 0.1282, 0.0070, 93.750, 100.000, 0.953, 0.999, 
4, 252, 0.2761, 0.0067, 90.625, 100.000, 0.955, 1.000, 
4, 252, 0.1283, 0.0068, 95.312, 100.000, 0.954, 0.999, 
4, 252, 0.0726, 0.0066, 98.438, 100.000, 0.954, 0.999, 
4, 252, 0.1782, 0.0066, 93.750, 100.000, 0.962, 0.999, 
4, 252, 0.0786, 0.0066, 98.438, 100.000, 0.962, 0.998, 
4, 252, 0.3913, 0.0066, 89.062, 100.000, 0.953, 0.998, 
4, 252, 0.1632, 0.0067, 92.188, 100.000, 0.950, 0.998, 
4, 252, 0.1230, 0.0066, 96.875, 100.000, 0.955, 0.999, 
4, 252, 0.2601, 0.0067, 92.188, 100.000, 0.954, 1.000, 
4, 252, 0.1033, 0.0065, 95.312, 100.000, 0.965, 0.999, 
4, 252, 0.0695, 0.0063, 98.438, 100.000, 0.963, 0.999, 
4, 252, 0.0562, 0.0067, 98.438, 100.000, 0.949, 1.000, 
4, 252, 0.0400, 0.0064, 98.438, 100.000, 0.954, 0.999, 
4, 252, 0.0433, 0.0065, 98.438, 100.000, 0.955, 0.999, 
4, 252, 0.0415, 0.0065, 98.438, 100.000, 0.960, 0.998, 
4, 252, 0.2325, 0.0069, 93.750, 100.000, 0.943, 0.999, 
4, 252, 0.2701, 0.0064, 92.188, 100.000, 0.954, 0.998, 
4, 252, 0.1289, 0.0062, 96.875, 100.000, 0.961, 0.999, 
4, 252, 0.2366, 0.0068, 92.188, 100.000, 0.947, 0.998, 
4, 252, 0.1302, 0.0065, 96.875, 100.000, 0.954, 1.000, 
4, 252, 0.1881, 0.0063, 96.875, 100.000, 0.960, 0.999, 
4, 252, 0.1299, 0.0066, 93.750, 100.000, 0.955, 0.998, 
4, 252, 0.1569, 0.0066, 96.875, 100.000, 0.949, 0.999, 
4, 252, 0.0844, 0.0065, 96.875, 100.000, 0.954, 0.999, 
4, 252, 0.0937, 0.0065, 96.875, 100.000, 0.952, 0.998, 
4, 252, 0.1010, 0.0060, 95.312, 100.000, 0.966, 0.998, 
4, 252, 0.0627, 0.0061, 100.000, 100.000, 0.964, 0.998, 
5, 252, 0.1508, 0.0064, 93.750, 100.000, 0.959, 0.999, 
5, 252, 0.1162, 0.0062, 96.875, 100.000, 0.959, 0.999, 
5, 252, 0.1505, 0.0065, 96.875, 100.000, 0.949, 0.999, 
5, 252, 0.0791, 0.0062, 98.438, 100.000, 0.963, 0.999, 
5, 252, 0.2218, 0.0065, 93.750, 100.000, 0.955, 0.999, 
5, 252, 0.1923, 0.0066, 93.750, 100.000, 0.955, 0.998, 
5, 252, 0.0165, 0.0064, 100.000, 100.000, 0.957, 0.997, 
5, 252, 0.1808, 0.0064, 96.875, 98.438, 0.962, 0.998, 
5, 252, 0.0769, 0.0060, 98.438, 100.000, 0.966, 0.999, 
5, 252, 0.2675, 0.0057, 90.625, 100.000, 0.968, 0.999, 
5, 252, 0.0672, 0.0060, 96.875, 100.000, 0.964, 0.998, 
5, 252, 0.1423, 0.0061, 96.875, 100.000, 0.965, 0.998, 
5, 252, 0.2209, 0.0060, 90.625, 100.000, 0.959, 0.999, 
5, 252, 0.1580, 0.0059, 96.875, 98.438, 0.964, 0.998, 
5, 252, 0.0801, 0.0066, 95.312, 100.000, 0.949, 0.999, 
5, 252, 0.0733, 0.0061, 98.438, 100.000, 0.961, 0.998, 
5, 252, 0.0326, 0.0062, 100.000, 100.000, 0.960, 0.999, 
5, 252, 0.1208, 0.0060, 95.312, 100.000, 0.960, 0.997, 
5, 252, 0.0484, 0.0061, 100.000, 100.000, 0.954, 0.999, 
5, 252, 0.1511, 0.0059, 95.312, 100.000, 0.963, 0.998, 
5, 252, 0.0539, 0.0058, 98.438, 100.000, 0.963, 0.999, 
5, 252, 0.1915, 0.0059, 96.875, 100.000, 0.966, 0.999, 
5, 252, 0.1970, 0.0061, 93.750, 100.000, 0.958, 0.998, 
5, 252, 0.0685, 0.0058, 98.438, 100.000, 0.964, 0.998, 
5, 252, 0.0337, 0.0060, 98.438, 100.000, 0.953, 0.998, 
5, 252, 0.0705, 0.0058, 98.438, 100.000, 0.962, 0.999, 
5, 252, 0.2962, 0.0071, 92.188, 100.000, 0.940, 0.999, 
5, 252, 0.0381, 0.0058, 100.000, 100.000, 0.961, 0.998, 
5, 252, 0.0561, 0.0065, 98.438, 100.000, 0.952, 0.999, 
5, 252, 0.1715, 0.0068, 90.625, 100.000, 0.944, 0.999, 
5, 252, 0.1615, 0.0056, 96.875, 100.000, 0.968, 0.998, 
5, 252, 0.1461, 0.0058, 98.438, 100.000, 0.965, 0.997, 
5, 252, 0.0186, 0.0060, 100.000, 100.000, 0.963, 1.000, 
5, 252, 0.4009, 0.0058, 92.188, 98.438, 0.966, 0.998, 
5, 252, 0.0416, 0.0056, 98.438, 100.000, 0.969, 0.998, 
5, 252, 0.0683, 0.0059, 96.875, 100.000, 0.964, 0.998, 
5, 252, 0.1118, 0.0059, 95.312, 100.000, 0.962, 0.998, 
5, 252, 0.0961, 0.0057, 98.438, 100.000, 0.970, 0.998, 
5, 252, 0.1290, 0.0062, 95.312, 100.000, 0.958, 0.999, 
5, 252, 0.0773, 0.0056, 96.875, 100.000, 0.961, 0.998, 
5, 252, 0.0895, 0.0057, 95.312, 100.000, 0.965, 0.997, 
5, 252, 0.3456, 0.0055, 93.750, 98.438, 0.971, 0.997, 
5, 252, 0.0181, 0.0061, 100.000, 100.000, 0.954, 0.998, 
5, 252, 0.3122, 0.0054, 92.188, 98.438, 0.972, 0.998, 
5, 252, 0.0455, 0.0059, 100.000, 100.000, 0.961, 0.997, 
5, 252, 0.0597, 0.0055, 98.438, 100.000, 0.970, 0.996, 
5, 252, 0.1405, 0.0057, 96.875, 100.000, 0.965, 0.996, 
5, 252, 0.1120, 0.0054, 96.875, 100.000, 0.971, 0.997, 
5, 252, 0.1201, 0.0056, 95.312, 100.000, 0.968, 0.997, 
5, 252, 0.0506, 0.0059, 98.438, 100.000, 0.965, 0.998, 
5, 252, 0.0421, 0.0060, 98.438, 100.000, 0.960, 0.998, 
5, 252, 0.0902, 0.0056, 96.875, 100.000, 0.968, 0.999, 
5, 252, 0.1069, 0.0058, 96.875, 100.000, 0.959, 0.996, 
5, 252, 0.1380, 0.0054, 95.312, 100.000, 0.970, 0.997, 
5, 252, 0.2079, 0.0056, 93.750, 100.000, 0.968, 0.998, 
5, 252, 0.3844, 0.0057, 96.875, 98.438, 0.962, 0.997, 
5, 252, 0.1692, 0.0060, 92.188, 100.000, 0.955, 0.998, 
5, 252, 0.1588, 0.0055, 93.750, 100.000, 0.965, 0.997, 
5, 252, 0.1228, 0.0056, 95.312, 100.000, 0.963, 0.998, 
5, 252, 0.0809, 0.0060, 96.875, 100.000, 0.955, 0.998, 
5, 252, 0.1294, 0.0057, 96.875, 100.000, 0.963, 0.997, 
5, 252, 0.1940, 0.0058, 96.875, 100.000, 0.961, 0.998, 
5, 252, 0.0626, 0.0055, 96.875, 100.000, 0.967, 0.997, 
6, 252, 0.2668, 0.0052, 92.188, 100.000, 0.974, 0.997, 
6, 252, 0.2071, 0.0055, 93.750, 100.000, 0.968, 0.997, 
6, 252, 0.0712, 0.0054, 96.875, 100.000, 0.973, 0.997, 
6, 252, 0.0390, 0.0059, 98.438, 100.000, 0.958, 0.998, 
6, 252, 0.0218, 0.0055, 100.000, 100.000, 0.963, 0.998, 
6, 252, 0.1632, 0.0057, 92.188, 100.000, 0.958, 0.997, 
6, 252, 0.0482, 0.0054, 98.438, 100.000, 0.970, 0.997, 
6, 252, 0.0247, 0.0057, 100.000, 100.000, 0.960, 0.997, 
6, 252, 0.1841, 0.0052, 95.312, 100.000, 0.968, 0.996, 
6, 252, 0.0404, 0.0051, 100.000, 100.000, 0.968, 0.997, 
6, 252, 0.0931, 0.0053, 98.438, 100.000, 0.964, 0.996, 
6, 252, 0.1089, 0.0049, 95.312, 100.000, 0.972, 0.995, 
6, 252, 0.0534, 0.0051, 98.438, 100.000, 0.964, 0.998, 
6, 252, 0.1875, 0.0050, 96.875, 98.438, 0.969, 0.997, 
6, 252, 0.1011, 0.0053, 96.875, 100.000, 0.960, 0.998, 
6, 252, 0.1135, 0.0054, 95.312, 100.000, 0.967, 0.997, 
6, 252, 0.1371, 0.0052, 96.875, 100.000, 0.966, 0.997, 
6, 252, 0.2999, 0.0049, 96.875, 100.000, 0.973, 0.996, 
6, 252, 0.1665, 0.0055, 95.312, 98.438, 0.959, 0.997, 
6, 252, 0.0963, 0.0052, 96.875, 100.000, 0.969, 0.997, 
6, 252, 0.0634, 0.0053, 98.438, 100.000, 0.963, 0.997, 
6, 252, 0.0933, 0.0055, 95.312, 100.000, 0.954, 0.996, 
6, 252, 0.0639, 0.0050, 96.875, 100.000, 0.971, 0.997, 
6, 252, 0.1364, 0.0051, 95.312, 100.000, 0.970, 0.997, 
6, 252, 0.1323, 0.0052, 93.750, 100.000, 0.971, 0.997, 
6, 252, 0.0436, 0.0051, 98.438, 100.000, 0.971, 0.995, 
6, 252, 0.1506, 0.0050, 95.312, 98.438, 0.972, 0.998, 
6, 252, 0.0284, 0.0051, 100.000, 100.000, 0.971, 0.995, 
6, 252, 0.0934, 0.0052, 95.312, 100.000, 0.971, 0.998, 
6, 252, 0.0833, 0.0050, 96.875, 100.000, 0.972, 0.997, 
6, 252, 0.0555, 0.0052, 98.438, 100.000, 0.970, 0.997, 
6, 252, 0.0754, 0.0052, 96.875, 100.000, 0.970, 0.996, 
6, 252, 0.0322, 0.0050, 100.000, 100.000, 0.973, 0.996, 
6, 252, 0.0567, 0.0053, 98.438, 100.000, 0.968, 0.996, 
6, 252, 0.0839, 0.0054, 96.875, 100.000, 0.965, 0.997, 
6, 252, 0.0648, 0.0058, 96.875, 100.000, 0.963, 0.998, 
6, 252, 0.0970, 0.0062, 98.438, 100.000, 0.941, 0.997, 
6, 252, 0.1384, 0.0053, 95.312, 100.000, 0.967, 0.997, 
6, 252, 0.0412, 0.0050, 98.438, 100.000, 0.975, 0.997, 
6, 252, 0.0402, 0.0051, 100.000, 100.000, 0.973, 0.997, 
6, 252, 0.0811, 0.0050, 98.438, 100.000, 0.974, 0.997, 
6, 252, 0.0723, 0.0056, 98.438, 100.000, 0.966, 0.998, 
6, 252, 0.0455, 0.0057, 98.438, 100.000, 0.961, 0.997, 
6, 252, 0.0648, 0.0053, 95.312, 100.000, 0.968, 0.998, 
6, 252, 0.0871, 0.0051, 96.875, 100.000, 0.975, 0.996, 
6, 252, 0.1197, 0.0053, 95.312, 100.000, 0.968, 0.997, 
6, 252, 0.0359, 0.0050, 98.438, 100.000, 0.975, 0.997, 
6, 252, 0.1126, 0.0051, 96.875, 100.000, 0.974, 0.997, 
6, 252, 0.1464, 0.0052, 93.750, 100.000, 0.973, 0.997, 
6, 252, 0.0096, 0.0052, 100.000, 100.000, 0.971, 0.997, 
6, 252, 0.1735, 0.0048, 93.750, 100.000, 0.974, 0.994, 
6, 252, 0.0663, 0.0052, 98.438, 100.000, 0.968, 0.997, 
6, 252, 0.0726, 0.0049, 98.438, 98.438, 0.975, 0.997, 
6, 252, 0.0562, 0.0054, 96.875, 100.000, 0.963, 0.998, 
6, 252, 0.0871, 0.0049, 96.875, 100.000, 0.970, 0.997, 
6, 252, 0.1425, 0.0051, 93.750, 100.000, 0.965, 0.996, 
6, 252, 0.0458, 0.0051, 98.438, 100.000, 0.967, 0.996, 
6, 252, 0.2778, 0.0054, 95.312, 98.438, 0.965, 0.997, 
6, 252, 0.0777, 0.0048, 96.875, 100.000, 0.973, 0.993, 
6, 252, 0.1105, 0.0051, 95.312, 100.000, 0.965, 0.996, 
6, 252, 0.0386, 0.0055, 98.438, 100.000, 0.960, 0.995, 
6, 252, 0.0895, 0.0052, 96.875, 100.000, 0.961, 0.997, 
6, 252, 0.0405, 0.0048, 98.438, 100.000, 0.976, 0.995, 
7, 252, 0.2040, 0.0051, 93.750, 100.000, 0.970, 0.997, 
7, 252, 0.1224, 0.0051, 98.438, 100.000, 0.971, 0.997, 
7, 252, 0.0653, 0.0057, 96.875, 100.000, 0.957, 0.997, 
7, 252, 0.1486, 0.0058, 98.438, 100.000, 0.955, 0.997, 
7, 252, 0.1011, 0.0048, 96.875, 100.000, 0.974, 0.996, 
7, 252, 0.1307, 0.0054, 95.312, 100.000, 0.966, 0.997, 
7, 252, 0.0693, 0.0052, 98.438, 100.000, 0.970, 0.998, 
7, 252, 0.0175, 0.0050, 100.000, 100.000, 0.973, 0.998, 
7, 252, 0.0744, 0.0057, 96.875, 100.000, 0.959, 0.998, 
7, 252, 0.0643, 0.0049, 98.438, 100.000, 0.976, 0.996, 
7, 251, 0.0287, 0.0049, 100.000, 100.000, 0.976, 0.998, 
7, 250, 0.0172, 0.0053, 100.000, 100.000, 0.964, 0.998, 
7, 250, 0.0330, 0.0053, 98.438, 100.000, 0.966, 0.997, 
7, 249, 0.2005, 0.0055, 93.750, 100.000, 0.965, 0.998, 
7, 247, 0.1625, 0.0055, 95.312, 98.438, 0.968, 0.997, 
7, 247, 0.0280, 0.0061, 100.000, 100.000, 0.952, 0.999, 
7, 245, 0.2630, 0.0056, 87.500, 100.000, 0.965, 0.997, 
7, 245, 0.0575, 0.0056, 96.875, 100.000, 0.965, 0.999, 
7, 243, 0.1506, 0.0054, 93.750, 100.000, 0.970, 0.997, 
7, 243, 0.0350, 0.0056, 98.438, 100.000, 0.966, 0.996, 
7, 242, 0.1754, 0.0059, 96.875, 100.000, 0.968, 0.998, 
7, 241, 0.1620, 0.0061, 95.312, 100.000, 0.968, 0.999, 
7, 240, 0.1424, 0.0060, 96.875, 100.000, 0.974, 0.999, 
7, 239, 0.0884, 0.0064, 98.438, 100.000, 0.973, 1.000, 
7, 239, 0.0722, 0.0072, 100.000, 100.000, 0.970, 0.999, 
7, 239, 0.0723, 0.0073, 98.438, 100.000, 0.973, 0.999, 
7, 237, 0.1902, 0.0079, 93.750, 100.000, 0.968, 1.000, 
7, 235, 0.0836, 0.0080, 98.438, 100.000, 0.956, 1.000, 
7, 233, 0.1739, 0.0081, 96.875, 100.000, 0.959, 1.000, 
7, 232, 0.0930, 0.0086, 98.438, 100.000, 0.960, 1.000, 
7, 232, 0.1909, 0.0090, 93.750, 100.000, 0.960, 1.000, 
7, 232, 0.1104, 0.0102, 96.875, 100.000, 0.951, 1.000, 
7, 231, 0.1150, 0.0098, 96.875, 100.000, 0.942, 1.000, 
7, 229, 0.1801, 0.0113, 95.312, 100.000, 0.910, 1.000, 
7, 228, 0.1245, 0.0104, 96.875, 100.000, 0.935, 1.000, 
7, 228, 0.3161, 0.0123, 85.938, 100.000, 0.918, 1.000, 
7, 228, 0.9831, 0.0168, 60.938, 100.000, 0.750, 1.000, 
7, 226, 0.3386, 0.0157, 89.062, 100.000, 0.888, 1.000, 
7, 224, 0.3353, 0.0167, 93.750, 100.000, 0.908, 1.000, 
7, 224, 0.3333, 0.0163, 90.625, 100.000, 0.915, 1.000, 
7, 224, 1.6914, 0.0257, 45.312, 90.625, 0.518, 1.000, 
7, 223, 0.6199, 0.0223, 92.188, 98.438, 0.851, 1.000, 
7, 221, 0.5800, 0.0209, 89.062, 98.438, 0.855, 1.000, 
7, 219, 1.7213, 0.0302, 40.625, 87.500, 0.359, 1.000, 
7, 218, 2.2984, 0.0362, 12.500, 53.125, 0.114, 1.000, 
7, 218, 2.3048, 0.0362, 15.625, 54.688, 0.114, 1.000, 
7, 217, 2.3063, 0.0362, 7.812, 45.312, 0.114, 1.000, 
7, 217, 2.2818, 0.0362, 14.062, 65.625, 0.114, 1.000, 
7, 214, 2.2981, 0.0362, 18.750, 54.688, 0.114, 1.000, 
7, 10, 2.2926, 0.0362, 6.250, 62.500, 0.114, 1.000, 
7, 9, 2.3025, 0.0362, 9.375, 46.875, 0.114, 1.000, 
7, 9, 2.2959, 0.0362, 12.500, 57.812, 0.114, 1.000, 
7, 7, 2.3056, 0.0362, 15.625, 46.875, 0.114, 1.000, 
7, 1, 2.3008, 0.0362, 12.500, 50.000, 0.103, 1.000, 
7, 0, 2.2949, 0.0362, 10.938, 56.250, 0.103, 1.000, 
7, 0, 2.3002, 0.0362, 12.500, 48.438, 0.114, 1.000, 
7, 0, 2.3102, 0.0361, 6.250, 45.312, 0.114, 1.000, 
7, 0, 2.2963, 0.0361, 15.625, 56.250, 0.114, 1.000, 
7, 0, 2.3027, 0.0361, 10.938, 56.250, 0.114, 1.000, 
7, 0, 2.3008, 0.0361, 9.375, 59.375, 0.114, 1.000, 
7, 0, 2.2939, 0.0361, 14.062, 59.375, 0.114, 1.000, 
7, 0, 2.3041, 0.0361, 9.375, 57.812, 0.114, 1.000, 
7, 0, 2.3090, 0.0361, 4.688, 51.562, 0.114, 1.000, 
8, 0, 2.3145, 0.0361, 9.375, 39.062, 0.114, 1.000, 
8, 0, 2.2971, 0.0361, 14.062, 51.562, 0.114, 1.000, 
8, 0, 2.3100, 0.0361, 7.812, 40.625, 0.114, 1.000, 
8, 0, 2.2905, 0.0361, 18.750, 60.938, 0.114, 1.000, 
8, 0, 2.3066, 0.0361, 7.812, 43.750, 0.114, 1.000, 
8, 0, 2.3056, 0.0361, 7.812, 46.875, 0.114, 1.000, 
8, 0, 2.3069, 0.0361, 6.250, 45.312, 0.114, 1.000, 
8, 0, 2.2928, 0.0361, 17.188, 50.000, 0.114, 1.000, 
8, 0, 2.2934, 0.0361, 18.750, 48.438, 0.114, 1.000, 
8, 0, 2.3074, 0.0361, 10.938, 37.500, 0.114, 1.000, 
8, 0, 2.3050, 0.0361, 10.938, 54.688, 0.114, 1.000, 
8, 0, 2.3069, 0.0361, 9.375, 48.438, 0.114, 1.000, 
8, 0, 2.3076, 0.0361, 9.375, 35.938, 0.114, 1.000, 
8, 0, 2.3011, 0.0361, 10.938, 56.250, 0.114, 1.000, 
8, 0, 2.3047, 0.0361, 7.812, 56.250, 0.114, 1.000, 
8, 0, 2.3031, 0.0361, 9.375, 56.250, 0.114, 1.000, 
8, 0, 2.3054, 0.0361, 9.375, 48.438, 0.114, 1.000, 
8, 0, 2.2994, 0.0361, 14.062, 54.688, 0.114, 1.000, 
8, 0, 2.3043, 0.0361, 7.812, 48.438, 0.114, 1.000, 
8, 0, 2.2950, 0.0361, 17.188, 57.812, 0.114, 1.000, 
8, 0, 2.3038, 0.0361, 10.938, 50.000, 0.114, 1.000, 
8, 0, 2.3051, 0.0361, 9.375, 46.875, 0.114, 1.000, 
8, 0, 2.3011, 0.0361, 10.938, 50.000, 0.114, 1.000, 
8, 0, 2.3021, 0.0361, 12.500, 46.875, 0.114, 1.000, 
8, 0, 2.2944, 0.0361, 14.062, 53.125, 0.114, 1.000, 
8, 0, 2.2949, 0.0361, 9.375, 64.062, 0.114, 1.000, 
8, 0, 2.3033, 0.0361, 10.938, 46.875, 0.114, 1.000, 
8, 0, 2.3037, 0.0361, 7.812, 53.125, 0.114, 1.000, 
8, 0, 2.2890, 0.0361, 15.625, 60.938, 0.114, 1.000, 
8, 0, 2.2929, 0.0361, 18.750, 57.812, 0.114, 1.000, 
8, 0, 2.2969, 0.0361, 10.938, 56.250, 0.114, 1.000, 
8, 0, 2.3003, 0.0361, 10.938, 53.125, 0.114, 1.000, 
8, 0, 2.2925, 0.0361, 14.062, 60.938, 0.114, 1.000, 
8, 0, 2.3042, 0.0361, 7.812, 46.875, 0.114, 1.000, 
8, 0, 2.3096, 0.0361, 4.688, 50.000, 0.114, 1.000, 
8, 0, 2.2971, 0.0361, 14.062, 54.688, 0.114, 1.000, 
8, 0, 2.3067, 0.0361, 12.500, 51.562, 0.114, 1.000, 
8, 0, 2.3137, 0.0361, 7.812, 40.625, 0.114, 1.000, 
8, 0, 2.3030, 0.0361, 6.250, 54.688, 0.114, 1.000, 
8, 0, 2.3075, 0.0361, 7.812, 50.000, 0.114, 1.000, 
8, 0, 2.2997, 0.0361, 9.375, 51.562, 0.114, 1.000, 
8, 0, 2.3044, 0.0361, 12.500, 48.438, 0.114, 1.000, 
8, 0, 2.2977, 0.0361, 10.938, 53.125, 0.114, 1.000, 
8, 0, 2.3045, 0.0361, 9.375, 51.562, 0.114, 1.000, 
8, 0, 2.2931, 0.0361, 15.625, 60.938, 0.114, 1.000, 
8, 0, 2.3079, 0.0361, 10.938, 42.188, 0.114, 1.000, 
8, 0, 2.3057, 0.0361, 6.250, 48.438, 0.114, 1.000, 
8, 0, 2.3012, 0.0361, 7.812, 53.125, 0.114, 1.000, 
8, 0, 2.3078, 0.0361, 9.375, 42.188, 0.114, 1.000, 
8, 0, 2.3084, 0.0361, 9.375, 43.750, 0.114, 1.000, 
8, 0, 2.3061, 0.0361, 6.250, 54.688, 0.114, 1.000, 
8, 0, 2.3055, 0.0361, 7.812, 51.562, 0.114, 1.000, 
8, 0, 2.3099, 0.0361, 7.812, 45.312, 0.114, 1.000, 
8, 0, 2.3057, 0.0361, 10.938, 48.438, 0.114, 1.000, 
8, 0, 2.3013, 0.0361, 9.375, 48.438, 0.114, 1.000, 
8, 0, 2.2982, 0.0361, 10.938, 56.250, 0.114, 1.000, 
8, 0, 2.2997, 0.0361, 14.062, 57.812, 0.114, 1.000, 
8, 0, 2.3112, 0.0361, 6.250, 50.000, 0.114, 1.000, 
8, 0, 2.3003, 0.0361, 12.500, 53.125, 0.114, 1.000, 
8, 0, 2.2929, 0.0361, 18.750, 51.562, 0.114, 1.000, 
8, 0, 2.2947, 0.0361, 17.188, 59.375, 0.114, 1.000, 
8, 0, 2.2878, 0.0361, 17.188, 57.812, 0.114, 1.000, 
8, 0, 2.2944, 0.0361, 17.188, 50.000, 0.114, 1.000, 
9, 0, 2.3115, 0.0361, 9.375, 43.750, 0.114, 1.000, 
9, 0, 2.3003, 0.0361, 10.938, 56.250, 0.114, 1.000, 
9, 0, 2.3034, 0.0361, 6.250, 54.688, 0.114, 1.000, 
9, 0, 2.3114, 0.0361, 10.938, 40.625, 0.114, 1.000, 
9, 0, 2.2998, 0.0361, 14.062, 50.000, 0.114, 1.000, 
9, 0, 2.3182, 0.0361, 7.812, 34.375, 0.114, 1.000, 
9, 0, 2.2931, 0.0361, 14.062, 59.375, 0.114, 1.000, 
9, 0, 2.2926, 0.0361, 15.625, 51.562, 0.114, 1.000, 
9, 0, 2.2901, 0.0361, 15.625, 54.688, 0.114, 1.000, 
9, 0, 2.2926, 0.0361, 18.750, 57.812, 0.114, 1.000, 
9, 0, 2.3084, 0.0361, 9.375, 53.125, 0.114, 1.000, 
9, 0, 2.3063, 0.0361, 6.250, 45.312, 0.114, 1.000, 
9, 0, 2.3084, 0.0361, 9.375, 40.625, 0.114, 1.000, 
9, 0, 2.3114, 0.0361, 9.375, 37.500, 0.114, 1.000, 
9, 0, 2.3012, 0.0361, 12.500, 48.438, 0.114, 1.000, 
9, 0, 2.3072, 0.0361, 7.812, 46.875, 0.114, 1.000, 
9, 0, 2.3058, 0.0361, 14.062, 40.625, 0.114, 1.000, 
9, 0, 2.2932, 0.0361, 14.062, 60.938, 0.114, 1.000, 
9, 0, 2.3008, 0.0361, 7.812, 54.688, 0.114, 1.000, 
9, 0, 2.3156, 0.0361, 9.375, 40.625, 0.114, 1.000, 
9, 0, 2.3142, 0.0361, 6.250, 45.312, 0.114, 1.000, 
9, 0, 2.2989, 0.0361, 12.500, 57.812, 0.114, 1.000, 
9, 0, 2.2995, 0.0361, 9.375, 54.688, 0.114, 1.000, 
9, 0, 2.3172, 0.0361, 3.125, 37.500, 0.114, 1.000, 
9, 0, 2.3065, 0.0361, 9.375, 53.125, 0.114, 1.000, 
9, 0, 2.2988, 0.0361, 17.188, 50.000, 0.114, 1.000, 
9, 0, 2.3070, 0.0361, 4.688, 46.875, 0.114, 1.000, 
9, 0, 2.3002, 0.0361, 10.938, 48.438, 0.114, 1.000, 
9, 0, 2.2984, 0.0361, 14.062, 51.562, 0.114, 1.000, 
9, 0, 2.3071, 0.0361, 4.688, 46.875, 0.114, 1.000, 
9, 0, 2.3058, 0.0361, 6.250, 56.250, 0.114, 1.000, 
9, 0, 2.2968, 0.0361, 10.938, 57.812, 0.114, 1.000, 
9, 0, 2.3054, 0.0361, 14.062, 46.875, 0.114, 1.000, 
9, 0, 2.3119, 0.0361, 4.688, 32.812, 0.114, 1.000, 
9, 0, 2.2983, 0.0361, 12.500, 53.125, 0.114, 1.000, 
9, 0, 2.2968, 0.0361, 20.312, 56.250, 0.114, 1.000, 
9, 0, 2.3027, 0.0361, 4.688, 51.562, 0.114, 1.000, 
9, 0, 2.3050, 0.0361, 9.375, 53.125, 0.114, 1.000, 
9, 0, 2.3041, 0.0361, 9.375, 46.875, 0.114, 1.000, 
9, 0, 2.3060, 0.0361, 7.812, 48.438, 0.114, 1.000, 
9, 0, 2.2988, 0.0361, 10.938, 53.125, 0.114, 1.000, 
9, 0, 2.2983, 0.0361, 9.375, 51.562, 0.114, 1.000, 
9, 0, 2.3004, 0.0361, 7.812, 54.688, 0.114, 1.000, 
9, 0, 2.2984, 0.0361, 14.062, 56.250, 0.114, 1.000, 
9, 0, 2.2965, 0.0361, 10.938, 59.375, 0.114, 1.000, 
9, 0, 2.3016, 0.0361, 7.812, 53.125, 0.114, 1.000, 
9, 0, 2.3032, 0.0361, 10.938, 53.125, 0.114, 1.000, 
9, 0, 2.2991, 0.0361, 10.938, 59.375, 0.114, 1.000, 
9, 0, 2.2910, 0.0361, 18.750, 53.125, 0.114, 1.000, 
9, 0, 2.3086, 0.0361, 9.375, 43.750, 0.114, 1.000, 
9, 0, 2.2984, 0.0361, 14.062, 57.812, 0.114, 1.000, 
9, 0, 2.3034, 0.0361, 4.688, 53.125, 0.114, 1.000, 
9, 0, 2.2994, 0.0361, 6.250, 56.250, 0.114, 1.000, 
9, 0, 2.3136, 0.0361, 4.688, 42.188, 0.114, 1.000, 
9, 0, 2.3048, 0.0361, 10.938, 53.125, 0.114, 1.000, 
9, 0, 2.3083, 0.0361, 10.938, 56.250, 0.114, 1.000, 
9, 0, 2.3010, 0.0361, 15.625, 48.438, 0.114, 1.000, 
9, 0, 2.3007, 0.0361, 12.500, 48.438, 0.114, 1.000, 
9, 0, 2.3034, 0.0361, 10.938, 54.688, 0.114, 1.000, 
9, 0, 2.3088, 0.0361, 6.250, 48.438, 0.114, 1.000, 
9, 0, 2.2996, 0.0361, 10.938, 56.250, 0.114, 1.000, 
9, 0, 2.3048, 0.0361, 9.375, 39.062, 0.114, 1.000, 
9, 0, 2.3063, 0.0361, 10.938, 51.562, 0.114, 1.000, 
10, 0, 2.3044, 0.0361, 10.938, 46.875, 0.114, 1.000, 
10, 0, 2.2804, 0.0361, 18.750, 65.625, 0.114, 1.000, 
10, 0, 2.3036, 0.0361, 9.375, 54.688, 0.114, 1.000, 
10, 0, 2.2971, 0.0361, 14.062, 53.125, 0.114, 1.000, 
10, 0, 2.3028, 0.0361, 9.375, 51.562, 0.114, 1.000, 
10, 0, 2.2931, 0.0361, 14.062, 57.812, 0.114, 1.000, 
10, 0, 2.2758, 0.0361, 20.312, 67.188, 0.114, 1.000, 
10, 0, 2.3053, 0.0361, 9.375, 43.750, 0.114, 1.000, 
10, 0, 2.2940, 0.0361, 12.500, 54.688, 0.114, 1.000, 
10, 0, 2.2965, 0.0361, 12.500, 53.125, 0.114, 1.000, 
10, 0, 2.2993, 0.0361, 12.500, 53.125, 0.114, 1.000, 
10, 0, 2.2970, 0.0361, 12.500, 59.375, 0.114, 1.000, 
10, 0, 2.2879, 0.0361, 15.625, 53.125, 0.114, 1.000, 
10, 0, 2.3052, 0.0361, 9.375, 59.375, 0.114, 1.000, 
10, 0, 2.2883, 0.0361, 15.625, 54.688, 0.114, 1.000, 
10, 0, 2.3138, 0.0361, 7.812, 45.312, 0.114, 1.000, 
10, 0, 2.2912, 0.0361, 18.750, 56.250, 0.114, 1.000, 
10, 0, 2.3131, 0.0361, 7.812, 40.625, 0.114, 1.000, 
10, 0, 2.3033, 0.0361, 9.375, 48.438, 0.114, 1.000, 
10, 0, 2.3151, 0.0361, 7.812, 35.938, 0.114, 1.000, 
10, 0, 2.3034, 0.0361, 10.938, 45.312, 0.114, 1.000, 
10, 0, 2.2889, 0.0361, 20.312, 59.375, 0.114, 1.000, 
10, 0, 2.3048, 0.0361, 7.812, 43.750, 0.114, 1.000, 
10, 0, 2.2948, 0.0361, 14.062, 53.125, 0.114, 1.000, 
10, 0, 2.2976, 0.0361, 14.062, 51.562, 0.114, 1.000, 
10, 0, 2.3075, 0.0361, 9.375, 56.250, 0.114, 1.000, 
10, 0, 2.3067, 0.0361, 4.688, 50.000, 0.114, 1.000, 
10, 0, 2.3086, 0.0361, 6.250, 51.562, 0.114, 1.000, 
10, 0, 2.3077, 0.0361, 9.375, 45.312, 0.114, 1.000, 
10, 0, 2.3007, 0.0361, 10.938, 54.688, 0.114, 1.000, 
10, 0, 2.3020, 0.0361, 10.938, 51.562, 0.114, 1.000, 
10, 0, 2.2900, 0.0361, 18.750, 54.688, 0.114, 1.000, 
10, 0, 2.2886, 0.0361, 15.625, 57.812, 0.114, 1.000, 
10, 0, 2.3109, 0.0361, 7.812, 34.375, 0.114, 1.000, 
10, 0, 2.2936, 0.0361, 12.500, 54.688, 0.114, 1.000, 
10, 0, 2.3018, 0.0361, 9.375, 56.250, 0.114, 1.000, 
10, 0, 2.2980, 0.0361, 12.500, 54.688, 0.114, 1.000, 
10, 0, 2.2969, 0.0361, 10.938, 53.125, 0.114, 1.000, 
10, 0, 2.3031, 0.0361, 12.500, 51.562, 0.114, 1.000, 
10, 0, 2.2912, 0.0361, 10.938, 62.500, 0.114, 1.000, 
10, 0, 2.3107, 0.0361, 6.250, 42.188, 0.114, 1.000, 
10, 0, 2.2980, 0.0361, 14.062, 46.875, 0.114, 1.000, 
10, 0, 2.2967, 0.0361, 10.938, 46.875, 0.114, 1.000, 
10, 0, 2.3006, 0.0361, 7.812, 54.688, 0.114, 1.000, 
10, 0, 2.3035, 0.0361, 10.938, 50.000, 0.114, 1.000, 
10, 0, 2.3015, 0.0361, 10.938, 43.750, 0.114, 1.000, 
10, 0, 2.3046, 0.0361, 10.938, 45.312, 0.114, 1.000, 
10, 0, 2.2932, 0.0361, 14.062, 59.375, 0.114, 1.000, 
10, 0, 2.3057, 0.0361, 7.812, 50.000, 0.114, 1.000, 
10, 0, 2.3193, 0.0361, 9.375, 40.625, 0.114, 1.000, 
10, 0, 2.2989, 0.0361, 9.375, 51.562, 0.114, 1.000, 
10, 0, 2.2890, 0.0361, 18.750, 62.500, 0.114, 1.000, 
10, 0, 2.2928, 0.0361, 14.062, 60.938, 0.114, 1.000, 
10, 0, 2.2894, 0.0361, 18.750, 56.250, 0.114, 1.000, 
10, 0, 2.2928, 0.0361, 15.625, 57.812, 0.114, 1.000, 
10, 0, 2.3026, 0.0361, 10.938, 43.750, 0.114, 1.000, 
10, 0, 2.3116, 0.0361, 7.812, 46.875, 0.114, 1.000, 
10, 0, 2.3039, 0.0361, 12.500, 43.750, 0.114, 1.000, 
10, 0, 2.3102, 0.0361, 9.375, 43.750, 0.114, 1.000, 
10, 0, 2.3014, 0.0361, 10.938, 46.875, 0.114, 1.000, 
10, 0, 2.3069, 0.0361, 10.938, 53.125, 0.114, 1.000, 
10, 0, 2.3148, 0.0361, 7.812, 42.188, 0.114, 1.000, 
10, 0, 2.2934, 0.0361, 18.750, 57.812, 0.114, 1.000, 
