main_allinputs_dl2.py --pruning=True --tensorboard=True --log-interval=15 --pruning_config=./configs/mnist_22_15.json --constraint RobustnessDandR(eps1=10, eps2=2) --print-after-epoch=0 --dl2-weight=0.2 --delay=6
pruning_engine.load_mask(): did not find mask file, will load nothing
epoch, neuron_units, loss, dl2_loss, top1, top5, dl2_p_acc, dl2_constraint_acc
[0] Train acc: 0.1406
1, 252, 2.2927, 0.0023, 14.062, 59.375, 0.103, 0.421, 
[15] Train acc: 0.1875
1, 252, 2.2763, 0.0023, 18.750, 68.750, 0.103, 0.426, 
[30] Train acc: 0.3125
1, 252, 2.2343, 0.0023, 31.250, 75.000, 0.205, 0.428, 
[45] Train acc: 0.3594
1, 252, 2.1083, 0.0022, 35.938, 89.062, 0.408, 0.432, 
[60] Train acc: 0.5625
1, 252, 1.8079, 0.0021, 56.250, 90.625, 0.576, 0.432, 
[75] Train acc: 0.6719
1, 252, 1.1560, 0.0017, 67.188, 95.312, 0.646, 0.432, 
[90] Train acc: 0.6250
1, 252, 1.0569, 0.0015, 62.500, 98.438, 0.674, 0.442, 
[105] Train acc: 0.7031
1, 252, 0.8945, 0.0013, 70.312, 95.312, 0.730, 0.426, 
[120] Train acc: 0.8125
1, 252, 0.5999, 0.0011, 81.250, 98.438, 0.806, 0.486, 
[135] Train acc: 0.8594
1, 252, 0.3908, 0.0010, 85.938, 100.000, 0.854, 0.546, 
[150] Train acc: 0.8594
1, 252, 0.5338, 0.0010, 85.938, 100.000, 0.820, 0.530, 
[165] Train acc: 0.8281
1, 252, 0.5438, 0.0010, 82.812, 98.438, 0.764, 0.575, 
[180] Train acc: 0.9062
1, 252, 0.4400, 0.0009, 90.625, 98.438, 0.846, 0.590, 
[195] Train acc: 0.9062
1, 252, 0.2807, 0.0009, 90.625, 100.000, 0.848, 0.605, 
[210] Train acc: 0.9219
1, 252, 0.3620, 0.0009, 92.188, 98.438, 0.857, 0.599, 
[225] Train acc: 0.8906
1, 252, 0.3961, 0.0008, 89.062, 100.000, 0.886, 0.605, 
[240] Train acc: 0.8750
1, 252, 0.4191, 0.0008, 87.500, 98.438, 0.877, 0.641, 
[255] Train acc: 0.8281
1, 252, 0.4304, 0.0008, 82.812, 100.000, 0.853, 0.640, 
[270] Train acc: 0.9219
1, 252, 0.2301, 0.0008, 92.188, 100.000, 0.844, 0.647, 
[285] Train acc: 0.9375
1, 252, 0.2475, 0.0007, 93.750, 100.000, 0.920, 0.661, 
[300] Train acc: 0.9062
1, 252, 0.2684, 0.0007, 90.625, 100.000, 0.911, 0.676, 
[315] Train acc: 0.9375
1, 252, 0.2690, 0.0007, 93.750, 98.438, 0.921, 0.673, 
[330] Train acc: 0.9062
1, 252, 0.3765, 0.0007, 90.625, 98.438, 0.864, 0.651, 
[345] Train acc: 0.8594
1, 252, 0.4717, 0.0007, 85.938, 98.438, 0.908, 0.675, 
[360] Train acc: 0.8750
1, 252, 0.2840, 0.0007, 87.500, 100.000, 0.908, 0.666, 
[375] Train acc: 0.9375
1, 252, 0.1569, 0.0007, 93.750, 100.000, 0.922, 0.661, 
[390] Train acc: 0.9219
1, 252, 0.2107, 0.0006, 92.188, 100.000, 0.915, 0.668, 
[405] Train acc: 0.9375
1, 252, 0.1972, 0.0006, 93.750, 100.000, 0.917, 0.657, 
[420] Train acc: 0.9375
1, 252, 0.2407, 0.0006, 93.750, 100.000, 0.935, 0.672, 
[435] Train acc: 0.9219
1, 252, 0.2249, 0.0006, 92.188, 100.000, 0.934, 0.652, 
[450] Train acc: 0.9219
1, 252, 0.1830, 0.0006, 92.188, 100.000, 0.942, 0.664, 
[465] Train acc: 0.8906
1, 252, 0.3452, 0.0006, 89.062, 100.000, 0.912, 0.666, 
[480] Train acc: 1.0000
1, 252, 0.0759, 0.0006, 100.000, 100.000, 0.935, 0.668, 
[495] Train acc: 0.9531
1, 252, 0.1630, 0.0006, 95.312, 100.000, 0.947, 0.675, 
[510] Train acc: 0.9219
1, 252, 0.1678, 0.0005, 92.188, 100.000, 0.948, 0.672, 
[525] Train acc: 0.9531
1, 252, 0.1374, 0.0006, 95.312, 100.000, 0.945, 0.661, 
[540] Train acc: 0.9531
1, 252, 0.2549, 0.0006, 95.312, 98.438, 0.932, 0.671, 
[555] Train acc: 0.9688
1, 252, 0.1706, 0.0005, 96.875, 98.438, 0.953, 0.677, 
[570] Train acc: 0.9531
1, 252, 0.1493, 0.0005, 95.312, 100.000, 0.924, 0.667, 
[585] Train acc: 0.9844
1, 252, 0.0839, 0.0005, 98.438, 100.000, 0.950, 0.675, 
[600] Train acc: 0.9531
1, 252, 0.1911, 0.0005, 95.312, 100.000, 0.951, 0.675, 
[615] Train acc: 0.9531
1, 252, 0.1562, 0.0005, 95.312, 100.000, 0.951, 0.688, 
[630] Train acc: 0.9375
1, 252, 0.3316, 0.0005, 93.750, 100.000, 0.956, 0.678, 
[645] Train acc: 0.9688
1, 252, 0.1515, 0.0005, 96.875, 100.000, 0.956, 0.678, 
[660] Train acc: 0.9688
1, 252, 0.1340, 0.0005, 96.875, 100.000, 0.956, 0.671, 
[675] Train acc: 0.9219
1, 252, 0.1611, 0.0005, 92.188, 100.000, 0.956, 0.673, 
[690] Train acc: 0.9688
1, 252, 0.1636, 0.0005, 96.875, 98.438, 0.957, 0.666, 
[705] Train acc: 0.8906
1, 252, 0.3456, 0.0005, 89.062, 100.000, 0.951, 0.670, 
[720] Train acc: 1.0000
1, 252, 0.0531, 0.0005, 100.000, 100.000, 0.958, 0.671, 
[735] Train acc: 0.9375
1, 252, 0.1569, 0.0005, 93.750, 100.000, 0.957, 0.661, 
[750] Train acc: 0.9688
1, 252, 0.0697, 0.0005, 96.875, 100.000, 0.950, 0.666, 
[765] Train acc: 0.9062
1, 252, 0.2833, 0.0005, 90.625, 100.000, 0.946, 0.670, 
[780] Train acc: 0.9219
1, 252, 0.1946, 0.0005, 92.188, 100.000, 0.964, 0.667, 
[795] Train acc: 0.9375
1, 252, 0.1266, 0.0005, 93.750, 100.000, 0.960, 0.660, 
[810] Train acc: 1.0000
1, 252, 0.0542, 0.0005, 100.000, 100.000, 0.964, 0.664, 
[825] Train acc: 0.9531
1, 252, 0.1051, 0.0005, 95.312, 100.000, 0.960, 0.645, 
[840] Train acc: 0.9531
1, 252, 0.1322, 0.0005, 95.312, 100.000, 0.968, 0.676, 
[855] Train acc: 0.9375
1, 252, 0.1512, 0.0005, 93.750, 100.000, 0.942, 0.672, 
[870] Train acc: 0.9531
1, 252, 0.1509, 0.0004, 95.312, 100.000, 0.964, 0.669, 
[885] Train acc: 0.9375
1, 252, 0.1358, 0.0005, 93.750, 100.000, 0.959, 0.666, 
[900] Train acc: 0.9531
1, 252, 0.1066, 0.0004, 95.312, 100.000, 0.962, 0.689, 
[915] Train acc: 0.9375
1, 252, 0.1932, 0.0004, 93.750, 100.000, 0.960, 0.664, 
[930] Train acc: 0.9375
1, 252, 0.1555, 0.0004, 93.750, 100.000, 0.964, 0.666, 
[0] Train acc: 0.9531
2, 252, 0.1419, 0.0004, 95.312, 100.000, 0.963, 0.664, 
[15] Train acc: 0.9844
2, 252, 0.0728, 0.0004, 98.438, 100.000, 0.968, 0.670, 
[30] Train acc: 0.9688
2, 252, 0.0831, 0.0004, 96.875, 100.000, 0.955, 0.668, 
[45] Train acc: 0.9688
2, 252, 0.0926, 0.0004, 96.875, 100.000, 0.965, 0.660, 
[60] Train acc: 0.9844
2, 252, 0.0453, 0.0004, 98.438, 100.000, 0.963, 0.680, 
[75] Train acc: 0.9688
2, 252, 0.1387, 0.0004, 96.875, 100.000, 0.966, 0.665, 
[90] Train acc: 0.9375
2, 252, 0.3302, 0.0004, 93.750, 100.000, 0.967, 0.662, 
[105] Train acc: 0.9844
2, 252, 0.0469, 0.0004, 98.438, 100.000, 0.969, 0.666, 
[120] Train acc: 0.9844
2, 252, 0.0899, 0.0004, 98.438, 100.000, 0.970, 0.660, 
[135] Train acc: 0.9688
2, 252, 0.1524, 0.0004, 96.875, 100.000, 0.963, 0.677, 
[150] Train acc: 0.9531
2, 252, 0.0857, 0.0004, 95.312, 100.000, 0.967, 0.671, 
[165] Train acc: 0.9844
2, 252, 0.0723, 0.0004, 98.438, 100.000, 0.968, 0.652, 
[180] Train acc: 0.9531
2, 252, 0.0809, 0.0004, 95.312, 100.000, 0.967, 0.667, 
[195] Train acc: 0.9844
2, 252, 0.0929, 0.0004, 98.438, 100.000, 0.960, 0.671, 
[210] Train acc: 0.9688
2, 252, 0.0649, 0.0004, 96.875, 100.000, 0.973, 0.652, 
[225] Train acc: 0.9531
2, 252, 0.1443, 0.0004, 95.312, 100.000, 0.966, 0.662, 
[240] Train acc: 0.9531
2, 252, 0.1491, 0.0004, 95.312, 100.000, 0.966, 0.654, 
[255] Train acc: 1.0000
2, 252, 0.0272, 0.0004, 100.000, 100.000, 0.968, 0.654, 
[270] Train acc: 0.9844
2, 252, 0.0611, 0.0003, 98.438, 100.000, 0.973, 0.651, 
[285] Train acc: 0.9844
2, 252, 0.0364, 0.0003, 98.438, 100.000, 0.975, 0.659, 
[300] Train acc: 0.9688
2, 252, 0.0821, 0.0004, 96.875, 100.000, 0.969, 0.647, 
[315] Train acc: 0.9375
2, 252, 0.1149, 0.0004, 93.750, 100.000, 0.975, 0.646, 
[330] Train acc: 0.9688
2, 252, 0.0534, 0.0004, 96.875, 100.000, 0.968, 0.656, 
[345] Train acc: 0.9531
2, 252, 0.2329, 0.0004, 95.312, 100.000, 0.976, 0.651, 
[360] Train acc: 0.9688
2, 252, 0.0643, 0.0004, 96.875, 100.000, 0.962, 0.645, 
[375] Train acc: 0.9688
2, 252, 0.1032, 0.0004, 96.875, 100.000, 0.976, 0.638, 
[390] Train acc: 0.9844
2, 252, 0.0273, 0.0004, 98.438, 100.000, 0.975, 0.647, 
[405] Train acc: 0.9844
2, 252, 0.0432, 0.0004, 98.438, 100.000, 0.968, 0.647, 
[420] Train acc: 0.9844
2, 252, 0.0258, 0.0003, 98.438, 100.000, 0.976, 0.650, 
[435] Train acc: 0.9844
2, 252, 0.0375, 0.0004, 98.438, 100.000, 0.977, 0.651, 
[450] Train acc: 0.9844
2, 252, 0.0817, 0.0003, 98.438, 100.000, 0.974, 0.654, 
[465] Train acc: 0.9688
2, 252, 0.0876, 0.0004, 96.875, 100.000, 0.972, 0.646, 
[480] Train acc: 0.9688
2, 252, 0.0873, 0.0004, 96.875, 100.000, 0.969, 0.645, 
[495] Train acc: 0.9531
2, 252, 0.1178, 0.0004, 95.312, 100.000, 0.972, 0.646, 
[510] Train acc: 1.0000
2, 252, 0.0177, 0.0004, 100.000, 100.000, 0.974, 0.657, 
[525] Train acc: 0.9688
2, 252, 0.1225, 0.0004, 96.875, 100.000, 0.978, 0.656, 
[540] Train acc: 0.9688
2, 252, 0.0677, 0.0004, 96.875, 100.000, 0.977, 0.654, 
[555] Train acc: 1.0000
2, 252, 0.0318, 0.0004, 100.000, 100.000, 0.977, 0.646, 
[570] Train acc: 0.9531
2, 252, 0.1975, 0.0004, 95.312, 100.000, 0.971, 0.643, 
[585] Train acc: 1.0000
2, 252, 0.0184, 0.0004, 100.000, 100.000, 0.964, 0.642, 
[600] Train acc: 0.9531
2, 252, 0.1874, 0.0004, 95.312, 100.000, 0.964, 0.652, 
[615] Train acc: 0.9531
2, 252, 0.1911, 0.0004, 95.312, 100.000, 0.974, 0.635, 
[630] Train acc: 0.9844
2, 252, 0.0757, 0.0004, 98.438, 100.000, 0.970, 0.642, 
[645] Train acc: 0.9062
2, 252, 0.2339, 0.0003, 90.625, 100.000, 0.980, 0.647, 
[660] Train acc: 0.9844
2, 252, 0.0507, 0.0003, 98.438, 100.000, 0.977, 0.652, 
[675] Train acc: 0.9844
2, 252, 0.0637, 0.0003, 98.438, 100.000, 0.978, 0.646, 
[690] Train acc: 0.9688
2, 252, 0.0459, 0.0003, 96.875, 100.000, 0.975, 0.644, 
[705] Train acc: 0.9844
2, 252, 0.0947, 0.0003, 98.438, 100.000, 0.970, 0.633, 
[720] Train acc: 0.9688
2, 252, 0.0641, 0.0003, 96.875, 100.000, 0.977, 0.640, 
[735] Train acc: 0.9844
2, 252, 0.1057, 0.0003, 98.438, 100.000, 0.959, 0.654, 
[750] Train acc: 1.0000
2, 252, 0.0183, 0.0003, 100.000, 100.000, 0.978, 0.641, 
[765] Train acc: 1.0000
2, 252, 0.0371, 0.0003, 100.000, 100.000, 0.978, 0.630, 
[780] Train acc: 0.9844
2, 252, 0.0421, 0.0003, 98.438, 100.000, 0.974, 0.642, 
[795] Train acc: 0.9688
2, 252, 0.0918, 0.0003, 96.875, 100.000, 0.976, 0.636, 
[810] Train acc: 0.9688
2, 252, 0.0796, 0.0003, 96.875, 100.000, 0.976, 0.637, 
[825] Train acc: 0.9375
2, 252, 0.2884, 0.0003, 93.750, 100.000, 0.979, 0.642, 
[840] Train acc: 1.0000
2, 252, 0.0218, 0.0003, 100.000, 100.000, 0.975, 0.648, 
[855] Train acc: 1.0000
2, 252, 0.0167, 0.0003, 100.000, 100.000, 0.980, 0.642, 
[870] Train acc: 0.9844
2, 252, 0.0273, 0.0003, 98.438, 100.000, 0.978, 0.637, 
[885] Train acc: 0.9688
2, 252, 0.0610, 0.0003, 96.875, 100.000, 0.977, 0.646, 
[900] Train acc: 0.9375
2, 252, 0.1101, 0.0003, 93.750, 100.000, 0.978, 0.641, 
[915] Train acc: 0.9844
2, 252, 0.0516, 0.0003, 98.438, 100.000, 0.981, 0.625, 
[930] Train acc: 0.9688
2, 252, 0.1069, 0.0003, 96.875, 100.000, 0.971, 0.644, 
[0] Train acc: 0.9688
3, 252, 0.1489, 0.0003, 96.875, 100.000, 0.969, 0.636, 
[15] Train acc: 1.0000
3, 252, 0.0289, 0.0003, 100.000, 100.000, 0.981, 0.636, 
[30] Train acc: 0.9844
3, 252, 0.0524, 0.0003, 98.438, 100.000, 0.977, 0.647, 
[45] Train acc: 0.9688
3, 252, 0.0788, 0.0004, 96.875, 100.000, 0.970, 0.626, 
[60] Train acc: 1.0000
3, 252, 0.0204, 0.0003, 100.000, 100.000, 0.981, 0.635, 
[75] Train acc: 0.9531
3, 252, 0.1291, 0.0003, 95.312, 100.000, 0.969, 0.640, 
[90] Train acc: 0.9688
3, 252, 0.0700, 0.0003, 96.875, 100.000, 0.975, 0.635, 
[105] Train acc: 1.0000
3, 252, 0.0225, 0.0003, 100.000, 100.000, 0.981, 0.637, 
[120] Train acc: 1.0000
3, 252, 0.0228, 0.0003, 100.000, 100.000, 0.979, 0.651, 
[135] Train acc: 0.9531
3, 252, 0.0802, 0.0003, 95.312, 100.000, 0.981, 0.632, 
[150] Train acc: 1.0000
3, 252, 0.0099, 0.0003, 100.000, 100.000, 0.974, 0.656, 
[165] Train acc: 0.9688
3, 252, 0.1813, 0.0003, 96.875, 100.000, 0.982, 0.642, 
[180] Train acc: 0.9531
3, 252, 0.1139, 0.0003, 95.312, 100.000, 0.980, 0.645, 
[195] Train acc: 0.9844
3, 252, 0.0672, 0.0003, 98.438, 100.000, 0.977, 0.639, 
[210] Train acc: 0.9688
3, 252, 0.0690, 0.0003, 96.875, 100.000, 0.971, 0.635, 
[225] Train acc: 1.0000
3, 252, 0.0137, 0.0003, 100.000, 100.000, 0.982, 0.625, 
[240] Train acc: 0.9688
3, 252, 0.0634, 0.0003, 96.875, 100.000, 0.979, 0.630, 
[255] Train acc: 0.9844
3, 252, 0.0525, 0.0003, 98.438, 100.000, 0.973, 0.620, 
[270] Train acc: 0.9531
3, 252, 0.1225, 0.0003, 95.312, 100.000, 0.982, 0.632, 
[285] Train acc: 0.9688
3, 252, 0.0596, 0.0003, 96.875, 100.000, 0.984, 0.627, 
[300] Train acc: 0.9844
3, 252, 0.0657, 0.0003, 98.438, 100.000, 0.980, 0.635, 
[315] Train acc: 0.9688
3, 252, 0.1433, 0.0003, 96.875, 100.000, 0.983, 0.638, 
[330] Train acc: 0.9531
3, 252, 0.1233, 0.0003, 95.312, 100.000, 0.978, 0.642, 
[345] Train acc: 1.0000
3, 252, 0.0148, 0.0003, 100.000, 100.000, 0.982, 0.627, 
[360] Train acc: 0.9844
3, 252, 0.0623, 0.0003, 98.438, 100.000, 0.979, 0.643, 
[375] Train acc: 1.0000
3, 252, 0.0419, 0.0003, 100.000, 100.000, 0.976, 0.642, 
[390] Train acc: 0.9375
3, 252, 0.2216, 0.0003, 93.750, 100.000, 0.967, 0.635, 
[405] Train acc: 0.9844
3, 252, 0.0486, 0.0003, 98.438, 100.000, 0.982, 0.627, 
[420] Train acc: 1.0000
3, 252, 0.0293, 0.0003, 100.000, 100.000, 0.983, 0.632, 
[435] Train acc: 0.9844
3, 252, 0.0260, 0.0003, 98.438, 100.000, 0.974, 0.638, 
[450] Train acc: 0.9844
3, 252, 0.0510, 0.0003, 98.438, 100.000, 0.979, 0.631, 
[465] Train acc: 0.9844
3, 252, 0.0471, 0.0003, 98.438, 100.000, 0.982, 0.634, 
[480] Train acc: 0.9844
3, 252, 0.1269, 0.0003, 98.438, 100.000, 0.982, 0.641, 
[495] Train acc: 0.9688
3, 252, 0.0567, 0.0003, 96.875, 100.000, 0.983, 0.640, 
[510] Train acc: 0.9531
3, 252, 0.0854, 0.0003, 95.312, 100.000, 0.982, 0.632, 
[525] Train acc: 0.9531
3, 252, 0.1040, 0.0003, 95.312, 100.000, 0.984, 0.632, 
[540] Train acc: 1.0000
3, 252, 0.0216, 0.0003, 100.000, 100.000, 0.982, 0.636, 
[555] Train acc: 0.9531
3, 252, 0.1553, 0.0003, 95.312, 100.000, 0.985, 0.631, 
[570] Train acc: 0.9844
3, 252, 0.0607, 0.0003, 98.438, 100.000, 0.978, 0.645, 
[585] Train acc: 1.0000
3, 252, 0.0113, 0.0003, 100.000, 100.000, 0.983, 0.632, 
[600] Train acc: 0.9375
3, 252, 0.1608, 0.0003, 93.750, 98.438, 0.980, 0.644, 
[615] Train acc: 0.9531
3, 252, 0.1858, 0.0003, 95.312, 100.000, 0.983, 0.635, 
[630] Train acc: 1.0000
3, 252, 0.0248, 0.0003, 100.000, 100.000, 0.983, 0.625, 
[645] Train acc: 0.9688
3, 252, 0.2095, 0.0003, 96.875, 100.000, 0.983, 0.630, 
[660] Train acc: 1.0000
3, 252, 0.0344, 0.0003, 100.000, 100.000, 0.983, 0.644, 
[675] Train acc: 1.0000
3, 252, 0.0165, 0.0003, 100.000, 100.000, 0.984, 0.633, 
[690] Train acc: 0.9844
3, 252, 0.0297, 0.0003, 98.438, 100.000, 0.984, 0.636, 
[705] Train acc: 1.0000
3, 252, 0.0265, 0.0003, 100.000, 100.000, 0.982, 0.634, 
[720] Train acc: 0.9844
3, 252, 0.0475, 0.0003, 98.438, 100.000, 0.983, 0.637, 
[735] Train acc: 0.9844
3, 252, 0.0325, 0.0003, 98.438, 100.000, 0.983, 0.626, 
[750] Train acc: 1.0000
3, 252, 0.0210, 0.0003, 100.000, 100.000, 0.985, 0.639, 
[765] Train acc: 1.0000
3, 252, 0.0205, 0.0003, 100.000, 100.000, 0.981, 0.636, 
[780] Train acc: 0.9531
3, 252, 0.1131, 0.0003, 95.312, 100.000, 0.983, 0.626, 
[795] Train acc: 0.9688
3, 252, 0.0429, 0.0003, 96.875, 100.000, 0.982, 0.633, 
[810] Train acc: 1.0000
3, 252, 0.0081, 0.0003, 100.000, 100.000, 0.978, 0.625, 
[825] Train acc: 1.0000
3, 252, 0.0135, 0.0002, 100.000, 100.000, 0.984, 0.627, 
[840] Train acc: 0.9531
3, 252, 0.0637, 0.0003, 95.312, 100.000, 0.981, 0.635, 
[855] Train acc: 1.0000
3, 252, 0.0079, 0.0003, 100.000, 100.000, 0.977, 0.636, 
[870] Train acc: 1.0000
3, 252, 0.0084, 0.0003, 100.000, 100.000, 0.982, 0.627, 
[885] Train acc: 1.0000
3, 252, 0.0130, 0.0003, 100.000, 100.000, 0.982, 0.635, 
[900] Train acc: 0.9844
3, 252, 0.0273, 0.0003, 98.438, 100.000, 0.981, 0.652, 
[915] Train acc: 0.9531
3, 252, 0.2454, 0.0003, 95.312, 100.000, 0.984, 0.638, 
[930] Train acc: 0.9844
3, 252, 0.0700, 0.0003, 98.438, 100.000, 0.987, 0.628, 
[0] Train acc: 0.9844
4, 252, 0.0492, 0.0003, 98.438, 100.000, 0.985, 0.639, 
[15] Train acc: 1.0000
4, 252, 0.0252, 0.0003, 100.000, 100.000, 0.984, 0.625, 
[30] Train acc: 0.9844
4, 252, 0.0465, 0.0003, 98.438, 100.000, 0.981, 0.636, 
[45] Train acc: 1.0000
4, 252, 0.0069, 0.0003, 100.000, 100.000, 0.985, 0.632, 
[60] Train acc: 1.0000
4, 252, 0.0200, 0.0003, 100.000, 100.000, 0.985, 0.625, 
[75] Train acc: 1.0000
4, 252, 0.0442, 0.0003, 100.000, 100.000, 0.973, 0.627, 
[90] Train acc: 0.9844
4, 252, 0.0424, 0.0002, 98.438, 100.000, 0.986, 0.632, 
[105] Train acc: 1.0000
4, 252, 0.0098, 0.0002, 100.000, 100.000, 0.984, 0.625, 
[120] Train acc: 0.9844
4, 252, 0.0582, 0.0003, 98.438, 100.000, 0.982, 0.652, 
[135] Train acc: 0.9844
4, 252, 0.0365, 0.0003, 98.438, 100.000, 0.985, 0.633, 
[150] Train acc: 0.9688
4, 252, 0.0530, 0.0003, 96.875, 100.000, 0.986, 0.631, 
[165] Train acc: 1.0000
4, 252, 0.0181, 0.0003, 100.000, 100.000, 0.983, 0.625, 
[180] Train acc: 0.9844
4, 252, 0.1068, 0.0002, 98.438, 100.000, 0.985, 0.632, 
[195] Train acc: 1.0000
4, 252, 0.0065, 0.0002, 100.000, 100.000, 0.984, 0.629, 
[210] Train acc: 0.9688
4, 252, 0.1149, 0.0003, 96.875, 100.000, 0.980, 0.615, 
[225] Train acc: 0.9844
4, 252, 0.0266, 0.0003, 98.438, 100.000, 0.984, 0.635, 
[240] Train acc: 1.0000
4, 252, 0.0188, 0.0003, 100.000, 100.000, 0.983, 0.629, 
[255] Train acc: 0.9844
4, 252, 0.1269, 0.0003, 98.438, 98.438, 0.984, 0.635, 
[270] Train acc: 1.0000
4, 252, 0.0097, 0.0002, 100.000, 100.000, 0.986, 0.625, 
[285] Train acc: 0.9844
4, 252, 0.0872, 0.0002, 98.438, 100.000, 0.986, 0.628, 
[300] Train acc: 1.0000
4, 252, 0.0138, 0.0003, 100.000, 100.000, 0.981, 0.637, 
[315] Train acc: 1.0000
4, 252, 0.0184, 0.0003, 100.000, 100.000, 0.985, 0.622, 
[330] Train acc: 1.0000
4, 252, 0.0371, 0.0003, 100.000, 100.000, 0.985, 0.622, 
[345] Train acc: 0.9531
4, 252, 0.0905, 0.0003, 95.312, 100.000, 0.983, 0.631, 
[360] Train acc: 0.9688
4, 252, 0.0696, 0.0003, 96.875, 100.000, 0.980, 0.635, 
[375] Train acc: 1.0000
4, 252, 0.0083, 0.0003, 100.000, 100.000, 0.987, 0.621, 
[390] Train acc: 1.0000
4, 252, 0.0169, 0.0003, 100.000, 100.000, 0.985, 0.630, 
[405] Train acc: 1.0000
4, 252, 0.0087, 0.0003, 100.000, 100.000, 0.983, 0.624, 
[420] Train acc: 0.9688
4, 252, 0.0532, 0.0003, 96.875, 100.000, 0.983, 0.628, 
[435] Train acc: 0.9688
4, 252, 0.0706, 0.0003, 96.875, 100.000, 0.984, 0.630, 
[450] Train acc: 0.9844
4, 252, 0.0191, 0.0003, 98.438, 100.000, 0.983, 0.637, 
[465] Train acc: 0.9844
4, 252, 0.0746, 0.0002, 98.438, 100.000, 0.986, 0.615, 
[480] Train acc: 0.9688
4, 252, 0.0676, 0.0002, 96.875, 100.000, 0.984, 0.629, 
[495] Train acc: 0.9844
4, 252, 0.0458, 0.0003, 98.438, 100.000, 0.986, 0.630, 
[510] Train acc: 0.9688
4, 252, 0.0589, 0.0002, 96.875, 100.000, 0.986, 0.621, 
[525] Train acc: 1.0000
4, 252, 0.0050, 0.0002, 100.000, 100.000, 0.985, 0.636, 
[540] Train acc: 1.0000
4, 252, 0.0088, 0.0003, 100.000, 100.000, 0.979, 0.624, 
[555] Train acc: 0.9844
4, 252, 0.0708, 0.0002, 98.438, 100.000, 0.984, 0.641, 
[570] Train acc: 1.0000
4, 252, 0.0223, 0.0003, 100.000, 100.000, 0.982, 0.628, 
[585] Train acc: 0.9531
4, 252, 0.1069, 0.0002, 95.312, 100.000, 0.986, 0.625, 
[600] Train acc: 1.0000
4, 252, 0.0118, 0.0002, 100.000, 100.000, 0.986, 0.622, 
[615] Train acc: 0.9844
4, 252, 0.0314, 0.0002, 98.438, 100.000, 0.986, 0.633, 
[630] Train acc: 0.9531
4, 252, 0.1357, 0.0002, 95.312, 100.000, 0.983, 0.624, 
[645] Train acc: 1.0000
4, 252, 0.0155, 0.0002, 100.000, 100.000, 0.984, 0.623, 
[660] Train acc: 1.0000
4, 252, 0.0163, 0.0002, 100.000, 100.000, 0.987, 0.644, 
[675] Train acc: 0.9688
4, 252, 0.0475, 0.0002, 96.875, 100.000, 0.985, 0.630, 
[690] Train acc: 0.9844
4, 252, 0.0805, 0.0002, 98.438, 100.000, 0.984, 0.635, 
[705] Train acc: 1.0000
4, 252, 0.0358, 0.0002, 100.000, 100.000, 0.986, 0.626, 
[720] Train acc: 0.9844
4, 252, 0.0912, 0.0002, 98.438, 100.000, 0.983, 0.623, 
[735] Train acc: 1.0000
4, 252, 0.0193, 0.0002, 100.000, 100.000, 0.981, 0.635, 
[750] Train acc: 1.0000
4, 252, 0.0035, 0.0002, 100.000, 100.000, 0.984, 0.629, 
[765] Train acc: 0.9375
4, 252, 0.1056, 0.0002, 93.750, 100.000, 0.983, 0.635, 
[780] Train acc: 0.9688
4, 252, 0.0596, 0.0002, 96.875, 100.000, 0.985, 0.614, 
[795] Train acc: 0.9531
4, 252, 0.1130, 0.0002, 95.312, 100.000, 0.983, 0.626, 
[810] Train acc: 0.9844
4, 252, 0.0195, 0.0002, 98.438, 100.000, 0.985, 0.620, 
[825] Train acc: 0.9688
4, 252, 0.0343, 0.0002, 96.875, 100.000, 0.985, 0.625, 
[840] Train acc: 1.0000
4, 252, 0.0193, 0.0002, 100.000, 100.000, 0.985, 0.640, 
[855] Train acc: 1.0000
4, 252, 0.0029, 0.0002, 100.000, 100.000, 0.985, 0.628, 
[870] Train acc: 0.9844
4, 252, 0.0470, 0.0003, 98.438, 100.000, 0.983, 0.631, 
[885] Train acc: 1.0000
4, 252, 0.0200, 0.0002, 100.000, 100.000, 0.983, 0.626, 
[900] Train acc: 0.9844
4, 252, 0.0475, 0.0003, 98.438, 100.000, 0.980, 0.635, 
[915] Train acc: 1.0000
4, 252, 0.0056, 0.0002, 100.000, 100.000, 0.987, 0.627, 
[930] Train acc: 0.9688
4, 252, 0.1391, 0.0002, 96.875, 100.000, 0.987, 0.634, 
[0] Train acc: 0.9531
5, 252, 0.1102, 0.0003, 95.312, 100.000, 0.983, 0.619, 
[15] Train acc: 0.9844
5, 252, 0.0720, 0.0002, 98.438, 100.000, 0.987, 0.620, 
[30] Train acc: 1.0000
5, 252, 0.0294, 0.0002, 100.000, 100.000, 0.987, 0.616, 
[45] Train acc: 0.9531
5, 252, 0.1029, 0.0002, 95.312, 100.000, 0.985, 0.626, 
[60] Train acc: 1.0000
5, 252, 0.0252, 0.0002, 100.000, 100.000, 0.983, 0.634, 
[75] Train acc: 0.9844
5, 252, 0.0287, 0.0002, 98.438, 100.000, 0.987, 0.625, 
[90] Train acc: 0.9531
5, 252, 0.1605, 0.0003, 95.312, 100.000, 0.984, 0.633, 
[105] Train acc: 0.9844
5, 252, 0.0386, 0.0002, 98.438, 100.000, 0.986, 0.611, 
[120] Train acc: 1.0000
5, 252, 0.0022, 0.0002, 100.000, 100.000, 0.985, 0.621, 
[135] Train acc: 0.9844
5, 252, 0.0400, 0.0002, 98.438, 100.000, 0.988, 0.638, 
[150] Train acc: 1.0000
5, 252, 0.0239, 0.0002, 100.000, 100.000, 0.988, 0.610, 
[165] Train acc: 0.9844
5, 252, 0.0322, 0.0002, 98.438, 100.000, 0.984, 0.627, 
[180] Train acc: 1.0000
5, 252, 0.0168, 0.0002, 100.000, 100.000, 0.986, 0.617, 
[195] Train acc: 0.9844
5, 252, 0.0289, 0.0002, 98.438, 100.000, 0.985, 0.629, 
[210] Train acc: 0.9688
5, 252, 0.2134, 0.0002, 96.875, 98.438, 0.986, 0.628, 
[225] Train acc: 0.9688
5, 252, 0.0581, 0.0002, 96.875, 100.000, 0.981, 0.631, 
[240] Train acc: 0.9844
5, 252, 0.0447, 0.0002, 98.438, 100.000, 0.987, 0.629, 
[255] Train acc: 0.9844
5, 252, 0.0388, 0.0002, 98.438, 100.000, 0.986, 0.624, 
[270] Train acc: 1.0000
5, 252, 0.0078, 0.0003, 100.000, 100.000, 0.983, 0.627, 
[285] Train acc: 0.9844
5, 252, 0.0373, 0.0002, 98.438, 100.000, 0.986, 0.621, 
[300] Train acc: 0.9688
5, 252, 0.0721, 0.0002, 96.875, 100.000, 0.986, 0.622, 
[315] Train acc: 0.9688
5, 252, 0.0610, 0.0002, 96.875, 100.000, 0.985, 0.629, 
[330] Train acc: 1.0000
5, 252, 0.0311, 0.0002, 100.000, 100.000, 0.985, 0.624, 
[345] Train acc: 1.0000
5, 252, 0.0053, 0.0002, 100.000, 100.000, 0.986, 0.622, 
[360] Train acc: 1.0000
5, 252, 0.0069, 0.0002, 100.000, 100.000, 0.988, 0.627, 
[375] Train acc: 1.0000
5, 252, 0.0180, 0.0002, 100.000, 100.000, 0.985, 0.626, 
[390] Train acc: 0.9844
5, 252, 0.0299, 0.0002, 98.438, 100.000, 0.987, 0.612, 
[405] Train acc: 0.9688
5, 252, 0.0394, 0.0002, 96.875, 100.000, 0.986, 0.628, 
[420] Train acc: 0.9844
5, 252, 0.0280, 0.0002, 98.438, 100.000, 0.987, 0.627, 
[435] Train acc: 0.9844
5, 252, 0.0364, 0.0002, 98.438, 100.000, 0.986, 0.633, 
[450] Train acc: 0.9688
5, 252, 0.0735, 0.0002, 96.875, 100.000, 0.987, 0.621, 
[465] Train acc: 0.9531
5, 252, 0.2302, 0.0003, 95.312, 100.000, 0.986, 0.628, 
[480] Train acc: 1.0000
5, 252, 0.0074, 0.0002, 100.000, 100.000, 0.985, 0.631, 
[495] Train acc: 0.9688
5, 252, 0.0723, 0.0003, 96.875, 100.000, 0.986, 0.628, 
[510] Train acc: 0.9531
5, 252, 0.0750, 0.0002, 95.312, 100.000, 0.987, 0.630, 
[525] Train acc: 0.9688
5, 252, 0.0753, 0.0002, 96.875, 100.000, 0.988, 0.627, 
[540] Train acc: 0.9688
5, 252, 0.1275, 0.0002, 96.875, 100.000, 0.988, 0.627, 
[555] Train acc: 0.9844
5, 252, 0.0237, 0.0002, 98.438, 100.000, 0.989, 0.635, 
[570] Train acc: 1.0000
5, 252, 0.0092, 0.0002, 100.000, 100.000, 0.987, 0.625, 
[585] Train acc: 1.0000
5, 252, 0.0076, 0.0002, 100.000, 100.000, 0.985, 0.625, 
[600] Train acc: 1.0000
5, 252, 0.0149, 0.0002, 100.000, 100.000, 0.986, 0.622, 
[615] Train acc: 0.9844
5, 252, 0.0203, 0.0002, 98.438, 100.000, 0.988, 0.641, 
[630] Train acc: 0.9375
5, 252, 0.1450, 0.0002, 93.750, 100.000, 0.988, 0.630, 
[645] Train acc: 1.0000
5, 252, 0.0040, 0.0002, 100.000, 100.000, 0.987, 0.626, 
[660] Train acc: 1.0000
5, 252, 0.0038, 0.0002, 100.000, 100.000, 0.987, 0.616, 
[675] Train acc: 1.0000
5, 252, 0.0193, 0.0002, 100.000, 100.000, 0.987, 0.626, 
[690] Train acc: 1.0000
5, 252, 0.0028, 0.0002, 100.000, 100.000, 0.987, 0.612, 
[705] Train acc: 1.0000
5, 252, 0.0094, 0.0002, 100.000, 100.000, 0.988, 0.629, 
[720] Train acc: 0.9844
5, 252, 0.0522, 0.0002, 98.438, 100.000, 0.988, 0.633, 
[735] Train acc: 0.9844
5, 252, 0.0574, 0.0002, 98.438, 100.000, 0.988, 0.621, 
[750] Train acc: 1.0000
5, 252, 0.0062, 0.0002, 100.000, 100.000, 0.986, 0.629, 
[765] Train acc: 0.9844
5, 252, 0.0172, 0.0002, 98.438, 100.000, 0.984, 0.633, 
[780] Train acc: 0.9531
5, 252, 0.2520, 0.0002, 95.312, 100.000, 0.987, 0.628, 
[795] Train acc: 0.9688
5, 252, 0.0624, 0.0002, 96.875, 100.000, 0.988, 0.621, 
[810] Train acc: 0.9844
5, 252, 0.0244, 0.0002, 98.438, 100.000, 0.986, 0.626, 
[825] Train acc: 1.0000
5, 252, 0.0097, 0.0002, 100.000, 100.000, 0.986, 0.634, 
[840] Train acc: 0.9844
5, 252, 0.0248, 0.0002, 98.438, 100.000, 0.988, 0.606, 
[855] Train acc: 1.0000
5, 252, 0.0125, 0.0002, 100.000, 100.000, 0.985, 0.625, 
[870] Train acc: 0.9688
5, 252, 0.1250, 0.0002, 96.875, 100.000, 0.980, 0.628, 
[885] Train acc: 1.0000
5, 252, 0.0025, 0.0002, 100.000, 100.000, 0.988, 0.630, 
[900] Train acc: 1.0000
5, 252, 0.0236, 0.0002, 100.000, 100.000, 0.987, 0.623, 
[915] Train acc: 0.9844
5, 252, 0.0192, 0.0002, 98.438, 100.000, 0.987, 0.632, 
[930] Train acc: 0.9844
5, 252, 0.0358, 0.0003, 98.438, 100.000, 0.984, 0.628, 
[0] Train acc: 1.0000
6, 252, 0.0100, 0.0002, 100.000, 100.000, 0.986, 0.620, 
[15] Train acc: 1.0000
6, 252, 0.0078, 0.0002, 100.000, 100.000, 0.990, 0.610, 
[30] Train acc: 0.9844
6, 252, 0.0399, 0.0002, 98.438, 100.000, 0.986, 0.616, 
[45] Train acc: 1.0000
6, 252, 0.0039, 0.0002, 100.000, 100.000, 0.989, 0.623, 
[60] Train acc: 0.9844
6, 252, 0.0358, 0.0002, 98.438, 100.000, 0.987, 0.632, 
[75] Train acc: 1.0000
6, 252, 0.0224, 0.0002, 100.000, 100.000, 0.987, 0.618, 
[90] Train acc: 1.0000
6, 252, 0.0267, 0.0002, 100.000, 100.000, 0.988, 0.626, 
[105] Train acc: 0.9844
6, 252, 0.0392, 0.0002, 98.438, 100.000, 0.987, 0.619, 
[120] Train acc: 0.9844
6, 252, 0.0495, 0.0002, 98.438, 100.000, 0.988, 0.626, 
[135] Train acc: 1.0000
6, 252, 0.0039, 0.0002, 100.000, 100.000, 0.989, 0.626, 
[150] Train acc: 1.0000
6, 252, 0.0166, 0.0002, 100.000, 100.000, 0.985, 0.616, 
[165] Train acc: 1.0000
6, 252, 0.0103, 0.0002, 100.000, 100.000, 0.986, 0.621, 
[180] Train acc: 1.0000
6, 252, 0.0103, 0.0002, 100.000, 100.000, 0.988, 0.620, 
[195] Train acc: 0.9688
6, 252, 0.0573, 0.0002, 96.875, 100.000, 0.987, 0.617, 
[210] Train acc: 0.9844
6, 252, 0.0431, 0.0002, 98.438, 100.000, 0.987, 0.628, 
[225] Train acc: 0.9688
6, 252, 0.0422, 0.0002, 96.875, 100.000, 0.989, 0.613, 
[240] Train acc: 1.0000
6, 252, 0.0054, 0.0002, 100.000, 100.000, 0.986, 0.630, 
[255] Train acc: 0.9844
6, 252, 0.0919, 0.0002, 98.438, 100.000, 0.986, 0.618, 
[270] Train acc: 1.0000
6, 252, 0.0132, 0.0002, 100.000, 100.000, 0.987, 0.628, 
[285] Train acc: 0.9688
6, 252, 0.1043, 0.0002, 96.875, 100.000, 0.988, 0.634, 
[300] Train acc: 0.9844
6, 252, 0.1036, 0.0002, 98.438, 100.000, 0.985, 0.620, 
[315] Train acc: 1.0000
6, 252, 0.0044, 0.0002, 100.000, 100.000, 0.988, 0.621, 
[330] Train acc: 1.0000
6, 252, 0.0161, 0.0002, 100.000, 100.000, 0.988, 0.620, 
[345] Train acc: 0.9688
6, 252, 0.1493, 0.0002, 96.875, 100.000, 0.989, 0.631, 
[360] Train acc: 0.9844
6, 252, 0.0295, 0.0002, 98.438, 100.000, 0.989, 0.618, 
[375] Train acc: 0.9844
6, 252, 0.0457, 0.0002, 98.438, 100.000, 0.985, 0.625, 
[390] Train acc: 0.9844
6, 252, 0.0532, 0.0002, 98.438, 100.000, 0.987, 0.612, 
[405] Train acc: 0.9844
6, 252, 0.0209, 0.0002, 98.438, 100.000, 0.985, 0.626, 
[420] Train acc: 1.0000
6, 252, 0.0041, 0.0002, 100.000, 100.000, 0.985, 0.621, 
[435] Train acc: 1.0000
6, 252, 0.0039, 0.0002, 100.000, 100.000, 0.987, 0.623, 
[450] Train acc: 1.0000
6, 252, 0.0092, 0.0002, 100.000, 100.000, 0.987, 0.621, 
[465] Train acc: 0.9844
6, 252, 0.0293, 0.0002, 98.438, 100.000, 0.989, 0.620, 
[480] Train acc: 1.0000
6, 252, 0.0078, 0.0002, 100.000, 100.000, 0.988, 0.625, 
[495] Train acc: 1.0000
6, 252, 0.0118, 0.0002, 100.000, 100.000, 0.987, 0.623, 
[510] Train acc: 0.9688
6, 252, 0.1119, 0.0002, 96.875, 100.000, 0.987, 0.631, 
[525] Train acc: 0.9688
6, 252, 0.0495, 0.0002, 96.875, 100.000, 0.991, 0.627, 
[540] Train acc: 0.9688
6, 252, 0.0535, 0.0002, 96.875, 100.000, 0.986, 0.617, 
[555] Train acc: 1.0000
6, 252, 0.0165, 0.0002, 100.000, 100.000, 0.988, 0.624, 
[570] Train acc: 0.9844
6, 252, 0.0528, 0.0002, 98.438, 100.000, 0.989, 0.618, 
[585] Train acc: 0.9844
6, 252, 0.0452, 0.0002, 98.438, 100.000, 0.988, 0.629, 
[600] Train acc: 1.0000
6, 252, 0.0011, 0.0002, 100.000, 100.000, 0.985, 0.632, 
[615] Train acc: 0.9844
6, 252, 0.0370, 0.0002, 98.438, 100.000, 0.988, 0.621, 
[630] Train acc: 0.9844
6, 252, 0.0510, 0.0002, 98.438, 100.000, 0.982, 0.620, 
[645] Train acc: 1.0000
6, 252, 0.0039, 0.0002, 100.000, 100.000, 0.989, 0.629, 
[660] Train acc: 1.0000
6, 252, 0.0106, 0.0002, 100.000, 100.000, 0.989, 0.627, 
[675] Train acc: 1.0000
6, 252, 0.0028, 0.0002, 100.000, 100.000, 0.990, 0.627, 
[690] Train acc: 1.0000
6, 252, 0.0075, 0.0002, 100.000, 100.000, 0.988, 0.617, 
[705] Train acc: 1.0000
6, 252, 0.0077, 0.0002, 100.000, 100.000, 0.987, 0.626, 
[720] Train acc: 0.9844
6, 252, 0.0294, 0.0002, 98.438, 100.000, 0.984, 0.633, 
[735] Train acc: 0.9844
6, 252, 0.0521, 0.0002, 98.438, 100.000, 0.988, 0.619, 
[750] Train acc: 0.9844
6, 252, 0.0211, 0.0002, 98.438, 100.000, 0.990, 0.617, 
[765] Train acc: 1.0000
6, 252, 0.0021, 0.0002, 100.000, 100.000, 0.987, 0.629, 
[780] Train acc: 1.0000
6, 252, 0.0118, 0.0002, 100.000, 100.000, 0.987, 0.629, 
[795] Train acc: 0.9844
6, 252, 0.0259, 0.0002, 98.438, 100.000, 0.989, 0.618, 
[810] Train acc: 1.0000
6, 252, 0.0199, 0.0002, 100.000, 100.000, 0.987, 0.629, 
[825] Train acc: 0.9688
6, 252, 0.0521, 0.0002, 96.875, 100.000, 0.987, 0.620, 
[840] Train acc: 0.9844
6, 252, 0.0415, 0.0002, 98.438, 100.000, 0.987, 0.631, 
[855] Train acc: 1.0000
6, 252, 0.0056, 0.0002, 100.000, 100.000, 0.987, 0.615, 
[870] Train acc: 1.0000
6, 252, 0.0069, 0.0002, 100.000, 100.000, 0.988, 0.624, 
[885] Train acc: 0.9688
6, 252, 0.0726, 0.0002, 96.875, 100.000, 0.988, 0.622, 
[900] Train acc: 1.0000
6, 252, 0.0110, 0.0002, 100.000, 100.000, 0.988, 0.631, 
[915] Train acc: 1.0000
6, 252, 0.0109, 0.0002, 100.000, 100.000, 0.988, 0.618, 
[930] Train acc: 1.0000
6, 252, 0.0092, 0.0002, 100.000, 100.000, 0.988, 0.619, 
[0] Train acc: 1.0000, Constr acc: 0.8125, CE loss: 0.006, DL2 loss: 7.038
7, 252, 0.0063, 0.0002, 100.000, 100.000, 0.985, 0.626, 
[15] Train acc: 0.9531, Constr acc: 0.9375, CE loss: 0.130, DL2 loss: 3.058
7, 251, 0.1299, 0.0003, 95.312, 100.000, 0.973, 0.625, 
[30] Train acc: 0.9844, Constr acc: 0.9062, CE loss: 0.065, DL2 loss: 2.807
7, 250, 0.0651, 0.0003, 98.438, 100.000, 0.977, 0.618, 
[45] Train acc: 1.0000, Constr acc: 0.9062, CE loss: 0.040, DL2 loss: 2.852
7, 249, 0.0403, 0.0004, 100.000, 100.000, 0.971, 0.637, 
[60] Train acc: 1.0000, Constr acc: 0.8438, CE loss: 0.028, DL2 loss: 6.044
7, 248, 0.0277, 0.0005, 100.000, 100.000, 0.913, 0.590, 
[75] Train acc: 0.9375, Constr acc: 0.9375, CE loss: 0.104, DL2 loss: 2.813
7, 247, 0.1042, 0.0004, 93.750, 100.000, 0.956, 0.632, 
[90] Train acc: 0.9844, Constr acc: 0.8750, CE loss: 0.107, DL2 loss: 3.783
7, 246, 0.1073, 0.0007, 98.438, 100.000, 0.911, 0.569, 
[105] Train acc: 0.9531, Constr acc: 0.7812, CE loss: 0.170, DL2 loss: 6.085
7, 245, 0.1696, 0.0006, 95.312, 100.000, 0.914, 0.570, 
[120] Train acc: 0.9375, Constr acc: 0.9062, CE loss: 0.175, DL2 loss: 2.122
7, 244, 0.1752, 0.0005, 93.750, 100.000, 0.959, 0.579, 
[135] Train acc: 0.9688, Constr acc: 0.9375, CE loss: 0.066, DL2 loss: 1.180
7, 243, 0.0661, 0.0006, 96.875, 100.000, 0.958, 0.580, 
[150] Train acc: 1.0000, Constr acc: 0.7500, CE loss: 0.024, DL2 loss: 10.506
7, 242, 0.0244, 0.0006, 100.000, 100.000, 0.964, 0.549, 
[165] Train acc: 0.9688, Constr acc: 0.8750, CE loss: 0.082, DL2 loss: 4.172
7, 241, 0.0816, 0.0006, 96.875, 100.000, 0.961, 0.541, 
[180] Train acc: 0.8750, Constr acc: 0.9062, CE loss: 0.429, DL2 loss: 3.418
7, 240, 0.4294, 0.0007, 87.500, 100.000, 0.920, 0.520, 
[195] Train acc: 0.8906, Constr acc: 0.7188, CE loss: 0.353, DL2 loss: 9.913
7, 239, 0.3525, 0.0006, 89.062, 100.000, 0.918, 0.576, 
[210] Train acc: 0.9844, Constr acc: 0.9062, CE loss: 0.035, DL2 loss: 3.747
7, 238, 0.0354, 0.0005, 98.438, 100.000, 0.960, 0.588, 
[225] Train acc: 0.9531, Constr acc: 0.9062, CE loss: 0.116, DL2 loss: 2.954
7, 237, 0.1162, 0.0006, 95.312, 100.000, 0.952, 0.545, 
[240] Train acc: 0.9688, Constr acc: 0.9375, CE loss: 0.099, DL2 loss: 2.774
7, 236, 0.0985, 0.0005, 96.875, 100.000, 0.949, 0.588, 
[255] Train acc: 0.9531, Constr acc: 0.8750, CE loss: 0.153, DL2 loss: 3.141
7, 235, 0.1526, 0.0005, 95.312, 98.438, 0.968, 0.583, 
[270] Train acc: 0.8750, Constr acc: 0.8125, CE loss: 0.248, DL2 loss: 7.217
7, 234, 0.2484, 0.0006, 87.500, 100.000, 0.938, 0.566, 
[285] Train acc: 0.9531, Constr acc: 0.6875, CE loss: 0.147, DL2 loss: 10.479
7, 233, 0.1471, 0.0005, 95.312, 100.000, 0.955, 0.591, 
[300] Train acc: 0.9688, Constr acc: 0.8438, CE loss: 0.076, DL2 loss: 5.262
7, 232, 0.0762, 0.0005, 96.875, 100.000, 0.966, 0.585, 
[315] Train acc: 0.9375, Constr acc: 0.9062, CE loss: 0.168, DL2 loss: 4.069
7, 231, 0.1675, 0.0005, 93.750, 100.000, 0.936, 0.593, 
[330] Train acc: 0.9844, Constr acc: 0.8438, CE loss: 0.051, DL2 loss: 4.361
7, 230, 0.0512, 0.0006, 98.438, 100.000, 0.961, 0.532, 
[345] Train acc: 0.9062, Constr acc: 0.8438, CE loss: 0.223, DL2 loss: 2.903
7, 229, 0.2235, 0.0006, 90.625, 100.000, 0.912, 0.564, 
[360] Train acc: 0.9219, Constr acc: 0.9062, CE loss: 0.151, DL2 loss: 3.544
7, 228, 0.1505, 0.0006, 92.188, 100.000, 0.941, 0.521, 
[375] Train acc: 0.9375, Constr acc: 0.9375, CE loss: 0.158, DL2 loss: 2.453
7, 227, 0.1578, 0.0006, 93.750, 100.000, 0.956, 0.551, 
[390] Train acc: 0.9688, Constr acc: 0.8750, CE loss: 0.141, DL2 loss: 4.243
7, 226, 0.1408, 0.0005, 96.875, 100.000, 0.958, 0.568, 
[405] Train acc: 0.9531, Constr acc: 0.8750, CE loss: 0.115, DL2 loss: 3.674
7, 225, 0.1150, 0.0005, 95.312, 100.000, 0.949, 0.560, 
[420] Train acc: 0.9844, Constr acc: 0.9062, CE loss: 0.098, DL2 loss: 1.427
7, 224, 0.0980, 0.0006, 98.438, 100.000, 0.956, 0.557, 
[435] Train acc: 0.8438, Constr acc: 0.9375, CE loss: 0.686, DL2 loss: 0.811
7, 223, 0.6857, 0.0007, 84.375, 100.000, 0.917, 0.529, 
[450] Train acc: 0.9688, Constr acc: 0.7812, CE loss: 0.117, DL2 loss: 5.807
7, 222, 0.1175, 0.0006, 96.875, 100.000, 0.950, 0.570, 
[465] Train acc: 1.0000, Constr acc: 0.8438, CE loss: 0.055, DL2 loss: 5.836
7, 221, 0.0553, 0.0007, 100.000, 100.000, 0.927, 0.515, 
[480] Train acc: 0.9375, Constr acc: 0.9062, CE loss: 0.206, DL2 loss: 3.882
7, 220, 0.2059, 0.0006, 93.750, 100.000, 0.952, 0.524, 
[495] Train acc: 0.9844, Constr acc: 0.9688, CE loss: 0.141, DL2 loss: 0.826
7, 219, 0.1412, 0.0006, 98.438, 100.000, 0.933, 0.550, 
[510] Train acc: 0.9688, Constr acc: 0.8125, CE loss: 0.138, DL2 loss: 5.779
7, 218, 0.1376, 0.0006, 96.875, 100.000, 0.945, 0.546, 
[525] Train acc: 0.8750, Constr acc: 0.9062, CE loss: 0.315, DL2 loss: 2.399
7, 217, 0.3149, 0.0006, 87.500, 100.000, 0.953, 0.566, 
[540] Train acc: 0.9531, Constr acc: 0.9375, CE loss: 0.107, DL2 loss: 2.644
7, 216, 0.1067, 0.0006, 95.312, 100.000, 0.939, 0.543, 
[555] Train acc: 0.9062, Constr acc: 0.8125, CE loss: 0.207, DL2 loss: 4.360
7, 215, 0.2067, 0.0007, 90.625, 100.000, 0.898, 0.517, 
[570] Train acc: 0.9688, Constr acc: 0.9688, CE loss: 0.118, DL2 loss: 1.593
7, 214, 0.1177, 0.0006, 96.875, 100.000, 0.960, 0.552, 
[585] Train acc: 0.9219, Constr acc: 0.9062, CE loss: 0.135, DL2 loss: 2.394
7, 213, 0.1347, 0.0006, 92.188, 100.000, 0.948, 0.554, 
[600] Train acc: 0.9844, Constr acc: 0.8125, CE loss: 0.103, DL2 loss: 4.149
7, 212, 0.1025, 0.0005, 98.438, 100.000, 0.967, 0.572, 
[615] Train acc: 0.9531, Constr acc: 0.9062, CE loss: 0.152, DL2 loss: 3.569
7, 211, 0.1523, 0.0006, 95.312, 100.000, 0.951, 0.543, 
[630] Train acc: 0.9531, Constr acc: 0.9688, CE loss: 0.158, DL2 loss: 1.251
7, 210, 0.1582, 0.0006, 95.312, 100.000, 0.968, 0.556, 
[645] Train acc: 0.9375, Constr acc: 0.7500, CE loss: 0.148, DL2 loss: 6.023
7, 209, 0.1476, 0.0006, 93.750, 100.000, 0.968, 0.565, 
[660] Train acc: 1.0000, Constr acc: 0.9375, CE loss: 0.017, DL2 loss: 2.919
7, 208, 0.0167, 0.0005, 100.000, 100.000, 0.971, 0.558, 
[675] Train acc: 0.9531, Constr acc: 0.7188, CE loss: 0.148, DL2 loss: 9.141
7, 207, 0.1479, 0.0007, 95.312, 100.000, 0.901, 0.531, 
[690] Train acc: 0.9219, Constr acc: 0.9062, CE loss: 0.174, DL2 loss: 3.019
7, 206, 0.1737, 0.0005, 92.188, 100.000, 0.947, 0.563, 
[705] Train acc: 0.9844, Constr acc: 0.9062, CE loss: 0.079, DL2 loss: 3.209
7, 205, 0.0792, 0.0006, 98.438, 100.000, 0.951, 0.571, 
[720] Train acc: 0.9844, Constr acc: 0.9375, CE loss: 0.057, DL2 loss: 2.243
7, 204, 0.0569, 0.0005, 98.438, 100.000, 0.965, 0.597, 
[735] Train acc: 0.9219, Constr acc: 0.8438, CE loss: 0.171, DL2 loss: 4.028
7, 203, 0.1715, 0.0005, 92.188, 100.000, 0.964, 0.575, 
[750] Train acc: 0.9844, Constr acc: 0.9062, CE loss: 0.046, DL2 loss: 2.368
7, 202, 0.0460, 0.0005, 98.438, 100.000, 0.971, 0.599, 
[765] Train acc: 0.9688, Constr acc: 0.9688, CE loss: 0.064, DL2 loss: 0.290
7, 201, 0.0643, 0.0004, 96.875, 100.000, 0.963, 0.596, 
[780] Train acc: 0.9688, Constr acc: 1.0000, CE loss: 0.080, DL2 loss: 0.000
7, 200, 0.0804, 0.0004, 96.875, 100.000, 0.973, 0.614, 
[795] Train acc: 0.9844, Constr acc: 0.9062, CE loss: 0.064, DL2 loss: 2.603
7, 199, 0.0639, 0.0005, 98.438, 100.000, 0.969, 0.587, 
[810] Train acc: 0.9062, Constr acc: 0.9062, CE loss: 0.364, DL2 loss: 1.189
7, 198, 0.3637, 0.0005, 90.625, 98.438, 0.952, 0.600, 
[825] Train acc: 0.9531, Constr acc: 0.8750, CE loss: 0.156, DL2 loss: 4.314
7, 197, 0.1561, 0.0005, 95.312, 100.000, 0.962, 0.606, 
[840] Train acc: 0.9688, Constr acc: 0.9688, CE loss: 0.092, DL2 loss: 1.411
7, 196, 0.0916, 0.0005, 96.875, 100.000, 0.966, 0.619, 
[855] Train acc: 0.9844, Constr acc: 0.8438, CE loss: 0.066, DL2 loss: 6.273
7, 195, 0.0656, 0.0005, 98.438, 100.000, 0.959, 0.591, 
[870] Train acc: 0.9688, Constr acc: 0.9375, CE loss: 0.106, DL2 loss: 1.191
7, 194, 0.1063, 0.0006, 96.875, 100.000, 0.961, 0.593, 
[885] Train acc: 0.9062, Constr acc: 0.8750, CE loss: 0.159, DL2 loss: 5.760
7, 193, 0.1586, 0.0005, 90.625, 100.000, 0.951, 0.589, 
[900] Train acc: 0.9531, Constr acc: 0.8438, CE loss: 0.130, DL2 loss: 4.853
7, 192, 0.1304, 0.0006, 95.312, 100.000, 0.964, 0.568, 
[915] Train acc: 0.9375, Constr acc: 0.8438, CE loss: 0.179, DL2 loss: 4.884
7, 191, 0.1786, 0.0007, 93.750, 100.000, 0.951, 0.557, 
[930] Train acc: 0.9531, Constr acc: 0.9062, CE loss: 0.171, DL2 loss: 2.480
7, 190, 0.1714, 0.0006, 95.312, 100.000, 0.949, 0.554, 
[0] Train acc: 0.9844, Constr acc: 0.9062, CE loss: 0.050, DL2 loss: 4.422
8, 190, 0.0504, 0.0006, 98.438, 100.000, 0.952, 0.573, 
[15] Train acc: 0.9531, Constr acc: 0.9375, CE loss: 0.120, DL2 loss: 1.862
8, 189, 0.1203, 0.0007, 95.312, 100.000, 0.954, 0.525, 
[30] Train acc: 0.9531, Constr acc: 0.8750, CE loss: 0.133, DL2 loss: 4.167
8, 188, 0.1331, 0.0006, 95.312, 100.000, 0.964, 0.557, 
[45] Train acc: 0.9688, Constr acc: 0.8125, CE loss: 0.113, DL2 loss: 7.659
8, 187, 0.1133, 0.0005, 96.875, 100.000, 0.967, 0.584, 
[60] Train acc: 0.9219, Constr acc: 0.8125, CE loss: 0.242, DL2 loss: 5.230
8, 186, 0.2416, 0.0006, 92.188, 100.000, 0.965, 0.550, 
[75] Train acc: 0.9688, Constr acc: 0.8125, CE loss: 0.079, DL2 loss: 6.587
8, 185, 0.0786, 0.0006, 96.875, 100.000, 0.963, 0.572, 
[90] Train acc: 0.9688, Constr acc: 0.9062, CE loss: 0.126, DL2 loss: 3.832
8, 184, 0.1258, 0.0005, 96.875, 100.000, 0.961, 0.566, 
[105] Train acc: 0.9844, Constr acc: 0.9688, CE loss: 0.078, DL2 loss: 1.332
8, 183, 0.0779, 0.0005, 98.438, 100.000, 0.964, 0.588, 
[120] Train acc: 0.9688, Constr acc: 1.0000, CE loss: 0.085, DL2 loss: 0.000
8, 182, 0.0845, 0.0004, 96.875, 100.000, 0.969, 0.582, 
[135] Train acc: 0.9844, Constr acc: 0.8750, CE loss: 0.029, DL2 loss: 2.772
8, 181, 0.0289, 0.0005, 98.438, 100.000, 0.971, 0.584, 
[150] Train acc: 0.9375, Constr acc: 0.9062, CE loss: 0.233, DL2 loss: 2.340
8, 180, 0.2329, 0.0006, 93.750, 100.000, 0.937, 0.565, 
[165] Train acc: 0.9688, Constr acc: 0.8438, CE loss: 0.101, DL2 loss: 4.273
8, 179, 0.1013, 0.0006, 96.875, 100.000, 0.960, 0.569, 
[180] Train acc: 0.9531, Constr acc: 0.9688, CE loss: 0.114, DL2 loss: 1.790
8, 178, 0.1140, 0.0004, 95.312, 100.000, 0.970, 0.591, 
[195] Train acc: 0.9844, Constr acc: 0.9375, CE loss: 0.137, DL2 loss: 2.501
8, 177, 0.1367, 0.0005, 98.438, 100.000, 0.971, 0.606, 
[210] Train acc: 0.9844, Constr acc: 0.7812, CE loss: 0.076, DL2 loss: 7.061
8, 176, 0.0756, 0.0005, 98.438, 100.000, 0.956, 0.582, 
[225] Train acc: 0.9375, Constr acc: 0.9688, CE loss: 0.129, DL2 loss: 0.036
8, 175, 0.1289, 0.0006, 93.750, 100.000, 0.959, 0.560, 
[240] Train acc: 0.9531, Constr acc: 0.8438, CE loss: 0.168, DL2 loss: 4.081
8, 174, 0.1683, 0.0005, 95.312, 100.000, 0.968, 0.596, 
[255] Train acc: 0.9375, Constr acc: 0.8438, CE loss: 0.169, DL2 loss: 6.007
8, 173, 0.1694, 0.0005, 93.750, 100.000, 0.958, 0.591, 
[270] Train acc: 0.9531, Constr acc: 0.9688, CE loss: 0.139, DL2 loss: 1.243
8, 172, 0.1388, 0.0005, 95.312, 100.000, 0.973, 0.604, 
[285] Train acc: 0.9844, Constr acc: 0.9062, CE loss: 0.082, DL2 loss: 1.627
8, 171, 0.0822, 0.0005, 98.438, 100.000, 0.966, 0.592, 
[300] Train acc: 0.9531, Constr acc: 0.9375, CE loss: 0.093, DL2 loss: 1.903
8, 170, 0.0934, 0.0005, 95.312, 100.000, 0.969, 0.611, 
[315] Train acc: 0.9375, Constr acc: 0.9062, CE loss: 0.175, DL2 loss: 2.865
8, 169, 0.1754, 0.0005, 93.750, 98.438, 0.934, 0.605, 
[330] Train acc: 0.9531, Constr acc: 0.9375, CE loss: 0.108, DL2 loss: 0.828
8, 168, 0.1079, 0.0005, 95.312, 100.000, 0.974, 0.596, 
[345] Train acc: 0.9219, Constr acc: 0.9375, CE loss: 0.246, DL2 loss: 2.318
8, 167, 0.2462, 0.0005, 92.188, 100.000, 0.946, 0.597, 
[360] Train acc: 0.9688, Constr acc: 0.9062, CE loss: 0.254, DL2 loss: 3.746
8, 166, 0.2541, 0.0005, 96.875, 100.000, 0.967, 0.580, 
[375] Train acc: 0.9688, Constr acc: 0.9688, CE loss: 0.072, DL2 loss: 0.890
8, 165, 0.0722, 0.0007, 96.875, 100.000, 0.926, 0.561, 
[390] Train acc: 0.9531, Constr acc: 0.8438, CE loss: 0.131, DL2 loss: 5.241
8, 164, 0.1312, 0.0006, 95.312, 100.000, 0.952, 0.560, 
[405] Train acc: 0.9688, Constr acc: 1.0000, CE loss: 0.087, DL2 loss: 0.000
8, 163, 0.0872, 0.0006, 96.875, 100.000, 0.961, 0.562, 
[420] Train acc: 0.9531, Constr acc: 0.8750, CE loss: 0.098, DL2 loss: 3.709
8, 162, 0.0985, 0.0006, 95.312, 100.000, 0.965, 0.581, 
[435] Train acc: 0.9375, Constr acc: 0.9062, CE loss: 0.280, DL2 loss: 2.171
8, 161, 0.2797, 0.0006, 93.750, 100.000, 0.950, 0.556, 
[450] Train acc: 0.9219, Constr acc: 0.8750, CE loss: 0.144, DL2 loss: 4.842
8, 160, 0.1441, 0.0006, 92.188, 100.000, 0.960, 0.563, 
[465] Train acc: 0.9062, Constr acc: 0.9062, CE loss: 0.273, DL2 loss: 2.242
8, 159, 0.2732, 0.0006, 90.625, 100.000, 0.948, 0.550, 
[480] Train acc: 0.9531, Constr acc: 0.9062, CE loss: 0.126, DL2 loss: 2.680
8, 158, 0.1259, 0.0006, 95.312, 100.000, 0.963, 0.545, 
[495] Train acc: 0.9844, Constr acc: 0.8750, CE loss: 0.041, DL2 loss: 3.556
8, 157, 0.0411, 0.0006, 98.438, 100.000, 0.965, 0.553, 
[510] Train acc: 0.9844, Constr acc: 0.9375, CE loss: 0.115, DL2 loss: 1.165
8, 156, 0.1146, 0.0005, 98.438, 100.000, 0.968, 0.595, 
[525] Train acc: 0.9688, Constr acc: 0.9375, CE loss: 0.094, DL2 loss: 0.986
8, 155, 0.0938, 0.0005, 96.875, 100.000, 0.957, 0.603, 
[540] Train acc: 0.9531, Constr acc: 0.8750, CE loss: 0.203, DL2 loss: 4.879
8, 154, 0.2034, 0.0005, 95.312, 98.438, 0.952, 0.587, 
[555] Train acc: 0.9688, Constr acc: 0.9375, CE loss: 0.092, DL2 loss: 2.505
8, 153, 0.0922, 0.0005, 96.875, 100.000, 0.963, 0.592, 
[570] Train acc: 0.9688, Constr acc: 0.9375, CE loss: 0.071, DL2 loss: 2.705
8, 152, 0.0712, 0.0005, 96.875, 100.000, 0.956, 0.586, 
[585] Train acc: 0.9844, Constr acc: 0.9062, CE loss: 0.036, DL2 loss: 3.156
8, 151, 0.0364, 0.0005, 98.438, 100.000, 0.963, 0.587, 
[600] Train acc: 0.8906, Constr acc: 0.8750, CE loss: 0.255, DL2 loss: 3.642
8, 150, 0.2547, 0.0006, 89.062, 100.000, 0.958, 0.584, 
[615] Train acc: 0.9375, Constr acc: 0.9062, CE loss: 0.186, DL2 loss: 2.024
8, 149, 0.1858, 0.0005, 93.750, 100.000, 0.967, 0.589, 
[630] Train acc: 0.9375, Constr acc: 0.8750, CE loss: 0.132, DL2 loss: 4.270
8, 148, 0.1322, 0.0006, 93.750, 100.000, 0.960, 0.551, 
[645] Train acc: 0.9688, Constr acc: 0.8750, CE loss: 0.097, DL2 loss: 3.083
8, 147, 0.0966, 0.0005, 96.875, 100.000, 0.947, 0.602, 
[660] Train acc: 0.9531, Constr acc: 0.7812, CE loss: 0.193, DL2 loss: 7.095
8, 146, 0.1933, 0.0005, 95.312, 98.438, 0.971, 0.589, 
[675] Train acc: 0.9844, Constr acc: 0.9375, CE loss: 0.091, DL2 loss: 2.678
8, 145, 0.0910, 0.0005, 98.438, 100.000, 0.968, 0.584, 
[690] Train acc: 0.9688, Constr acc: 0.8750, CE loss: 0.104, DL2 loss: 4.801
8, 144, 0.1045, 0.0005, 96.875, 100.000, 0.967, 0.570, 
[705] Train acc: 0.9219, Constr acc: 0.9688, CE loss: 0.290, DL2 loss: 0.744
8, 143, 0.2902, 0.0005, 92.188, 100.000, 0.971, 0.585, 
[720] Train acc: 0.9844, Constr acc: 0.8438, CE loss: 0.073, DL2 loss: 3.981
8, 142, 0.0734, 0.0005, 98.438, 100.000, 0.973, 0.572, 
[735] Train acc: 1.0000, Constr acc: 0.9062, CE loss: 0.028, DL2 loss: 3.869
8, 141, 0.0285, 0.0005, 100.000, 100.000, 0.962, 0.566, 
[750] Train acc: 0.9375, Constr acc: 0.9375, CE loss: 0.137, DL2 loss: 1.658
8, 140, 0.1375, 0.0005, 93.750, 100.000, 0.955, 0.598, 
[765] Train acc: 0.9219, Constr acc: 0.8125, CE loss: 0.170, DL2 loss: 6.484
8, 139, 0.1703, 0.0005, 92.188, 100.000, 0.954, 0.570, 
[780] Train acc: 0.9688, Constr acc: 0.9062, CE loss: 0.179, DL2 loss: 3.065
8, 138, 0.1792, 0.0005, 96.875, 100.000, 0.967, 0.567, 
[795] Train acc: 0.9844, Constr acc: 0.8438, CE loss: 0.040, DL2 loss: 6.712
8, 137, 0.0399, 0.0005, 98.438, 100.000, 0.971, 0.583, 
[810] Train acc: 0.9688, Constr acc: 1.0000, CE loss: 0.141, DL2 loss: 0.000
8, 136, 0.1409, 0.0005, 96.875, 100.000, 0.967, 0.567, 
[825] Train acc: 0.9688, Constr acc: 0.9375, CE loss: 0.140, DL2 loss: 2.626
8, 135, 0.1402, 0.0005, 96.875, 100.000, 0.966, 0.586, 
[840] Train acc: 0.9844, Constr acc: 0.9375, CE loss: 0.093, DL2 loss: 2.266
8, 134, 0.0927, 0.0006, 98.438, 100.000, 0.946, 0.591, 
[855] Train acc: 0.9219, Constr acc: 0.8438, CE loss: 0.277, DL2 loss: 5.610
8, 133, 0.2771, 0.0005, 92.188, 100.000, 0.964, 0.586, 
[870] Train acc: 0.9062, Constr acc: 0.8125, CE loss: 0.226, DL2 loss: 4.792
8, 132, 0.2260, 0.0006, 90.625, 100.000, 0.961, 0.573, 
[885] Train acc: 0.9531, Constr acc: 0.8750, CE loss: 0.118, DL2 loss: 4.826
8, 131, 0.1176, 0.0006, 95.312, 100.000, 0.957, 0.565, 
[900] Train acc: 0.9531, Constr acc: 0.9375, CE loss: 0.121, DL2 loss: 0.663
8, 130, 0.1210, 0.0005, 95.312, 100.000, 0.969, 0.575, 
[915] Train acc: 1.0000, Constr acc: 0.8750, CE loss: 0.043, DL2 loss: 3.994
8, 129, 0.0429, 0.0005, 100.000, 100.000, 0.968, 0.573, 
[930] Train acc: 0.9688, Constr acc: 0.9375, CE loss: 0.103, DL2 loss: 1.829
8, 128, 0.1028, 0.0006, 96.875, 100.000, 0.962, 0.559, 
[0] Train acc: 0.9844, Constr acc: 0.8125, CE loss: 0.090, DL2 loss: 6.518
9, 127, 0.0905, 0.0006, 98.438, 100.000, 0.956, 0.518, 
[15] Train acc: 0.9531, Constr acc: 0.8750, CE loss: 0.160, DL2 loss: 5.310
9, 126, 0.1599, 0.0006, 95.312, 100.000, 0.958, 0.556, 
[30] Train acc: 0.9688, Constr acc: 0.8125, CE loss: 0.096, DL2 loss: 7.631
9, 125, 0.0964, 0.0006, 96.875, 100.000, 0.967, 0.538, 
[45] Train acc: 0.9531, Constr acc: 0.9062, CE loss: 0.241, DL2 loss: 3.045
9, 124, 0.2407, 0.0005, 95.312, 100.000, 0.961, 0.572, 
[60] Train acc: 1.0000, Constr acc: 0.9375, CE loss: 0.044, DL2 loss: 2.761
9, 123, 0.0442, 0.0005, 100.000, 100.000, 0.968, 0.567, 
[75] Train acc: 0.9688, Constr acc: 0.9688, CE loss: 0.079, DL2 loss: 0.316
9, 122, 0.0793, 0.0006, 96.875, 100.000, 0.966, 0.568, 
[90] Train acc: 0.9688, Constr acc: 0.8125, CE loss: 0.098, DL2 loss: 4.854
9, 121, 0.0983, 0.0007, 96.875, 100.000, 0.957, 0.516, 
[105] Train acc: 1.0000, Constr acc: 0.9062, CE loss: 0.040, DL2 loss: 3.758
9, 120, 0.0401, 0.0006, 100.000, 100.000, 0.972, 0.556, 
[120] Train acc: 0.9688, Constr acc: 0.9375, CE loss: 0.108, DL2 loss: 2.174
9, 119, 0.1076, 0.0006, 96.875, 100.000, 0.972, 0.570, 
[135] Train acc: 0.9844, Constr acc: 0.8750, CE loss: 0.060, DL2 loss: 3.669
9, 118, 0.0600, 0.0006, 98.438, 100.000, 0.969, 0.565, 
[150] Train acc: 0.9688, Constr acc: 0.9375, CE loss: 0.112, DL2 loss: 1.717
9, 117, 0.1122, 0.0005, 96.875, 100.000, 0.957, 0.593, 
[165] Train acc: 0.9531, Constr acc: 0.9375, CE loss: 0.132, DL2 loss: 1.559
9, 116, 0.1320, 0.0005, 95.312, 100.000, 0.963, 0.573, 
[180] Train acc: 0.9219, Constr acc: 0.8438, CE loss: 0.190, DL2 loss: 3.440
9, 115, 0.1900, 0.0006, 92.188, 100.000, 0.913, 0.567, 
[195] Train acc: 0.9688, Constr acc: 0.9375, CE loss: 0.136, DL2 loss: 1.717
9, 114, 0.1359, 0.0006, 96.875, 100.000, 0.955, 0.568, 
[210] Train acc: 0.9375, Constr acc: 0.9062, CE loss: 0.161, DL2 loss: 4.416
9, 113, 0.1612, 0.0005, 93.750, 100.000, 0.964, 0.568, 
[225] Train acc: 0.9688, Constr acc: 0.9062, CE loss: 0.118, DL2 loss: 3.237
9, 112, 0.1178, 0.0006, 96.875, 100.000, 0.945, 0.570, 
[240] Train acc: 0.9688, Constr acc: 0.8750, CE loss: 0.055, DL2 loss: 4.543
9, 111, 0.0547, 0.0005, 96.875, 100.000, 0.965, 0.587, 
[255] Train acc: 0.9844, Constr acc: 0.9062, CE loss: 0.076, DL2 loss: 3.366
9, 110, 0.0760, 0.0006, 98.438, 100.000, 0.964, 0.544, 
[270] Train acc: 0.9688, Constr acc: 0.8750, CE loss: 0.183, DL2 loss: 3.508
9, 109, 0.1827, 0.0006, 96.875, 100.000, 0.964, 0.558, 
[285] Train acc: 0.9844, Constr acc: 0.8750, CE loss: 0.094, DL2 loss: 3.854
9, 108, 0.0937, 0.0006, 98.438, 100.000, 0.928, 0.572, 
[300] Train acc: 0.9531, Constr acc: 0.9375, CE loss: 0.112, DL2 loss: 2.084
9, 107, 0.1116, 0.0006, 95.312, 100.000, 0.964, 0.563, 
[315] Train acc: 0.9531, Constr acc: 0.8438, CE loss: 0.145, DL2 loss: 5.530
9, 106, 0.1448, 0.0005, 95.312, 100.000, 0.970, 0.605, 
[330] Train acc: 0.9531, Constr acc: 0.9062, CE loss: 0.240, DL2 loss: 2.651
9, 105, 0.2399, 0.0006, 95.312, 100.000, 0.919, 0.607, 
[345] Train acc: 0.9688, Constr acc: 0.9375, CE loss: 0.100, DL2 loss: 2.028
9, 104, 0.0998, 0.0005, 96.875, 100.000, 0.963, 0.608, 
[360] Train acc: 0.9688, Constr acc: 0.9375, CE loss: 0.090, DL2 loss: 1.609
9, 103, 0.0900, 0.0006, 96.875, 100.000, 0.939, 0.583, 
[375] Train acc: 0.9844, Constr acc: 0.9375, CE loss: 0.082, DL2 loss: 1.428
9, 102, 0.0821, 0.0007, 98.438, 100.000, 0.957, 0.532, 
[390] Train acc: 0.9844, Constr acc: 0.9688, CE loss: 0.095, DL2 loss: 0.463
9, 101, 0.0949, 0.0007, 98.438, 100.000, 0.953, 0.557, 
[405] Train acc: 0.9531, Constr acc: 0.7812, CE loss: 0.113, DL2 loss: 7.119
9, 100, 0.1133, 0.0007, 95.312, 100.000, 0.953, 0.532, 
[420] Train acc: 0.9688, Constr acc: 0.9062, CE loss: 0.106, DL2 loss: 3.429
9, 99, 0.1056, 0.0006, 96.875, 100.000, 0.968, 0.540, 
[435] Train acc: 0.9688, Constr acc: 0.9375, CE loss: 0.078, DL2 loss: 1.996
9, 98, 0.0783, 0.0006, 96.875, 100.000, 0.973, 0.568, 
[450] Train acc: 0.9688, Constr acc: 0.9375, CE loss: 0.082, DL2 loss: 1.742
9, 97, 0.0818, 0.0006, 96.875, 100.000, 0.966, 0.575, 
[465] Train acc: 0.9219, Constr acc: 0.8750, CE loss: 0.237, DL2 loss: 3.461
9, 96, 0.2367, 0.0006, 92.188, 100.000, 0.959, 0.602, 
[480] Train acc: 0.9375, Constr acc: 0.9062, CE loss: 0.168, DL2 loss: 3.649
9, 95, 0.1679, 0.0006, 93.750, 100.000, 0.959, 0.574, 
[495] Train acc: 0.9531, Constr acc: 0.8438, CE loss: 0.110, DL2 loss: 5.427
9, 94, 0.1100, 0.0005, 95.312, 100.000, 0.965, 0.606, 
[510] Train acc: 0.9688, Constr acc: 0.8750, CE loss: 0.072, DL2 loss: 4.921
9, 93, 0.0716, 0.0006, 96.875, 100.000, 0.964, 0.552, 
[525] Train acc: 0.9375, Constr acc: 0.8438, CE loss: 0.220, DL2 loss: 4.763
9, 92, 0.2200, 0.0006, 93.750, 98.438, 0.964, 0.554, 
[540] Train acc: 0.9375, Constr acc: 0.8750, CE loss: 0.141, DL2 loss: 5.679
9, 91, 0.1406, 0.0006, 93.750, 100.000, 0.964, 0.547, 
[555] Train acc: 0.9375, Constr acc: 0.8750, CE loss: 0.161, DL2 loss: 3.131
9, 90, 0.1609, 0.0006, 93.750, 100.000, 0.952, 0.557, 
[570] Train acc: 0.9844, Constr acc: 0.9062, CE loss: 0.120, DL2 loss: 3.105
9, 89, 0.1203, 0.0007, 98.438, 100.000, 0.902, 0.577, 
[585] Train acc: 0.9844, Constr acc: 0.8750, CE loss: 0.057, DL2 loss: 3.806
9, 88, 0.0570, 0.0006, 98.438, 100.000, 0.964, 0.597, 
[600] Train acc: 0.9375, Constr acc: 0.7812, CE loss: 0.147, DL2 loss: 7.863
9, 87, 0.1465, 0.0006, 93.750, 100.000, 0.935, 0.562, 
[615] Train acc: 0.9688, Constr acc: 0.8125, CE loss: 0.121, DL2 loss: 5.412
9, 86, 0.1209, 0.0007, 96.875, 100.000, 0.923, 0.562, 
[630] Train acc: 0.9844, Constr acc: 0.8125, CE loss: 0.072, DL2 loss: 6.985
9, 85, 0.0719, 0.0006, 98.438, 100.000, 0.953, 0.571, 
[645] Train acc: 0.9688, Constr acc: 0.9062, CE loss: 0.095, DL2 loss: 4.166
9, 84, 0.0952, 0.0006, 96.875, 100.000, 0.964, 0.598, 
[660] Train acc: 0.9844, Constr acc: 0.8125, CE loss: 0.111, DL2 loss: 7.962
9, 83, 0.1109, 0.0006, 98.438, 100.000, 0.941, 0.602, 
[675] Train acc: 0.8906, Constr acc: 0.9688, CE loss: 0.402, DL2 loss: 1.224
9, 82, 0.4019, 0.0006, 89.062, 100.000, 0.970, 0.556, 
[690] Train acc: 0.9844, Constr acc: 0.9688, CE loss: 0.055, DL2 loss: 0.258
9, 81, 0.0549, 0.0006, 98.438, 100.000, 0.969, 0.553, 
[705] Train acc: 0.9375, Constr acc: 0.9062, CE loss: 0.138, DL2 loss: 1.940
9, 80, 0.1378, 0.0006, 93.750, 100.000, 0.965, 0.555, 
[720] Train acc: 0.9531, Constr acc: 0.8438, CE loss: 0.188, DL2 loss: 4.077
9, 79, 0.1882, 0.0006, 95.312, 98.438, 0.966, 0.545, 
[735] Train acc: 0.9219, Constr acc: 0.9062, CE loss: 0.263, DL2 loss: 4.401
9, 78, 0.2627, 0.0007, 92.188, 98.438, 0.960, 0.520, 
[750] Train acc: 0.9531, Constr acc: 0.8438, CE loss: 0.125, DL2 loss: 4.811
9, 77, 0.1255, 0.0006, 95.312, 100.000, 0.965, 0.558, 
[765] Train acc: 0.9375, Constr acc: 0.9062, CE loss: 0.168, DL2 loss: 2.262
9, 76, 0.1675, 0.0006, 93.750, 100.000, 0.960, 0.547, 
[780] Train acc: 0.9375, Constr acc: 0.9375, CE loss: 0.138, DL2 loss: 1.401
9, 75, 0.1379, 0.0006, 93.750, 100.000, 0.962, 0.535, 
[795] Train acc: 0.9219, Constr acc: 0.9062, CE loss: 0.189, DL2 loss: 3.841
9, 74, 0.1891, 0.0006, 92.188, 100.000, 0.959, 0.551, 
[810] Train acc: 0.9688, Constr acc: 0.9062, CE loss: 0.070, DL2 loss: 2.768
9, 73, 0.0700, 0.0006, 96.875, 100.000, 0.962, 0.555, 
[825] Train acc: 0.7500, Constr acc: 0.9062, CE loss: 0.696, DL2 loss: 3.507
9, 72, 0.6962, 0.0006, 75.000, 100.000, 0.924, 0.529, 
[840] Train acc: 0.9531, Constr acc: 0.9375, CE loss: 0.188, DL2 loss: 2.381
9, 71, 0.1883, 0.0006, 95.312, 100.000, 0.955, 0.570, 
[855] Train acc: 0.9688, Constr acc: 0.8750, CE loss: 0.213, DL2 loss: 4.049
9, 70, 0.2126, 0.0006, 96.875, 98.438, 0.963, 0.554, 
[870] Train acc: 0.9688, Constr acc: 0.8750, CE loss: 0.161, DL2 loss: 4.447
9, 69, 0.1615, 0.0006, 96.875, 100.000, 0.962, 0.548, 
[885] Train acc: 0.9531, Constr acc: 0.8750, CE loss: 0.137, DL2 loss: 4.979
9, 68, 0.1372, 0.0006, 95.312, 100.000, 0.957, 0.530, 
[900] Train acc: 0.9531, Constr acc: 0.9062, CE loss: 0.119, DL2 loss: 4.092
9, 67, 0.1190, 0.0006, 95.312, 100.000, 0.946, 0.563, 
[915] Train acc: 0.9688, Constr acc: 0.9062, CE loss: 0.189, DL2 loss: 2.449
9, 66, 0.1892, 0.0006, 96.875, 98.438, 0.948, 0.546, 
[930] Train acc: 0.9375, Constr acc: 0.8750, CE loss: 0.233, DL2 loss: 2.766
9, 65, 0.2332, 0.0006, 93.750, 100.000, 0.945, 0.553, 
[0] Train acc: 0.9531, Constr acc: 0.9375, CE loss: 0.143, DL2 loss: 2.240
10, 65, 0.1429, 0.0006, 95.312, 100.000, 0.955, 0.521, 
[15] Train acc: 0.8750, Constr acc: 0.9375, CE loss: 0.399, DL2 loss: 1.730
10, 64, 0.3992, 0.0006, 87.500, 96.875, 0.957, 0.540, 
[30] Train acc: 0.9688, Constr acc: 0.9062, CE loss: 0.065, DL2 loss: 2.211
10, 63, 0.0654, 0.0006, 96.875, 100.000, 0.936, 0.527, 
[45] Train acc: 0.9531, Constr acc: 0.9062, CE loss: 0.131, DL2 loss: 3.704
10, 62, 0.1315, 0.0006, 95.312, 100.000, 0.954, 0.547, 
[60] Train acc: 0.9531, Constr acc: 0.7812, CE loss: 0.111, DL2 loss: 5.583
10, 61, 0.1107, 0.0006, 95.312, 100.000, 0.952, 0.563, 
[75] Train acc: 0.9844, Constr acc: 0.9062, CE loss: 0.082, DL2 loss: 3.230
10, 60, 0.0819, 0.0006, 98.438, 100.000, 0.956, 0.567, 
[90] Train acc: 1.0000, Constr acc: 0.8750, CE loss: 0.061, DL2 loss: 4.138
10, 59, 0.0610, 0.0006, 100.000, 100.000, 0.959, 0.575, 
[105] Train acc: 0.9375, Constr acc: 0.9062, CE loss: 0.138, DL2 loss: 2.014
10, 58, 0.1377, 0.0006, 93.750, 100.000, 0.963, 0.582, 
[120] Train acc: 0.9219, Constr acc: 0.9062, CE loss: 0.200, DL2 loss: 3.435
10, 57, 0.2004, 0.0006, 92.188, 100.000, 0.929, 0.580, 
[135] Train acc: 0.9531, Constr acc: 0.8438, CE loss: 0.113, DL2 loss: 5.125
10, 56, 0.1130, 0.0007, 95.312, 100.000, 0.953, 0.555, 
[150] Train acc: 0.9375, Constr acc: 0.8125, CE loss: 0.144, DL2 loss: 5.530
10, 55, 0.1442, 0.0006, 93.750, 100.000, 0.943, 0.584, 
[165] Train acc: 0.9219, Constr acc: 1.0000, CE loss: 0.220, DL2 loss: 0.000
10, 54, 0.2196, 0.0006, 92.188, 100.000, 0.952, 0.569, 
[180] Train acc: 0.9531, Constr acc: 0.9375, CE loss: 0.097, DL2 loss: 1.524
10, 53, 0.0967, 0.0005, 95.312, 100.000, 0.961, 0.603, 
[195] Train acc: 0.9375, Constr acc: 0.9375, CE loss: 0.182, DL2 loss: 2.501
10, 52, 0.1819, 0.0006, 93.750, 100.000, 0.949, 0.593, 
[210] Train acc: 0.9531, Constr acc: 0.8750, CE loss: 0.181, DL2 loss: 4.505
10, 51, 0.1809, 0.0006, 95.312, 98.438, 0.944, 0.592, 
[225] Train acc: 0.9375, Constr acc: 0.8750, CE loss: 0.121, DL2 loss: 3.001
10, 50, 0.1212, 0.0007, 93.750, 100.000, 0.917, 0.578, 
[240] Train acc: 0.9219, Constr acc: 0.9375, CE loss: 0.236, DL2 loss: 2.069
10, 49, 0.2358, 0.0007, 92.188, 100.000, 0.955, 0.548, 
[255] Train acc: 0.9531, Constr acc: 0.8750, CE loss: 0.178, DL2 loss: 5.097
10, 48, 0.1784, 0.0006, 95.312, 100.000, 0.960, 0.598, 
[270] Train acc: 0.9062, Constr acc: 0.8750, CE loss: 0.291, DL2 loss: 3.341
10, 47, 0.2910, 0.0006, 90.625, 100.000, 0.959, 0.571, 
[285] Train acc: 0.9688, Constr acc: 0.8125, CE loss: 0.102, DL2 loss: 6.015
10, 46, 0.1023, 0.0007, 96.875, 100.000, 0.939, 0.504, 
[300] Train acc: 0.9062, Constr acc: 0.8750, CE loss: 0.212, DL2 loss: 2.208
10, 45, 0.2116, 0.0006, 90.625, 100.000, 0.928, 0.550, 
[315] Train acc: 0.9375, Constr acc: 0.7812, CE loss: 0.234, DL2 loss: 7.087
10, 44, 0.2338, 0.0007, 93.750, 100.000, 0.917, 0.520, 
[330] Train acc: 0.9688, Constr acc: 0.9062, CE loss: 0.436, DL2 loss: 1.977
10, 43, 0.4361, 0.0008, 96.875, 98.438, 0.931, 0.511, 
[345] Train acc: 0.8750, Constr acc: 0.8750, CE loss: 0.252, DL2 loss: 2.163
10, 42, 0.2522, 0.0006, 87.500, 100.000, 0.956, 0.558, 
[360] Train acc: 0.9219, Constr acc: 0.8750, CE loss: 0.231, DL2 loss: 4.144
10, 41, 0.2312, 0.0007, 92.188, 100.000, 0.899, 0.549, 
[375] Train acc: 1.0000, Constr acc: 0.7812, CE loss: 0.069, DL2 loss: 7.687
10, 40, 0.0687, 0.0007, 100.000, 100.000, 0.954, 0.523, 
[390] Train acc: 0.9688, Constr acc: 0.8438, CE loss: 0.079, DL2 loss: 4.603
10, 39, 0.0790, 0.0007, 96.875, 100.000, 0.936, 0.579, 
[405] Train acc: 0.9688, Constr acc: 0.8438, CE loss: 0.108, DL2 loss: 3.077
10, 38, 0.1082, 0.0007, 96.875, 100.000, 0.902, 0.557, 
[420] Train acc: 0.9219, Constr acc: 0.8438, CE loss: 0.199, DL2 loss: 4.820
10, 37, 0.1994, 0.0008, 92.188, 100.000, 0.931, 0.510, 
[435] Train acc: 0.8750, Constr acc: 0.9062, CE loss: 0.504, DL2 loss: 3.105
10, 36, 0.5043, 0.0007, 87.500, 98.438, 0.914, 0.516, 
[450] Train acc: 0.8906, Constr acc: 0.8750, CE loss: 0.273, DL2 loss: 4.207
10, 35, 0.2732, 0.0008, 89.062, 100.000, 0.846, 0.517, 
[465] Train acc: 0.8750, Constr acc: 0.9375, CE loss: 0.392, DL2 loss: 2.056
10, 34, 0.3922, 0.0008, 87.500, 98.438, 0.911, 0.503, 
[480] Train acc: 0.9062, Constr acc: 0.7812, CE loss: 0.302, DL2 loss: 7.033
10, 33, 0.3017, 0.0008, 90.625, 100.000, 0.929, 0.547, 
[495] Train acc: 0.9688, Constr acc: 0.8125, CE loss: 0.180, DL2 loss: 5.623
10, 32, 0.1800, 0.0008, 96.875, 100.000, 0.857, 0.542, 
[510] Train acc: 0.9375, Constr acc: 0.9688, CE loss: 0.214, DL2 loss: 1.587
10, 31, 0.2145, 0.0007, 93.750, 100.000, 0.914, 0.564, 
[525] Train acc: 0.9062, Constr acc: 0.9375, CE loss: 0.225, DL2 loss: 2.242
10, 30, 0.2245, 0.0007, 90.625, 100.000, 0.927, 0.554, 
[540] Train acc: 0.8750, Constr acc: 0.7812, CE loss: 0.413, DL2 loss: 5.305
10, 29, 0.4128, 0.0007, 87.500, 100.000, 0.927, 0.565, 
[555] Train acc: 0.8750, Constr acc: 0.9062, CE loss: 0.476, DL2 loss: 1.468
10, 28, 0.4759, 0.0010, 87.500, 100.000, 0.754, 0.531, 
[570] Train acc: 0.8438, Constr acc: 0.9375, CE loss: 0.532, DL2 loss: 0.972
10, 27, 0.5318, 0.0008, 84.375, 100.000, 0.899, 0.570, 
[585] Train acc: 0.9062, Constr acc: 0.8750, CE loss: 0.383, DL2 loss: 2.431
10, 26, 0.3827, 0.0009, 90.625, 98.438, 0.914, 0.519, 
[600] Train acc: 0.9219, Constr acc: 0.7812, CE loss: 0.374, DL2 loss: 5.841
10, 25, 0.3740, 0.0008, 92.188, 98.438, 0.918, 0.524, 
[615] Train acc: 0.7344, Constr acc: 0.7812, CE loss: 0.712, DL2 loss: 4.303
10, 24, 0.7117, 0.0009, 73.438, 100.000, 0.802, 0.533, 
[630] Train acc: 0.8906, Constr acc: 0.8750, CE loss: 0.463, DL2 loss: 3.913
10, 23, 0.4633, 0.0007, 89.062, 100.000, 0.896, 0.543, 
[645] Train acc: 0.8906, Constr acc: 0.8438, CE loss: 0.379, DL2 loss: 3.068
10, 22, 0.3788, 0.0007, 89.062, 100.000, 0.879, 0.583, 
[660] Train acc: 0.7969, Constr acc: 0.8750, CE loss: 0.786, DL2 loss: 5.320
10, 21, 0.7856, 0.0011, 79.688, 96.875, 0.760, 0.475, 
[675] Train acc: 0.8750, Constr acc: 0.8438, CE loss: 0.499, DL2 loss: 3.350
10, 20, 0.4992, 0.0009, 87.500, 100.000, 0.796, 0.580, 
[690] Train acc: 0.8125, Constr acc: 0.8438, CE loss: 0.647, DL2 loss: 6.011
10, 19, 0.6468, 0.0010, 81.250, 98.438, 0.741, 0.566, 
[705] Train acc: 0.7969, Constr acc: 0.8750, CE loss: 0.651, DL2 loss: 3.194
10, 18, 0.6514, 0.0010, 79.688, 100.000, 0.794, 0.571, 
[720] Train acc: 0.7500, Constr acc: 0.7188, CE loss: 0.696, DL2 loss: 8.158
10, 17, 0.6961, 0.0011, 75.000, 98.438, 0.700, 0.553, 
[735] Train acc: 0.6875, Constr acc: 0.6562, CE loss: 1.346, DL2 loss: 6.920
10, 16, 1.3457, 0.0016, 68.750, 90.625, 0.464, 0.542, 
[750] Train acc: 0.6250, Constr acc: 0.7500, CE loss: 1.378, DL2 loss: 5.202
10, 15, 1.3775, 0.0014, 62.500, 95.312, 0.595, 0.519, 
[765] Train acc: 0.6719, Constr acc: 0.8438, CE loss: 1.194, DL2 loss: 3.591
10, 14, 1.1943, 0.0012, 67.188, 90.625, 0.690, 0.547, 
[780] Train acc: 0.7188, Constr acc: 0.8125, CE loss: 0.991, DL2 loss: 5.886
10, 13, 0.9909, 0.0013, 71.875, 96.875, 0.634, 0.534, 
[795] Train acc: 0.6562, Constr acc: 0.7188, CE loss: 1.507, DL2 loss: 3.840
10, 12, 1.5068, 0.0016, 65.625, 89.062, 0.468, 0.493, 
[810] Train acc: 0.2656, Constr acc: 0.3438, CE loss: 2.481, DL2 loss: 22.088
10, 11, 2.4808, 0.0019, 26.562, 82.812, 0.224, 0.468, 
[825] Train acc: 0.2812, Constr acc: 0.4375, CE loss: 2.390, DL2 loss: 16.857
10, 10, 2.3899, 0.0019, 28.125, 68.750, 0.296, 0.448, 
[840] Train acc: 0.4375, Constr acc: 0.4062, CE loss: 2.126, DL2 loss: 15.753
10, 9, 2.1260, 0.0019, 43.750, 71.875, 0.342, 0.487, 
[855] Train acc: 0.2812, Constr acc: 0.5000, CE loss: 2.376, DL2 loss: 10.260
10, 8, 2.3764, 0.0020, 28.125, 92.188, 0.287, 0.450, 
[870] Train acc: 0.2656, Constr acc: 0.0625, CE loss: 2.188, DL2 loss: 33.257
10, 7, 2.1878, 0.0022, 26.562, 71.875, 0.130, 0.451, 
[885] Train acc: 0.1406, Constr acc: 0.1875, CE loss: 2.756, DL2 loss: 27.718
10, 6, 2.7555, 0.0021, 14.062, 68.750, 0.174, 0.422, 
[900] Train acc: 0.1250, Constr acc: 0.0000, CE loss: 2.317, DL2 loss: 42.955
10, 5, 2.3168, 0.0023, 12.500, 53.125, 0.103, 0.433, 
[915] Train acc: 0.1406, Constr acc: 0.0000, CE loss: 2.318, DL2 loss: 45.254
10, 4, 2.3181, 0.0023, 14.062, 53.125, 0.103, 0.435, 
[930] Train acc: 0.1250, Constr acc: 0.0000, CE loss: 2.339, DL2 loss: 42.369
10, 3, 2.3388, 0.0023, 12.500, 43.750, 0.103, 0.423, 
