main_allinputs_dl2.py --pruning=True --tensorboard=True --log-interval=15 --pruning_config=./configs/mnist_22_15.json --constraint RobustnessAND(eps1=7.8, eps2=2.9) --print-after-epoch=0 --dl2-weight=0 --delay=6
pruning_engine.load_mask(): did not find mask file, will load nothing
epoch, neuron_units, loss, dl2_loss, top1, top5, dl2_p_acc, dl2_constraint_acc
[0] Train acc: 0.1406
1, 252, 2.2927, 0.0023, 14.062, 59.375, 0.103, 0.050, 
[15] Train acc: 0.1875
1, 252, 2.2763, 0.0023, 18.750, 68.750, 0.103, 0.055, 
[30] Train acc: 0.3125
1, 252, 2.2343, 0.0023, 31.250, 75.000, 0.205, 0.052, 
[45] Train acc: 0.3594
1, 252, 2.1083, 0.0022, 35.938, 89.062, 0.408, 0.049, 
[60] Train acc: 0.5625
1, 252, 1.8079, 0.0021, 56.250, 90.625, 0.576, 0.050, 
[75] Train acc: 0.6719
1, 252, 1.1560, 0.0017, 67.188, 95.312, 0.646, 0.053, 
[90] Train acc: 0.6250
1, 252, 1.0569, 0.0015, 62.500, 98.438, 0.674, 0.052, 
[105] Train acc: 0.7031
1, 252, 0.8945, 0.0013, 70.312, 95.312, 0.730, 0.054, 
[120] Train acc: 0.8125
1, 252, 0.5999, 0.0011, 81.250, 98.438, 0.806, 0.049, 
[135] Train acc: 0.8594
1, 252, 0.3908, 0.0010, 85.938, 100.000, 0.854, 0.046, 
[150] Train acc: 0.8594
1, 252, 0.5338, 0.0010, 85.938, 100.000, 0.820, 0.046, 
[165] Train acc: 0.8281
1, 252, 0.5438, 0.0010, 82.812, 98.438, 0.764, 0.047, 
[180] Train acc: 0.9062
1, 252, 0.4400, 0.0009, 90.625, 98.438, 0.846, 0.056, 
[195] Train acc: 0.9062
1, 252, 0.2807, 0.0009, 90.625, 100.000, 0.848, 0.048, 
[210] Train acc: 0.9219
1, 252, 0.3626, 0.0009, 92.188, 98.438, 0.857, 0.047, 
[225] Train acc: 0.8750
1, 252, 0.3995, 0.0008, 87.500, 100.000, 0.887, 0.045, 
[240] Train acc: 0.8750
1, 252, 0.4170, 0.0008, 87.500, 98.438, 0.877, 0.047, 
[255] Train acc: 0.8281
1, 252, 0.4295, 0.0008, 82.812, 100.000, 0.851, 0.052, 
[270] Train acc: 0.9219
1, 252, 0.2311, 0.0008, 92.188, 100.000, 0.843, 0.049, 
[285] Train acc: 0.9375
1, 252, 0.2467, 0.0007, 93.750, 100.000, 0.920, 0.049, 
[300] Train acc: 0.9062
1, 252, 0.2694, 0.0007, 90.625, 100.000, 0.911, 0.053, 
[315] Train acc: 0.9219
1, 252, 0.2680, 0.0007, 92.188, 98.438, 0.922, 0.056, 
[330] Train acc: 0.9062
1, 252, 0.3726, 0.0007, 90.625, 98.438, 0.864, 0.049, 
[345] Train acc: 0.8594
1, 252, 0.4701, 0.0007, 85.938, 98.438, 0.908, 0.052, 
[360] Train acc: 0.8750
1, 252, 0.2838, 0.0007, 87.500, 100.000, 0.909, 0.049, 
[375] Train acc: 0.9375
1, 252, 0.1560, 0.0007, 93.750, 100.000, 0.923, 0.053, 
[390] Train acc: 0.9062
1, 252, 0.2070, 0.0006, 90.625, 100.000, 0.915, 0.051, 
[405] Train acc: 0.9375
1, 252, 0.1975, 0.0006, 93.750, 100.000, 0.918, 0.049, 
[420] Train acc: 0.9219
1, 252, 0.2446, 0.0006, 92.188, 100.000, 0.936, 0.050, 
[435] Train acc: 0.9219
1, 252, 0.2261, 0.0006, 92.188, 100.000, 0.935, 0.050, 
[450] Train acc: 0.9219
1, 252, 0.1807, 0.0006, 92.188, 100.000, 0.942, 0.056, 
[465] Train acc: 0.8906
1, 252, 0.3503, 0.0006, 89.062, 100.000, 0.914, 0.055, 
[480] Train acc: 1.0000
1, 252, 0.0762, 0.0006, 100.000, 100.000, 0.934, 0.049, 
[495] Train acc: 0.9531
1, 252, 0.1621, 0.0006, 95.312, 100.000, 0.948, 0.048, 
[510] Train acc: 0.9219
1, 252, 0.1649, 0.0005, 92.188, 100.000, 0.949, 0.050, 
[525] Train acc: 0.9531
1, 252, 0.1392, 0.0006, 95.312, 100.000, 0.945, 0.048, 
[540] Train acc: 0.9531
1, 252, 0.2543, 0.0006, 95.312, 98.438, 0.933, 0.049, 
[555] Train acc: 0.9688
1, 252, 0.1702, 0.0005, 96.875, 98.438, 0.953, 0.053, 
[570] Train acc: 0.9531
1, 252, 0.1492, 0.0005, 95.312, 100.000, 0.925, 0.046, 
[585] Train acc: 0.9844
1, 252, 0.0822, 0.0005, 98.438, 100.000, 0.950, 0.048, 
[600] Train acc: 0.9531
1, 252, 0.1890, 0.0005, 95.312, 100.000, 0.951, 0.051, 
[615] Train acc: 0.9531
1, 252, 0.1561, 0.0005, 95.312, 100.000, 0.951, 0.048, 
[630] Train acc: 0.9375
1, 252, 0.3362, 0.0005, 93.750, 100.000, 0.956, 0.048, 
[645] Train acc: 0.9688
1, 252, 0.1513, 0.0005, 96.875, 100.000, 0.956, 0.050, 
[660] Train acc: 0.9688
1, 252, 0.1354, 0.0005, 96.875, 100.000, 0.956, 0.047, 
[675] Train acc: 0.9375
1, 252, 0.1571, 0.0005, 93.750, 100.000, 0.956, 0.044, 
[690] Train acc: 0.9688
1, 252, 0.1637, 0.0005, 96.875, 98.438, 0.958, 0.049, 
[705] Train acc: 0.8906
1, 252, 0.3415, 0.0005, 89.062, 100.000, 0.953, 0.049, 
[720] Train acc: 1.0000
1, 252, 0.0550, 0.0005, 100.000, 100.000, 0.958, 0.045, 
[735] Train acc: 0.9375
1, 252, 0.1595, 0.0005, 93.750, 100.000, 0.956, 0.055, 
[750] Train acc: 0.9688
1, 252, 0.0683, 0.0005, 96.875, 100.000, 0.950, 0.051, 
[765] Train acc: 0.9062
1, 252, 0.2801, 0.0005, 90.625, 100.000, 0.945, 0.051, 
[780] Train acc: 0.9219
1, 252, 0.1975, 0.0005, 92.188, 100.000, 0.965, 0.046, 
[795] Train acc: 0.9375
1, 252, 0.1232, 0.0005, 93.750, 100.000, 0.960, 0.049, 
[810] Train acc: 1.0000
1, 252, 0.0531, 0.0005, 100.000, 100.000, 0.963, 0.048, 
[825] Train acc: 0.9531
1, 252, 0.1005, 0.0005, 95.312, 100.000, 0.959, 0.048, 
[840] Train acc: 0.9531
1, 252, 0.1271, 0.0005, 95.312, 100.000, 0.969, 0.049, 
[855] Train acc: 0.9375
1, 252, 0.1566, 0.0005, 93.750, 100.000, 0.942, 0.054, 
[870] Train acc: 0.9531
1, 252, 0.1490, 0.0004, 95.312, 100.000, 0.963, 0.048, 
[885] Train acc: 0.9375
1, 252, 0.1344, 0.0005, 93.750, 100.000, 0.959, 0.049, 
[900] Train acc: 0.9531
1, 252, 0.1105, 0.0004, 95.312, 100.000, 0.962, 0.049, 
[915] Train acc: 0.9375
1, 252, 0.1970, 0.0004, 93.750, 100.000, 0.960, 0.048, 
[930] Train acc: 0.9375
1, 252, 0.1600, 0.0004, 93.750, 100.000, 0.965, 0.053, 
[0] Train acc: 0.9531
2, 252, 0.1407, 0.0004, 95.312, 100.000, 0.963, 0.048, 
[15] Train acc: 0.9844
2, 252, 0.0752, 0.0004, 98.438, 100.000, 0.967, 0.046, 
[30] Train acc: 0.9688
2, 252, 0.0801, 0.0004, 96.875, 100.000, 0.955, 0.050, 
[45] Train acc: 0.9688
2, 252, 0.0949, 0.0004, 96.875, 100.000, 0.965, 0.048, 
[60] Train acc: 0.9844
2, 252, 0.0438, 0.0004, 98.438, 100.000, 0.963, 0.050, 
[75] Train acc: 0.9688
2, 252, 0.1399, 0.0004, 96.875, 100.000, 0.966, 0.051, 
[90] Train acc: 0.9375
2, 252, 0.3302, 0.0004, 93.750, 100.000, 0.967, 0.050, 
[105] Train acc: 0.9844
2, 252, 0.0491, 0.0004, 98.438, 100.000, 0.970, 0.051, 
[120] Train acc: 0.9688
2, 252, 0.0914, 0.0004, 96.875, 100.000, 0.970, 0.053, 
[135] Train acc: 0.9688
2, 252, 0.1508, 0.0004, 96.875, 100.000, 0.964, 0.047, 
[150] Train acc: 0.9531
2, 252, 0.0793, 0.0004, 95.312, 100.000, 0.967, 0.050, 
[165] Train acc: 0.9844
2, 252, 0.0713, 0.0004, 98.438, 100.000, 0.969, 0.053, 
[180] Train acc: 0.9531
2, 252, 0.0830, 0.0004, 95.312, 100.000, 0.966, 0.050, 
[195] Train acc: 0.9844
2, 252, 0.0966, 0.0004, 98.438, 100.000, 0.961, 0.047, 
[210] Train acc: 0.9688
2, 252, 0.0620, 0.0004, 96.875, 100.000, 0.973, 0.047, 
[225] Train acc: 0.9531
2, 252, 0.1448, 0.0004, 95.312, 100.000, 0.965, 0.048, 
[240] Train acc: 0.9531
2, 252, 0.1479, 0.0004, 95.312, 100.000, 0.967, 0.047, 
[255] Train acc: 1.0000
2, 252, 0.0279, 0.0004, 100.000, 100.000, 0.968, 0.047, 
[270] Train acc: 0.9844
2, 252, 0.0609, 0.0003, 98.438, 100.000, 0.974, 0.047, 
[285] Train acc: 0.9844
2, 252, 0.0342, 0.0003, 98.438, 100.000, 0.975, 0.049, 
[300] Train acc: 0.9688
2, 252, 0.0782, 0.0004, 96.875, 100.000, 0.969, 0.047, 
[315] Train acc: 0.9375
2, 252, 0.1122, 0.0004, 93.750, 100.000, 0.975, 0.047, 
[330] Train acc: 0.9688
2, 252, 0.0469, 0.0004, 96.875, 100.000, 0.968, 0.046, 
[345] Train acc: 0.9531
2, 252, 0.2345, 0.0004, 95.312, 100.000, 0.977, 0.048, 
[360] Train acc: 0.9688
2, 252, 0.0647, 0.0004, 96.875, 100.000, 0.962, 0.050, 
[375] Train acc: 0.9531
2, 252, 0.1035, 0.0004, 95.312, 100.000, 0.976, 0.050, 
[390] Train acc: 0.9844
2, 252, 0.0274, 0.0004, 98.438, 100.000, 0.974, 0.049, 
[405] Train acc: 0.9844
2, 252, 0.0408, 0.0004, 98.438, 100.000, 0.968, 0.053, 
[420] Train acc: 0.9844
2, 252, 0.0255, 0.0004, 98.438, 100.000, 0.976, 0.046, 
[435] Train acc: 0.9844
2, 252, 0.0391, 0.0004, 98.438, 100.000, 0.977, 0.043, 
[450] Train acc: 0.9844
2, 252, 0.0888, 0.0003, 98.438, 100.000, 0.975, 0.047, 
[465] Train acc: 0.9688
2, 252, 0.0860, 0.0004, 96.875, 100.000, 0.972, 0.048, 
[480] Train acc: 0.9688
2, 252, 0.0826, 0.0004, 96.875, 100.000, 0.969, 0.044, 
[495] Train acc: 0.9375
2, 252, 0.1246, 0.0004, 93.750, 100.000, 0.972, 0.047, 
[510] Train acc: 1.0000
2, 252, 0.0169, 0.0004, 100.000, 100.000, 0.974, 0.047, 
[525] Train acc: 0.9688
2, 252, 0.1215, 0.0004, 96.875, 100.000, 0.977, 0.047, 
[540] Train acc: 0.9844
2, 252, 0.0627, 0.0004, 98.438, 100.000, 0.977, 0.047, 
[555] Train acc: 1.0000
2, 252, 0.0338, 0.0004, 100.000, 100.000, 0.977, 0.050, 
[570] Train acc: 0.9531
2, 252, 0.1980, 0.0004, 95.312, 100.000, 0.972, 0.051, 
[585] Train acc: 1.0000
2, 252, 0.0180, 0.0004, 100.000, 100.000, 0.965, 0.050, 
[600] Train acc: 0.9531
2, 252, 0.1889, 0.0004, 95.312, 100.000, 0.966, 0.046, 
[615] Train acc: 0.9531
2, 252, 0.1996, 0.0004, 95.312, 100.000, 0.972, 0.049, 
[630] Train acc: 0.9844
2, 252, 0.0752, 0.0004, 98.438, 100.000, 0.971, 0.045, 
[645] Train acc: 0.9062
2, 252, 0.2343, 0.0003, 90.625, 100.000, 0.980, 0.049, 
[660] Train acc: 0.9844
2, 252, 0.0542, 0.0003, 98.438, 100.000, 0.978, 0.052, 
[675] Train acc: 0.9844
2, 252, 0.0672, 0.0003, 98.438, 100.000, 0.977, 0.043, 
[690] Train acc: 0.9688
2, 252, 0.0481, 0.0003, 96.875, 100.000, 0.975, 0.049, 
[705] Train acc: 0.9844
2, 252, 0.0961, 0.0003, 98.438, 100.000, 0.970, 0.046, 
[720] Train acc: 0.9688
2, 252, 0.0633, 0.0003, 96.875, 100.000, 0.976, 0.052, 
[735] Train acc: 0.9844
2, 252, 0.0988, 0.0004, 98.438, 100.000, 0.959, 0.046, 
[750] Train acc: 0.9844
2, 252, 0.0208, 0.0003, 98.438, 100.000, 0.978, 0.047, 
[765] Train acc: 0.9688
2, 252, 0.0411, 0.0003, 96.875, 100.000, 0.978, 0.042, 
[780] Train acc: 0.9844
2, 252, 0.0408, 0.0003, 98.438, 100.000, 0.975, 0.047, 
[795] Train acc: 0.9688
2, 252, 0.0842, 0.0003, 96.875, 100.000, 0.976, 0.047, 
[810] Train acc: 0.9688
2, 252, 0.0810, 0.0003, 96.875, 100.000, 0.976, 0.044, 
[825] Train acc: 0.9375
2, 252, 0.2803, 0.0003, 93.750, 100.000, 0.979, 0.048, 
[840] Train acc: 1.0000
2, 252, 0.0204, 0.0003, 100.000, 100.000, 0.974, 0.042, 
[855] Train acc: 1.0000
2, 252, 0.0160, 0.0003, 100.000, 100.000, 0.980, 0.040, 
[870] Train acc: 1.0000
2, 252, 0.0261, 0.0003, 100.000, 100.000, 0.978, 0.044, 
[885] Train acc: 0.9844
2, 252, 0.0547, 0.0003, 98.438, 100.000, 0.977, 0.052, 
[900] Train acc: 0.9375
2, 252, 0.1150, 0.0003, 93.750, 100.000, 0.979, 0.048, 
[915] Train acc: 0.9688
2, 252, 0.0495, 0.0003, 96.875, 100.000, 0.981, 0.042, 
[930] Train acc: 0.9688
2, 252, 0.1090, 0.0003, 96.875, 100.000, 0.971, 0.046, 
[0] Train acc: 0.9688
3, 252, 0.1437, 0.0003, 96.875, 100.000, 0.970, 0.040, 
[15] Train acc: 1.0000
3, 252, 0.0285, 0.0003, 100.000, 100.000, 0.981, 0.043, 
[30] Train acc: 0.9844
3, 252, 0.0529, 0.0003, 98.438, 100.000, 0.978, 0.039, 
[45] Train acc: 0.9688
3, 252, 0.0809, 0.0004, 96.875, 100.000, 0.969, 0.045, 
[60] Train acc: 1.0000
3, 252, 0.0216, 0.0003, 100.000, 100.000, 0.981, 0.047, 
[75] Train acc: 0.9688
3, 252, 0.1329, 0.0003, 96.875, 100.000, 0.969, 0.040, 
[90] Train acc: 0.9844
3, 252, 0.0656, 0.0003, 98.438, 100.000, 0.976, 0.041, 
[105] Train acc: 1.0000
3, 252, 0.0243, 0.0003, 100.000, 100.000, 0.981, 0.044, 
[120] Train acc: 1.0000
3, 252, 0.0218, 0.0003, 100.000, 100.000, 0.979, 0.044, 
[135] Train acc: 0.9531
3, 252, 0.0817, 0.0003, 95.312, 100.000, 0.981, 0.046, 
[150] Train acc: 1.0000
3, 252, 0.0099, 0.0003, 100.000, 100.000, 0.975, 0.049, 
[165] Train acc: 0.9844
3, 252, 0.1767, 0.0003, 98.438, 100.000, 0.981, 0.043, 
[180] Train acc: 0.9531
3, 252, 0.1106, 0.0003, 95.312, 100.000, 0.981, 0.049, 
[195] Train acc: 0.9844
3, 252, 0.0700, 0.0003, 98.438, 100.000, 0.976, 0.040, 
[210] Train acc: 0.9531
3, 252, 0.0754, 0.0003, 95.312, 100.000, 0.972, 0.051, 
[225] Train acc: 1.0000
3, 252, 0.0133, 0.0003, 100.000, 100.000, 0.983, 0.041, 
[240] Train acc: 0.9688
3, 252, 0.0620, 0.0003, 96.875, 100.000, 0.980, 0.044, 
[255] Train acc: 0.9844
3, 252, 0.0525, 0.0003, 98.438, 100.000, 0.972, 0.041, 
[270] Train acc: 0.9688
3, 252, 0.0948, 0.0003, 96.875, 100.000, 0.982, 0.043, 
[285] Train acc: 0.9688
3, 252, 0.0618, 0.0003, 96.875, 100.000, 0.984, 0.039, 
[300] Train acc: 0.9844
3, 252, 0.0618, 0.0003, 98.438, 100.000, 0.981, 0.045, 
[315] Train acc: 0.9688
3, 252, 0.1432, 0.0003, 96.875, 100.000, 0.983, 0.046, 
[330] Train acc: 0.9531
3, 252, 0.1283, 0.0003, 95.312, 100.000, 0.978, 0.046, 
[345] Train acc: 1.0000
3, 252, 0.0156, 0.0003, 100.000, 100.000, 0.982, 0.043, 
[360] Train acc: 0.9844
3, 252, 0.0625, 0.0003, 98.438, 100.000, 0.979, 0.041, 
[375] Train acc: 1.0000
3, 252, 0.0429, 0.0003, 100.000, 100.000, 0.977, 0.046, 
[390] Train acc: 0.9375
3, 252, 0.2170, 0.0003, 93.750, 100.000, 0.966, 0.042, 
[405] Train acc: 0.9844
3, 252, 0.0477, 0.0003, 98.438, 100.000, 0.982, 0.043, 
[420] Train acc: 1.0000
3, 252, 0.0266, 0.0003, 100.000, 100.000, 0.982, 0.045, 
[435] Train acc: 0.9844
3, 252, 0.0296, 0.0003, 98.438, 100.000, 0.972, 0.043, 
[450] Train acc: 0.9844
3, 252, 0.0515, 0.0003, 98.438, 100.000, 0.979, 0.045, 
[465] Train acc: 1.0000
3, 252, 0.0425, 0.0003, 100.000, 100.000, 0.982, 0.045, 
[480] Train acc: 0.9844
3, 252, 0.1283, 0.0003, 98.438, 100.000, 0.981, 0.044, 
[495] Train acc: 0.9688
3, 252, 0.0506, 0.0003, 96.875, 100.000, 0.983, 0.043, 
[510] Train acc: 0.9688
3, 252, 0.0836, 0.0003, 96.875, 100.000, 0.982, 0.044, 
[525] Train acc: 0.9531
3, 252, 0.1020, 0.0003, 95.312, 100.000, 0.984, 0.044, 
[540] Train acc: 1.0000
3, 252, 0.0214, 0.0003, 100.000, 100.000, 0.982, 0.041, 
[555] Train acc: 0.9531
3, 252, 0.1520, 0.0003, 95.312, 100.000, 0.985, 0.054, 
[570] Train acc: 0.9844
3, 252, 0.0536, 0.0003, 98.438, 100.000, 0.978, 0.047, 
[585] Train acc: 1.0000
3, 252, 0.0112, 0.0003, 100.000, 100.000, 0.982, 0.046, 
[600] Train acc: 0.9375
3, 252, 0.1640, 0.0003, 93.750, 100.000, 0.980, 0.044, 
[615] Train acc: 0.9531
3, 252, 0.1815, 0.0003, 95.312, 100.000, 0.982, 0.046, 
[630] Train acc: 1.0000
3, 252, 0.0235, 0.0003, 100.000, 100.000, 0.984, 0.040, 
[645] Train acc: 0.9688
3, 252, 0.2124, 0.0003, 96.875, 100.000, 0.983, 0.037, 
[660] Train acc: 1.0000
3, 252, 0.0341, 0.0003, 100.000, 100.000, 0.983, 0.048, 
[675] Train acc: 1.0000
3, 252, 0.0153, 0.0003, 100.000, 100.000, 0.984, 0.044, 
[690] Train acc: 0.9844
3, 252, 0.0284, 0.0003, 98.438, 100.000, 0.985, 0.042, 
[705] Train acc: 1.0000
3, 252, 0.0274, 0.0003, 100.000, 100.000, 0.983, 0.044, 
[720] Train acc: 0.9844
3, 252, 0.0483, 0.0003, 98.438, 100.000, 0.984, 0.050, 
[735] Train acc: 0.9844
3, 252, 0.0342, 0.0003, 98.438, 100.000, 0.982, 0.043, 
[750] Train acc: 0.9844
3, 252, 0.0250, 0.0003, 98.438, 100.000, 0.986, 0.039, 
[765] Train acc: 1.0000
3, 252, 0.0191, 0.0003, 100.000, 100.000, 0.981, 0.046, 
[780] Train acc: 0.9531
3, 252, 0.1058, 0.0003, 95.312, 100.000, 0.984, 0.046, 
[795] Train acc: 0.9688
3, 252, 0.0497, 0.0003, 96.875, 100.000, 0.982, 0.034, 
[810] Train acc: 1.0000
3, 252, 0.0074, 0.0003, 100.000, 100.000, 0.978, 0.042, 
[825] Train acc: 1.0000
3, 252, 0.0133, 0.0002, 100.000, 100.000, 0.984, 0.042, 
[840] Train acc: 0.9531
3, 252, 0.0715, 0.0003, 95.312, 100.000, 0.981, 0.045, 
[855] Train acc: 1.0000
3, 252, 0.0085, 0.0003, 100.000, 100.000, 0.978, 0.043, 
[870] Train acc: 1.0000
3, 252, 0.0084, 0.0003, 100.000, 100.000, 0.981, 0.048, 
[885] Train acc: 1.0000
3, 252, 0.0144, 0.0003, 100.000, 100.000, 0.983, 0.049, 
[900] Train acc: 0.9844
3, 252, 0.0241, 0.0003, 98.438, 100.000, 0.981, 0.041, 
[915] Train acc: 0.9531
3, 252, 0.2423, 0.0003, 95.312, 100.000, 0.983, 0.046, 
[930] Train acc: 0.9844
3, 252, 0.0708, 0.0003, 98.438, 100.000, 0.987, 0.044, 
[0] Train acc: 0.9844
4, 252, 0.0484, 0.0003, 98.438, 100.000, 0.985, 0.041, 
[15] Train acc: 1.0000
4, 252, 0.0244, 0.0003, 100.000, 100.000, 0.983, 0.042, 
[30] Train acc: 0.9844
4, 252, 0.0416, 0.0003, 98.438, 100.000, 0.981, 0.046, 
[45] Train acc: 1.0000
4, 252, 0.0063, 0.0003, 100.000, 100.000, 0.985, 0.041, 
[60] Train acc: 1.0000
4, 252, 0.0215, 0.0003, 100.000, 100.000, 0.984, 0.045, 
[75] Train acc: 1.0000
4, 252, 0.0432, 0.0003, 100.000, 100.000, 0.972, 0.045, 
[90] Train acc: 0.9844
4, 252, 0.0448, 0.0002, 98.438, 100.000, 0.985, 0.042, 
[105] Train acc: 1.0000
4, 252, 0.0111, 0.0002, 100.000, 100.000, 0.984, 0.038, 
[120] Train acc: 0.9844
4, 252, 0.0530, 0.0003, 98.438, 100.000, 0.982, 0.046, 
[135] Train acc: 0.9844
4, 252, 0.0300, 0.0003, 98.438, 100.000, 0.985, 0.044, 
[150] Train acc: 0.9688
4, 252, 0.0593, 0.0002, 96.875, 100.000, 0.985, 0.039, 
[165] Train acc: 1.0000
4, 252, 0.0173, 0.0003, 100.000, 100.000, 0.982, 0.035, 
[180] Train acc: 0.9844
4, 252, 0.1133, 0.0002, 98.438, 100.000, 0.985, 0.040, 
[195] Train acc: 1.0000
4, 252, 0.0079, 0.0003, 100.000, 100.000, 0.983, 0.040, 
[210] Train acc: 0.9531
4, 252, 0.1191, 0.0003, 95.312, 100.000, 0.980, 0.039, 
[225] Train acc: 1.0000
4, 252, 0.0161, 0.0003, 100.000, 100.000, 0.985, 0.043, 
[240] Train acc: 1.0000
4, 252, 0.0187, 0.0003, 100.000, 100.000, 0.982, 0.039, 
[255] Train acc: 0.9844
4, 252, 0.1243, 0.0003, 98.438, 98.438, 0.983, 0.039, 
[270] Train acc: 1.0000
4, 252, 0.0103, 0.0002, 100.000, 100.000, 0.986, 0.046, 
[285] Train acc: 0.9688
4, 252, 0.0890, 0.0002, 96.875, 100.000, 0.986, 0.043, 
[300] Train acc: 1.0000
4, 252, 0.0147, 0.0003, 100.000, 100.000, 0.981, 0.041, 
[315] Train acc: 1.0000
4, 252, 0.0182, 0.0002, 100.000, 100.000, 0.985, 0.046, 
[330] Train acc: 1.0000
4, 252, 0.0325, 0.0003, 100.000, 100.000, 0.985, 0.038, 
[345] Train acc: 0.9531
4, 252, 0.0922, 0.0003, 95.312, 100.000, 0.983, 0.042, 
[360] Train acc: 0.9688
4, 252, 0.0669, 0.0003, 96.875, 100.000, 0.979, 0.044, 
[375] Train acc: 1.0000
4, 252, 0.0089, 0.0003, 100.000, 100.000, 0.987, 0.042, 
[390] Train acc: 1.0000
4, 252, 0.0179, 0.0003, 100.000, 100.000, 0.985, 0.043, 
[405] Train acc: 1.0000
4, 252, 0.0076, 0.0003, 100.000, 100.000, 0.982, 0.045, 
[420] Train acc: 0.9688
4, 252, 0.0540, 0.0003, 96.875, 100.000, 0.982, 0.043, 
[435] Train acc: 0.9688
4, 252, 0.0744, 0.0003, 96.875, 100.000, 0.984, 0.042, 
[450] Train acc: 1.0000
4, 252, 0.0152, 0.0003, 100.000, 100.000, 0.983, 0.044, 
[465] Train acc: 0.9844
4, 252, 0.0753, 0.0002, 98.438, 100.000, 0.985, 0.040, 
[480] Train acc: 0.9688
4, 252, 0.0678, 0.0002, 96.875, 100.000, 0.984, 0.043, 
[495] Train acc: 0.9844
4, 252, 0.0385, 0.0003, 98.438, 100.000, 0.985, 0.041, 
[510] Train acc: 0.9531
4, 252, 0.0576, 0.0003, 95.312, 100.000, 0.987, 0.044, 
[525] Train acc: 1.0000
4, 252, 0.0055, 0.0002, 100.000, 100.000, 0.985, 0.040, 
[540] Train acc: 1.0000
4, 252, 0.0088, 0.0003, 100.000, 100.000, 0.980, 0.039, 
[555] Train acc: 0.9844
4, 252, 0.0672, 0.0002, 98.438, 100.000, 0.984, 0.040, 
[570] Train acc: 1.0000
4, 252, 0.0215, 0.0003, 100.000, 100.000, 0.982, 0.043, 
[585] Train acc: 0.9531
4, 252, 0.1056, 0.0002, 95.312, 100.000, 0.986, 0.044, 
[600] Train acc: 1.0000
4, 252, 0.0105, 0.0002, 100.000, 100.000, 0.987, 0.045, 
[615] Train acc: 0.9844
4, 252, 0.0304, 0.0002, 98.438, 100.000, 0.986, 0.040, 
[630] Train acc: 0.9531
4, 252, 0.1299, 0.0002, 95.312, 100.000, 0.983, 0.042, 
[645] Train acc: 1.0000
4, 252, 0.0146, 0.0002, 100.000, 100.000, 0.985, 0.037, 
[660] Train acc: 1.0000
4, 252, 0.0169, 0.0002, 100.000, 100.000, 0.987, 0.043, 
[675] Train acc: 0.9688
4, 252, 0.0538, 0.0002, 96.875, 100.000, 0.986, 0.037, 
[690] Train acc: 0.9844
4, 252, 0.0774, 0.0002, 98.438, 100.000, 0.983, 0.043, 
[705] Train acc: 1.0000
4, 252, 0.0300, 0.0002, 100.000, 100.000, 0.986, 0.045, 
[720] Train acc: 0.9844
4, 252, 0.0937, 0.0002, 98.438, 100.000, 0.983, 0.040, 
[735] Train acc: 1.0000
4, 252, 0.0191, 0.0002, 100.000, 100.000, 0.980, 0.040, 
[750] Train acc: 1.0000
4, 252, 0.0044, 0.0002, 100.000, 100.000, 0.983, 0.042, 
[765] Train acc: 0.9531
4, 252, 0.0958, 0.0002, 95.312, 100.000, 0.985, 0.041, 
[780] Train acc: 0.9688
4, 252, 0.0661, 0.0002, 96.875, 100.000, 0.985, 0.043, 
[795] Train acc: 0.9531
4, 252, 0.1070, 0.0002, 95.312, 100.000, 0.983, 0.039, 
[810] Train acc: 1.0000
4, 252, 0.0131, 0.0002, 100.000, 100.000, 0.985, 0.043, 
[825] Train acc: 0.9688
4, 252, 0.0316, 0.0002, 96.875, 100.000, 0.985, 0.046, 
[840] Train acc: 1.0000
4, 252, 0.0235, 0.0002, 100.000, 100.000, 0.986, 0.041, 
[855] Train acc: 1.0000
4, 252, 0.0032, 0.0002, 100.000, 100.000, 0.986, 0.039, 
[870] Train acc: 0.9844
4, 252, 0.0457, 0.0003, 98.438, 100.000, 0.983, 0.047, 
[885] Train acc: 1.0000
4, 252, 0.0180, 0.0002, 100.000, 100.000, 0.983, 0.045, 
[900] Train acc: 0.9844
4, 252, 0.0469, 0.0003, 98.438, 100.000, 0.980, 0.044, 
[915] Train acc: 1.0000
4, 252, 0.0054, 0.0002, 100.000, 100.000, 0.987, 0.037, 
[930] Train acc: 0.9688
4, 252, 0.1351, 0.0002, 96.875, 100.000, 0.988, 0.041, 
[0] Train acc: 0.9531
5, 252, 0.1104, 0.0003, 95.312, 100.000, 0.982, 0.039, 
[15] Train acc: 0.9844
5, 252, 0.0755, 0.0002, 98.438, 100.000, 0.987, 0.049, 
[30] Train acc: 1.0000
5, 252, 0.0264, 0.0002, 100.000, 100.000, 0.988, 0.039, 
[45] Train acc: 0.9531
5, 252, 0.0984, 0.0002, 95.312, 100.000, 0.986, 0.043, 
[60] Train acc: 1.0000
5, 252, 0.0236, 0.0002, 100.000, 100.000, 0.983, 0.041, 
[75] Train acc: 0.9844
5, 252, 0.0256, 0.0002, 98.438, 100.000, 0.988, 0.045, 
[90] Train acc: 0.9531
5, 252, 0.1569, 0.0003, 95.312, 100.000, 0.984, 0.043, 
[105] Train acc: 0.9844
5, 252, 0.0473, 0.0002, 98.438, 100.000, 0.987, 0.039, 
[120] Train acc: 1.0000
5, 252, 0.0015, 0.0002, 100.000, 100.000, 0.986, 0.036, 
[135] Train acc: 0.9844
5, 252, 0.0393, 0.0002, 98.438, 100.000, 0.988, 0.043, 
[150] Train acc: 1.0000
5, 252, 0.0231, 0.0002, 100.000, 100.000, 0.988, 0.040, 
[165] Train acc: 0.9844
5, 252, 0.0324, 0.0002, 98.438, 100.000, 0.984, 0.042, 
[180] Train acc: 0.9844
5, 252, 0.0189, 0.0002, 98.438, 100.000, 0.985, 0.036, 
[195] Train acc: 1.0000
5, 252, 0.0243, 0.0002, 100.000, 100.000, 0.986, 0.039, 
[210] Train acc: 0.9688
5, 252, 0.2014, 0.0002, 96.875, 98.438, 0.986, 0.046, 
[225] Train acc: 0.9688
5, 252, 0.0636, 0.0002, 96.875, 100.000, 0.981, 0.045, 
[240] Train acc: 0.9844
5, 252, 0.0409, 0.0002, 98.438, 100.000, 0.988, 0.042, 
[255] Train acc: 0.9844
5, 252, 0.0414, 0.0002, 98.438, 100.000, 0.985, 0.047, 
[270] Train acc: 1.0000
5, 252, 0.0077, 0.0002, 100.000, 100.000, 0.984, 0.043, 
[285] Train acc: 0.9844
5, 252, 0.0314, 0.0002, 98.438, 100.000, 0.986, 0.038, 
[300] Train acc: 0.9688
5, 252, 0.0770, 0.0002, 96.875, 100.000, 0.987, 0.044, 
[315] Train acc: 0.9688
5, 252, 0.0528, 0.0002, 96.875, 100.000, 0.986, 0.042, 
[330] Train acc: 0.9844
5, 252, 0.0357, 0.0002, 98.438, 100.000, 0.986, 0.045, 
[345] Train acc: 1.0000
5, 252, 0.0078, 0.0002, 100.000, 100.000, 0.986, 0.044, 
[360] Train acc: 1.0000
5, 252, 0.0062, 0.0002, 100.000, 100.000, 0.988, 0.041, 
[375] Train acc: 1.0000
5, 252, 0.0182, 0.0002, 100.000, 100.000, 0.985, 0.042, 
[390] Train acc: 0.9844
5, 252, 0.0347, 0.0002, 98.438, 100.000, 0.986, 0.040, 
[405] Train acc: 0.9844
5, 252, 0.0357, 0.0002, 98.438, 100.000, 0.986, 0.038, 
[420] Train acc: 0.9844
5, 252, 0.0288, 0.0002, 98.438, 100.000, 0.987, 0.039, 
[435] Train acc: 1.0000
5, 252, 0.0384, 0.0002, 100.000, 100.000, 0.987, 0.038, 
[450] Train acc: 0.9688
5, 252, 0.0746, 0.0002, 96.875, 100.000, 0.986, 0.036, 
[465] Train acc: 0.9531
5, 252, 0.2299, 0.0003, 95.312, 100.000, 0.985, 0.042, 
[480] Train acc: 1.0000
5, 252, 0.0095, 0.0002, 100.000, 100.000, 0.985, 0.039, 
[495] Train acc: 0.9688
5, 252, 0.0636, 0.0002, 96.875, 100.000, 0.985, 0.042, 
[510] Train acc: 0.9531
5, 252, 0.0753, 0.0002, 95.312, 100.000, 0.987, 0.038, 
[525] Train acc: 0.9688
5, 252, 0.0763, 0.0002, 96.875, 100.000, 0.988, 0.037, 
[540] Train acc: 0.9688
5, 252, 0.1208, 0.0002, 96.875, 100.000, 0.988, 0.036, 
[555] Train acc: 0.9844
5, 252, 0.0301, 0.0002, 98.438, 100.000, 0.990, 0.038, 
[570] Train acc: 1.0000
5, 252, 0.0098, 0.0002, 100.000, 100.000, 0.986, 0.043, 
[585] Train acc: 1.0000
5, 252, 0.0090, 0.0002, 100.000, 100.000, 0.985, 0.041, 
[600] Train acc: 1.0000
5, 252, 0.0170, 0.0002, 100.000, 100.000, 0.985, 0.041, 
[615] Train acc: 0.9844
5, 252, 0.0246, 0.0002, 98.438, 100.000, 0.988, 0.049, 
[630] Train acc: 0.9219
5, 252, 0.1508, 0.0002, 92.188, 100.000, 0.987, 0.037, 
[645] Train acc: 1.0000
5, 252, 0.0039, 0.0002, 100.000, 100.000, 0.987, 0.040, 
[660] Train acc: 1.0000
5, 252, 0.0033, 0.0002, 100.000, 100.000, 0.987, 0.039, 
[675] Train acc: 1.0000
5, 252, 0.0219, 0.0002, 100.000, 100.000, 0.987, 0.041, 
[690] Train acc: 1.0000
5, 252, 0.0031, 0.0002, 100.000, 100.000, 0.986, 0.040, 
[705] Train acc: 1.0000
5, 252, 0.0078, 0.0002, 100.000, 100.000, 0.988, 0.035, 
[720] Train acc: 0.9844
5, 252, 0.0540, 0.0002, 98.438, 100.000, 0.986, 0.039, 
[735] Train acc: 0.9844
5, 252, 0.0684, 0.0002, 98.438, 100.000, 0.987, 0.034, 
[750] Train acc: 1.0000
5, 252, 0.0082, 0.0002, 100.000, 100.000, 0.986, 0.037, 
[765] Train acc: 1.0000
5, 252, 0.0112, 0.0002, 100.000, 100.000, 0.983, 0.046, 
[780] Train acc: 0.9531
5, 252, 0.2455, 0.0002, 95.312, 100.000, 0.988, 0.039, 
[795] Train acc: 0.9688
5, 252, 0.0589, 0.0002, 96.875, 100.000, 0.988, 0.041, 
[810] Train acc: 0.9844
5, 252, 0.0220, 0.0002, 98.438, 100.000, 0.986, 0.038, 
[825] Train acc: 1.0000
5, 252, 0.0090, 0.0002, 100.000, 100.000, 0.983, 0.039, 
[840] Train acc: 0.9844
5, 252, 0.0306, 0.0002, 98.438, 100.000, 0.987, 0.035, 
[855] Train acc: 1.0000
5, 252, 0.0127, 0.0002, 100.000, 100.000, 0.985, 0.044, 
[870] Train acc: 0.9688
5, 252, 0.1107, 0.0002, 96.875, 100.000, 0.980, 0.037, 
[885] Train acc: 1.0000
5, 252, 0.0024, 0.0002, 100.000, 100.000, 0.987, 0.037, 
[900] Train acc: 1.0000
5, 252, 0.0236, 0.0002, 100.000, 100.000, 0.987, 0.040, 
[915] Train acc: 0.9844
5, 252, 0.0203, 0.0002, 98.438, 100.000, 0.987, 0.043, 
[930] Train acc: 0.9844
5, 252, 0.0435, 0.0002, 98.438, 100.000, 0.986, 0.041, 
[0] Train acc: 1.0000
6, 252, 0.0085, 0.0002, 100.000, 100.000, 0.985, 0.040, 
[15] Train acc: 1.0000
6, 252, 0.0074, 0.0002, 100.000, 100.000, 0.990, 0.040, 
[30] Train acc: 0.9844
6, 252, 0.0378, 0.0002, 98.438, 100.000, 0.986, 0.040, 
[45] Train acc: 1.0000
6, 252, 0.0035, 0.0002, 100.000, 100.000, 0.989, 0.041, 
[60] Train acc: 1.0000
6, 252, 0.0291, 0.0002, 100.000, 100.000, 0.987, 0.041, 
[75] Train acc: 1.0000
6, 252, 0.0240, 0.0002, 100.000, 100.000, 0.986, 0.039, 
[90] Train acc: 1.0000
6, 252, 0.0225, 0.0002, 100.000, 100.000, 0.987, 0.041, 
[105] Train acc: 0.9688
6, 252, 0.0429, 0.0002, 96.875, 100.000, 0.987, 0.037, 
[120] Train acc: 0.9844
6, 252, 0.0526, 0.0002, 98.438, 100.000, 0.988, 0.039, 
[135] Train acc: 1.0000
6, 252, 0.0031, 0.0002, 100.000, 100.000, 0.988, 0.041, 
[150] Train acc: 1.0000
6, 252, 0.0227, 0.0002, 100.000, 100.000, 0.986, 0.034, 
[165] Train acc: 1.0000
6, 252, 0.0111, 0.0002, 100.000, 100.000, 0.986, 0.039, 
[180] Train acc: 1.0000
6, 252, 0.0106, 0.0002, 100.000, 100.000, 0.988, 0.037, 
[195] Train acc: 0.9688
6, 252, 0.0541, 0.0002, 96.875, 100.000, 0.988, 0.039, 
[210] Train acc: 0.9844
6, 252, 0.0496, 0.0002, 98.438, 100.000, 0.987, 0.040, 
[225] Train acc: 0.9688
6, 252, 0.0520, 0.0002, 96.875, 100.000, 0.989, 0.037, 
[240] Train acc: 1.0000
6, 252, 0.0066, 0.0002, 100.000, 100.000, 0.986, 0.046, 
[255] Train acc: 0.9844
6, 252, 0.0878, 0.0002, 98.438, 100.000, 0.987, 0.039, 
[270] Train acc: 1.0000
6, 252, 0.0132, 0.0002, 100.000, 100.000, 0.988, 0.045, 
[285] Train acc: 0.9688
6, 252, 0.0930, 0.0002, 96.875, 100.000, 0.988, 0.043, 
[300] Train acc: 0.9844
6, 252, 0.1033, 0.0002, 98.438, 100.000, 0.985, 0.046, 
[315] Train acc: 1.0000
6, 252, 0.0046, 0.0002, 100.000, 100.000, 0.988, 0.041, 
[330] Train acc: 0.9844
6, 252, 0.0216, 0.0002, 98.438, 100.000, 0.988, 0.039, 
[345] Train acc: 0.9688
6, 252, 0.1465, 0.0002, 96.875, 100.000, 0.989, 0.038, 
[360] Train acc: 0.9844
6, 252, 0.0298, 0.0002, 98.438, 100.000, 0.990, 0.041, 
[375] Train acc: 0.9844
6, 252, 0.0448, 0.0003, 98.438, 100.000, 0.984, 0.040, 
[390] Train acc: 0.9844
6, 252, 0.0541, 0.0002, 98.438, 100.000, 0.987, 0.043, 
[405] Train acc: 1.0000
6, 252, 0.0164, 0.0002, 100.000, 100.000, 0.984, 0.041, 
[420] Train acc: 1.0000
6, 252, 0.0045, 0.0002, 100.000, 100.000, 0.985, 0.040, 
[435] Train acc: 1.0000
6, 252, 0.0035, 0.0002, 100.000, 100.000, 0.988, 0.038, 
[450] Train acc: 1.0000
6, 252, 0.0090, 0.0002, 100.000, 100.000, 0.986, 0.038, 
[465] Train acc: 0.9844
6, 252, 0.0272, 0.0002, 98.438, 100.000, 0.989, 0.037, 
[480] Train acc: 1.0000
6, 252, 0.0067, 0.0002, 100.000, 100.000, 0.988, 0.045, 
[495] Train acc: 1.0000
6, 252, 0.0115, 0.0002, 100.000, 100.000, 0.987, 0.039, 
[510] Train acc: 0.9688
6, 252, 0.1064, 0.0002, 96.875, 100.000, 0.986, 0.041, 
[525] Train acc: 0.9688
6, 252, 0.0514, 0.0002, 96.875, 100.000, 0.991, 0.043, 
[540] Train acc: 0.9844
6, 252, 0.0582, 0.0002, 98.438, 100.000, 0.986, 0.040, 
[555] Train acc: 1.0000
6, 252, 0.0139, 0.0002, 100.000, 100.000, 0.989, 0.045, 
[570] Train acc: 0.9688
6, 252, 0.0436, 0.0002, 96.875, 100.000, 0.989, 0.038, 
[585] Train acc: 0.9844
6, 252, 0.0471, 0.0002, 98.438, 100.000, 0.988, 0.036, 
[600] Train acc: 1.0000
6, 252, 0.0010, 0.0002, 100.000, 100.000, 0.986, 0.036, 
[615] Train acc: 1.0000
6, 252, 0.0274, 0.0002, 100.000, 100.000, 0.989, 0.033, 
[630] Train acc: 0.9844
6, 252, 0.0533, 0.0002, 98.438, 100.000, 0.981, 0.036, 
[645] Train acc: 1.0000
6, 252, 0.0045, 0.0002, 100.000, 100.000, 0.989, 0.038, 
[660] Train acc: 1.0000
6, 252, 0.0103, 0.0002, 100.000, 100.000, 0.988, 0.038, 
[675] Train acc: 1.0000
6, 252, 0.0031, 0.0002, 100.000, 100.000, 0.990, 0.039, 
[690] Train acc: 1.0000
6, 252, 0.0067, 0.0002, 100.000, 100.000, 0.988, 0.034, 
[705] Train acc: 1.0000
6, 252, 0.0077, 0.0002, 100.000, 100.000, 0.986, 0.043, 
[720] Train acc: 0.9844
6, 252, 0.0290, 0.0002, 98.438, 100.000, 0.985, 0.040, 
[735] Train acc: 0.9844
6, 252, 0.0469, 0.0002, 98.438, 100.000, 0.988, 0.033, 
[750] Train acc: 0.9844
6, 252, 0.0277, 0.0002, 98.438, 100.000, 0.990, 0.035, 
[765] Train acc: 1.0000
6, 252, 0.0017, 0.0002, 100.000, 100.000, 0.989, 0.037, 
[780] Train acc: 1.0000
6, 252, 0.0126, 0.0002, 100.000, 100.000, 0.987, 0.040, 
[795] Train acc: 0.9844
6, 252, 0.0272, 0.0002, 98.438, 100.000, 0.988, 0.039, 
[810] Train acc: 1.0000
6, 252, 0.0162, 0.0002, 100.000, 100.000, 0.988, 0.036, 
[825] Train acc: 0.9688
6, 252, 0.0488, 0.0002, 96.875, 100.000, 0.988, 0.036, 
[840] Train acc: 0.9844
6, 252, 0.0506, 0.0002, 98.438, 100.000, 0.987, 0.034, 
[855] Train acc: 1.0000
6, 252, 0.0059, 0.0002, 100.000, 100.000, 0.987, 0.035, 
[870] Train acc: 1.0000
6, 252, 0.0069, 0.0002, 100.000, 100.000, 0.987, 0.038, 
[885] Train acc: 0.9688
6, 252, 0.0715, 0.0002, 96.875, 100.000, 0.987, 0.040, 
[900] Train acc: 1.0000
6, 252, 0.0087, 0.0002, 100.000, 100.000, 0.989, 0.042, 
[915] Train acc: 1.0000
6, 252, 0.0105, 0.0002, 100.000, 100.000, 0.988, 0.044, 
[930] Train acc: 1.0000
6, 252, 0.0081, 0.0002, 100.000, 100.000, 0.987, 0.035, 
[0] Train acc: 1.0000
7, 252, 0.0049, 0.0002, 100.000, 100.000, 0.989, 0.037, 
[15] Train acc: 1.0000
7, 251, 0.0065, 0.0002, 100.000, 100.000, 0.988, 0.032, 
[30] Train acc: 1.0000
7, 250, 0.0070, 0.0002, 100.000, 100.000, 0.987, 0.035, 
[45] Train acc: 0.9688
7, 249, 0.0439, 0.0002, 96.875, 100.000, 0.989, 0.037, 
[60] Train acc: 1.0000
7, 248, 0.0022, 0.0002, 100.000, 100.000, 0.988, 0.035, 
[75] Train acc: 0.9844
7, 247, 0.0456, 0.0002, 98.438, 100.000, 0.989, 0.036, 
[90] Train acc: 1.0000
7, 246, 0.0044, 0.0002, 100.000, 100.000, 0.989, 0.036, 
[105] Train acc: 1.0000
7, 245, 0.0069, 0.0002, 100.000, 100.000, 0.988, 0.038, 
[120] Train acc: 1.0000
7, 244, 0.0070, 0.0002, 100.000, 100.000, 0.988, 0.038, 
[135] Train acc: 1.0000
7, 243, 0.0013, 0.0002, 100.000, 100.000, 0.988, 0.031, 
[150] Train acc: 1.0000
7, 242, 0.0061, 0.0002, 100.000, 100.000, 0.988, 0.037, 
[165] Train acc: 1.0000
7, 241, 0.0014, 0.0002, 100.000, 100.000, 0.988, 0.035, 
[180] Train acc: 0.9844
7, 240, 0.0349, 0.0002, 98.438, 100.000, 0.987, 0.032, 
[195] Train acc: 0.9844
7, 239, 0.0333, 0.0002, 98.438, 100.000, 0.986, 0.034, 
[210] Train acc: 1.0000
7, 238, 0.0036, 0.0002, 100.000, 100.000, 0.989, 0.037, 
[225] Train acc: 1.0000
7, 237, 0.0090, 0.0002, 100.000, 100.000, 0.988, 0.034, 
[240] Train acc: 1.0000
7, 236, 0.0083, 0.0002, 100.000, 100.000, 0.987, 0.040, 
[255] Train acc: 1.0000
7, 235, 0.0036, 0.0002, 100.000, 100.000, 0.988, 0.038, 
[270] Train acc: 1.0000
7, 234, 0.0166, 0.0002, 100.000, 100.000, 0.986, 0.038, 
[285] Train acc: 1.0000
7, 233, 0.0160, 0.0002, 100.000, 100.000, 0.987, 0.037, 
[300] Train acc: 1.0000
7, 232, 0.0127, 0.0002, 100.000, 100.000, 0.990, 0.035, 
[315] Train acc: 1.0000
7, 231, 0.0139, 0.0002, 100.000, 100.000, 0.987, 0.039, 
[330] Train acc: 1.0000
7, 230, 0.0035, 0.0002, 100.000, 100.000, 0.989, 0.040, 
[345] Train acc: 0.9844
7, 229, 0.0525, 0.0002, 98.438, 100.000, 0.991, 0.037, 
[360] Train acc: 1.0000
7, 228, 0.0059, 0.0002, 100.000, 100.000, 0.989, 0.037, 
[375] Train acc: 0.9688
7, 227, 0.0779, 0.0002, 96.875, 100.000, 0.988, 0.036, 
[390] Train acc: 0.9844
7, 226, 0.0156, 0.0002, 98.438, 100.000, 0.988, 0.036, 
[405] Train acc: 0.9844
7, 225, 0.0723, 0.0002, 98.438, 100.000, 0.991, 0.037, 
[420] Train acc: 0.9688
7, 224, 0.0485, 0.0002, 96.875, 100.000, 0.985, 0.036, 
[435] Train acc: 0.9844
7, 223, 0.0348, 0.0002, 98.438, 100.000, 0.988, 0.037, 
[450] Train acc: 1.0000
7, 222, 0.0097, 0.0002, 100.000, 100.000, 0.990, 0.038, 
[465] Train acc: 1.0000
7, 221, 0.0072, 0.0002, 100.000, 100.000, 0.989, 0.036, 
[480] Train acc: 0.9844
7, 220, 0.0613, 0.0002, 98.438, 100.000, 0.989, 0.033, 
[495] Train acc: 1.0000
7, 219, 0.0026, 0.0002, 100.000, 100.000, 0.987, 0.037, 
[510] Train acc: 1.0000
7, 218, 0.0083, 0.0002, 100.000, 100.000, 0.990, 0.032, 
[525] Train acc: 0.9844
7, 217, 0.0285, 0.0002, 98.438, 100.000, 0.988, 0.038, 
[540] Train acc: 1.0000
7, 216, 0.0018, 0.0002, 100.000, 100.000, 0.989, 0.040, 
[555] Train acc: 0.9531
7, 215, 0.0742, 0.0002, 95.312, 100.000, 0.987, 0.038, 
[570] Train acc: 1.0000
7, 214, 0.0115, 0.0002, 100.000, 100.000, 0.989, 0.039, 
[585] Train acc: 0.9844
7, 213, 0.0583, 0.0002, 98.438, 100.000, 0.988, 0.037, 
[600] Train acc: 1.0000
7, 212, 0.0037, 0.0002, 100.000, 100.000, 0.986, 0.035, 
[615] Train acc: 1.0000
7, 211, 0.0058, 0.0002, 100.000, 100.000, 0.989, 0.035, 
[630] Train acc: 0.9844
7, 210, 0.0451, 0.0002, 98.438, 100.000, 0.989, 0.038, 
[645] Train acc: 0.9531
7, 209, 0.1002, 0.0002, 95.312, 100.000, 0.988, 0.034, 
[660] Train acc: 1.0000
7, 208, 0.0029, 0.0002, 100.000, 100.000, 0.987, 0.041, 
[675] Train acc: 1.0000
7, 207, 0.0150, 0.0002, 100.000, 100.000, 0.988, 0.043, 
[690] Train acc: 1.0000
7, 206, 0.0069, 0.0002, 100.000, 100.000, 0.989, 0.034, 
[705] Train acc: 1.0000
7, 205, 0.0055, 0.0002, 100.000, 100.000, 0.987, 0.036, 
[720] Train acc: 1.0000
7, 204, 0.0204, 0.0002, 100.000, 100.000, 0.986, 0.034, 
[735] Train acc: 0.9844
7, 203, 0.0531, 0.0002, 98.438, 100.000, 0.989, 0.041, 
[750] Train acc: 1.0000
7, 202, 0.0054, 0.0002, 100.000, 100.000, 0.988, 0.037, 
[765] Train acc: 0.9844
7, 201, 0.0241, 0.0002, 98.438, 100.000, 0.987, 0.038, 
[780] Train acc: 1.0000
7, 200, 0.0076, 0.0002, 100.000, 100.000, 0.989, 0.039, 
[795] Train acc: 1.0000
7, 199, 0.0073, 0.0002, 100.000, 100.000, 0.989, 0.034, 
[810] Train acc: 1.0000
7, 198, 0.0214, 0.0002, 100.000, 100.000, 0.987, 0.030, 
[825] Train acc: 0.9844
7, 197, 0.0338, 0.0002, 98.438, 100.000, 0.988, 0.036, 
[840] Train acc: 1.0000
7, 196, 0.0126, 0.0002, 100.000, 100.000, 0.989, 0.036, 
[855] Train acc: 1.0000
7, 195, 0.0053, 0.0002, 100.000, 100.000, 0.989, 0.038, 
[870] Train acc: 1.0000
7, 194, 0.0055, 0.0002, 100.000, 100.000, 0.987, 0.032, 
[885] Train acc: 0.9844
7, 193, 0.0329, 0.0002, 98.438, 100.000, 0.989, 0.042, 
[900] Train acc: 0.9844
7, 192, 0.0252, 0.0002, 98.438, 100.000, 0.988, 0.038, 
[915] Train acc: 0.9844
7, 191, 0.0583, 0.0002, 98.438, 100.000, 0.989, 0.038, 
[930] Train acc: 0.9844
7, 190, 0.0709, 0.0002, 98.438, 100.000, 0.988, 0.036, 
[0] Train acc: 1.0000
8, 190, 0.0050, 0.0002, 100.000, 100.000, 0.989, 0.041, 
[15] Train acc: 1.0000
8, 189, 0.0099, 0.0002, 100.000, 100.000, 0.989, 0.036, 
[30] Train acc: 1.0000
8, 188, 0.0155, 0.0002, 100.000, 100.000, 0.989, 0.040, 
[45] Train acc: 1.0000
8, 187, 0.0089, 0.0002, 100.000, 100.000, 0.991, 0.039, 
[60] Train acc: 0.9531
8, 186, 0.1309, 0.0002, 95.312, 100.000, 0.986, 0.045, 
[75] Train acc: 1.0000
8, 185, 0.0030, 0.0002, 100.000, 100.000, 0.986, 0.042, 
[90] Train acc: 1.0000
8, 184, 0.0215, 0.0002, 100.000, 100.000, 0.988, 0.037, 
[105] Train acc: 0.9844
8, 183, 0.0177, 0.0002, 98.438, 100.000, 0.988, 0.036, 
[120] Train acc: 0.9844
8, 182, 0.0383, 0.0002, 98.438, 100.000, 0.987, 0.034, 
[135] Train acc: 1.0000
8, 181, 0.0035, 0.0002, 100.000, 100.000, 0.984, 0.040, 
[150] Train acc: 0.9844
8, 180, 0.0442, 0.0002, 98.438, 100.000, 0.989, 0.041, 
[165] Train acc: 1.0000
8, 179, 0.0191, 0.0002, 100.000, 100.000, 0.986, 0.038, 
[180] Train acc: 1.0000
8, 178, 0.0041, 0.0002, 100.000, 100.000, 0.987, 0.036, 
[195] Train acc: 0.9844
8, 177, 0.0228, 0.0002, 98.438, 100.000, 0.988, 0.035, 
[210] Train acc: 1.0000
8, 176, 0.0102, 0.0002, 100.000, 100.000, 0.987, 0.038, 
[225] Train acc: 1.0000
8, 175, 0.0021, 0.0002, 100.000, 100.000, 0.986, 0.039, 
[240] Train acc: 0.9844
8, 174, 0.0395, 0.0002, 98.438, 100.000, 0.988, 0.036, 
[255] Train acc: 0.9688
8, 173, 0.0485, 0.0002, 96.875, 100.000, 0.988, 0.036, 
[270] Train acc: 0.9844
8, 172, 0.0466, 0.0002, 98.438, 100.000, 0.986, 0.042, 
[285] Train acc: 0.9844
8, 171, 0.0381, 0.0002, 98.438, 100.000, 0.988, 0.037, 
[300] Train acc: 1.0000
8, 170, 0.0218, 0.0002, 100.000, 100.000, 0.987, 0.038, 
[315] Train acc: 0.9844
8, 169, 0.0363, 0.0002, 98.438, 100.000, 0.989, 0.042, 
[330] Train acc: 1.0000
8, 168, 0.0044, 0.0002, 100.000, 100.000, 0.987, 0.041, 
[345] Train acc: 1.0000
8, 167, 0.0102, 0.0002, 100.000, 100.000, 0.989, 0.037, 
[360] Train acc: 0.9844
8, 166, 0.1519, 0.0002, 98.438, 100.000, 0.988, 0.036, 
[375] Train acc: 0.9844
8, 165, 0.0313, 0.0002, 98.438, 100.000, 0.989, 0.037, 
[390] Train acc: 1.0000
8, 164, 0.0023, 0.0002, 100.000, 100.000, 0.989, 0.037, 
[405] Train acc: 1.0000
8, 163, 0.0054, 0.0002, 100.000, 100.000, 0.989, 0.034, 
[420] Train acc: 1.0000
8, 162, 0.0074, 0.0002, 100.000, 100.000, 0.988, 0.036, 
[435] Train acc: 0.9688
8, 161, 0.1301, 0.0002, 96.875, 100.000, 0.987, 0.038, 
[450] Train acc: 0.9844
8, 160, 0.0219, 0.0002, 98.438, 100.000, 0.988, 0.045, 
[465] Train acc: 0.9531
8, 159, 0.1345, 0.0002, 95.312, 100.000, 0.986, 0.037, 
[480] Train acc: 1.0000
8, 158, 0.0046, 0.0002, 100.000, 100.000, 0.988, 0.041, 
[495] Train acc: 1.0000
8, 157, 0.0088, 0.0002, 100.000, 100.000, 0.987, 0.045, 
[510] Train acc: 1.0000
8, 156, 0.0019, 0.0002, 100.000, 100.000, 0.986, 0.041, 
[525] Train acc: 0.9844
8, 155, 0.0275, 0.0002, 98.438, 100.000, 0.989, 0.039, 
[540] Train acc: 0.9688
8, 154, 0.0702, 0.0002, 96.875, 100.000, 0.989, 0.043, 
[555] Train acc: 0.9688
8, 153, 0.0792, 0.0002, 96.875, 100.000, 0.988, 0.044, 
[570] Train acc: 1.0000
8, 152, 0.0059, 0.0002, 100.000, 100.000, 0.988, 0.047, 
[585] Train acc: 1.0000
8, 151, 0.0053, 0.0002, 100.000, 100.000, 0.989, 0.040, 
[600] Train acc: 0.9844
8, 150, 0.0625, 0.0002, 98.438, 100.000, 0.987, 0.038, 
[615] Train acc: 0.9844
8, 149, 0.0431, 0.0003, 98.438, 100.000, 0.983, 0.040, 
[630] Train acc: 0.9844
8, 148, 0.0439, 0.0003, 98.438, 100.000, 0.986, 0.039, 
[645] Train acc: 0.9844
8, 147, 0.0229, 0.0002, 98.438, 100.000, 0.988, 0.037, 
[660] Train acc: 0.9688
8, 146, 0.0868, 0.0003, 96.875, 100.000, 0.988, 0.040, 
[675] Train acc: 1.0000
8, 145, 0.0208, 0.0002, 100.000, 100.000, 0.988, 0.043, 
[690] Train acc: 1.0000
8, 144, 0.0178, 0.0002, 100.000, 100.000, 0.988, 0.040, 
[705] Train acc: 0.9688
8, 143, 0.1425, 0.0003, 96.875, 100.000, 0.990, 0.042, 
[720] Train acc: 0.9844
8, 142, 0.0210, 0.0003, 98.438, 100.000, 0.989, 0.045, 
[735] Train acc: 1.0000
8, 141, 0.0231, 0.0003, 100.000, 100.000, 0.988, 0.042, 
[750] Train acc: 0.9688
8, 140, 0.0759, 0.0003, 96.875, 100.000, 0.989, 0.044, 
[765] Train acc: 0.9844
8, 139, 0.0315, 0.0003, 98.438, 100.000, 0.989, 0.047, 
[780] Train acc: 0.9844
8, 138, 0.0382, 0.0003, 98.438, 100.000, 0.985, 0.046, 
[795] Train acc: 1.0000
8, 137, 0.0135, 0.0003, 100.000, 100.000, 0.987, 0.044, 
[810] Train acc: 0.9688
8, 136, 0.0817, 0.0003, 96.875, 100.000, 0.989, 0.045, 
[825] Train acc: 0.9844
8, 135, 0.0768, 0.0003, 98.438, 100.000, 0.989, 0.043, 
[840] Train acc: 1.0000
8, 134, 0.0189, 0.0003, 100.000, 100.000, 0.989, 0.046, 
[855] Train acc: 0.9844
8, 133, 0.0271, 0.0003, 98.438, 100.000, 0.989, 0.041, 
[870] Train acc: 1.0000
8, 132, 0.0280, 0.0003, 100.000, 100.000, 0.988, 0.044, 
[885] Train acc: 1.0000
8, 131, 0.0171, 0.0003, 100.000, 100.000, 0.986, 0.049, 
[900] Train acc: 0.9688
8, 130, 0.0942, 0.0003, 96.875, 98.438, 0.989, 0.044, 
[915] Train acc: 0.9844
8, 129, 0.0418, 0.0003, 98.438, 100.000, 0.987, 0.039, 
[930] Train acc: 1.0000
8, 128, 0.0102, 0.0003, 100.000, 100.000, 0.986, 0.046, 
[0] Train acc: 1.0000
9, 127, 0.0205, 0.0003, 100.000, 100.000, 0.988, 0.040, 
[15] Train acc: 0.9844
9, 126, 0.0288, 0.0003, 98.438, 100.000, 0.988, 0.047, 
[30] Train acc: 1.0000
9, 125, 0.0126, 0.0003, 100.000, 100.000, 0.988, 0.042, 
[45] Train acc: 0.9844
9, 124, 0.0424, 0.0003, 98.438, 100.000, 0.988, 0.040, 
[60] Train acc: 1.0000
9, 123, 0.0204, 0.0003, 100.000, 100.000, 0.984, 0.044, 
[75] Train acc: 1.0000
9, 122, 0.0160, 0.0003, 100.000, 100.000, 0.988, 0.045, 
[90] Train acc: 0.9844
9, 121, 0.0319, 0.0003, 98.438, 100.000, 0.986, 0.042, 
[105] Train acc: 1.0000
9, 120, 0.0215, 0.0003, 100.000, 100.000, 0.986, 0.045, 
[120] Train acc: 1.0000
9, 119, 0.0213, 0.0003, 100.000, 100.000, 0.985, 0.044, 
[135] Train acc: 0.9844
9, 118, 0.0424, 0.0003, 98.438, 100.000, 0.984, 0.046, 
[150] Train acc: 1.0000
9, 117, 0.0300, 0.0003, 100.000, 100.000, 0.986, 0.047, 
[165] Train acc: 1.0000
9, 116, 0.0179, 0.0003, 100.000, 100.000, 0.988, 0.040, 
[180] Train acc: 0.9844
9, 115, 0.0382, 0.0003, 98.438, 100.000, 0.984, 0.049, 
[195] Train acc: 0.9844
9, 114, 0.0380, 0.0003, 98.438, 100.000, 0.987, 0.039, 
[210] Train acc: 1.0000
9, 113, 0.0223, 0.0003, 100.000, 100.000, 0.985, 0.038, 
[225] Train acc: 0.9844
9, 112, 0.0434, 0.0003, 98.438, 100.000, 0.984, 0.044, 
[240] Train acc: 0.9844
9, 111, 0.0390, 0.0003, 98.438, 100.000, 0.986, 0.045, 
[255] Train acc: 1.0000
9, 110, 0.0223, 0.0003, 100.000, 100.000, 0.987, 0.050, 
[270] Train acc: 0.9844
9, 109, 0.1396, 0.0004, 98.438, 100.000, 0.981, 0.043, 
[285] Train acc: 0.9688
9, 108, 0.0638, 0.0004, 96.875, 100.000, 0.982, 0.044, 
[300] Train acc: 1.0000
9, 107, 0.0235, 0.0004, 100.000, 100.000, 0.980, 0.051, 
[315] Train acc: 0.9844
9, 106, 0.0545, 0.0003, 98.438, 100.000, 0.985, 0.049, 
[330] Train acc: 0.9844
9, 105, 0.0691, 0.0003, 98.438, 100.000, 0.986, 0.045, 
[345] Train acc: 1.0000
9, 104, 0.0187, 0.0003, 100.000, 100.000, 0.986, 0.043, 
[360] Train acc: 0.9844
9, 103, 0.0452, 0.0003, 98.438, 100.000, 0.983, 0.043, 
[375] Train acc: 1.0000
9, 102, 0.0158, 0.0003, 100.000, 100.000, 0.981, 0.048, 
[390] Train acc: 0.9844
9, 101, 0.0567, 0.0003, 98.438, 100.000, 0.984, 0.052, 
[405] Train acc: 1.0000
9, 100, 0.0206, 0.0003, 100.000, 100.000, 0.984, 0.050, 
[420] Train acc: 1.0000
9, 99, 0.0307, 0.0003, 100.000, 100.000, 0.984, 0.045, 
[435] Train acc: 0.9688
9, 98, 0.0651, 0.0004, 96.875, 100.000, 0.975, 0.043, 
[450] Train acc: 0.9688
9, 97, 0.0775, 0.0004, 96.875, 100.000, 0.979, 0.051, 
[465] Train acc: 0.9844
9, 96, 0.0533, 0.0004, 98.438, 100.000, 0.982, 0.050, 
[480] Train acc: 0.9688
9, 95, 0.0625, 0.0003, 96.875, 100.000, 0.985, 0.049, 
[495] Train acc: 1.0000
9, 94, 0.0225, 0.0003, 100.000, 100.000, 0.984, 0.046, 
[510] Train acc: 0.9844
9, 93, 0.0297, 0.0003, 98.438, 100.000, 0.987, 0.046, 
[525] Train acc: 0.9531
9, 92, 0.1110, 0.0004, 95.312, 100.000, 0.981, 0.047, 
[540] Train acc: 0.9688
9, 91, 0.0595, 0.0004, 96.875, 100.000, 0.979, 0.046, 
[555] Train acc: 0.9844
9, 90, 0.0516, 0.0004, 98.438, 100.000, 0.984, 0.050, 
[570] Train acc: 1.0000
9, 89, 0.0201, 0.0004, 100.000, 100.000, 0.983, 0.042, 
[585] Train acc: 1.0000
9, 88, 0.0138, 0.0004, 100.000, 100.000, 0.984, 0.052, 
[600] Train acc: 1.0000
9, 87, 0.0242, 0.0004, 100.000, 100.000, 0.985, 0.044, 
[615] Train acc: 1.0000
9, 86, 0.0334, 0.0004, 100.000, 100.000, 0.984, 0.051, 
[630] Train acc: 1.0000
9, 85, 0.0296, 0.0004, 100.000, 100.000, 0.980, 0.043, 
[645] Train acc: 0.9844
9, 84, 0.0430, 0.0004, 98.438, 100.000, 0.983, 0.047, 
[660] Train acc: 0.9688
9, 83, 0.0997, 0.0004, 96.875, 98.438, 0.984, 0.045, 
[675] Train acc: 0.9219
9, 82, 0.2381, 0.0004, 92.188, 98.438, 0.978, 0.051, 
[690] Train acc: 1.0000
9, 81, 0.0161, 0.0004, 100.000, 100.000, 0.983, 0.047, 
[705] Train acc: 1.0000
9, 80, 0.0284, 0.0004, 100.000, 100.000, 0.984, 0.050, 
[720] Train acc: 0.9531
9, 79, 0.1065, 0.0004, 95.312, 100.000, 0.982, 0.049, 
[735] Train acc: 0.9531
9, 78, 0.1833, 0.0004, 95.312, 100.000, 0.976, 0.044, 
[750] Train acc: 1.0000
9, 77, 0.0357, 0.0004, 100.000, 100.000, 0.979, 0.050, 
[765] Train acc: 1.0000
9, 76, 0.0406, 0.0004, 100.000, 100.000, 0.984, 0.052, 
[780] Train acc: 0.9688
9, 75, 0.0545, 0.0004, 96.875, 100.000, 0.980, 0.047, 
[795] Train acc: 0.9844
9, 74, 0.0417, 0.0004, 98.438, 100.000, 0.980, 0.048, 
[810] Train acc: 0.9844
9, 73, 0.0565, 0.0004, 98.438, 100.000, 0.981, 0.047, 
[825] Train acc: 0.9688
9, 72, 0.1324, 0.0004, 96.875, 100.000, 0.982, 0.052, 
[840] Train acc: 0.9531
9, 71, 0.0946, 0.0004, 95.312, 100.000, 0.981, 0.050, 
[855] Train acc: 0.9375
9, 70, 0.2582, 0.0004, 93.750, 100.000, 0.976, 0.048, 
[870] Train acc: 0.9531
9, 69, 0.1698, 0.0004, 95.312, 100.000, 0.980, 0.052, 
[885] Train acc: 1.0000
9, 68, 0.0546, 0.0005, 100.000, 100.000, 0.969, 0.051, 
[900] Train acc: 0.9844
9, 67, 0.0487, 0.0004, 98.438, 100.000, 0.979, 0.050, 
[915] Train acc: 0.9844
9, 66, 0.0406, 0.0004, 98.438, 100.000, 0.978, 0.046, 
[930] Train acc: 0.9688
9, 65, 0.0535, 0.0004, 96.875, 100.000, 0.971, 0.053, 
[0] Train acc: 0.9844
10, 65, 0.0582, 0.0005, 98.438, 100.000, 0.976, 0.050, 
[15] Train acc: 0.9062
10, 64, 0.2162, 0.0004, 90.625, 100.000, 0.980, 0.053, 
[30] Train acc: 1.0000
10, 63, 0.0266, 0.0005, 100.000, 100.000, 0.975, 0.050, 
[45] Train acc: 0.9688
10, 62, 0.0682, 0.0004, 96.875, 100.000, 0.978, 0.051, 
[60] Train acc: 0.9844
10, 61, 0.0555, 0.0005, 98.438, 100.000, 0.977, 0.051, 
[75] Train acc: 0.9688
10, 60, 0.0815, 0.0005, 96.875, 100.000, 0.975, 0.046, 
[90] Train acc: 0.9844
10, 59, 0.0666, 0.0005, 98.438, 100.000, 0.972, 0.046, 
[105] Train acc: 0.9844
10, 58, 0.0503, 0.0004, 98.438, 100.000, 0.979, 0.047, 
[120] Train acc: 1.0000
10, 57, 0.0370, 0.0005, 100.000, 100.000, 0.974, 0.049, 
[135] Train acc: 0.9531
10, 56, 0.0978, 0.0005, 95.312, 100.000, 0.966, 0.045, 
[150] Train acc: 0.9688
10, 55, 0.0973, 0.0005, 96.875, 100.000, 0.974, 0.052, 
[165] Train acc: 0.9844
10, 54, 0.0642, 0.0005, 98.438, 100.000, 0.976, 0.051, 
[180] Train acc: 0.9688
10, 53, 0.0601, 0.0005, 96.875, 100.000, 0.974, 0.050, 
[195] Train acc: 0.9688
10, 52, 0.0716, 0.0005, 96.875, 100.000, 0.966, 0.054, 
[210] Train acc: 0.9844
10, 51, 0.0481, 0.0005, 98.438, 100.000, 0.975, 0.050, 
[225] Train acc: 1.0000
10, 50, 0.0390, 0.0005, 100.000, 100.000, 0.969, 0.055, 
[240] Train acc: 0.9531
10, 49, 0.1553, 0.0005, 95.312, 100.000, 0.964, 0.049, 
[255] Train acc: 0.9531
10, 48, 0.0990, 0.0005, 95.312, 100.000, 0.967, 0.055, 
[270] Train acc: 0.9531
10, 47, 0.1141, 0.0005, 95.312, 100.000, 0.962, 0.054, 
[285] Train acc: 0.9688
10, 46, 0.1369, 0.0005, 96.875, 100.000, 0.975, 0.052, 
[300] Train acc: 0.9531
10, 45, 0.1282, 0.0005, 95.312, 100.000, 0.967, 0.050, 
[315] Train acc: 0.9688
10, 44, 0.0735, 0.0005, 96.875, 100.000, 0.977, 0.046, 
[330] Train acc: 0.9531
10, 43, 0.2853, 0.0006, 95.312, 98.438, 0.951, 0.050, 
[345] Train acc: 0.9688
10, 42, 0.0965, 0.0006, 96.875, 100.000, 0.951, 0.045, 
[360] Train acc: 0.9688
10, 41, 0.0920, 0.0006, 96.875, 100.000, 0.946, 0.054, 
[375] Train acc: 0.9688
10, 40, 0.0755, 0.0006, 96.875, 100.000, 0.966, 0.051, 
[390] Train acc: 1.0000
10, 39, 0.0301, 0.0006, 100.000, 100.000, 0.961, 0.050, 
[405] Train acc: 1.0000
10, 38, 0.0380, 0.0006, 100.000, 100.000, 0.961, 0.049, 
[420] Train acc: 0.9688
10, 37, 0.1423, 0.0006, 96.875, 100.000, 0.959, 0.053, 
[435] Train acc: 0.9531
10, 36, 0.1935, 0.0006, 95.312, 100.000, 0.964, 0.050, 
[450] Train acc: 0.9219
10, 35, 0.1923, 0.0006, 92.188, 100.000, 0.960, 0.051, 
[465] Train acc: 0.9531
10, 34, 0.1568, 0.0006, 95.312, 100.000, 0.953, 0.046, 
[480] Train acc: 0.9531
10, 33, 0.1209, 0.0007, 95.312, 100.000, 0.927, 0.052, 
[495] Train acc: 0.9844
10, 32, 0.1106, 0.0006, 98.438, 100.000, 0.963, 0.057, 
[510] Train acc: 1.0000
10, 31, 0.1118, 0.0006, 100.000, 100.000, 0.965, 0.047, 
[525] Train acc: 0.9531
10, 30, 0.1725, 0.0007, 95.312, 100.000, 0.962, 0.047, 
[540] Train acc: 0.9688
10, 29, 0.2530, 0.0007, 96.875, 100.000, 0.950, 0.054, 
[555] Train acc: 0.9062
10, 28, 0.2466, 0.0007, 90.625, 100.000, 0.942, 0.049, 
[570] Train acc: 0.8906
10, 27, 0.3147, 0.0007, 89.062, 100.000, 0.936, 0.048, 
[585] Train acc: 0.9062
10, 26, 0.2672, 0.0007, 90.625, 100.000, 0.953, 0.048, 
[600] Train acc: 0.9688
10, 25, 0.1490, 0.0007, 96.875, 100.000, 0.943, 0.046, 
[615] Train acc: 0.8906
10, 24, 0.3161, 0.0007, 89.062, 98.438, 0.941, 0.051, 
[630] Train acc: 0.9375
10, 23, 0.2779, 0.0007, 93.750, 100.000, 0.927, 0.055, 
[645] Train acc: 0.8906
10, 22, 0.2931, 0.0008, 89.062, 100.000, 0.911, 0.051, 
[660] Train acc: 0.9062
10, 21, 0.4274, 0.0008, 90.625, 98.438, 0.901, 0.051, 
[675] Train acc: 0.9062
10, 20, 0.4889, 0.0009, 90.625, 96.875, 0.902, 0.049, 
[690] Train acc: 0.8438
10, 19, 0.4826, 0.0010, 84.375, 100.000, 0.867, 0.053, 
[705] Train acc: 0.8594
10, 18, 0.5026, 0.0010, 85.938, 98.438, 0.827, 0.053, 
[720] Train acc: 0.8438
10, 17, 0.5983, 0.0011, 84.375, 96.875, 0.865, 0.049, 
[735] Train acc: 0.8594
10, 16, 0.4965, 0.0012, 85.938, 100.000, 0.768, 0.054, 
[750] Train acc: 0.7812
10, 15, 0.7038, 0.0013, 78.125, 96.875, 0.724, 0.050, 
[765] Train acc: 0.6094
10, 14, 1.1883, 0.0016, 60.938, 89.062, 0.614, 0.052, 
[780] Train acc: 0.5781
10, 13, 1.4453, 0.0018, 57.812, 85.938, 0.534, 0.050, 
[795] Train acc: 0.3750
10, 12, 1.9334, 0.0021, 37.500, 82.812, 0.344, 0.046, 
[810] Train acc: 0.2969
10, 11, 1.8543, 0.0020, 29.688, 85.938, 0.314, 0.052, 
[825] Train acc: 0.2656
10, 10, 1.9013, 0.0020, 26.562, 67.188, 0.304, 0.051, 
[840] Train acc: 0.3125
10, 9, 1.7892, 0.0020, 31.250, 82.812, 0.319, 0.049, 
[855] Train acc: 0.1719
10, 8, 2.0111, 0.0021, 17.188, 87.500, 0.212, 0.048, 
[870] Train acc: 0.1406
10, 7, 2.0657, 0.0022, 14.062, 68.750, 0.217, 0.055, 
[885] Train acc: 0.1875
10, 6, 2.1433, 0.0022, 18.750, 70.312, 0.224, 0.054, 
[900] Train acc: 0.0938
10, 5, 2.3115, 0.0023, 9.375, 50.000, 0.114, 0.057, 
[915] Train acc: 0.1250
10, 4, 2.3186, 0.0023, 12.500, 45.312, 0.114, 0.049, 
[930] Train acc: 0.1250
10, 3, 2.3045, 0.0023, 12.500, 54.688, 0.114, 0.046, 
