main_allinputs_dl2.py --pruning=True --tensorboard=True --log-interval=15 --pruning_config=./configs/mnist_22_15.json --constraint RobustnessDandR(eps1=15, eps2=2) --print-after-epoch=0 --dl2-weight=0.2 --delay=6
pruning_engine.load_mask(): did not find mask file, will load nothing
epoch, neuron_units, loss, dl2_loss, top1, top5, dl2_p_acc, dl2_constraint_acc
[0] Train acc: 0.1406
1, 252, 2.2927, 0.0023, 14.062, 59.375, 0.103, 1.000, 
[15] Train acc: 0.1875
1, 252, 2.2763, 0.0023, 18.750, 68.750, 0.103, 1.000, 
[30] Train acc: 0.3125
1, 252, 2.2343, 0.0023, 31.250, 75.000, 0.205, 1.000, 
[45] Train acc: 0.3594
1, 252, 2.1083, 0.0022, 35.938, 89.062, 0.408, 1.000, 
[60] Train acc: 0.5625
1, 252, 1.8079, 0.0021, 56.250, 90.625, 0.576, 1.000, 
[75] Train acc: 0.6719
1, 252, 1.1560, 0.0017, 67.188, 95.312, 0.646, 1.000, 
[90] Train acc: 0.6250
1, 252, 1.0569, 0.0015, 62.500, 98.438, 0.674, 0.999, 
[105] Train acc: 0.7031
1, 252, 0.8945, 0.0013, 70.312, 95.312, 0.730, 0.989, 
[120] Train acc: 0.8125
1, 252, 0.5999, 0.0011, 81.250, 98.438, 0.806, 0.930, 
[135] Train acc: 0.8594
1, 252, 0.3908, 0.0010, 85.938, 100.000, 0.854, 0.862, 
[150] Train acc: 0.8594
1, 252, 0.5338, 0.0010, 85.938, 100.000, 0.820, 0.870, 
[165] Train acc: 0.8281
1, 252, 0.5438, 0.0010, 82.812, 98.438, 0.764, 0.804, 
[180] Train acc: 0.9062
1, 252, 0.4400, 0.0009, 90.625, 98.438, 0.846, 0.777, 
[195] Train acc: 0.9062
1, 252, 0.2807, 0.0009, 90.625, 100.000, 0.848, 0.737, 
[210] Train acc: 0.9219
1, 252, 0.3620, 0.0009, 92.188, 98.438, 0.857, 0.755, 
[225] Train acc: 0.8906
1, 252, 0.3961, 0.0008, 89.062, 100.000, 0.886, 0.729, 
[240] Train acc: 0.8750
1, 252, 0.4191, 0.0008, 87.500, 98.438, 0.877, 0.663, 
[255] Train acc: 0.8281
1, 252, 0.4304, 0.0008, 82.812, 100.000, 0.853, 0.655, 
[270] Train acc: 0.9219
1, 252, 0.2301, 0.0008, 92.188, 100.000, 0.844, 0.663, 
[285] Train acc: 0.9375
1, 252, 0.2475, 0.0007, 93.750, 100.000, 0.920, 0.593, 
[300] Train acc: 0.9062
1, 252, 0.2684, 0.0007, 90.625, 100.000, 0.911, 0.583, 
[315] Train acc: 0.9375
1, 252, 0.2690, 0.0007, 93.750, 98.438, 0.921, 0.586, 
[330] Train acc: 0.9062
1, 252, 0.3765, 0.0007, 90.625, 98.438, 0.864, 0.596, 
[345] Train acc: 0.8594
1, 252, 0.4717, 0.0007, 85.938, 98.438, 0.908, 0.555, 
[360] Train acc: 0.8750
1, 252, 0.2840, 0.0007, 87.500, 100.000, 0.908, 0.565, 
[375] Train acc: 0.9375
1, 252, 0.1569, 0.0007, 93.750, 100.000, 0.922, 0.548, 
[390] Train acc: 0.9219
1, 252, 0.2107, 0.0006, 92.188, 100.000, 0.915, 0.535, 
[405] Train acc: 0.9375
1, 252, 0.1972, 0.0006, 93.750, 100.000, 0.917, 0.563, 
[420] Train acc: 0.9375
1, 252, 0.2407, 0.0006, 93.750, 100.000, 0.935, 0.511, 
[435] Train acc: 0.9219
1, 252, 0.2249, 0.0006, 92.188, 100.000, 0.934, 0.521, 
[450] Train acc: 0.9219
1, 252, 0.1830, 0.0006, 92.188, 100.000, 0.942, 0.476, 
[465] Train acc: 0.8906
1, 252, 0.3452, 0.0006, 89.062, 100.000, 0.912, 0.468, 
[480] Train acc: 1.0000
1, 252, 0.0759, 0.0006, 100.000, 100.000, 0.935, 0.440, 
[495] Train acc: 0.9531
1, 252, 0.1630, 0.0006, 95.312, 100.000, 0.947, 0.481, 
[510] Train acc: 0.9219
1, 252, 0.1678, 0.0005, 92.188, 100.000, 0.948, 0.452, 
[525] Train acc: 0.9531
1, 252, 0.1374, 0.0006, 95.312, 100.000, 0.945, 0.470, 
[540] Train acc: 0.9531
1, 252, 0.2549, 0.0006, 95.312, 98.438, 0.932, 0.457, 
[555] Train acc: 0.9688
1, 252, 0.1706, 0.0005, 96.875, 98.438, 0.953, 0.413, 
[570] Train acc: 0.9531
1, 252, 0.1493, 0.0005, 95.312, 100.000, 0.924, 0.386, 
[585] Train acc: 0.9844
1, 252, 0.0839, 0.0005, 98.438, 100.000, 0.950, 0.418, 
[600] Train acc: 0.9531
1, 252, 0.1911, 0.0005, 95.312, 100.000, 0.951, 0.410, 
[615] Train acc: 0.9531
1, 252, 0.1562, 0.0005, 95.312, 100.000, 0.951, 0.401, 
[630] Train acc: 0.9375
1, 252, 0.3316, 0.0005, 93.750, 100.000, 0.956, 0.400, 
[645] Train acc: 0.9688
1, 252, 0.1515, 0.0005, 96.875, 100.000, 0.956, 0.407, 
[660] Train acc: 0.9688
1, 252, 0.1340, 0.0005, 96.875, 100.000, 0.956, 0.359, 
[675] Train acc: 0.9219
1, 252, 0.1611, 0.0005, 92.188, 100.000, 0.956, 0.370, 
[690] Train acc: 0.9688
1, 252, 0.1636, 0.0005, 96.875, 98.438, 0.957, 0.399, 
[705] Train acc: 0.8906
1, 252, 0.3456, 0.0005, 89.062, 100.000, 0.951, 0.388, 
[720] Train acc: 1.0000
1, 252, 0.0531, 0.0005, 100.000, 100.000, 0.958, 0.347, 
[735] Train acc: 0.9375
1, 252, 0.1569, 0.0005, 93.750, 100.000, 0.957, 0.391, 
[750] Train acc: 0.9688
1, 252, 0.0697, 0.0005, 96.875, 100.000, 0.950, 0.345, 
[765] Train acc: 0.9062
1, 252, 0.2833, 0.0005, 90.625, 100.000, 0.946, 0.407, 
[780] Train acc: 0.9219
1, 252, 0.1946, 0.0005, 92.188, 100.000, 0.964, 0.422, 
[795] Train acc: 0.9375
1, 252, 0.1266, 0.0005, 93.750, 100.000, 0.960, 0.475, 
[810] Train acc: 1.0000
1, 252, 0.0542, 0.0005, 100.000, 100.000, 0.964, 0.420, 
[825] Train acc: 0.9531
1, 252, 0.1051, 0.0005, 95.312, 100.000, 0.960, 0.409, 
[840] Train acc: 0.9531
1, 252, 0.1322, 0.0005, 95.312, 100.000, 0.968, 0.379, 
[855] Train acc: 0.9375
1, 252, 0.1512, 0.0005, 93.750, 100.000, 0.942, 0.401, 
[870] Train acc: 0.9531
1, 252, 0.1509, 0.0004, 95.312, 100.000, 0.964, 0.350, 
[885] Train acc: 0.9375
1, 252, 0.1358, 0.0005, 93.750, 100.000, 0.959, 0.401, 
[900] Train acc: 0.9531
1, 252, 0.1066, 0.0004, 95.312, 100.000, 0.962, 0.335, 
[915] Train acc: 0.9375
1, 252, 0.1932, 0.0004, 93.750, 100.000, 0.960, 0.333, 
[930] Train acc: 0.9375
1, 252, 0.1555, 0.0004, 93.750, 100.000, 0.964, 0.326, 
[0] Train acc: 0.9531
2, 252, 0.1419, 0.0004, 95.312, 100.000, 0.963, 0.310, 
[15] Train acc: 0.9844
2, 252, 0.0728, 0.0004, 98.438, 100.000, 0.968, 0.301, 
[30] Train acc: 0.9688
2, 252, 0.0831, 0.0004, 96.875, 100.000, 0.955, 0.303, 
[45] Train acc: 0.9688
2, 252, 0.0926, 0.0004, 96.875, 100.000, 0.965, 0.289, 
[60] Train acc: 0.9844
2, 252, 0.0453, 0.0004, 98.438, 100.000, 0.963, 0.313, 
[75] Train acc: 0.9688
2, 252, 0.1387, 0.0004, 96.875, 100.000, 0.966, 0.311, 
[90] Train acc: 0.9375
2, 252, 0.3302, 0.0004, 93.750, 100.000, 0.967, 0.322, 
[105] Train acc: 0.9844
2, 252, 0.0469, 0.0004, 98.438, 100.000, 0.969, 0.343, 
[120] Train acc: 0.9844
2, 252, 0.0899, 0.0004, 98.438, 100.000, 0.970, 0.316, 
[135] Train acc: 0.9688
2, 252, 0.1524, 0.0004, 96.875, 100.000, 0.963, 0.327, 
[150] Train acc: 0.9531
2, 252, 0.0857, 0.0004, 95.312, 100.000, 0.967, 0.284, 
[165] Train acc: 0.9844
2, 252, 0.0723, 0.0004, 98.438, 100.000, 0.968, 0.281, 
[180] Train acc: 0.9531
2, 252, 0.0809, 0.0004, 95.312, 100.000, 0.967, 0.273, 
[195] Train acc: 0.9844
2, 252, 0.0929, 0.0004, 98.438, 100.000, 0.960, 0.309, 
[210] Train acc: 0.9688
2, 252, 0.0649, 0.0004, 96.875, 100.000, 0.973, 0.240, 
[225] Train acc: 0.9531
2, 252, 0.1443, 0.0004, 95.312, 100.000, 0.966, 0.264, 
[240] Train acc: 0.9531
2, 252, 0.1491, 0.0004, 95.312, 100.000, 0.966, 0.309, 
[255] Train acc: 1.0000
2, 252, 0.0272, 0.0004, 100.000, 100.000, 0.968, 0.291, 
[270] Train acc: 0.9844
2, 252, 0.0611, 0.0003, 98.438, 100.000, 0.973, 0.247, 
[285] Train acc: 0.9844
2, 252, 0.0364, 0.0003, 98.438, 100.000, 0.975, 0.233, 
[300] Train acc: 0.9688
2, 252, 0.0821, 0.0004, 96.875, 100.000, 0.969, 0.256, 
[315] Train acc: 0.9375
2, 252, 0.1149, 0.0004, 93.750, 100.000, 0.975, 0.258, 
[330] Train acc: 0.9688
2, 252, 0.0534, 0.0004, 96.875, 100.000, 0.968, 0.280, 
[345] Train acc: 0.9531
2, 252, 0.2329, 0.0004, 95.312, 100.000, 0.976, 0.276, 
[360] Train acc: 0.9688
2, 252, 0.0643, 0.0004, 96.875, 100.000, 0.962, 0.347, 
[375] Train acc: 0.9688
2, 252, 0.1032, 0.0004, 96.875, 100.000, 0.976, 0.295, 
[390] Train acc: 0.9844
2, 252, 0.0273, 0.0004, 98.438, 100.000, 0.975, 0.276, 
[405] Train acc: 0.9844
2, 252, 0.0432, 0.0004, 98.438, 100.000, 0.968, 0.286, 
[420] Train acc: 0.9844
2, 252, 0.0258, 0.0003, 98.438, 100.000, 0.976, 0.257, 
[435] Train acc: 0.9844
2, 252, 0.0375, 0.0004, 98.438, 100.000, 0.977, 0.269, 
[450] Train acc: 0.9844
2, 252, 0.0817, 0.0003, 98.438, 100.000, 0.974, 0.241, 
[465] Train acc: 0.9688
2, 252, 0.0876, 0.0004, 96.875, 100.000, 0.972, 0.270, 
[480] Train acc: 0.9688
2, 252, 0.0873, 0.0004, 96.875, 100.000, 0.969, 0.268, 
[495] Train acc: 0.9531
2, 252, 0.1178, 0.0004, 95.312, 100.000, 0.972, 0.258, 
[510] Train acc: 1.0000
2, 252, 0.0177, 0.0004, 100.000, 100.000, 0.974, 0.297, 
[525] Train acc: 0.9688
2, 252, 0.1225, 0.0004, 96.875, 100.000, 0.978, 0.267, 
[540] Train acc: 0.9688
2, 252, 0.0677, 0.0004, 96.875, 100.000, 0.977, 0.310, 
[555] Train acc: 1.0000
2, 252, 0.0318, 0.0004, 100.000, 100.000, 0.977, 0.289, 
[570] Train acc: 0.9531
2, 252, 0.1975, 0.0004, 95.312, 100.000, 0.971, 0.286, 
[585] Train acc: 1.0000
2, 252, 0.0184, 0.0004, 100.000, 100.000, 0.964, 0.312, 
[600] Train acc: 0.9531
2, 252, 0.1874, 0.0004, 95.312, 100.000, 0.964, 0.287, 
[615] Train acc: 0.9531
2, 252, 0.1911, 0.0004, 95.312, 100.000, 0.974, 0.273, 
[630] Train acc: 0.9844
2, 252, 0.0757, 0.0004, 98.438, 100.000, 0.970, 0.272, 
[645] Train acc: 0.9062
2, 252, 0.2339, 0.0003, 90.625, 100.000, 0.980, 0.251, 
[660] Train acc: 0.9844
2, 252, 0.0507, 0.0003, 98.438, 100.000, 0.977, 0.248, 
[675] Train acc: 0.9844
2, 252, 0.0637, 0.0003, 98.438, 100.000, 0.978, 0.219, 
[690] Train acc: 0.9688
2, 252, 0.0459, 0.0003, 96.875, 100.000, 0.975, 0.214, 
[705] Train acc: 0.9844
2, 252, 0.0947, 0.0003, 98.438, 100.000, 0.970, 0.222, 
[720] Train acc: 0.9688
2, 252, 0.0641, 0.0003, 96.875, 100.000, 0.977, 0.219, 
[735] Train acc: 0.9844
2, 252, 0.1057, 0.0003, 98.438, 100.000, 0.959, 0.232, 
[750] Train acc: 1.0000
2, 252, 0.0183, 0.0003, 100.000, 100.000, 0.978, 0.210, 
[765] Train acc: 1.0000
2, 252, 0.0371, 0.0003, 100.000, 100.000, 0.978, 0.208, 
[780] Train acc: 0.9844
2, 252, 0.0421, 0.0003, 98.438, 100.000, 0.974, 0.206, 
[795] Train acc: 0.9688
2, 252, 0.0918, 0.0003, 96.875, 100.000, 0.976, 0.230, 
[810] Train acc: 0.9688
2, 252, 0.0796, 0.0003, 96.875, 100.000, 0.976, 0.216, 
[825] Train acc: 0.9375
2, 252, 0.2884, 0.0003, 93.750, 100.000, 0.979, 0.212, 
[840] Train acc: 1.0000
2, 252, 0.0218, 0.0003, 100.000, 100.000, 0.975, 0.229, 
[855] Train acc: 1.0000
2, 252, 0.0167, 0.0003, 100.000, 100.000, 0.980, 0.211, 
[870] Train acc: 0.9844
2, 252, 0.0273, 0.0003, 98.438, 100.000, 0.978, 0.210, 
[885] Train acc: 0.9688
2, 252, 0.0610, 0.0003, 96.875, 100.000, 0.977, 0.229, 
[900] Train acc: 0.9375
2, 252, 0.1101, 0.0003, 93.750, 100.000, 0.978, 0.240, 
[915] Train acc: 0.9844
2, 252, 0.0516, 0.0003, 98.438, 100.000, 0.981, 0.190, 
[930] Train acc: 0.9688
2, 252, 0.1069, 0.0003, 96.875, 100.000, 0.971, 0.231, 
[0] Train acc: 0.9688
3, 252, 0.1489, 0.0003, 96.875, 100.000, 0.969, 0.234, 
[15] Train acc: 1.0000
3, 252, 0.0289, 0.0003, 100.000, 100.000, 0.981, 0.222, 
[30] Train acc: 0.9844
3, 252, 0.0524, 0.0003, 98.438, 100.000, 0.977, 0.208, 
[45] Train acc: 0.9688
3, 252, 0.0788, 0.0004, 96.875, 100.000, 0.970, 0.243, 
[60] Train acc: 1.0000
3, 252, 0.0204, 0.0003, 100.000, 100.000, 0.981, 0.201, 
[75] Train acc: 0.9531
3, 252, 0.1291, 0.0003, 95.312, 100.000, 0.969, 0.233, 
[90] Train acc: 0.9688
3, 252, 0.0700, 0.0003, 96.875, 100.000, 0.975, 0.205, 
[105] Train acc: 1.0000
3, 252, 0.0225, 0.0003, 100.000, 100.000, 0.981, 0.206, 
[120] Train acc: 1.0000
3, 252, 0.0228, 0.0003, 100.000, 100.000, 0.979, 0.206, 
[135] Train acc: 0.9531
3, 252, 0.0802, 0.0003, 95.312, 100.000, 0.981, 0.230, 
[150] Train acc: 1.0000
3, 252, 0.0099, 0.0003, 100.000, 100.000, 0.974, 0.251, 
[165] Train acc: 0.9688
3, 252, 0.1813, 0.0003, 96.875, 100.000, 0.982, 0.216, 
[180] Train acc: 0.9531
3, 252, 0.1139, 0.0003, 95.312, 100.000, 0.980, 0.199, 
[195] Train acc: 0.9844
3, 252, 0.0672, 0.0003, 98.438, 100.000, 0.977, 0.207, 
[210] Train acc: 0.9688
3, 252, 0.0690, 0.0003, 96.875, 100.000, 0.971, 0.204, 
[225] Train acc: 1.0000
3, 252, 0.0137, 0.0003, 100.000, 100.000, 0.982, 0.183, 
[240] Train acc: 0.9688
3, 252, 0.0634, 0.0003, 96.875, 100.000, 0.979, 0.191, 
[255] Train acc: 0.9844
3, 252, 0.0525, 0.0003, 98.438, 100.000, 0.973, 0.204, 
[270] Train acc: 0.9531
3, 252, 0.1225, 0.0003, 95.312, 100.000, 0.982, 0.189, 
[285] Train acc: 0.9688
3, 252, 0.0596, 0.0003, 96.875, 100.000, 0.984, 0.191, 
[300] Train acc: 0.9844
3, 252, 0.0657, 0.0003, 98.438, 100.000, 0.980, 0.217, 
[315] Train acc: 0.9688
3, 252, 0.1433, 0.0003, 96.875, 100.000, 0.983, 0.211, 
[330] Train acc: 0.9531
3, 252, 0.1233, 0.0003, 95.312, 100.000, 0.978, 0.209, 
[345] Train acc: 1.0000
3, 252, 0.0148, 0.0003, 100.000, 100.000, 0.982, 0.186, 
[360] Train acc: 0.9844
3, 252, 0.0623, 0.0003, 98.438, 100.000, 0.979, 0.196, 
[375] Train acc: 1.0000
3, 252, 0.0419, 0.0003, 100.000, 100.000, 0.976, 0.187, 
[390] Train acc: 0.9375
3, 252, 0.2216, 0.0003, 93.750, 100.000, 0.967, 0.185, 
[405] Train acc: 0.9844
3, 252, 0.0486, 0.0003, 98.438, 100.000, 0.982, 0.172, 
[420] Train acc: 1.0000
3, 252, 0.0293, 0.0003, 100.000, 100.000, 0.983, 0.181, 
[435] Train acc: 0.9844
3, 252, 0.0260, 0.0003, 98.438, 100.000, 0.974, 0.213, 
[450] Train acc: 0.9844
3, 252, 0.0510, 0.0003, 98.438, 100.000, 0.979, 0.190, 
[465] Train acc: 0.9844
3, 252, 0.0471, 0.0003, 98.438, 100.000, 0.982, 0.200, 
[480] Train acc: 0.9844
3, 252, 0.1269, 0.0003, 98.438, 100.000, 0.982, 0.216, 
[495] Train acc: 0.9688
3, 252, 0.0567, 0.0003, 96.875, 100.000, 0.983, 0.176, 
[510] Train acc: 0.9531
3, 252, 0.0854, 0.0003, 95.312, 100.000, 0.982, 0.198, 
[525] Train acc: 0.9531
3, 252, 0.1040, 0.0003, 95.312, 100.000, 0.984, 0.202, 
[540] Train acc: 1.0000
3, 252, 0.0216, 0.0003, 100.000, 100.000, 0.982, 0.185, 
[555] Train acc: 0.9531
3, 252, 0.1553, 0.0003, 95.312, 100.000, 0.985, 0.236, 
[570] Train acc: 0.9844
3, 252, 0.0607, 0.0003, 98.438, 100.000, 0.978, 0.231, 
[585] Train acc: 1.0000
3, 252, 0.0113, 0.0003, 100.000, 100.000, 0.983, 0.197, 
[600] Train acc: 0.9375
3, 252, 0.1608, 0.0003, 93.750, 98.438, 0.980, 0.219, 
[615] Train acc: 0.9531
3, 252, 0.1858, 0.0003, 95.312, 100.000, 0.983, 0.213, 
[630] Train acc: 1.0000
3, 252, 0.0248, 0.0003, 100.000, 100.000, 0.983, 0.192, 
[645] Train acc: 0.9688
3, 252, 0.2095, 0.0003, 96.875, 100.000, 0.983, 0.190, 
[660] Train acc: 1.0000
3, 252, 0.0344, 0.0003, 100.000, 100.000, 0.983, 0.221, 
[675] Train acc: 1.0000
3, 252, 0.0165, 0.0003, 100.000, 100.000, 0.984, 0.213, 
[690] Train acc: 0.9844
3, 252, 0.0297, 0.0003, 98.438, 100.000, 0.984, 0.202, 
[705] Train acc: 1.0000
3, 252, 0.0265, 0.0003, 100.000, 100.000, 0.982, 0.206, 
[720] Train acc: 0.9844
3, 252, 0.0475, 0.0003, 98.438, 100.000, 0.983, 0.210, 
[735] Train acc: 0.9844
3, 252, 0.0325, 0.0003, 98.438, 100.000, 0.983, 0.191, 
[750] Train acc: 1.0000
3, 252, 0.0210, 0.0003, 100.000, 100.000, 0.985, 0.190, 
[765] Train acc: 1.0000
3, 252, 0.0205, 0.0003, 100.000, 100.000, 0.981, 0.209, 
[780] Train acc: 0.9531
3, 252, 0.1131, 0.0003, 95.312, 100.000, 0.983, 0.190, 
[795] Train acc: 0.9688
3, 252, 0.0429, 0.0003, 96.875, 100.000, 0.982, 0.171, 
[810] Train acc: 1.0000
3, 252, 0.0081, 0.0003, 100.000, 100.000, 0.978, 0.169, 
[825] Train acc: 1.0000
3, 252, 0.0135, 0.0002, 100.000, 100.000, 0.984, 0.173, 
[840] Train acc: 0.9531
3, 252, 0.0637, 0.0003, 95.312, 100.000, 0.981, 0.186, 
[855] Train acc: 1.0000
3, 252, 0.0079, 0.0003, 100.000, 100.000, 0.977, 0.218, 
[870] Train acc: 1.0000
3, 252, 0.0084, 0.0003, 100.000, 100.000, 0.982, 0.188, 
[885] Train acc: 1.0000
3, 252, 0.0130, 0.0003, 100.000, 100.000, 0.982, 0.188, 
[900] Train acc: 0.9844
3, 252, 0.0273, 0.0003, 98.438, 100.000, 0.981, 0.187, 
[915] Train acc: 0.9531
3, 252, 0.2454, 0.0003, 95.312, 100.000, 0.984, 0.193, 
[930] Train acc: 0.9844
3, 252, 0.0700, 0.0003, 98.438, 100.000, 0.987, 0.176, 
[0] Train acc: 0.9844
4, 252, 0.0492, 0.0003, 98.438, 100.000, 0.985, 0.171, 
[15] Train acc: 1.0000
4, 252, 0.0252, 0.0003, 100.000, 100.000, 0.984, 0.170, 
[30] Train acc: 0.9844
4, 252, 0.0465, 0.0003, 98.438, 100.000, 0.981, 0.180, 
[45] Train acc: 1.0000
4, 252, 0.0069, 0.0003, 100.000, 100.000, 0.985, 0.178, 
[60] Train acc: 1.0000
4, 252, 0.0200, 0.0003, 100.000, 100.000, 0.985, 0.186, 
[75] Train acc: 1.0000
4, 252, 0.0442, 0.0003, 100.000, 100.000, 0.973, 0.212, 
[90] Train acc: 0.9844
4, 252, 0.0424, 0.0002, 98.438, 100.000, 0.986, 0.165, 
[105] Train acc: 1.0000
4, 252, 0.0098, 0.0002, 100.000, 100.000, 0.984, 0.161, 
[120] Train acc: 0.9844
4, 252, 0.0582, 0.0003, 98.438, 100.000, 0.982, 0.175, 
[135] Train acc: 0.9844
4, 252, 0.0365, 0.0003, 98.438, 100.000, 0.985, 0.181, 
[150] Train acc: 0.9688
4, 252, 0.0530, 0.0003, 96.875, 100.000, 0.986, 0.165, 
[165] Train acc: 1.0000
4, 252, 0.0181, 0.0003, 100.000, 100.000, 0.983, 0.179, 
[180] Train acc: 0.9844
4, 252, 0.1068, 0.0002, 98.438, 100.000, 0.985, 0.166, 
[195] Train acc: 1.0000
4, 252, 0.0065, 0.0002, 100.000, 100.000, 0.984, 0.161, 
[210] Train acc: 0.9688
4, 252, 0.1149, 0.0003, 96.875, 100.000, 0.980, 0.181, 
[225] Train acc: 0.9844
4, 252, 0.0266, 0.0003, 98.438, 100.000, 0.984, 0.184, 
[240] Train acc: 1.0000
4, 252, 0.0188, 0.0003, 100.000, 100.000, 0.983, 0.186, 
[255] Train acc: 0.9844
4, 252, 0.1269, 0.0003, 98.438, 98.438, 0.984, 0.172, 
[270] Train acc: 1.0000
4, 252, 0.0097, 0.0002, 100.000, 100.000, 0.986, 0.163, 
[285] Train acc: 0.9844
4, 252, 0.0872, 0.0002, 98.438, 100.000, 0.986, 0.153, 
[300] Train acc: 1.0000
4, 252, 0.0138, 0.0003, 100.000, 100.000, 0.981, 0.179, 
[315] Train acc: 1.0000
4, 252, 0.0184, 0.0003, 100.000, 100.000, 0.985, 0.170, 
[330] Train acc: 1.0000
4, 252, 0.0371, 0.0003, 100.000, 100.000, 0.985, 0.168, 
[345] Train acc: 0.9531
4, 252, 0.0905, 0.0003, 95.312, 100.000, 0.983, 0.176, 
[360] Train acc: 0.9688
4, 252, 0.0696, 0.0003, 96.875, 100.000, 0.980, 0.201, 
[375] Train acc: 1.0000
4, 252, 0.0083, 0.0003, 100.000, 100.000, 0.987, 0.182, 
[390] Train acc: 1.0000
4, 252, 0.0169, 0.0003, 100.000, 100.000, 0.985, 0.166, 
[405] Train acc: 1.0000
4, 252, 0.0087, 0.0003, 100.000, 100.000, 0.983, 0.173, 
[420] Train acc: 0.9688
4, 252, 0.0532, 0.0003, 96.875, 100.000, 0.983, 0.177, 
[435] Train acc: 0.9688
4, 252, 0.0706, 0.0003, 96.875, 100.000, 0.984, 0.169, 
[450] Train acc: 0.9844
4, 252, 0.0191, 0.0003, 98.438, 100.000, 0.983, 0.169, 
[465] Train acc: 0.9844
4, 252, 0.0746, 0.0002, 98.438, 100.000, 0.986, 0.170, 
[480] Train acc: 0.9688
4, 252, 0.0676, 0.0002, 96.875, 100.000, 0.984, 0.159, 
[495] Train acc: 0.9844
4, 252, 0.0458, 0.0003, 98.438, 100.000, 0.986, 0.168, 
[510] Train acc: 0.9688
4, 252, 0.0589, 0.0002, 96.875, 100.000, 0.986, 0.164, 
[525] Train acc: 1.0000
4, 252, 0.0050, 0.0002, 100.000, 100.000, 0.985, 0.166, 
[540] Train acc: 1.0000
4, 252, 0.0088, 0.0003, 100.000, 100.000, 0.979, 0.174, 
[555] Train acc: 0.9844
4, 252, 0.0708, 0.0002, 98.438, 100.000, 0.984, 0.159, 
[570] Train acc: 1.0000
4, 252, 0.0223, 0.0003, 100.000, 100.000, 0.982, 0.170, 
[585] Train acc: 0.9531
4, 252, 0.1069, 0.0002, 95.312, 100.000, 0.986, 0.176, 
[600] Train acc: 1.0000
4, 252, 0.0118, 0.0002, 100.000, 100.000, 0.986, 0.165, 
[615] Train acc: 0.9844
4, 252, 0.0314, 0.0002, 98.438, 100.000, 0.986, 0.155, 
[630] Train acc: 0.9531
4, 252, 0.1357, 0.0002, 95.312, 100.000, 0.983, 0.173, 
[645] Train acc: 1.0000
4, 252, 0.0155, 0.0002, 100.000, 100.000, 0.984, 0.155, 
[660] Train acc: 1.0000
4, 252, 0.0163, 0.0002, 100.000, 100.000, 0.987, 0.166, 
[675] Train acc: 0.9688
4, 252, 0.0475, 0.0002, 96.875, 100.000, 0.985, 0.164, 
[690] Train acc: 0.9844
4, 252, 0.0805, 0.0002, 98.438, 100.000, 0.984, 0.163, 
[705] Train acc: 1.0000
4, 252, 0.0358, 0.0002, 100.000, 100.000, 0.986, 0.151, 
[720] Train acc: 0.9844
4, 252, 0.0912, 0.0002, 98.438, 100.000, 0.983, 0.157, 
[735] Train acc: 1.0000
4, 252, 0.0193, 0.0002, 100.000, 100.000, 0.981, 0.162, 
[750] Train acc: 1.0000
4, 252, 0.0035, 0.0002, 100.000, 100.000, 0.984, 0.156, 
[765] Train acc: 0.9375
4, 252, 0.1056, 0.0002, 93.750, 100.000, 0.983, 0.165, 
[780] Train acc: 0.9688
4, 252, 0.0596, 0.0002, 96.875, 100.000, 0.985, 0.160, 
[795] Train acc: 0.9531
4, 252, 0.1130, 0.0002, 95.312, 100.000, 0.983, 0.161, 
[810] Train acc: 0.9844
4, 252, 0.0195, 0.0002, 98.438, 100.000, 0.985, 0.168, 
[825] Train acc: 0.9688
4, 252, 0.0343, 0.0002, 96.875, 100.000, 0.985, 0.162, 
[840] Train acc: 1.0000
4, 252, 0.0193, 0.0002, 100.000, 100.000, 0.985, 0.166, 
[855] Train acc: 1.0000
4, 252, 0.0029, 0.0002, 100.000, 100.000, 0.985, 0.164, 
[870] Train acc: 0.9844
4, 252, 0.0470, 0.0003, 98.438, 100.000, 0.983, 0.173, 
[885] Train acc: 1.0000
4, 252, 0.0200, 0.0002, 100.000, 100.000, 0.983, 0.160, 
[900] Train acc: 0.9844
4, 252, 0.0475, 0.0003, 98.438, 100.000, 0.980, 0.188, 
[915] Train acc: 1.0000
4, 252, 0.0056, 0.0002, 100.000, 100.000, 0.987, 0.147, 
[930] Train acc: 0.9688
4, 252, 0.1391, 0.0002, 96.875, 100.000, 0.987, 0.163, 
[0] Train acc: 0.9531
5, 252, 0.1102, 0.0003, 95.312, 100.000, 0.983, 0.174, 
[15] Train acc: 0.9844
5, 252, 0.0720, 0.0002, 98.438, 100.000, 0.987, 0.175, 
[30] Train acc: 1.0000
5, 252, 0.0294, 0.0002, 100.000, 100.000, 0.987, 0.151, 
[45] Train acc: 0.9531
5, 252, 0.1029, 0.0002, 95.312, 100.000, 0.985, 0.160, 
[60] Train acc: 1.0000
5, 252, 0.0252, 0.0002, 100.000, 100.000, 0.983, 0.151, 
[75] Train acc: 0.9844
5, 252, 0.0287, 0.0002, 98.438, 100.000, 0.987, 0.156, 
[90] Train acc: 0.9531
5, 252, 0.1605, 0.0003, 95.312, 100.000, 0.984, 0.164, 
[105] Train acc: 0.9844
5, 252, 0.0386, 0.0002, 98.438, 100.000, 0.986, 0.159, 
[120] Train acc: 1.0000
5, 252, 0.0022, 0.0002, 100.000, 100.000, 0.985, 0.170, 
[135] Train acc: 0.9844
5, 252, 0.0400, 0.0002, 98.438, 100.000, 0.988, 0.164, 
[150] Train acc: 1.0000
5, 252, 0.0239, 0.0002, 100.000, 100.000, 0.988, 0.144, 
[165] Train acc: 0.9844
5, 252, 0.0322, 0.0002, 98.438, 100.000, 0.984, 0.166, 
[180] Train acc: 1.0000
5, 252, 0.0168, 0.0002, 100.000, 100.000, 0.986, 0.148, 
[195] Train acc: 0.9844
5, 252, 0.0289, 0.0002, 98.438, 100.000, 0.985, 0.153, 
[210] Train acc: 0.9688
5, 252, 0.2134, 0.0002, 96.875, 98.438, 0.986, 0.166, 
[225] Train acc: 0.9688
5, 252, 0.0581, 0.0002, 96.875, 100.000, 0.981, 0.160, 
[240] Train acc: 0.9844
5, 252, 0.0447, 0.0002, 98.438, 100.000, 0.987, 0.153, 
[255] Train acc: 0.9844
5, 252, 0.0388, 0.0002, 98.438, 100.000, 0.986, 0.165, 
[270] Train acc: 1.0000
5, 252, 0.0078, 0.0003, 100.000, 100.000, 0.983, 0.169, 
[285] Train acc: 0.9844
5, 252, 0.0373, 0.0002, 98.438, 100.000, 0.986, 0.171, 
[300] Train acc: 0.9688
5, 252, 0.0721, 0.0002, 96.875, 100.000, 0.986, 0.170, 
[315] Train acc: 0.9688
5, 252, 0.0610, 0.0002, 96.875, 100.000, 0.985, 0.159, 
[330] Train acc: 1.0000
5, 252, 0.0311, 0.0002, 100.000, 100.000, 0.985, 0.157, 
[345] Train acc: 1.0000
5, 252, 0.0053, 0.0002, 100.000, 100.000, 0.986, 0.161, 
[360] Train acc: 1.0000
5, 252, 0.0069, 0.0002, 100.000, 100.000, 0.988, 0.156, 
[375] Train acc: 1.0000
5, 252, 0.0180, 0.0002, 100.000, 100.000, 0.985, 0.150, 
[390] Train acc: 0.9844
5, 252, 0.0299, 0.0002, 98.438, 100.000, 0.987, 0.149, 
[405] Train acc: 0.9688
5, 252, 0.0394, 0.0002, 96.875, 100.000, 0.986, 0.142, 
[420] Train acc: 0.9844
5, 252, 0.0280, 0.0002, 98.438, 100.000, 0.987, 0.149, 
[435] Train acc: 0.9844
5, 252, 0.0364, 0.0002, 98.438, 100.000, 0.986, 0.141, 
[450] Train acc: 0.9688
5, 252, 0.0735, 0.0002, 96.875, 100.000, 0.987, 0.136, 
[465] Train acc: 0.9531
5, 252, 0.2302, 0.0003, 95.312, 100.000, 0.986, 0.183, 
[480] Train acc: 1.0000
5, 252, 0.0074, 0.0002, 100.000, 100.000, 0.985, 0.162, 
[495] Train acc: 0.9688
5, 252, 0.0723, 0.0003, 96.875, 100.000, 0.986, 0.162, 
[510] Train acc: 0.9531
5, 252, 0.0750, 0.0002, 95.312, 100.000, 0.987, 0.158, 
[525] Train acc: 0.9688
5, 252, 0.0753, 0.0002, 96.875, 100.000, 0.988, 0.140, 
[540] Train acc: 0.9688
5, 252, 0.1275, 0.0002, 96.875, 100.000, 0.988, 0.141, 
[555] Train acc: 0.9844
5, 252, 0.0237, 0.0002, 98.438, 100.000, 0.989, 0.148, 
[570] Train acc: 1.0000
5, 252, 0.0092, 0.0002, 100.000, 100.000, 0.987, 0.161, 
[585] Train acc: 1.0000
5, 252, 0.0076, 0.0002, 100.000, 100.000, 0.985, 0.154, 
[600] Train acc: 1.0000
5, 252, 0.0149, 0.0002, 100.000, 100.000, 0.986, 0.160, 
[615] Train acc: 0.9844
5, 252, 0.0203, 0.0002, 98.438, 100.000, 0.988, 0.182, 
[630] Train acc: 0.9375
5, 252, 0.1450, 0.0002, 93.750, 100.000, 0.988, 0.145, 
[645] Train acc: 1.0000
5, 252, 0.0040, 0.0002, 100.000, 100.000, 0.987, 0.157, 
[660] Train acc: 1.0000
5, 252, 0.0038, 0.0002, 100.000, 100.000, 0.987, 0.153, 
[675] Train acc: 1.0000
5, 252, 0.0193, 0.0002, 100.000, 100.000, 0.987, 0.159, 
[690] Train acc: 1.0000
5, 252, 0.0028, 0.0002, 100.000, 100.000, 0.987, 0.149, 
[705] Train acc: 1.0000
5, 252, 0.0094, 0.0002, 100.000, 100.000, 0.988, 0.155, 
[720] Train acc: 0.9844
5, 252, 0.0522, 0.0002, 98.438, 100.000, 0.988, 0.163, 
[735] Train acc: 0.9844
5, 252, 0.0574, 0.0002, 98.438, 100.000, 0.988, 0.147, 
[750] Train acc: 1.0000
5, 252, 0.0062, 0.0002, 100.000, 100.000, 0.986, 0.144, 
[765] Train acc: 0.9844
5, 252, 0.0172, 0.0002, 98.438, 100.000, 0.984, 0.170, 
[780] Train acc: 0.9531
5, 252, 0.2520, 0.0002, 95.312, 100.000, 0.987, 0.159, 
[795] Train acc: 0.9688
5, 252, 0.0624, 0.0002, 96.875, 100.000, 0.988, 0.158, 
[810] Train acc: 0.9844
5, 252, 0.0244, 0.0002, 98.438, 100.000, 0.986, 0.157, 
[825] Train acc: 1.0000
5, 252, 0.0097, 0.0002, 100.000, 100.000, 0.986, 0.150, 
[840] Train acc: 0.9844
5, 252, 0.0248, 0.0002, 98.438, 100.000, 0.988, 0.139, 
[855] Train acc: 1.0000
5, 252, 0.0125, 0.0002, 100.000, 100.000, 0.985, 0.145, 
[870] Train acc: 0.9688
5, 252, 0.1250, 0.0002, 96.875, 100.000, 0.980, 0.141, 
[885] Train acc: 1.0000
5, 252, 0.0025, 0.0002, 100.000, 100.000, 0.988, 0.149, 
[900] Train acc: 1.0000
5, 252, 0.0236, 0.0002, 100.000, 100.000, 0.987, 0.155, 
[915] Train acc: 0.9844
5, 252, 0.0192, 0.0002, 98.438, 100.000, 0.987, 0.162, 
[930] Train acc: 0.9844
5, 252, 0.0358, 0.0003, 98.438, 100.000, 0.984, 0.174, 
[0] Train acc: 1.0000
6, 252, 0.0100, 0.0002, 100.000, 100.000, 0.986, 0.152, 
[15] Train acc: 1.0000
6, 252, 0.0078, 0.0002, 100.000, 100.000, 0.990, 0.146, 
[30] Train acc: 0.9844
6, 252, 0.0399, 0.0002, 98.438, 100.000, 0.986, 0.167, 
[45] Train acc: 1.0000
6, 252, 0.0039, 0.0002, 100.000, 100.000, 0.989, 0.165, 
[60] Train acc: 0.9844
6, 252, 0.0358, 0.0002, 98.438, 100.000, 0.987, 0.162, 
[75] Train acc: 1.0000
6, 252, 0.0224, 0.0002, 100.000, 100.000, 0.987, 0.148, 
[90] Train acc: 1.0000
6, 252, 0.0267, 0.0002, 100.000, 100.000, 0.988, 0.144, 
[105] Train acc: 0.9844
6, 252, 0.0392, 0.0002, 98.438, 100.000, 0.987, 0.142, 
[120] Train acc: 0.9844
6, 252, 0.0495, 0.0002, 98.438, 100.000, 0.988, 0.134, 
[135] Train acc: 1.0000
6, 252, 0.0039, 0.0002, 100.000, 100.000, 0.989, 0.145, 
[150] Train acc: 1.0000
6, 252, 0.0166, 0.0002, 100.000, 100.000, 0.985, 0.146, 
[165] Train acc: 1.0000
6, 252, 0.0103, 0.0002, 100.000, 100.000, 0.986, 0.148, 
[180] Train acc: 1.0000
6, 252, 0.0103, 0.0002, 100.000, 100.000, 0.988, 0.141, 
[195] Train acc: 0.9688
6, 252, 0.0573, 0.0002, 96.875, 100.000, 0.987, 0.143, 
[210] Train acc: 0.9844
6, 252, 0.0431, 0.0002, 98.438, 100.000, 0.987, 0.155, 
[225] Train acc: 0.9688
6, 252, 0.0422, 0.0002, 96.875, 100.000, 0.989, 0.150, 
[240] Train acc: 1.0000
6, 252, 0.0054, 0.0002, 100.000, 100.000, 0.986, 0.152, 
[255] Train acc: 0.9844
6, 252, 0.0919, 0.0002, 98.438, 100.000, 0.986, 0.139, 
[270] Train acc: 1.0000
6, 252, 0.0132, 0.0002, 100.000, 100.000, 0.987, 0.162, 
[285] Train acc: 0.9688
6, 252, 0.1043, 0.0002, 96.875, 100.000, 0.988, 0.153, 
[300] Train acc: 0.9844
6, 252, 0.1036, 0.0002, 98.438, 100.000, 0.985, 0.169, 
[315] Train acc: 1.0000
6, 252, 0.0044, 0.0002, 100.000, 100.000, 0.988, 0.158, 
[330] Train acc: 1.0000
6, 252, 0.0161, 0.0002, 100.000, 100.000, 0.988, 0.157, 
[345] Train acc: 0.9688
6, 252, 0.1493, 0.0002, 96.875, 100.000, 0.989, 0.154, 
[360] Train acc: 0.9844
6, 252, 0.0295, 0.0002, 98.438, 100.000, 0.989, 0.154, 
[375] Train acc: 0.9844
6, 252, 0.0457, 0.0002, 98.438, 100.000, 0.985, 0.172, 
[390] Train acc: 0.9844
6, 252, 0.0532, 0.0002, 98.438, 100.000, 0.987, 0.155, 
[405] Train acc: 0.9844
6, 252, 0.0209, 0.0002, 98.438, 100.000, 0.985, 0.164, 
[420] Train acc: 1.0000
6, 252, 0.0041, 0.0002, 100.000, 100.000, 0.985, 0.152, 
[435] Train acc: 1.0000
6, 252, 0.0039, 0.0002, 100.000, 100.000, 0.987, 0.162, 
[450] Train acc: 1.0000
6, 252, 0.0092, 0.0002, 100.000, 100.000, 0.987, 0.153, 
[465] Train acc: 0.9844
6, 252, 0.0293, 0.0002, 98.438, 100.000, 0.989, 0.144, 
[480] Train acc: 1.0000
6, 252, 0.0078, 0.0002, 100.000, 100.000, 0.988, 0.162, 
[495] Train acc: 1.0000
6, 252, 0.0118, 0.0002, 100.000, 100.000, 0.987, 0.156, 
[510] Train acc: 0.9688
6, 252, 0.1119, 0.0002, 96.875, 100.000, 0.987, 0.149, 
[525] Train acc: 0.9688
6, 252, 0.0495, 0.0002, 96.875, 100.000, 0.991, 0.154, 
[540] Train acc: 0.9688
6, 252, 0.0535, 0.0002, 96.875, 100.000, 0.986, 0.166, 
[555] Train acc: 1.0000
6, 252, 0.0165, 0.0002, 100.000, 100.000, 0.988, 0.150, 
[570] Train acc: 0.9844
6, 252, 0.0528, 0.0002, 98.438, 100.000, 0.989, 0.149, 
[585] Train acc: 0.9844
6, 252, 0.0452, 0.0002, 98.438, 100.000, 0.988, 0.153, 
[600] Train acc: 1.0000
6, 252, 0.0011, 0.0002, 100.000, 100.000, 0.985, 0.139, 
[615] Train acc: 0.9844
6, 252, 0.0370, 0.0002, 98.438, 100.000, 0.988, 0.124, 
[630] Train acc: 0.9844
6, 252, 0.0510, 0.0002, 98.438, 100.000, 0.982, 0.143, 
[645] Train acc: 1.0000
6, 252, 0.0039, 0.0002, 100.000, 100.000, 0.989, 0.132, 
[660] Train acc: 1.0000
6, 252, 0.0106, 0.0002, 100.000, 100.000, 0.989, 0.134, 
[675] Train acc: 1.0000
6, 252, 0.0028, 0.0002, 100.000, 100.000, 0.990, 0.141, 
[690] Train acc: 1.0000
6, 252, 0.0075, 0.0002, 100.000, 100.000, 0.988, 0.139, 
[705] Train acc: 1.0000
6, 252, 0.0077, 0.0002, 100.000, 100.000, 0.987, 0.152, 
[720] Train acc: 0.9844
6, 252, 0.0294, 0.0002, 98.438, 100.000, 0.984, 0.153, 
[735] Train acc: 0.9844
6, 252, 0.0521, 0.0002, 98.438, 100.000, 0.988, 0.133, 
[750] Train acc: 0.9844
6, 252, 0.0211, 0.0002, 98.438, 100.000, 0.990, 0.145, 
[765] Train acc: 1.0000
6, 252, 0.0021, 0.0002, 100.000, 100.000, 0.987, 0.152, 
[780] Train acc: 1.0000
6, 252, 0.0118, 0.0002, 100.000, 100.000, 0.987, 0.151, 
[795] Train acc: 0.9844
6, 252, 0.0259, 0.0002, 98.438, 100.000, 0.989, 0.138, 
[810] Train acc: 1.0000
6, 252, 0.0199, 0.0002, 100.000, 100.000, 0.987, 0.131, 
[825] Train acc: 0.9688
6, 252, 0.0521, 0.0002, 96.875, 100.000, 0.987, 0.147, 
[840] Train acc: 0.9844
6, 252, 0.0415, 0.0002, 98.438, 100.000, 0.987, 0.149, 
[855] Train acc: 1.0000
6, 252, 0.0056, 0.0002, 100.000, 100.000, 0.987, 0.144, 
[870] Train acc: 1.0000
6, 252, 0.0069, 0.0002, 100.000, 100.000, 0.988, 0.127, 
[885] Train acc: 0.9688
6, 252, 0.0726, 0.0002, 96.875, 100.000, 0.988, 0.145, 
[900] Train acc: 1.0000
6, 252, 0.0110, 0.0002, 100.000, 100.000, 0.988, 0.147, 
[915] Train acc: 1.0000
6, 252, 0.0109, 0.0002, 100.000, 100.000, 0.988, 0.153, 
[930] Train acc: 1.0000
6, 252, 0.0092, 0.0002, 100.000, 100.000, 0.988, 0.140, 
[0] Train acc: 1.0000, Constr acc: 0.8125, CE loss: 0.006, DL2 loss: 5.184
7, 252, 0.0063, 0.0002, 100.000, 100.000, 0.986, 0.135, 
[15] Train acc: 0.9688, Constr acc: 0.9375, CE loss: 0.096, DL2 loss: 2.433
7, 251, 0.0958, 0.0003, 96.875, 100.000, 0.977, 0.192, 
[30] Train acc: 0.9531, Constr acc: 0.8750, CE loss: 0.156, DL2 loss: 2.288
7, 250, 0.1559, 0.0005, 95.312, 100.000, 0.847, 0.272, 
[45] Train acc: 0.9844, Constr acc: 0.8750, CE loss: 0.048, DL2 loss: 2.445
7, 249, 0.0479, 0.0003, 98.438, 100.000, 0.976, 0.191, 
[60] Train acc: 0.9531, Constr acc: 0.8125, CE loss: 0.132, DL2 loss: 3.896
7, 248, 0.1322, 0.0006, 95.312, 100.000, 0.871, 0.453, 
[75] Train acc: 0.9219, Constr acc: 0.9375, CE loss: 0.189, DL2 loss: 1.543
7, 247, 0.1890, 0.0005, 92.188, 100.000, 0.929, 0.428, 
[90] Train acc: 0.9688, Constr acc: 0.8750, CE loss: 0.075, DL2 loss: 3.169
7, 246, 0.0753, 0.0005, 96.875, 100.000, 0.978, 0.416, 
[105] Train acc: 1.0000, Constr acc: 0.8125, CE loss: 0.017, DL2 loss: 5.077
7, 245, 0.0175, 0.0004, 100.000, 100.000, 0.977, 0.383, 
[120] Train acc: 1.0000, Constr acc: 0.9062, CE loss: 0.034, DL2 loss: 0.974
7, 244, 0.0343, 0.0004, 100.000, 100.000, 0.965, 0.371, 
[135] Train acc: 0.9844, Constr acc: 0.9375, CE loss: 0.033, DL2 loss: 0.361
7, 243, 0.0326, 0.0004, 98.438, 100.000, 0.950, 0.348, 
[150] Train acc: 1.0000, Constr acc: 0.7500, CE loss: 0.023, DL2 loss: 8.157
7, 242, 0.0226, 0.0005, 100.000, 100.000, 0.977, 0.428, 
[165] Train acc: 0.9844, Constr acc: 0.9062, CE loss: 0.051, DL2 loss: 3.239
7, 241, 0.0515, 0.0004, 98.438, 100.000, 0.974, 0.348, 
[180] Train acc: 0.9844, Constr acc: 0.9375, CE loss: 0.045, DL2 loss: 0.937
7, 240, 0.0454, 0.0004, 98.438, 100.000, 0.978, 0.371, 
[195] Train acc: 0.8906, Constr acc: 0.7812, CE loss: 0.405, DL2 loss: 5.564
7, 239, 0.4050, 0.0005, 89.062, 100.000, 0.941, 0.419, 
[210] Train acc: 1.0000, Constr acc: 0.9062, CE loss: 0.032, DL2 loss: 2.828
7, 238, 0.0318, 0.0004, 100.000, 100.000, 0.970, 0.361, 
[225] Train acc: 1.0000, Constr acc: 0.8750, CE loss: 0.031, DL2 loss: 1.429
7, 237, 0.0307, 0.0005, 100.000, 100.000, 0.929, 0.438, 
[240] Train acc: 0.9844, Constr acc: 0.9375, CE loss: 0.052, DL2 loss: 2.149
7, 236, 0.0520, 0.0004, 98.438, 100.000, 0.975, 0.365, 
[255] Train acc: 1.0000, Constr acc: 0.9062, CE loss: 0.021, DL2 loss: 1.932
7, 235, 0.0210, 0.0004, 100.000, 100.000, 0.979, 0.349, 
[270] Train acc: 0.9844, Constr acc: 0.8750, CE loss: 0.055, DL2 loss: 4.983
7, 234, 0.0548, 0.0004, 98.438, 100.000, 0.965, 0.352, 
[285] Train acc: 0.9531, Constr acc: 0.6875, CE loss: 0.114, DL2 loss: 6.775
7, 233, 0.1144, 0.0005, 95.312, 100.000, 0.969, 0.448, 
[300] Train acc: 0.9688, Constr acc: 0.9062, CE loss: 0.067, DL2 loss: 2.428
7, 232, 0.0669, 0.0004, 96.875, 100.000, 0.979, 0.315, 
[315] Train acc: 0.9844, Constr acc: 0.9375, CE loss: 0.038, DL2 loss: 1.795
7, 231, 0.0383, 0.0004, 98.438, 100.000, 0.952, 0.295, 
[330] Train acc: 0.9844, Constr acc: 0.8438, CE loss: 0.049, DL2 loss: 3.563
7, 230, 0.0495, 0.0005, 98.438, 100.000, 0.963, 0.394, 
[345] Train acc: 0.9375, Constr acc: 0.9062, CE loss: 0.219, DL2 loss: 2.050
7, 229, 0.2194, 0.0005, 93.750, 100.000, 0.971, 0.442, 
[360] Train acc: 0.9844, Constr acc: 0.9375, CE loss: 0.083, DL2 loss: 1.830
7, 228, 0.0830, 0.0005, 98.438, 100.000, 0.962, 0.409, 
[375] Train acc: 0.9688, Constr acc: 0.9375, CE loss: 0.068, DL2 loss: 1.699
7, 227, 0.0678, 0.0004, 96.875, 100.000, 0.971, 0.376, 
[390] Train acc: 0.9688, Constr acc: 0.8750, CE loss: 0.104, DL2 loss: 2.673
7, 226, 0.1042, 0.0005, 96.875, 100.000, 0.937, 0.397, 
[405] Train acc: 0.9219, Constr acc: 0.9062, CE loss: 0.152, DL2 loss: 2.049
7, 225, 0.1520, 0.0005, 92.188, 100.000, 0.951, 0.509, 
[420] Train acc: 1.0000, Constr acc: 0.9375, CE loss: 0.048, DL2 loss: 1.335
7, 224, 0.0481, 0.0004, 100.000, 100.000, 0.976, 0.351, 
[435] Train acc: 0.9219, Constr acc: 0.9375, CE loss: 0.253, DL2 loss: 0.407
7, 223, 0.2529, 0.0006, 92.188, 100.000, 0.892, 0.547, 
[450] Train acc: 0.9844, Constr acc: 0.8125, CE loss: 0.049, DL2 loss: 4.947
7, 222, 0.0486, 0.0005, 98.438, 100.000, 0.972, 0.429, 
[465] Train acc: 0.9844, Constr acc: 0.8750, CE loss: 0.050, DL2 loss: 4.533
7, 221, 0.0503, 0.0005, 98.438, 100.000, 0.960, 0.515, 
[480] Train acc: 1.0000, Constr acc: 0.8750, CE loss: 0.067, DL2 loss: 4.259
7, 220, 0.0666, 0.0005, 100.000, 100.000, 0.975, 0.506, 
[495] Train acc: 0.9844, Constr acc: 0.9688, CE loss: 0.034, DL2 loss: 0.638
7, 219, 0.0336, 0.0004, 98.438, 100.000, 0.973, 0.390, 
[510] Train acc: 1.0000, Constr acc: 0.8438, CE loss: 0.037, DL2 loss: 3.986
7, 218, 0.0367, 0.0004, 100.000, 100.000, 0.977, 0.376, 
[525] Train acc: 0.9531, Constr acc: 0.9688, CE loss: 0.104, DL2 loss: 0.897
7, 217, 0.1041, 0.0004, 95.312, 100.000, 0.981, 0.364, 
[540] Train acc: 1.0000, Constr acc: 0.9375, CE loss: 0.016, DL2 loss: 2.448
7, 216, 0.0162, 0.0004, 100.000, 100.000, 0.965, 0.397, 
[555] Train acc: 0.9375, Constr acc: 0.8438, CE loss: 0.134, DL2 loss: 3.068
7, 215, 0.1335, 0.0004, 93.750, 100.000, 0.976, 0.321, 
[570] Train acc: 0.9531, Constr acc: 0.9375, CE loss: 0.092, DL2 loss: 1.827
7, 214, 0.0917, 0.0005, 95.312, 100.000, 0.964, 0.420, 
[585] Train acc: 0.9844, Constr acc: 0.9688, CE loss: 0.060, DL2 loss: 1.011
7, 213, 0.0597, 0.0004, 98.438, 100.000, 0.969, 0.376, 
[600] Train acc: 1.0000, Constr acc: 0.9062, CE loss: 0.039, DL2 loss: 2.366
7, 212, 0.0393, 0.0004, 100.000, 100.000, 0.973, 0.359, 
[615] Train acc: 0.9844, Constr acc: 0.9062, CE loss: 0.035, DL2 loss: 2.598
7, 211, 0.0347, 0.0006, 98.438, 100.000, 0.935, 0.498, 
[630] Train acc: 0.9844, Constr acc: 0.9062, CE loss: 0.088, DL2 loss: 1.791
7, 210, 0.0883, 0.0005, 98.438, 100.000, 0.972, 0.434, 
[645] Train acc: 0.9219, Constr acc: 0.7500, CE loss: 0.136, DL2 loss: 4.611
7, 209, 0.1364, 0.0005, 92.188, 100.000, 0.979, 0.440, 
[660] Train acc: 1.0000, Constr acc: 0.9375, CE loss: 0.026, DL2 loss: 1.978
7, 208, 0.0259, 0.0005, 100.000, 100.000, 0.944, 0.507, 
[675] Train acc: 0.9844, Constr acc: 0.7500, CE loss: 0.084, DL2 loss: 8.176
7, 207, 0.0835, 0.0004, 98.438, 100.000, 0.976, 0.363, 
[690] Train acc: 0.9688, Constr acc: 0.9062, CE loss: 0.072, DL2 loss: 2.784
7, 206, 0.0718, 0.0004, 96.875, 100.000, 0.972, 0.350, 
[705] Train acc: 0.9688, Constr acc: 0.9375, CE loss: 0.100, DL2 loss: 1.644
7, 205, 0.0996, 0.0004, 96.875, 100.000, 0.972, 0.349, 
[720] Train acc: 0.9531, Constr acc: 0.9375, CE loss: 0.180, DL2 loss: 1.616
7, 204, 0.1799, 0.0005, 95.312, 100.000, 0.951, 0.436, 
[735] Train acc: 0.9844, Constr acc: 0.8750, CE loss: 0.083, DL2 loss: 3.508
7, 203, 0.0831, 0.0005, 98.438, 100.000, 0.974, 0.459, 
[750] Train acc: 0.9844, Constr acc: 0.9375, CE loss: 0.048, DL2 loss: 1.642
7, 202, 0.0477, 0.0005, 98.438, 100.000, 0.974, 0.433, 
[765] Train acc: 1.0000, Constr acc: 1.0000, CE loss: 0.023, DL2 loss: 0.000
7, 201, 0.0230, 0.0005, 100.000, 100.000, 0.976, 0.438, 
[780] Train acc: 0.9688, Constr acc: 1.0000, CE loss: 0.080, DL2 loss: 0.000
7, 200, 0.0798, 0.0004, 96.875, 100.000, 0.981, 0.419, 
[795] Train acc: 0.9844, Constr acc: 0.8750, CE loss: 0.042, DL2 loss: 1.775
7, 199, 0.0420, 0.0005, 98.438, 100.000, 0.978, 0.487, 
[810] Train acc: 0.9844, Constr acc: 0.9062, CE loss: 0.100, DL2 loss: 1.688
7, 198, 0.1003, 0.0005, 98.438, 100.000, 0.978, 0.498, 
[825] Train acc: 0.9844, Constr acc: 0.8750, CE loss: 0.081, DL2 loss: 3.085
7, 197, 0.0807, 0.0005, 98.438, 100.000, 0.973, 0.428, 
[840] Train acc: 0.9688, Constr acc: 0.9688, CE loss: 0.108, DL2 loss: 1.048
7, 196, 0.1082, 0.0004, 96.875, 100.000, 0.970, 0.388, 
[855] Train acc: 0.9844, Constr acc: 0.8438, CE loss: 0.054, DL2 loss: 5.190
7, 195, 0.0538, 0.0004, 98.438, 100.000, 0.975, 0.375, 
[870] Train acc: 1.0000, Constr acc: 0.9688, CE loss: 0.028, DL2 loss: 0.354
7, 194, 0.0281, 0.0004, 100.000, 100.000, 0.970, 0.362, 
[885] Train acc: 0.9688, Constr acc: 0.8438, CE loss: 0.180, DL2 loss: 5.732
7, 193, 0.1798, 0.0004, 96.875, 100.000, 0.967, 0.349, 
[900] Train acc: 0.9688, Constr acc: 0.8750, CE loss: 0.123, DL2 loss: 2.605
7, 192, 0.1227, 0.0005, 96.875, 100.000, 0.960, 0.432, 
[915] Train acc: 0.9375, Constr acc: 0.8750, CE loss: 0.141, DL2 loss: 3.309
7, 191, 0.1412, 0.0006, 93.750, 100.000, 0.956, 0.590, 
[930] Train acc: 0.9688, Constr acc: 0.9375, CE loss: 0.096, DL2 loss: 1.352
7, 190, 0.0959, 0.0005, 96.875, 100.000, 0.972, 0.488, 
[0] Train acc: 0.9844, Constr acc: 0.9062, CE loss: 0.033, DL2 loss: 3.745
8, 190, 0.0335, 0.0005, 98.438, 100.000, 0.964, 0.441, 
[15] Train acc: 0.9844, Constr acc: 0.9062, CE loss: 0.059, DL2 loss: 0.959
8, 189, 0.0589, 0.0005, 98.438, 100.000, 0.968, 0.546, 
[30] Train acc: 0.9688, Constr acc: 0.9062, CE loss: 0.084, DL2 loss: 3.215
8, 188, 0.0842, 0.0006, 96.875, 100.000, 0.963, 0.564, 
[45] Train acc: 0.9531, Constr acc: 0.8125, CE loss: 0.143, DL2 loss: 5.874
8, 187, 0.1430, 0.0005, 95.312, 100.000, 0.960, 0.467, 
[60] Train acc: 0.8906, Constr acc: 0.8125, CE loss: 0.277, DL2 loss: 4.169
8, 186, 0.2773, 0.0005, 89.062, 100.000, 0.965, 0.506, 
[75] Train acc: 1.0000, Constr acc: 0.8125, CE loss: 0.026, DL2 loss: 4.724
8, 185, 0.0265, 0.0005, 100.000, 100.000, 0.962, 0.442, 
[90] Train acc: 0.9844, Constr acc: 0.9062, CE loss: 0.061, DL2 loss: 3.051
8, 184, 0.0607, 0.0004, 98.438, 100.000, 0.971, 0.365, 
[105] Train acc: 0.9688, Constr acc: 0.9375, CE loss: 0.080, DL2 loss: 1.413
8, 183, 0.0800, 0.0004, 96.875, 100.000, 0.970, 0.323, 
[120] Train acc: 0.9688, Constr acc: 1.0000, CE loss: 0.069, DL2 loss: 0.000
8, 182, 0.0695, 0.0004, 96.875, 100.000, 0.972, 0.371, 
[135] Train acc: 1.0000, Constr acc: 0.9375, CE loss: 0.028, DL2 loss: 1.942
8, 181, 0.0277, 0.0004, 100.000, 100.000, 0.965, 0.362, 
[150] Train acc: 0.9375, Constr acc: 0.9062, CE loss: 0.206, DL2 loss: 2.107
8, 180, 0.2058, 0.0005, 93.750, 100.000, 0.967, 0.422, 
[165] Train acc: 0.9844, Constr acc: 0.8438, CE loss: 0.062, DL2 loss: 3.221
8, 179, 0.0615, 0.0004, 98.438, 100.000, 0.972, 0.363, 
[180] Train acc: 0.9844, Constr acc: 0.9688, CE loss: 0.046, DL2 loss: 1.509
8, 178, 0.0464, 0.0004, 98.438, 100.000, 0.970, 0.354, 
[195] Train acc: 0.9844, Constr acc: 0.9062, CE loss: 0.062, DL2 loss: 2.355
8, 177, 0.0622, 0.0004, 98.438, 100.000, 0.969, 0.292, 
[210] Train acc: 0.9844, Constr acc: 0.7812, CE loss: 0.063, DL2 loss: 4.268
8, 176, 0.0627, 0.0004, 98.438, 100.000, 0.950, 0.308, 
[225] Train acc: 0.9688, Constr acc: 0.9688, CE loss: 0.091, DL2 loss: 0.294
8, 175, 0.0914, 0.0004, 96.875, 100.000, 0.966, 0.340, 
[240] Train acc: 0.9688, Constr acc: 0.9062, CE loss: 0.183, DL2 loss: 2.242
8, 174, 0.1830, 0.0004, 96.875, 98.438, 0.967, 0.339, 
[255] Train acc: 0.9844, Constr acc: 0.8438, CE loss: 0.068, DL2 loss: 4.049
8, 173, 0.0679, 0.0004, 98.438, 100.000, 0.974, 0.360, 
[270] Train acc: 0.9688, Constr acc: 0.9688, CE loss: 0.176, DL2 loss: 0.887
8, 172, 0.1761, 0.0004, 96.875, 100.000, 0.968, 0.360, 
[285] Train acc: 0.9844, Constr acc: 0.9375, CE loss: 0.068, DL2 loss: 1.477
8, 171, 0.0684, 0.0004, 98.438, 100.000, 0.971, 0.355, 
[300] Train acc: 0.9844, Constr acc: 0.9688, CE loss: 0.076, DL2 loss: 0.468
8, 170, 0.0761, 0.0004, 98.438, 100.000, 0.972, 0.415, 
[315] Train acc: 0.9531, Constr acc: 0.9375, CE loss: 0.164, DL2 loss: 1.595
8, 169, 0.1643, 0.0004, 95.312, 100.000, 0.974, 0.402, 
[330] Train acc: 0.9844, Constr acc: 0.9688, CE loss: 0.055, DL2 loss: 0.145
8, 168, 0.0545, 0.0004, 98.438, 100.000, 0.976, 0.378, 
[345] Train acc: 0.9531, Constr acc: 0.8750, CE loss: 0.127, DL2 loss: 3.463
8, 167, 0.1266, 0.0005, 95.312, 100.000, 0.960, 0.503, 
[360] Train acc: 0.9844, Constr acc: 0.9062, CE loss: 0.188, DL2 loss: 2.803
8, 166, 0.1879, 0.0005, 98.438, 100.000, 0.972, 0.512, 
[375] Train acc: 0.9844, Constr acc: 0.9688, CE loss: 0.060, DL2 loss: 0.733
8, 165, 0.0597, 0.0005, 98.438, 100.000, 0.973, 0.481, 
[390] Train acc: 0.9844, Constr acc: 0.8750, CE loss: 0.089, DL2 loss: 2.669
8, 164, 0.0888, 0.0005, 98.438, 100.000, 0.977, 0.436, 
[405] Train acc: 1.0000, Constr acc: 0.9688, CE loss: 0.013, DL2 loss: 1.172
8, 163, 0.0134, 0.0005, 100.000, 100.000, 0.973, 0.397, 
[420] Train acc: 0.9531, Constr acc: 0.9062, CE loss: 0.100, DL2 loss: 2.705
8, 162, 0.1003, 0.0004, 95.312, 100.000, 0.974, 0.316, 
[435] Train acc: 0.9062, Constr acc: 0.9375, CE loss: 0.321, DL2 loss: 2.058
8, 161, 0.3207, 0.0004, 90.625, 100.000, 0.972, 0.398, 
[450] Train acc: 0.9688, Constr acc: 0.9062, CE loss: 0.115, DL2 loss: 1.782
8, 160, 0.1150, 0.0005, 96.875, 100.000, 0.938, 0.429, 
[465] Train acc: 0.9062, Constr acc: 0.9375, CE loss: 0.265, DL2 loss: 1.719
8, 159, 0.2648, 0.0005, 90.625, 100.000, 0.962, 0.478, 
[480] Train acc: 0.9219, Constr acc: 0.9375, CE loss: 0.217, DL2 loss: 1.666
8, 158, 0.2166, 0.0005, 92.188, 100.000, 0.971, 0.501, 
[495] Train acc: 0.9844, Constr acc: 0.8438, CE loss: 0.053, DL2 loss: 2.975
8, 157, 0.0526, 0.0005, 98.438, 100.000, 0.960, 0.553, 
[510] Train acc: 0.9844, Constr acc: 0.9688, CE loss: 0.040, DL2 loss: 0.471
8, 156, 0.0396, 0.0005, 98.438, 100.000, 0.973, 0.480, 
[525] Train acc: 0.9844, Constr acc: 0.9688, CE loss: 0.059, DL2 loss: 0.601
8, 155, 0.0588, 0.0005, 98.438, 100.000, 0.975, 0.466, 
[540] Train acc: 0.9375, Constr acc: 0.8750, CE loss: 0.253, DL2 loss: 3.201
8, 154, 0.2531, 0.0007, 93.750, 100.000, 0.899, 0.623, 
[555] Train acc: 0.9688, Constr acc: 0.9375, CE loss: 0.090, DL2 loss: 2.173
8, 153, 0.0900, 0.0005, 96.875, 100.000, 0.971, 0.466, 
[570] Train acc: 0.9844, Constr acc: 0.9375, CE loss: 0.039, DL2 loss: 2.276
8, 152, 0.0386, 0.0005, 98.438, 100.000, 0.966, 0.400, 
[585] Train acc: 0.9844, Constr acc: 0.9062, CE loss: 0.041, DL2 loss: 2.211
8, 151, 0.0406, 0.0005, 98.438, 100.000, 0.972, 0.455, 
[600] Train acc: 0.9375, Constr acc: 0.9062, CE loss: 0.095, DL2 loss: 2.485
8, 150, 0.0947, 0.0005, 93.750, 100.000, 0.970, 0.464, 
[615] Train acc: 0.9531, Constr acc: 0.9062, CE loss: 0.147, DL2 loss: 1.062
8, 149, 0.1468, 0.0005, 95.312, 100.000, 0.972, 0.439, 
[630] Train acc: 0.9688, Constr acc: 0.9062, CE loss: 0.066, DL2 loss: 3.681
8, 148, 0.0664, 0.0005, 96.875, 100.000, 0.974, 0.437, 
[645] Train acc: 0.9844, Constr acc: 0.9062, CE loss: 0.147, DL2 loss: 2.445
8, 147, 0.1474, 0.0005, 98.438, 98.438, 0.978, 0.453, 
[660] Train acc: 0.9531, Constr acc: 0.8438, CE loss: 0.175, DL2 loss: 3.841
8, 146, 0.1754, 0.0005, 95.312, 100.000, 0.971, 0.501, 
[675] Train acc: 0.9688, Constr acc: 0.9375, CE loss: 0.088, DL2 loss: 2.015
8, 145, 0.0884, 0.0005, 96.875, 100.000, 0.966, 0.452, 
[690] Train acc: 0.9688, Constr acc: 0.8750, CE loss: 0.084, DL2 loss: 3.948
8, 144, 0.0837, 0.0005, 96.875, 100.000, 0.965, 0.434, 
[705] Train acc: 0.9531, Constr acc: 0.9375, CE loss: 0.170, DL2 loss: 1.015
8, 143, 0.1703, 0.0005, 95.312, 100.000, 0.974, 0.528, 
[720] Train acc: 0.9844, Constr acc: 0.8438, CE loss: 0.062, DL2 loss: 2.957
8, 142, 0.0616, 0.0005, 98.438, 100.000, 0.975, 0.526, 
[735] Train acc: 0.9688, Constr acc: 0.9062, CE loss: 0.128, DL2 loss: 3.190
8, 141, 0.1276, 0.0007, 96.875, 100.000, 0.913, 0.672, 
[750] Train acc: 0.9375, Constr acc: 0.9375, CE loss: 0.166, DL2 loss: 1.443
8, 140, 0.1661, 0.0005, 93.750, 100.000, 0.974, 0.502, 
[765] Train acc: 0.9531, Constr acc: 0.7812, CE loss: 0.110, DL2 loss: 4.921
8, 139, 0.1102, 0.0005, 95.312, 100.000, 0.969, 0.474, 
[780] Train acc: 0.9688, Constr acc: 0.9688, CE loss: 0.122, DL2 loss: 0.677
8, 138, 0.1222, 0.0005, 96.875, 100.000, 0.978, 0.432, 
[795] Train acc: 0.9844, Constr acc: 0.8438, CE loss: 0.034, DL2 loss: 5.175
8, 137, 0.0337, 0.0004, 98.438, 100.000, 0.971, 0.412, 
[810] Train acc: 0.9531, Constr acc: 1.0000, CE loss: 0.166, DL2 loss: 0.000
8, 136, 0.1661, 0.0005, 95.312, 100.000, 0.978, 0.472, 
[825] Train acc: 0.9844, Constr acc: 0.9062, CE loss: 0.109, DL2 loss: 2.366
8, 135, 0.1086, 0.0005, 98.438, 100.000, 0.978, 0.428, 
[840] Train acc: 0.9844, Constr acc: 0.9375, CE loss: 0.057, DL2 loss: 1.586
8, 134, 0.0568, 0.0005, 98.438, 100.000, 0.976, 0.459, 
[855] Train acc: 0.9844, Constr acc: 0.8438, CE loss: 0.079, DL2 loss: 5.365
8, 133, 0.0788, 0.0005, 98.438, 100.000, 0.974, 0.495, 
[870] Train acc: 0.9688, Constr acc: 0.8750, CE loss: 0.097, DL2 loss: 3.443
8, 132, 0.0970, 0.0005, 96.875, 100.000, 0.979, 0.477, 
[885] Train acc: 0.9375, Constr acc: 0.8750, CE loss: 0.168, DL2 loss: 3.560
8, 131, 0.1682, 0.0005, 93.750, 100.000, 0.969, 0.488, 
[900] Train acc: 0.9219, Constr acc: 0.9375, CE loss: 0.238, DL2 loss: 0.565
8, 130, 0.2381, 0.0006, 92.188, 100.000, 0.935, 0.606, 
[915] Train acc: 0.9688, Constr acc: 0.8750, CE loss: 0.091, DL2 loss: 3.995
8, 129, 0.0915, 0.0005, 96.875, 100.000, 0.974, 0.501, 
[930] Train acc: 1.0000, Constr acc: 0.9375, CE loss: 0.030, DL2 loss: 1.483
8, 128, 0.0299, 0.0005, 100.000, 100.000, 0.968, 0.484, 
[0] Train acc: 0.9688, Constr acc: 0.8750, CE loss: 0.108, DL2 loss: 3.798
9, 127, 0.1076, 0.0005, 96.875, 100.000, 0.976, 0.517, 
[15] Train acc: 0.9688, Constr acc: 0.8125, CE loss: 0.100, DL2 loss: 6.278
9, 126, 0.1000, 0.0005, 96.875, 100.000, 0.973, 0.580, 
[30] Train acc: 0.9844, Constr acc: 0.8125, CE loss: 0.030, DL2 loss: 6.056
9, 125, 0.0302, 0.0005, 98.438, 100.000, 0.975, 0.601, 
[45] Train acc: 0.9688, Constr acc: 0.9062, CE loss: 0.131, DL2 loss: 1.607
9, 124, 0.1310, 0.0005, 96.875, 100.000, 0.971, 0.558, 
[60] Train acc: 1.0000, Constr acc: 0.9062, CE loss: 0.041, DL2 loss: 2.474
9, 123, 0.0414, 0.0005, 100.000, 100.000, 0.973, 0.452, 
[75] Train acc: 0.9844, Constr acc: 1.0000, CE loss: 0.055, DL2 loss: 0.000
9, 122, 0.0549, 0.0004, 98.438, 100.000, 0.974, 0.411, 
[90] Train acc: 0.9844, Constr acc: 0.8125, CE loss: 0.059, DL2 loss: 4.012
9, 121, 0.0585, 0.0005, 98.438, 100.000, 0.966, 0.493, 
[105] Train acc: 1.0000, Constr acc: 0.8750, CE loss: 0.037, DL2 loss: 3.020
9, 120, 0.0369, 0.0004, 100.000, 100.000, 0.972, 0.384, 
[120] Train acc: 0.9531, Constr acc: 0.9375, CE loss: 0.119, DL2 loss: 1.592
9, 119, 0.1189, 0.0005, 95.312, 100.000, 0.966, 0.407, 
[135] Train acc: 0.9844, Constr acc: 0.8750, CE loss: 0.083, DL2 loss: 2.719
9, 118, 0.0833, 0.0005, 98.438, 100.000, 0.970, 0.508, 
[150] Train acc: 1.0000, Constr acc: 0.9375, CE loss: 0.033, DL2 loss: 1.091
9, 117, 0.0329, 0.0005, 100.000, 100.000, 0.967, 0.477, 
[165] Train acc: 0.9688, Constr acc: 0.9375, CE loss: 0.104, DL2 loss: 1.571
9, 116, 0.1039, 0.0005, 96.875, 100.000, 0.973, 0.458, 
[180] Train acc: 0.9219, Constr acc: 0.9062, CE loss: 0.250, DL2 loss: 1.023
9, 115, 0.2504, 0.0005, 92.188, 100.000, 0.964, 0.497, 
[195] Train acc: 0.9844, Constr acc: 0.9375, CE loss: 0.068, DL2 loss: 1.091
9, 114, 0.0678, 0.0005, 98.438, 100.000, 0.971, 0.496, 
[210] Train acc: 0.9531, Constr acc: 0.9375, CE loss: 0.171, DL2 loss: 2.356
9, 113, 0.1713, 0.0005, 95.312, 100.000, 0.964, 0.526, 
[225] Train acc: 0.8750, Constr acc: 0.8125, CE loss: 0.278, DL2 loss: 2.803
9, 112, 0.2776, 0.0006, 87.500, 100.000, 0.931, 0.524, 
[240] Train acc: 1.0000, Constr acc: 0.8750, CE loss: 0.029, DL2 loss: 3.197
9, 111, 0.0290, 0.0005, 100.000, 100.000, 0.969, 0.514, 
[255] Train acc: 0.9844, Constr acc: 0.9062, CE loss: 0.077, DL2 loss: 2.282
9, 110, 0.0774, 0.0006, 98.438, 100.000, 0.970, 0.595, 
[270] Train acc: 0.9688, Constr acc: 0.8750, CE loss: 0.141, DL2 loss: 2.291
9, 109, 0.1406, 0.0006, 96.875, 100.000, 0.975, 0.616, 
[285] Train acc: 0.9688, Constr acc: 0.9062, CE loss: 0.082, DL2 loss: 3.355
9, 108, 0.0823, 0.0005, 96.875, 100.000, 0.973, 0.472, 
[300] Train acc: 0.9844, Constr acc: 0.9688, CE loss: 0.074, DL2 loss: 1.199
9, 107, 0.0739, 0.0005, 98.438, 100.000, 0.973, 0.568, 
[315] Train acc: 0.9375, Constr acc: 0.8125, CE loss: 0.165, DL2 loss: 4.291
9, 106, 0.1646, 0.0005, 93.750, 100.000, 0.968, 0.536, 
[330] Train acc: 0.9844, Constr acc: 0.8750, CE loss: 0.071, DL2 loss: 3.266
9, 105, 0.0707, 0.0005, 98.438, 100.000, 0.980, 0.538, 
[345] Train acc: 0.9844, Constr acc: 0.9375, CE loss: 0.066, DL2 loss: 1.404
9, 104, 0.0662, 0.0005, 98.438, 100.000, 0.976, 0.535, 
[360] Train acc: 1.0000, Constr acc: 0.9375, CE loss: 0.051, DL2 loss: 0.983
9, 103, 0.0511, 0.0005, 100.000, 100.000, 0.964, 0.528, 
[375] Train acc: 0.9844, Constr acc: 0.9688, CE loss: 0.047, DL2 loss: 0.807
9, 102, 0.0468, 0.0006, 98.438, 100.000, 0.971, 0.597, 
[390] Train acc: 0.9844, Constr acc: 0.9688, CE loss: 0.109, DL2 loss: 0.161
9, 101, 0.1092, 0.0005, 98.438, 100.000, 0.961, 0.528, 
[405] Train acc: 1.0000, Constr acc: 0.7812, CE loss: 0.053, DL2 loss: 5.125
9, 100, 0.0532, 0.0005, 100.000, 100.000, 0.959, 0.494, 
[420] Train acc: 1.0000, Constr acc: 0.9062, CE loss: 0.046, DL2 loss: 2.444
9, 99, 0.0460, 0.0005, 100.000, 100.000, 0.969, 0.490, 
[435] Train acc: 0.9688, Constr acc: 0.9688, CE loss: 0.078, DL2 loss: 1.148
9, 98, 0.0778, 0.0005, 96.875, 100.000, 0.977, 0.541, 
[450] Train acc: 0.9688, Constr acc: 0.9375, CE loss: 0.199, DL2 loss: 1.373
9, 97, 0.1987, 0.0005, 96.875, 100.000, 0.972, 0.546, 
[465] Train acc: 0.9844, Constr acc: 0.8750, CE loss: 0.129, DL2 loss: 3.204
9, 96, 0.1290, 0.0006, 98.438, 100.000, 0.967, 0.683, 
[480] Train acc: 0.9219, Constr acc: 0.9062, CE loss: 0.192, DL2 loss: 2.750
9, 95, 0.1915, 0.0006, 92.188, 100.000, 0.966, 0.585, 
[495] Train acc: 0.9844, Constr acc: 0.8438, CE loss: 0.111, DL2 loss: 3.948
9, 94, 0.1109, 0.0005, 98.438, 100.000, 0.974, 0.481, 
[510] Train acc: 0.9844, Constr acc: 0.8750, CE loss: 0.072, DL2 loss: 4.238
9, 93, 0.0718, 0.0006, 98.438, 100.000, 0.955, 0.626, 
[525] Train acc: 0.9531, Constr acc: 0.9062, CE loss: 0.152, DL2 loss: 2.271
9, 92, 0.1522, 0.0006, 95.312, 100.000, 0.967, 0.593, 
[540] Train acc: 0.9531, Constr acc: 0.8750, CE loss: 0.083, DL2 loss: 4.477
9, 91, 0.0832, 0.0006, 95.312, 100.000, 0.964, 0.599, 
[555] Train acc: 0.9688, Constr acc: 0.8750, CE loss: 0.056, DL2 loss: 2.451
9, 90, 0.0557, 0.0005, 96.875, 100.000, 0.973, 0.573, 
[570] Train acc: 0.9375, Constr acc: 0.9375, CE loss: 0.150, DL2 loss: 1.640
9, 89, 0.1503, 0.0006, 93.750, 100.000, 0.912, 0.488, 
[585] Train acc: 1.0000, Constr acc: 0.8750, CE loss: 0.042, DL2 loss: 3.332
9, 88, 0.0421, 0.0006, 100.000, 100.000, 0.970, 0.589, 
[600] Train acc: 0.9219, Constr acc: 0.7812, CE loss: 0.197, DL2 loss: 4.558
9, 87, 0.1975, 0.0006, 92.188, 100.000, 0.897, 0.551, 
[615] Train acc: 0.9375, Constr acc: 0.8125, CE loss: 0.149, DL2 loss: 3.488
9, 86, 0.1488, 0.0006, 93.750, 100.000, 0.947, 0.622, 
[630] Train acc: 0.9219, Constr acc: 0.8438, CE loss: 0.252, DL2 loss: 4.140
9, 85, 0.2521, 0.0006, 92.188, 100.000, 0.936, 0.525, 
[645] Train acc: 0.9062, Constr acc: 0.9062, CE loss: 0.199, DL2 loss: 3.535
9, 84, 0.1988, 0.0006, 90.625, 100.000, 0.935, 0.544, 
[660] Train acc: 0.9531, Constr acc: 0.7812, CE loss: 0.146, DL2 loss: 6.847
9, 83, 0.1459, 0.0006, 95.312, 100.000, 0.956, 0.527, 
[675] Train acc: 0.9219, Constr acc: 0.9375, CE loss: 0.312, DL2 loss: 1.523
9, 82, 0.3121, 0.0006, 92.188, 98.438, 0.947, 0.565, 
[690] Train acc: 1.0000, Constr acc: 1.0000, CE loss: 0.022, DL2 loss: 0.000
9, 81, 0.0221, 0.0005, 100.000, 100.000, 0.969, 0.557, 
[705] Train acc: 0.9844, Constr acc: 0.9375, CE loss: 0.087, DL2 loss: 1.302
9, 80, 0.0865, 0.0005, 98.438, 100.000, 0.962, 0.559, 
[720] Train acc: 0.9531, Constr acc: 0.8750, CE loss: 0.206, DL2 loss: 2.654
9, 79, 0.2063, 0.0005, 95.312, 98.438, 0.974, 0.521, 
[735] Train acc: 0.9688, Constr acc: 0.8750, CE loss: 0.191, DL2 loss: 2.723
9, 78, 0.1911, 0.0006, 96.875, 98.438, 0.960, 0.638, 
[750] Train acc: 0.9844, Constr acc: 0.8438, CE loss: 0.064, DL2 loss: 3.134
9, 77, 0.0637, 0.0006, 98.438, 100.000, 0.955, 0.554, 
[765] Train acc: 0.9375, Constr acc: 0.9688, CE loss: 0.150, DL2 loss: 0.822
9, 76, 0.1499, 0.0005, 93.750, 100.000, 0.960, 0.542, 
[780] Train acc: 0.9375, Constr acc: 0.9375, CE loss: 0.224, DL2 loss: 1.282
9, 75, 0.2242, 0.0006, 93.750, 100.000, 0.965, 0.613, 
[795] Train acc: 0.9062, Constr acc: 0.8750, CE loss: 0.189, DL2 loss: 3.005
9, 74, 0.1893, 0.0006, 90.625, 100.000, 0.961, 0.687, 
[810] Train acc: 0.9844, Constr acc: 0.9375, CE loss: 0.045, DL2 loss: 2.090
9, 73, 0.0450, 0.0006, 98.438, 100.000, 0.964, 0.616, 
[825] Train acc: 0.9531, Constr acc: 0.9375, CE loss: 0.230, DL2 loss: 1.528
9, 72, 0.2299, 0.0006, 95.312, 100.000, 0.962, 0.593, 
[840] Train acc: 0.9219, Constr acc: 0.9375, CE loss: 0.155, DL2 loss: 2.254
9, 71, 0.1553, 0.0006, 92.188, 100.000, 0.962, 0.568, 
[855] Train acc: 0.9688, Constr acc: 0.8750, CE loss: 0.178, DL2 loss: 2.813
9, 70, 0.1782, 0.0006, 96.875, 100.000, 0.964, 0.572, 
[870] Train acc: 0.9375, Constr acc: 0.8125, CE loss: 0.233, DL2 loss: 3.847
9, 69, 0.2335, 0.0006, 93.750, 100.000, 0.909, 0.513, 
[885] Train acc: 0.9844, Constr acc: 0.8750, CE loss: 0.115, DL2 loss: 3.886
9, 68, 0.1149, 0.0006, 98.438, 100.000, 0.960, 0.632, 
[900] Train acc: 0.9688, Constr acc: 0.9062, CE loss: 0.109, DL2 loss: 3.181
9, 67, 0.1089, 0.0006, 96.875, 100.000, 0.962, 0.637, 
[915] Train acc: 0.9844, Constr acc: 0.9062, CE loss: 0.111, DL2 loss: 1.678
9, 66, 0.1108, 0.0006, 98.438, 100.000, 0.956, 0.702, 
[930] Train acc: 0.9375, Constr acc: 0.8750, CE loss: 0.138, DL2 loss: 2.871
9, 65, 0.1380, 0.0006, 93.750, 100.000, 0.968, 0.626, 
[0] Train acc: 0.9688, Constr acc: 0.8438, CE loss: 0.137, DL2 loss: 2.019
10, 65, 0.1374, 0.0006, 96.875, 100.000, 0.941, 0.635, 
[15] Train acc: 0.8750, Constr acc: 0.8750, CE loss: 0.342, DL2 loss: 3.428
10, 64, 0.3417, 0.0005, 87.500, 98.438, 0.965, 0.563, 
[30] Train acc: 0.9844, Constr acc: 0.9375, CE loss: 0.041, DL2 loss: 1.174
10, 63, 0.0406, 0.0005, 98.438, 100.000, 0.972, 0.552, 
[45] Train acc: 0.9531, Constr acc: 0.9062, CE loss: 0.146, DL2 loss: 3.051
10, 62, 0.1456, 0.0006, 95.312, 100.000, 0.972, 0.649, 
[60] Train acc: 0.9688, Constr acc: 0.8125, CE loss: 0.092, DL2 loss: 3.013
10, 61, 0.0923, 0.0006, 96.875, 100.000, 0.958, 0.618, 
[75] Train acc: 0.9531, Constr acc: 0.9062, CE loss: 0.157, DL2 loss: 2.097
10, 60, 0.1573, 0.0006, 95.312, 100.000, 0.951, 0.656, 
[90] Train acc: 0.9844, Constr acc: 0.8750, CE loss: 0.063, DL2 loss: 3.327
10, 59, 0.0630, 0.0005, 98.438, 100.000, 0.964, 0.485, 
[105] Train acc: 0.9375, Constr acc: 0.9062, CE loss: 0.151, DL2 loss: 1.347
10, 58, 0.1511, 0.0005, 93.750, 100.000, 0.951, 0.439, 
[120] Train acc: 0.9219, Constr acc: 0.8750, CE loss: 0.314, DL2 loss: 2.434
10, 57, 0.3138, 0.0006, 92.188, 98.438, 0.904, 0.572, 
[135] Train acc: 0.9531, Constr acc: 0.8438, CE loss: 0.116, DL2 loss: 3.212
10, 56, 0.1164, 0.0006, 95.312, 100.000, 0.946, 0.638, 
[150] Train acc: 0.9844, Constr acc: 0.8125, CE loss: 0.065, DL2 loss: 3.873
10, 55, 0.0650, 0.0006, 98.438, 100.000, 0.959, 0.653, 
[165] Train acc: 0.9375, Constr acc: 0.9375, CE loss: 0.188, DL2 loss: 0.580
10, 54, 0.1879, 0.0007, 93.750, 100.000, 0.942, 0.639, 
[180] Train acc: 0.9531, Constr acc: 0.9688, CE loss: 0.089, DL2 loss: 1.137
10, 53, 0.0890, 0.0006, 95.312, 100.000, 0.962, 0.604, 
[195] Train acc: 0.9531, Constr acc: 0.9688, CE loss: 0.129, DL2 loss: 0.670
10, 52, 0.1292, 0.0006, 95.312, 100.000, 0.963, 0.592, 
[210] Train acc: 0.9688, Constr acc: 0.8438, CE loss: 0.110, DL2 loss: 3.675
10, 51, 0.1103, 0.0006, 96.875, 100.000, 0.955, 0.579, 
[225] Train acc: 1.0000, Constr acc: 0.9062, CE loss: 0.024, DL2 loss: 1.634
10, 50, 0.0241, 0.0006, 100.000, 100.000, 0.958, 0.660, 
[240] Train acc: 0.9062, Constr acc: 0.9375, CE loss: 0.320, DL2 loss: 1.777
10, 49, 0.3197, 0.0006, 90.625, 100.000, 0.964, 0.677, 
[255] Train acc: 0.9375, Constr acc: 0.9062, CE loss: 0.255, DL2 loss: 2.868
10, 48, 0.2554, 0.0006, 93.750, 100.000, 0.953, 0.655, 
[270] Train acc: 0.9531, Constr acc: 0.8750, CE loss: 0.103, DL2 loss: 3.735
10, 47, 0.1026, 0.0006, 95.312, 100.000, 0.949, 0.619, 
[285] Train acc: 0.9375, Constr acc: 0.7500, CE loss: 0.207, DL2 loss: 5.234
10, 46, 0.2068, 0.0007, 93.750, 100.000, 0.925, 0.641, 
[300] Train acc: 0.9688, Constr acc: 0.9062, CE loss: 0.155, DL2 loss: 1.494
10, 45, 0.1548, 0.0006, 96.875, 100.000, 0.956, 0.665, 
[315] Train acc: 0.9375, Constr acc: 0.8125, CE loss: 0.175, DL2 loss: 4.591
10, 44, 0.1746, 0.0006, 93.750, 100.000, 0.941, 0.618, 
[330] Train acc: 0.9219, Constr acc: 0.9062, CE loss: 0.416, DL2 loss: 1.064
10, 43, 0.4159, 0.0007, 92.188, 98.438, 0.941, 0.679, 
[345] Train acc: 0.9531, Constr acc: 0.9375, CE loss: 0.151, DL2 loss: 1.162
10, 42, 0.1511, 0.0007, 95.312, 100.000, 0.946, 0.664, 
[360] Train acc: 0.9531, Constr acc: 0.8438, CE loss: 0.118, DL2 loss: 3.424
10, 41, 0.1180, 0.0006, 95.312, 100.000, 0.953, 0.630, 
[375] Train acc: 1.0000, Constr acc: 0.7812, CE loss: 0.076, DL2 loss: 5.856
10, 40, 0.0759, 0.0007, 100.000, 100.000, 0.955, 0.759, 
[390] Train acc: 0.9844, Constr acc: 0.8125, CE loss: 0.103, DL2 loss: 3.676
10, 39, 0.1027, 0.0007, 98.438, 100.000, 0.858, 0.633, 
[405] Train acc: 1.0000, Constr acc: 0.8438, CE loss: 0.049, DL2 loss: 3.279
10, 38, 0.0488, 0.0006, 100.000, 100.000, 0.959, 0.652, 
[420] Train acc: 0.9375, Constr acc: 0.8438, CE loss: 0.178, DL2 loss: 3.475
10, 37, 0.1776, 0.0007, 93.750, 100.000, 0.953, 0.707, 
[435] Train acc: 0.9062, Constr acc: 0.9688, CE loss: 0.426, DL2 loss: 0.467
10, 36, 0.4258, 0.0007, 90.625, 100.000, 0.937, 0.652, 
[450] Train acc: 0.9531, Constr acc: 0.8750, CE loss: 0.223, DL2 loss: 3.107
10, 35, 0.2233, 0.0006, 95.312, 100.000, 0.928, 0.566, 
[465] Train acc: 0.8750, Constr acc: 0.9062, CE loss: 0.342, DL2 loss: 1.621
10, 34, 0.3422, 0.0007, 87.500, 100.000, 0.955, 0.641, 
[480] Train acc: 0.9375, Constr acc: 0.8125, CE loss: 0.319, DL2 loss: 3.967
10, 33, 0.3193, 0.0008, 93.750, 98.438, 0.867, 0.650, 
[495] Train acc: 0.9688, Constr acc: 0.8438, CE loss: 0.119, DL2 loss: 4.917
10, 32, 0.1194, 0.0007, 96.875, 100.000, 0.927, 0.737, 
[510] Train acc: 0.9375, Constr acc: 0.9062, CE loss: 0.215, DL2 loss: 2.383
10, 31, 0.2147, 0.0007, 93.750, 100.000, 0.947, 0.717, 
[525] Train acc: 0.9062, Constr acc: 0.9062, CE loss: 0.279, DL2 loss: 1.973
10, 30, 0.2789, 0.0008, 90.625, 100.000, 0.914, 0.693, 
[540] Train acc: 0.8594, Constr acc: 0.7188, CE loss: 0.382, DL2 loss: 4.348
10, 29, 0.3819, 0.0008, 85.938, 98.438, 0.900, 0.759, 
[555] Train acc: 0.9062, Constr acc: 0.8750, CE loss: 0.350, DL2 loss: 2.645
10, 28, 0.3500, 0.0008, 90.625, 100.000, 0.855, 0.705, 
[570] Train acc: 0.7656, Constr acc: 0.9062, CE loss: 0.631, DL2 loss: 0.516
10, 27, 0.6312, 0.0007, 76.562, 100.000, 0.913, 0.644, 
[585] Train acc: 0.8594, Constr acc: 0.8750, CE loss: 0.387, DL2 loss: 1.689
10, 26, 0.3871, 0.0007, 85.938, 100.000, 0.890, 0.639, 
[600] Train acc: 0.8125, Constr acc: 0.7188, CE loss: 0.473, DL2 loss: 6.083
10, 25, 0.4732, 0.0009, 81.250, 100.000, 0.824, 0.740, 
[615] Train acc: 0.8125, Constr acc: 0.7500, CE loss: 0.476, DL2 loss: 3.686
10, 24, 0.4760, 0.0009, 81.250, 100.000, 0.853, 0.740, 
[630] Train acc: 0.9062, Constr acc: 0.8750, CE loss: 0.330, DL2 loss: 1.980
10, 23, 0.3297, 0.0008, 90.625, 100.000, 0.897, 0.684, 
[645] Train acc: 0.8438, Constr acc: 0.9062, CE loss: 0.445, DL2 loss: 1.866
10, 22, 0.4452, 0.0008, 84.375, 100.000, 0.898, 0.679, 
[660] Train acc: 0.7031, Constr acc: 0.7500, CE loss: 0.765, DL2 loss: 6.631
10, 21, 0.7648, 0.0010, 70.312, 98.438, 0.857, 0.890, 
[675] Train acc: 0.8438, Constr acc: 0.8438, CE loss: 0.515, DL2 loss: 2.561
10, 20, 0.5155, 0.0008, 84.375, 98.438, 0.842, 0.709, 
[690] Train acc: 0.7969, Constr acc: 0.6875, CE loss: 0.713, DL2 loss: 5.311
10, 19, 0.7132, 0.0011, 79.688, 98.438, 0.821, 0.839, 
[705] Train acc: 0.7500, Constr acc: 0.8438, CE loss: 0.699, DL2 loss: 4.126
10, 18, 0.6994, 0.0010, 75.000, 96.875, 0.828, 0.708, 
[720] Train acc: 0.7031, Constr acc: 0.8125, CE loss: 0.776, DL2 loss: 2.821
10, 17, 0.7760, 0.0012, 70.312, 98.438, 0.706, 0.847, 
[735] Train acc: 0.5000, Constr acc: 0.6250, CE loss: 1.141, DL2 loss: 8.185
10, 16, 1.1407, 0.0013, 50.000, 96.875, 0.624, 0.832, 
[750] Train acc: 0.4219, Constr acc: 0.7188, CE loss: 1.529, DL2 loss: 6.347
10, 15, 1.5292, 0.0014, 42.188, 92.188, 0.454, 0.757, 
[765] Train acc: 0.2969, Constr acc: 0.6250, CE loss: 1.892, DL2 loss: 6.846
10, 14, 1.8923, 0.0017, 29.688, 87.500, 0.317, 0.785, 
[780] Train acc: 0.3438, Constr acc: 0.4062, CE loss: 1.562, DL2 loss: 14.549
10, 13, 1.5620, 0.0016, 34.375, 87.500, 0.390, 0.864, 
[795] Train acc: 0.4531, Constr acc: 0.5312, CE loss: 1.700, DL2 loss: 8.459
10, 12, 1.6999, 0.0016, 45.312, 92.188, 0.450, 0.867, 
[810] Train acc: 0.2188, Constr acc: 0.4688, CE loss: 1.927, DL2 loss: 12.998
10, 11, 1.9272, 0.0016, 21.875, 92.188, 0.447, 0.726, 
[825] Train acc: 0.3594, Constr acc: 0.6875, CE loss: 2.104, DL2 loss: 4.139
10, 10, 2.1045, 0.0017, 35.938, 87.500, 0.414, 0.824, 
[840] Train acc: 0.4531, Constr acc: 0.6250, CE loss: 1.812, DL2 loss: 6.373
10, 9, 1.8124, 0.0016, 45.312, 82.812, 0.465, 0.809, 
[855] Train acc: 0.2656, Constr acc: 0.6250, CE loss: 2.885, DL2 loss: 6.488
10, 8, 2.8849, 0.0017, 26.562, 84.375, 0.399, 0.812, 
[870] Train acc: 0.2188, Constr acc: 0.2188, CE loss: 2.468, DL2 loss: 25.137
10, 7, 2.4680, 0.0020, 21.875, 82.812, 0.221, 0.923, 
[885] Train acc: 0.2656, Constr acc: 0.3125, CE loss: 2.003, DL2 loss: 18.352
10, 6, 2.0034, 0.0020, 26.562, 70.312, 0.234, 0.915, 
[900] Train acc: 0.0938, Constr acc: 0.0000, CE loss: 2.302, DL2 loss: 32.955
10, 5, 2.3025, 0.0024, 9.375, 57.812, 0.101, 1.000, 
[915] Train acc: 0.1094, Constr acc: 0.0000, CE loss: 2.313, DL2 loss: 35.254
10, 4, 2.3128, 0.0024, 10.938, 53.125, 0.101, 1.000, 
[930] Train acc: 0.0781, Constr acc: 0.0000, CE loss: 2.360, DL2 loss: 32.369
10, 3, 2.3601, 0.0023, 7.812, 51.562, 0.101, 1.000, 
