main_allinputs_dl2.py --pruning=True --tensorboard=True --log-interval=15 --pruning_config=./configs/mnist_22_15.json --constraint RobustnessMany(eps1=5, eps2=2, eps3=25, eps4=6) --print-after-epoch=0 --dl2-weight=0.2 --delay=6
pruning_engine.load_mask(): did not find mask file, will load nothing
epoch, neuron_units, loss, dl2_loss, top1, top5, dl2_p_acc, dl2_constraint_acc
[0] Train acc: 0.1406
1, 252, 2.2927, 0.0023, 14.062, 59.375, 0.103, 1.000, 
[15] Train acc: 0.1875
1, 252, 2.2763, 0.0023, 18.750, 68.750, 0.103, 1.000, 
[30] Train acc: 0.3125
1, 252, 2.2343, 0.0023, 31.250, 75.000, 0.205, 1.000, 
[45] Train acc: 0.3594
1, 252, 2.1083, 0.0022, 35.938, 89.062, 0.408, 1.000, 
[60] Train acc: 0.5625
1, 252, 1.8079, 0.0021, 56.250, 90.625, 0.576, 1.000, 
[75] Train acc: 0.6719
1, 252, 1.1560, 0.0017, 67.188, 95.312, 0.646, 1.000, 
[90] Train acc: 0.6250
1, 252, 1.0569, 0.0015, 62.500, 98.438, 0.674, 1.000, 
[105] Train acc: 0.7031
1, 252, 0.8945, 0.0013, 70.312, 95.312, 0.730, 1.000, 
[120] Train acc: 0.8125
1, 252, 0.5999, 0.0011, 81.250, 98.438, 0.806, 1.000, 
[135] Train acc: 0.8594
1, 252, 0.3908, 0.0010, 85.938, 100.000, 0.854, 1.000, 
[150] Train acc: 0.8594
1, 252, 0.5338, 0.0010, 85.938, 100.000, 0.820, 1.000, 
[165] Train acc: 0.8281
1, 252, 0.5438, 0.0010, 82.812, 98.438, 0.764, 1.000, 
[180] Train acc: 0.9062
1, 252, 0.4400, 0.0009, 90.625, 98.438, 0.846, 1.000, 
[195] Train acc: 0.9062
1, 252, 0.2807, 0.0009, 90.625, 100.000, 0.848, 1.000, 
[210] Train acc: 0.9219
1, 252, 0.3620, 0.0009, 92.188, 98.438, 0.857, 1.000, 
[225] Train acc: 0.8906
1, 252, 0.3961, 0.0008, 89.062, 100.000, 0.886, 1.000, 
[240] Train acc: 0.8750
1, 252, 0.4191, 0.0008, 87.500, 98.438, 0.877, 1.000, 
[255] Train acc: 0.8281
1, 252, 0.4304, 0.0008, 82.812, 100.000, 0.853, 1.000, 
[270] Train acc: 0.9219
1, 252, 0.2301, 0.0008, 92.188, 100.000, 0.844, 1.000, 
[285] Train acc: 0.9375
1, 252, 0.2475, 0.0007, 93.750, 100.000, 0.920, 1.000, 
[300] Train acc: 0.9062
1, 252, 0.2684, 0.0007, 90.625, 100.000, 0.911, 1.000, 
[315] Train acc: 0.9375
1, 252, 0.2690, 0.0007, 93.750, 98.438, 0.921, 1.000, 
[330] Train acc: 0.9062
1, 252, 0.3765, 0.0007, 90.625, 98.438, 0.864, 1.000, 
[345] Train acc: 0.8594
1, 252, 0.4717, 0.0007, 85.938, 98.438, 0.908, 1.000, 
[360] Train acc: 0.8750
1, 252, 0.2840, 0.0007, 87.500, 100.000, 0.908, 1.000, 
[375] Train acc: 0.9375
1, 252, 0.1569, 0.0007, 93.750, 100.000, 0.922, 1.000, 
[390] Train acc: 0.9219
1, 252, 0.2107, 0.0006, 92.188, 100.000, 0.915, 1.000, 
[405] Train acc: 0.9375
1, 252, 0.1972, 0.0006, 93.750, 100.000, 0.917, 1.000, 
[420] Train acc: 0.9375
1, 252, 0.2407, 0.0006, 93.750, 100.000, 0.935, 1.000, 
[435] Train acc: 0.9219
1, 252, 0.2249, 0.0006, 92.188, 100.000, 0.934, 1.000, 
[450] Train acc: 0.9219
1, 252, 0.1830, 0.0006, 92.188, 100.000, 0.942, 1.000, 
[465] Train acc: 0.8906
1, 252, 0.3452, 0.0006, 89.062, 100.000, 0.912, 1.000, 
[480] Train acc: 1.0000
1, 252, 0.0759, 0.0006, 100.000, 100.000, 0.935, 1.000, 
[495] Train acc: 0.9531
1, 252, 0.1630, 0.0006, 95.312, 100.000, 0.947, 1.000, 
[510] Train acc: 0.9219
1, 252, 0.1678, 0.0005, 92.188, 100.000, 0.948, 1.000, 
[525] Train acc: 0.9531
1, 252, 0.1374, 0.0006, 95.312, 100.000, 0.945, 1.000, 
[540] Train acc: 0.9531
1, 252, 0.2549, 0.0006, 95.312, 98.438, 0.932, 1.000, 
[555] Train acc: 0.9688
1, 252, 0.1706, 0.0005, 96.875, 98.438, 0.953, 1.000, 
[570] Train acc: 0.9531
1, 252, 0.1493, 0.0005, 95.312, 100.000, 0.924, 1.000, 
[585] Train acc: 0.9844
1, 252, 0.0839, 0.0005, 98.438, 100.000, 0.950, 1.000, 
[600] Train acc: 0.9531
1, 252, 0.1911, 0.0005, 95.312, 100.000, 0.951, 1.000, 
[615] Train acc: 0.9531
1, 252, 0.1562, 0.0005, 95.312, 100.000, 0.951, 1.000, 
[630] Train acc: 0.9375
1, 252, 0.3316, 0.0005, 93.750, 100.000, 0.956, 1.000, 
[645] Train acc: 0.9688
1, 252, 0.1515, 0.0005, 96.875, 100.000, 0.956, 1.000, 
[660] Train acc: 0.9688
1, 252, 0.1340, 0.0005, 96.875, 100.000, 0.956, 1.000, 
[675] Train acc: 0.9219
1, 252, 0.1611, 0.0005, 92.188, 100.000, 0.956, 1.000, 
[690] Train acc: 0.9688
1, 252, 0.1636, 0.0005, 96.875, 98.438, 0.957, 1.000, 
[705] Train acc: 0.8906
1, 252, 0.3456, 0.0005, 89.062, 100.000, 0.951, 1.000, 
[720] Train acc: 1.0000
1, 252, 0.0531, 0.0005, 100.000, 100.000, 0.958, 1.000, 
[735] Train acc: 0.9375
1, 252, 0.1569, 0.0005, 93.750, 100.000, 0.957, 1.000, 
[750] Train acc: 0.9688
1, 252, 0.0697, 0.0005, 96.875, 100.000, 0.950, 1.000, 
[765] Train acc: 0.9062
1, 252, 0.2833, 0.0005, 90.625, 100.000, 0.946, 1.000, 
[780] Train acc: 0.9219
1, 252, 0.1946, 0.0005, 92.188, 100.000, 0.964, 1.000, 
[795] Train acc: 0.9375
1, 252, 0.1266, 0.0005, 93.750, 100.000, 0.960, 1.000, 
[810] Train acc: 1.0000
1, 252, 0.0542, 0.0005, 100.000, 100.000, 0.964, 1.000, 
[825] Train acc: 0.9531
1, 252, 0.1051, 0.0005, 95.312, 100.000, 0.960, 1.000, 
[840] Train acc: 0.9531
1, 252, 0.1322, 0.0005, 95.312, 100.000, 0.968, 1.000, 
[855] Train acc: 0.9375
1, 252, 0.1512, 0.0005, 93.750, 100.000, 0.942, 1.000, 
[870] Train acc: 0.9531
1, 252, 0.1509, 0.0004, 95.312, 100.000, 0.964, 1.000, 
[885] Train acc: 0.9375
1, 252, 0.1358, 0.0005, 93.750, 100.000, 0.959, 1.000, 
[900] Train acc: 0.9531
1, 252, 0.1066, 0.0004, 95.312, 100.000, 0.962, 1.000, 
[915] Train acc: 0.9375
1, 252, 0.1932, 0.0004, 93.750, 100.000, 0.960, 1.000, 
[930] Train acc: 0.9375
1, 252, 0.1555, 0.0004, 93.750, 100.000, 0.964, 1.000, 
[0] Train acc: 0.9531
2, 252, 0.1419, 0.0004, 95.312, 100.000, 0.963, 1.000, 
[15] Train acc: 0.9844
2, 252, 0.0728, 0.0004, 98.438, 100.000, 0.968, 1.000, 
[30] Train acc: 0.9688
2, 252, 0.0831, 0.0004, 96.875, 100.000, 0.955, 1.000, 
[45] Train acc: 0.9688
2, 252, 0.0926, 0.0004, 96.875, 100.000, 0.965, 1.000, 
[60] Train acc: 0.9844
2, 252, 0.0453, 0.0004, 98.438, 100.000, 0.963, 1.000, 
[75] Train acc: 0.9688
2, 252, 0.1387, 0.0004, 96.875, 100.000, 0.966, 1.000, 
[90] Train acc: 0.9375
2, 252, 0.3302, 0.0004, 93.750, 100.000, 0.967, 1.000, 
[105] Train acc: 0.9844
2, 252, 0.0469, 0.0004, 98.438, 100.000, 0.969, 1.000, 
[120] Train acc: 0.9844
2, 252, 0.0899, 0.0004, 98.438, 100.000, 0.970, 1.000, 
[135] Train acc: 0.9688
2, 252, 0.1524, 0.0004, 96.875, 100.000, 0.963, 1.000, 
[150] Train acc: 0.9531
2, 252, 0.0857, 0.0004, 95.312, 100.000, 0.967, 1.000, 
[165] Train acc: 0.9844
2, 252, 0.0723, 0.0004, 98.438, 100.000, 0.968, 1.000, 
[180] Train acc: 0.9531
2, 252, 0.0809, 0.0004, 95.312, 100.000, 0.967, 1.000, 
[195] Train acc: 0.9844
2, 252, 0.0929, 0.0004, 98.438, 100.000, 0.960, 1.000, 
[210] Train acc: 0.9688
2, 252, 0.0649, 0.0004, 96.875, 100.000, 0.973, 1.000, 
[225] Train acc: 0.9531
2, 252, 0.1443, 0.0004, 95.312, 100.000, 0.966, 1.000, 
[240] Train acc: 0.9531
2, 252, 0.1491, 0.0004, 95.312, 100.000, 0.966, 1.000, 
[255] Train acc: 1.0000
2, 252, 0.0272, 0.0004, 100.000, 100.000, 0.968, 1.000, 
[270] Train acc: 0.9844
2, 252, 0.0611, 0.0003, 98.438, 100.000, 0.973, 1.000, 
[285] Train acc: 0.9844
2, 252, 0.0364, 0.0003, 98.438, 100.000, 0.975, 1.000, 
[300] Train acc: 0.9688
2, 252, 0.0821, 0.0004, 96.875, 100.000, 0.969, 1.000, 
[315] Train acc: 0.9375
2, 252, 0.1149, 0.0004, 93.750, 100.000, 0.975, 1.000, 
[330] Train acc: 0.9688
2, 252, 0.0534, 0.0004, 96.875, 100.000, 0.968, 1.000, 
[345] Train acc: 0.9531
2, 252, 0.2329, 0.0004, 95.312, 100.000, 0.976, 1.000, 
[360] Train acc: 0.9688
2, 252, 0.0643, 0.0004, 96.875, 100.000, 0.962, 1.000, 
[375] Train acc: 0.9688
2, 252, 0.1032, 0.0004, 96.875, 100.000, 0.976, 1.000, 
[390] Train acc: 0.9844
2, 252, 0.0273, 0.0004, 98.438, 100.000, 0.975, 1.000, 
[405] Train acc: 0.9844
2, 252, 0.0432, 0.0004, 98.438, 100.000, 0.968, 1.000, 
[420] Train acc: 0.9844
2, 252, 0.0258, 0.0003, 98.438, 100.000, 0.976, 1.000, 
[435] Train acc: 0.9844
2, 252, 0.0375, 0.0004, 98.438, 100.000, 0.977, 1.000, 
[450] Train acc: 0.9844
2, 252, 0.0817, 0.0003, 98.438, 100.000, 0.974, 1.000, 
[465] Train acc: 0.9688
2, 252, 0.0876, 0.0004, 96.875, 100.000, 0.972, 1.000, 
[480] Train acc: 0.9688
2, 252, 0.0873, 0.0004, 96.875, 100.000, 0.969, 1.000, 
[495] Train acc: 0.9531
2, 252, 0.1178, 0.0004, 95.312, 100.000, 0.972, 1.000, 
[510] Train acc: 1.0000
2, 252, 0.0177, 0.0004, 100.000, 100.000, 0.974, 1.000, 
[525] Train acc: 0.9688
2, 252, 0.1225, 0.0004, 96.875, 100.000, 0.978, 1.000, 
[540] Train acc: 0.9688
2, 252, 0.0677, 0.0004, 96.875, 100.000, 0.977, 1.000, 
[555] Train acc: 1.0000
2, 252, 0.0318, 0.0004, 100.000, 100.000, 0.977, 1.000, 
[570] Train acc: 0.9531
2, 252, 0.1975, 0.0004, 95.312, 100.000, 0.971, 1.000, 
[585] Train acc: 1.0000
2, 252, 0.0184, 0.0004, 100.000, 100.000, 0.964, 1.000, 
[600] Train acc: 0.9531
2, 252, 0.1874, 0.0004, 95.312, 100.000, 0.964, 1.000, 
[615] Train acc: 0.9531
2, 252, 0.1911, 0.0004, 95.312, 100.000, 0.974, 1.000, 
[630] Train acc: 0.9844
2, 252, 0.0757, 0.0004, 98.438, 100.000, 0.970, 1.000, 
[645] Train acc: 0.9062
2, 252, 0.2339, 0.0003, 90.625, 100.000, 0.980, 1.000, 
[660] Train acc: 0.9844
2, 252, 0.0507, 0.0003, 98.438, 100.000, 0.977, 1.000, 
[675] Train acc: 0.9844
2, 252, 0.0637, 0.0003, 98.438, 100.000, 0.978, 1.000, 
[690] Train acc: 0.9688
2, 252, 0.0459, 0.0003, 96.875, 100.000, 0.975, 1.000, 
[705] Train acc: 0.9844
2, 252, 0.0947, 0.0003, 98.438, 100.000, 0.970, 1.000, 
[720] Train acc: 0.9688
2, 252, 0.0641, 0.0003, 96.875, 100.000, 0.977, 1.000, 
[735] Train acc: 0.9844
2, 252, 0.1057, 0.0003, 98.438, 100.000, 0.959, 1.000, 
[750] Train acc: 1.0000
2, 252, 0.0183, 0.0003, 100.000, 100.000, 0.978, 1.000, 
[765] Train acc: 1.0000
2, 252, 0.0371, 0.0003, 100.000, 100.000, 0.978, 1.000, 
[780] Train acc: 0.9844
2, 252, 0.0421, 0.0003, 98.438, 100.000, 0.974, 1.000, 
[795] Train acc: 0.9688
2, 252, 0.0918, 0.0003, 96.875, 100.000, 0.976, 1.000, 
[810] Train acc: 0.9688
2, 252, 0.0796, 0.0003, 96.875, 100.000, 0.976, 1.000, 
[825] Train acc: 0.9375
2, 252, 0.2884, 0.0003, 93.750, 100.000, 0.979, 1.000, 
[840] Train acc: 1.0000
2, 252, 0.0218, 0.0003, 100.000, 100.000, 0.975, 1.000, 
[855] Train acc: 1.0000
2, 252, 0.0167, 0.0003, 100.000, 100.000, 0.980, 1.000, 
[870] Train acc: 0.9844
2, 252, 0.0273, 0.0003, 98.438, 100.000, 0.978, 1.000, 
[885] Train acc: 0.9688
2, 252, 0.0610, 0.0003, 96.875, 100.000, 0.977, 1.000, 
[900] Train acc: 0.9375
2, 252, 0.1101, 0.0003, 93.750, 100.000, 0.978, 1.000, 
[915] Train acc: 0.9844
2, 252, 0.0516, 0.0003, 98.438, 100.000, 0.981, 1.000, 
[930] Train acc: 0.9688
2, 252, 0.1069, 0.0003, 96.875, 100.000, 0.971, 1.000, 
[0] Train acc: 0.9688
3, 252, 0.1489, 0.0003, 96.875, 100.000, 0.969, 1.000, 
[15] Train acc: 1.0000
3, 252, 0.0289, 0.0003, 100.000, 100.000, 0.981, 1.000, 
[30] Train acc: 0.9844
3, 252, 0.0524, 0.0003, 98.438, 100.000, 0.977, 1.000, 
[45] Train acc: 0.9688
3, 252, 0.0788, 0.0004, 96.875, 100.000, 0.970, 1.000, 
[60] Train acc: 1.0000
3, 252, 0.0204, 0.0003, 100.000, 100.000, 0.981, 1.000, 
[75] Train acc: 0.9531
3, 252, 0.1291, 0.0003, 95.312, 100.000, 0.969, 1.000, 
[90] Train acc: 0.9688
3, 252, 0.0700, 0.0003, 96.875, 100.000, 0.975, 1.000, 
[105] Train acc: 1.0000
3, 252, 0.0225, 0.0003, 100.000, 100.000, 0.981, 1.000, 
[120] Train acc: 1.0000
3, 252, 0.0228, 0.0003, 100.000, 100.000, 0.979, 1.000, 
[135] Train acc: 0.9531
3, 252, 0.0802, 0.0003, 95.312, 100.000, 0.981, 1.000, 
[150] Train acc: 1.0000
3, 252, 0.0099, 0.0003, 100.000, 100.000, 0.974, 1.000, 
[165] Train acc: 0.9688
3, 252, 0.1813, 0.0003, 96.875, 100.000, 0.982, 1.000, 
[180] Train acc: 0.9531
3, 252, 0.1139, 0.0003, 95.312, 100.000, 0.980, 1.000, 
[195] Train acc: 0.9844
3, 252, 0.0672, 0.0003, 98.438, 100.000, 0.977, 1.000, 
[210] Train acc: 0.9688
3, 252, 0.0690, 0.0003, 96.875, 100.000, 0.971, 1.000, 
[225] Train acc: 1.0000
3, 252, 0.0137, 0.0003, 100.000, 100.000, 0.982, 1.000, 
[240] Train acc: 0.9688
3, 252, 0.0634, 0.0003, 96.875, 100.000, 0.979, 1.000, 
[255] Train acc: 0.9844
3, 252, 0.0525, 0.0003, 98.438, 100.000, 0.973, 1.000, 
[270] Train acc: 0.9531
3, 252, 0.1225, 0.0003, 95.312, 100.000, 0.982, 1.000, 
[285] Train acc: 0.9688
3, 252, 0.0596, 0.0003, 96.875, 100.000, 0.984, 1.000, 
[300] Train acc: 0.9844
3, 252, 0.0657, 0.0003, 98.438, 100.000, 0.980, 1.000, 
[315] Train acc: 0.9688
3, 252, 0.1433, 0.0003, 96.875, 100.000, 0.983, 1.000, 
[330] Train acc: 0.9531
3, 252, 0.1233, 0.0003, 95.312, 100.000, 0.978, 1.000, 
[345] Train acc: 1.0000
3, 252, 0.0148, 0.0003, 100.000, 100.000, 0.982, 1.000, 
[360] Train acc: 0.9844
3, 252, 0.0623, 0.0003, 98.438, 100.000, 0.979, 1.000, 
[375] Train acc: 1.0000
3, 252, 0.0419, 0.0003, 100.000, 100.000, 0.976, 1.000, 
[390] Train acc: 0.9375
3, 252, 0.2216, 0.0003, 93.750, 100.000, 0.967, 1.000, 
[405] Train acc: 0.9844
3, 252, 0.0486, 0.0003, 98.438, 100.000, 0.982, 1.000, 
[420] Train acc: 1.0000
3, 252, 0.0293, 0.0003, 100.000, 100.000, 0.983, 1.000, 
[435] Train acc: 0.9844
3, 252, 0.0260, 0.0003, 98.438, 100.000, 0.974, 1.000, 
[450] Train acc: 0.9844
3, 252, 0.0510, 0.0003, 98.438, 100.000, 0.979, 1.000, 
[465] Train acc: 0.9844
3, 252, 0.0471, 0.0003, 98.438, 100.000, 0.982, 1.000, 
[480] Train acc: 0.9844
3, 252, 0.1269, 0.0003, 98.438, 100.000, 0.982, 1.000, 
[495] Train acc: 0.9688
3, 252, 0.0567, 0.0003, 96.875, 100.000, 0.983, 1.000, 
[510] Train acc: 0.9531
3, 252, 0.0854, 0.0003, 95.312, 100.000, 0.982, 1.000, 
[525] Train acc: 0.9531
3, 252, 0.1040, 0.0003, 95.312, 100.000, 0.984, 1.000, 
[540] Train acc: 1.0000
3, 252, 0.0216, 0.0003, 100.000, 100.000, 0.982, 1.000, 
[555] Train acc: 0.9531
3, 252, 0.1553, 0.0003, 95.312, 100.000, 0.985, 1.000, 
[570] Train acc: 0.9844
3, 252, 0.0607, 0.0003, 98.438, 100.000, 0.978, 1.000, 
[585] Train acc: 1.0000
3, 252, 0.0113, 0.0003, 100.000, 100.000, 0.983, 1.000, 
[600] Train acc: 0.9375
3, 252, 0.1608, 0.0003, 93.750, 98.438, 0.980, 1.000, 
[615] Train acc: 0.9531
3, 252, 0.1858, 0.0003, 95.312, 100.000, 0.983, 1.000, 
[630] Train acc: 1.0000
3, 252, 0.0248, 0.0003, 100.000, 100.000, 0.983, 1.000, 
[645] Train acc: 0.9688
3, 252, 0.2095, 0.0003, 96.875, 100.000, 0.983, 1.000, 
[660] Train acc: 1.0000
3, 252, 0.0344, 0.0003, 100.000, 100.000, 0.983, 1.000, 
[675] Train acc: 1.0000
3, 252, 0.0165, 0.0003, 100.000, 100.000, 0.984, 1.000, 
[690] Train acc: 0.9844
3, 252, 0.0297, 0.0003, 98.438, 100.000, 0.984, 1.000, 
[705] Train acc: 1.0000
3, 252, 0.0265, 0.0003, 100.000, 100.000, 0.982, 1.000, 
[720] Train acc: 0.9844
3, 252, 0.0475, 0.0003, 98.438, 100.000, 0.983, 1.000, 
[735] Train acc: 0.9844
3, 252, 0.0325, 0.0003, 98.438, 100.000, 0.983, 1.000, 
[750] Train acc: 1.0000
3, 252, 0.0210, 0.0003, 100.000, 100.000, 0.985, 1.000, 
[765] Train acc: 1.0000
3, 252, 0.0205, 0.0003, 100.000, 100.000, 0.981, 1.000, 
[780] Train acc: 0.9531
3, 252, 0.1131, 0.0003, 95.312, 100.000, 0.983, 1.000, 
[795] Train acc: 0.9688
3, 252, 0.0429, 0.0003, 96.875, 100.000, 0.982, 1.000, 
[810] Train acc: 1.0000
3, 252, 0.0081, 0.0003, 100.000, 100.000, 0.978, 1.000, 
[825] Train acc: 1.0000
3, 252, 0.0135, 0.0002, 100.000, 100.000, 0.984, 1.000, 
[840] Train acc: 0.9531
3, 252, 0.0637, 0.0003, 95.312, 100.000, 0.981, 1.000, 
[855] Train acc: 1.0000
3, 252, 0.0079, 0.0003, 100.000, 100.000, 0.977, 1.000, 
[870] Train acc: 1.0000
3, 252, 0.0084, 0.0003, 100.000, 100.000, 0.982, 1.000, 
[885] Train acc: 1.0000
3, 252, 0.0130, 0.0003, 100.000, 100.000, 0.982, 1.000, 
[900] Train acc: 0.9844
3, 252, 0.0273, 0.0003, 98.438, 100.000, 0.981, 1.000, 
[915] Train acc: 0.9531
3, 252, 0.2454, 0.0003, 95.312, 100.000, 0.984, 1.000, 
[930] Train acc: 0.9844
3, 252, 0.0700, 0.0003, 98.438, 100.000, 0.987, 1.000, 
[0] Train acc: 0.9844
4, 252, 0.0492, 0.0003, 98.438, 100.000, 0.985, 1.000, 
[15] Train acc: 1.0000
4, 252, 0.0252, 0.0003, 100.000, 100.000, 0.984, 1.000, 
[30] Train acc: 0.9844
4, 252, 0.0465, 0.0003, 98.438, 100.000, 0.981, 1.000, 
[45] Train acc: 1.0000
4, 252, 0.0069, 0.0003, 100.000, 100.000, 0.985, 1.000, 
[60] Train acc: 1.0000
4, 252, 0.0200, 0.0003, 100.000, 100.000, 0.985, 1.000, 
[75] Train acc: 1.0000
4, 252, 0.0442, 0.0003, 100.000, 100.000, 0.973, 1.000, 
[90] Train acc: 0.9844
4, 252, 0.0424, 0.0002, 98.438, 100.000, 0.986, 1.000, 
[105] Train acc: 1.0000
4, 252, 0.0098, 0.0002, 100.000, 100.000, 0.984, 1.000, 
[120] Train acc: 0.9844
4, 252, 0.0582, 0.0003, 98.438, 100.000, 0.982, 1.000, 
[135] Train acc: 0.9844
4, 252, 0.0365, 0.0003, 98.438, 100.000, 0.985, 1.000, 
[150] Train acc: 0.9688
4, 252, 0.0530, 0.0003, 96.875, 100.000, 0.986, 1.000, 
[165] Train acc: 1.0000
4, 252, 0.0181, 0.0003, 100.000, 100.000, 0.983, 1.000, 
[180] Train acc: 0.9844
4, 252, 0.1068, 0.0002, 98.438, 100.000, 0.985, 1.000, 
[195] Train acc: 1.0000
4, 252, 0.0065, 0.0002, 100.000, 100.000, 0.984, 1.000, 
[210] Train acc: 0.9688
4, 252, 0.1149, 0.0003, 96.875, 100.000, 0.980, 1.000, 
[225] Train acc: 0.9844
4, 252, 0.0266, 0.0003, 98.438, 100.000, 0.984, 1.000, 
[240] Train acc: 1.0000
4, 252, 0.0188, 0.0003, 100.000, 100.000, 0.983, 1.000, 
[255] Train acc: 0.9844
4, 252, 0.1269, 0.0003, 98.438, 98.438, 0.984, 1.000, 
[270] Train acc: 1.0000
4, 252, 0.0097, 0.0002, 100.000, 100.000, 0.986, 1.000, 
[285] Train acc: 0.9844
4, 252, 0.0872, 0.0002, 98.438, 100.000, 0.986, 1.000, 
[300] Train acc: 1.0000
4, 252, 0.0138, 0.0003, 100.000, 100.000, 0.981, 1.000, 
[315] Train acc: 1.0000
4, 252, 0.0184, 0.0003, 100.000, 100.000, 0.985, 1.000, 
[330] Train acc: 1.0000
4, 252, 0.0371, 0.0003, 100.000, 100.000, 0.985, 1.000, 
[345] Train acc: 0.9531
4, 252, 0.0905, 0.0003, 95.312, 100.000, 0.983, 1.000, 
[360] Train acc: 0.9688
4, 252, 0.0696, 0.0003, 96.875, 100.000, 0.980, 1.000, 
[375] Train acc: 1.0000
4, 252, 0.0083, 0.0003, 100.000, 100.000, 0.987, 1.000, 
[390] Train acc: 1.0000
4, 252, 0.0169, 0.0003, 100.000, 100.000, 0.985, 1.000, 
[405] Train acc: 1.0000
4, 252, 0.0087, 0.0003, 100.000, 100.000, 0.983, 1.000, 
[420] Train acc: 0.9688
4, 252, 0.0532, 0.0003, 96.875, 100.000, 0.983, 1.000, 
[435] Train acc: 0.9688
4, 252, 0.0706, 0.0003, 96.875, 100.000, 0.984, 1.000, 
[450] Train acc: 0.9844
4, 252, 0.0191, 0.0003, 98.438, 100.000, 0.983, 1.000, 
[465] Train acc: 0.9844
4, 252, 0.0746, 0.0002, 98.438, 100.000, 0.986, 1.000, 
[480] Train acc: 0.9688
4, 252, 0.0676, 0.0002, 96.875, 100.000, 0.984, 1.000, 
[495] Train acc: 0.9844
4, 252, 0.0458, 0.0003, 98.438, 100.000, 0.986, 1.000, 
[510] Train acc: 0.9688
4, 252, 0.0589, 0.0002, 96.875, 100.000, 0.986, 1.000, 
[525] Train acc: 1.0000
4, 252, 0.0050, 0.0002, 100.000, 100.000, 0.985, 1.000, 
[540] Train acc: 1.0000
4, 252, 0.0088, 0.0003, 100.000, 100.000, 0.979, 1.000, 
[555] Train acc: 0.9844
4, 252, 0.0708, 0.0002, 98.438, 100.000, 0.984, 1.000, 
[570] Train acc: 1.0000
4, 252, 0.0223, 0.0003, 100.000, 100.000, 0.982, 1.000, 
[585] Train acc: 0.9531
4, 252, 0.1069, 0.0002, 95.312, 100.000, 0.986, 1.000, 
[600] Train acc: 1.0000
4, 252, 0.0118, 0.0002, 100.000, 100.000, 0.986, 1.000, 
[615] Train acc: 0.9844
4, 252, 0.0314, 0.0002, 98.438, 100.000, 0.986, 1.000, 
[630] Train acc: 0.9531
4, 252, 0.1357, 0.0002, 95.312, 100.000, 0.983, 1.000, 
[645] Train acc: 1.0000
4, 252, 0.0155, 0.0002, 100.000, 100.000, 0.984, 1.000, 
[660] Train acc: 1.0000
4, 252, 0.0163, 0.0002, 100.000, 100.000, 0.987, 1.000, 
[675] Train acc: 0.9688
4, 252, 0.0475, 0.0002, 96.875, 100.000, 0.985, 1.000, 
[690] Train acc: 0.9844
4, 252, 0.0805, 0.0002, 98.438, 100.000, 0.984, 1.000, 
[705] Train acc: 1.0000
4, 252, 0.0358, 0.0002, 100.000, 100.000, 0.986, 1.000, 
[720] Train acc: 0.9844
4, 252, 0.0912, 0.0002, 98.438, 100.000, 0.983, 1.000, 
[735] Train acc: 1.0000
4, 252, 0.0193, 0.0002, 100.000, 100.000, 0.981, 1.000, 
[750] Train acc: 1.0000
4, 252, 0.0035, 0.0002, 100.000, 100.000, 0.984, 1.000, 
[765] Train acc: 0.9375
4, 252, 0.1056, 0.0002, 93.750, 100.000, 0.983, 1.000, 
[780] Train acc: 0.9688
4, 252, 0.0596, 0.0002, 96.875, 100.000, 0.985, 1.000, 
[795] Train acc: 0.9531
4, 252, 0.1130, 0.0002, 95.312, 100.000, 0.983, 1.000, 
[810] Train acc: 0.9844
4, 252, 0.0195, 0.0002, 98.438, 100.000, 0.985, 1.000, 
[825] Train acc: 0.9688
4, 252, 0.0343, 0.0002, 96.875, 100.000, 0.985, 1.000, 
[840] Train acc: 1.0000
4, 252, 0.0193, 0.0002, 100.000, 100.000, 0.985, 1.000, 
[855] Train acc: 1.0000
4, 252, 0.0029, 0.0002, 100.000, 100.000, 0.985, 1.000, 
[870] Train acc: 0.9844
4, 252, 0.0470, 0.0003, 98.438, 100.000, 0.983, 1.000, 
[885] Train acc: 1.0000
4, 252, 0.0200, 0.0002, 100.000, 100.000, 0.983, 1.000, 
[900] Train acc: 0.9844
4, 252, 0.0475, 0.0003, 98.438, 100.000, 0.980, 1.000, 
[915] Train acc: 1.0000
4, 252, 0.0056, 0.0002, 100.000, 100.000, 0.987, 1.000, 
[930] Train acc: 0.9688
4, 252, 0.1391, 0.0002, 96.875, 100.000, 0.987, 1.000, 
[0] Train acc: 0.9531
5, 252, 0.1102, 0.0003, 95.312, 100.000, 0.983, 1.000, 
[15] Train acc: 0.9844
5, 252, 0.0720, 0.0002, 98.438, 100.000, 0.987, 1.000, 
[30] Train acc: 1.0000
5, 252, 0.0294, 0.0002, 100.000, 100.000, 0.987, 1.000, 
[45] Train acc: 0.9531
5, 252, 0.1029, 0.0002, 95.312, 100.000, 0.985, 1.000, 
[60] Train acc: 1.0000
5, 252, 0.0252, 0.0002, 100.000, 100.000, 0.983, 1.000, 
[75] Train acc: 0.9844
5, 252, 0.0287, 0.0002, 98.438, 100.000, 0.987, 1.000, 
[90] Train acc: 0.9531
5, 252, 0.1605, 0.0003, 95.312, 100.000, 0.984, 1.000, 
[105] Train acc: 0.9844
5, 252, 0.0386, 0.0002, 98.438, 100.000, 0.986, 1.000, 
[120] Train acc: 1.0000
5, 252, 0.0022, 0.0002, 100.000, 100.000, 0.985, 1.000, 
[135] Train acc: 0.9844
5, 252, 0.0400, 0.0002, 98.438, 100.000, 0.988, 1.000, 
[150] Train acc: 1.0000
5, 252, 0.0239, 0.0002, 100.000, 100.000, 0.988, 1.000, 
[165] Train acc: 0.9844
5, 252, 0.0322, 0.0002, 98.438, 100.000, 0.984, 1.000, 
[180] Train acc: 1.0000
5, 252, 0.0168, 0.0002, 100.000, 100.000, 0.986, 1.000, 
[195] Train acc: 0.9844
5, 252, 0.0289, 0.0002, 98.438, 100.000, 0.985, 1.000, 
[210] Train acc: 0.9688
5, 252, 0.2134, 0.0002, 96.875, 98.438, 0.986, 1.000, 
[225] Train acc: 0.9688
5, 252, 0.0581, 0.0002, 96.875, 100.000, 0.981, 1.000, 
[240] Train acc: 0.9844
5, 252, 0.0447, 0.0002, 98.438, 100.000, 0.987, 1.000, 
[255] Train acc: 0.9844
5, 252, 0.0388, 0.0002, 98.438, 100.000, 0.986, 1.000, 
[270] Train acc: 1.0000
5, 252, 0.0078, 0.0003, 100.000, 100.000, 0.983, 1.000, 
[285] Train acc: 0.9844
5, 252, 0.0373, 0.0002, 98.438, 100.000, 0.986, 1.000, 
[300] Train acc: 0.9688
5, 252, 0.0721, 0.0002, 96.875, 100.000, 0.986, 1.000, 
[315] Train acc: 0.9688
5, 252, 0.0610, 0.0002, 96.875, 100.000, 0.985, 1.000, 
[330] Train acc: 1.0000
5, 252, 0.0311, 0.0002, 100.000, 100.000, 0.985, 1.000, 
[345] Train acc: 1.0000
5, 252, 0.0053, 0.0002, 100.000, 100.000, 0.986, 1.000, 
[360] Train acc: 1.0000
5, 252, 0.0069, 0.0002, 100.000, 100.000, 0.988, 1.000, 
[375] Train acc: 1.0000
5, 252, 0.0180, 0.0002, 100.000, 100.000, 0.985, 1.000, 
[390] Train acc: 0.9844
5, 252, 0.0299, 0.0002, 98.438, 100.000, 0.987, 1.000, 
[405] Train acc: 0.9688
5, 252, 0.0394, 0.0002, 96.875, 100.000, 0.986, 1.000, 
[420] Train acc: 0.9844
5, 252, 0.0280, 0.0002, 98.438, 100.000, 0.987, 1.000, 
[435] Train acc: 0.9844
5, 252, 0.0364, 0.0002, 98.438, 100.000, 0.986, 1.000, 
[450] Train acc: 0.9688
5, 252, 0.0735, 0.0002, 96.875, 100.000, 0.987, 1.000, 
[465] Train acc: 0.9531
5, 252, 0.2302, 0.0003, 95.312, 100.000, 0.986, 1.000, 
[480] Train acc: 1.0000
5, 252, 0.0074, 0.0002, 100.000, 100.000, 0.985, 1.000, 
[495] Train acc: 0.9688
5, 252, 0.0723, 0.0003, 96.875, 100.000, 0.986, 1.000, 
[510] Train acc: 0.9531
5, 252, 0.0750, 0.0002, 95.312, 100.000, 0.987, 1.000, 
[525] Train acc: 0.9688
5, 252, 0.0753, 0.0002, 96.875, 100.000, 0.988, 1.000, 
[540] Train acc: 0.9688
5, 252, 0.1275, 0.0002, 96.875, 100.000, 0.988, 1.000, 
[555] Train acc: 0.9844
5, 252, 0.0237, 0.0002, 98.438, 100.000, 0.989, 1.000, 
[570] Train acc: 1.0000
5, 252, 0.0092, 0.0002, 100.000, 100.000, 0.987, 1.000, 
[585] Train acc: 1.0000
5, 252, 0.0076, 0.0002, 100.000, 100.000, 0.985, 1.000, 
[600] Train acc: 1.0000
5, 252, 0.0149, 0.0002, 100.000, 100.000, 0.986, 1.000, 
[615] Train acc: 0.9844
5, 252, 0.0203, 0.0002, 98.438, 100.000, 0.988, 1.000, 
[630] Train acc: 0.9375
5, 252, 0.1450, 0.0002, 93.750, 100.000, 0.988, 1.000, 
[645] Train acc: 1.0000
5, 252, 0.0040, 0.0002, 100.000, 100.000, 0.987, 1.000, 
[660] Train acc: 1.0000
5, 252, 0.0038, 0.0002, 100.000, 100.000, 0.987, 1.000, 
[675] Train acc: 1.0000
5, 252, 0.0193, 0.0002, 100.000, 100.000, 0.987, 1.000, 
[690] Train acc: 1.0000
5, 252, 0.0028, 0.0002, 100.000, 100.000, 0.987, 1.000, 
[705] Train acc: 1.0000
5, 252, 0.0094, 0.0002, 100.000, 100.000, 0.988, 1.000, 
[720] Train acc: 0.9844
5, 252, 0.0522, 0.0002, 98.438, 100.000, 0.988, 1.000, 
[735] Train acc: 0.9844
5, 252, 0.0574, 0.0002, 98.438, 100.000, 0.988, 1.000, 
[750] Train acc: 1.0000
5, 252, 0.0062, 0.0002, 100.000, 100.000, 0.986, 1.000, 
[765] Train acc: 0.9844
5, 252, 0.0172, 0.0002, 98.438, 100.000, 0.984, 1.000, 
[780] Train acc: 0.9531
5, 252, 0.2520, 0.0002, 95.312, 100.000, 0.987, 1.000, 
[795] Train acc: 0.9688
5, 252, 0.0624, 0.0002, 96.875, 100.000, 0.988, 1.000, 
[810] Train acc: 0.9844
5, 252, 0.0244, 0.0002, 98.438, 100.000, 0.986, 1.000, 
[825] Train acc: 1.0000
5, 252, 0.0097, 0.0002, 100.000, 100.000, 0.986, 1.000, 
[840] Train acc: 0.9844
5, 252, 0.0248, 0.0002, 98.438, 100.000, 0.988, 1.000, 
[855] Train acc: 1.0000
5, 252, 0.0125, 0.0002, 100.000, 100.000, 0.985, 1.000, 
[870] Train acc: 0.9688
5, 252, 0.1250, 0.0002, 96.875, 100.000, 0.980, 1.000, 
[885] Train acc: 1.0000
5, 252, 0.0025, 0.0002, 100.000, 100.000, 0.988, 1.000, 
[900] Train acc: 1.0000
5, 252, 0.0236, 0.0002, 100.000, 100.000, 0.987, 1.000, 
[915] Train acc: 0.9844
5, 252, 0.0192, 0.0002, 98.438, 100.000, 0.987, 1.000, 
[930] Train acc: 0.9844
5, 252, 0.0358, 0.0003, 98.438, 100.000, 0.984, 1.000, 
[0] Train acc: 1.0000
6, 252, 0.0100, 0.0002, 100.000, 100.000, 0.986, 1.000, 
[15] Train acc: 1.0000
6, 252, 0.0078, 0.0002, 100.000, 100.000, 0.990, 1.000, 
[30] Train acc: 0.9844
6, 252, 0.0399, 0.0002, 98.438, 100.000, 0.986, 1.000, 
[45] Train acc: 1.0000
6, 252, 0.0039, 0.0002, 100.000, 100.000, 0.989, 1.000, 
[60] Train acc: 0.9844
6, 252, 0.0358, 0.0002, 98.438, 100.000, 0.987, 1.000, 
[75] Train acc: 1.0000
6, 252, 0.0224, 0.0002, 100.000, 100.000, 0.987, 1.000, 
[90] Train acc: 1.0000
6, 252, 0.0267, 0.0002, 100.000, 100.000, 0.988, 1.000, 
[105] Train acc: 0.9844
6, 252, 0.0392, 0.0002, 98.438, 100.000, 0.987, 1.000, 
[120] Train acc: 0.9844
6, 252, 0.0495, 0.0002, 98.438, 100.000, 0.988, 1.000, 
[135] Train acc: 1.0000
6, 252, 0.0039, 0.0002, 100.000, 100.000, 0.989, 1.000, 
[150] Train acc: 1.0000
6, 252, 0.0166, 0.0002, 100.000, 100.000, 0.985, 1.000, 
[165] Train acc: 1.0000
6, 252, 0.0103, 0.0002, 100.000, 100.000, 0.986, 1.000, 
[180] Train acc: 1.0000
6, 252, 0.0103, 0.0002, 100.000, 100.000, 0.988, 1.000, 
[195] Train acc: 0.9688
6, 252, 0.0573, 0.0002, 96.875, 100.000, 0.987, 1.000, 
[210] Train acc: 0.9844
6, 252, 0.0431, 0.0002, 98.438, 100.000, 0.987, 1.000, 
[225] Train acc: 0.9688
6, 252, 0.0422, 0.0002, 96.875, 100.000, 0.989, 1.000, 
[240] Train acc: 1.0000
6, 252, 0.0054, 0.0002, 100.000, 100.000, 0.986, 1.000, 
[255] Train acc: 0.9844
6, 252, 0.0919, 0.0002, 98.438, 100.000, 0.986, 1.000, 
[270] Train acc: 1.0000
6, 252, 0.0132, 0.0002, 100.000, 100.000, 0.987, 1.000, 
[285] Train acc: 0.9688
6, 252, 0.1043, 0.0002, 96.875, 100.000, 0.988, 1.000, 
[300] Train acc: 0.9844
6, 252, 0.1036, 0.0002, 98.438, 100.000, 0.985, 1.000, 
[315] Train acc: 1.0000
6, 252, 0.0044, 0.0002, 100.000, 100.000, 0.988, 1.000, 
[330] Train acc: 1.0000
6, 252, 0.0161, 0.0002, 100.000, 100.000, 0.988, 1.000, 
[345] Train acc: 0.9688
6, 252, 0.1493, 0.0002, 96.875, 100.000, 0.989, 1.000, 
[360] Train acc: 0.9844
6, 252, 0.0295, 0.0002, 98.438, 100.000, 0.989, 1.000, 
[375] Train acc: 0.9844
6, 252, 0.0457, 0.0002, 98.438, 100.000, 0.985, 1.000, 
[390] Train acc: 0.9844
6, 252, 0.0532, 0.0002, 98.438, 100.000, 0.987, 1.000, 
[405] Train acc: 0.9844
6, 252, 0.0209, 0.0002, 98.438, 100.000, 0.985, 1.000, 
[420] Train acc: 1.0000
6, 252, 0.0041, 0.0002, 100.000, 100.000, 0.985, 1.000, 
[435] Train acc: 1.0000
6, 252, 0.0039, 0.0002, 100.000, 100.000, 0.987, 1.000, 
[450] Train acc: 1.0000
6, 252, 0.0092, 0.0002, 100.000, 100.000, 0.987, 1.000, 
[465] Train acc: 0.9844
6, 252, 0.0293, 0.0002, 98.438, 100.000, 0.989, 1.000, 
[480] Train acc: 1.0000
6, 252, 0.0078, 0.0002, 100.000, 100.000, 0.988, 1.000, 
[495] Train acc: 1.0000
6, 252, 0.0118, 0.0002, 100.000, 100.000, 0.987, 1.000, 
[510] Train acc: 0.9688
6, 252, 0.1119, 0.0002, 96.875, 100.000, 0.987, 1.000, 
[525] Train acc: 0.9688
6, 252, 0.0495, 0.0002, 96.875, 100.000, 0.991, 1.000, 
[540] Train acc: 0.9688
6, 252, 0.0535, 0.0002, 96.875, 100.000, 0.986, 1.000, 
[555] Train acc: 1.0000
6, 252, 0.0165, 0.0002, 100.000, 100.000, 0.988, 1.000, 
[570] Train acc: 0.9844
6, 252, 0.0528, 0.0002, 98.438, 100.000, 0.989, 1.000, 
[585] Train acc: 0.9844
6, 252, 0.0452, 0.0002, 98.438, 100.000, 0.988, 1.000, 
[600] Train acc: 1.0000
6, 252, 0.0011, 0.0002, 100.000, 100.000, 0.985, 1.000, 
[615] Train acc: 0.9844
6, 252, 0.0370, 0.0002, 98.438, 100.000, 0.988, 1.000, 
[630] Train acc: 0.9844
6, 252, 0.0510, 0.0002, 98.438, 100.000, 0.982, 1.000, 
[645] Train acc: 1.0000
6, 252, 0.0039, 0.0002, 100.000, 100.000, 0.989, 1.000, 
[660] Train acc: 1.0000
6, 252, 0.0106, 0.0002, 100.000, 100.000, 0.989, 1.000, 
[675] Train acc: 1.0000
6, 252, 0.0028, 0.0002, 100.000, 100.000, 0.990, 1.000, 
[690] Train acc: 1.0000
6, 252, 0.0075, 0.0002, 100.000, 100.000, 0.988, 1.000, 
[705] Train acc: 1.0000
6, 252, 0.0077, 0.0002, 100.000, 100.000, 0.987, 1.000, 
[720] Train acc: 0.9844
6, 252, 0.0294, 0.0002, 98.438, 100.000, 0.984, 1.000, 
[735] Train acc: 0.9844
6, 252, 0.0521, 0.0002, 98.438, 100.000, 0.988, 1.000, 
[750] Train acc: 0.9844
6, 252, 0.0211, 0.0002, 98.438, 100.000, 0.990, 1.000, 
[765] Train acc: 1.0000
6, 252, 0.0021, 0.0002, 100.000, 100.000, 0.987, 1.000, 
[780] Train acc: 1.0000
6, 252, 0.0118, 0.0002, 100.000, 100.000, 0.987, 1.000, 
[795] Train acc: 0.9844
6, 252, 0.0259, 0.0002, 98.438, 100.000, 0.989, 1.000, 
[810] Train acc: 1.0000
6, 252, 0.0199, 0.0002, 100.000, 100.000, 0.987, 1.000, 
[825] Train acc: 0.9688
6, 252, 0.0521, 0.0002, 96.875, 100.000, 0.987, 1.000, 
[840] Train acc: 0.9844
6, 252, 0.0415, 0.0002, 98.438, 100.000, 0.987, 1.000, 
[855] Train acc: 1.0000
6, 252, 0.0056, 0.0002, 100.000, 100.000, 0.987, 1.000, 
[870] Train acc: 1.0000
6, 252, 0.0069, 0.0002, 100.000, 100.000, 0.988, 1.000, 
[885] Train acc: 0.9688
6, 252, 0.0726, 0.0002, 96.875, 100.000, 0.988, 1.000, 
[900] Train acc: 1.0000
6, 252, 0.0110, 0.0002, 100.000, 100.000, 0.988, 1.000, 
[915] Train acc: 1.0000
6, 252, 0.0109, 0.0002, 100.000, 100.000, 0.988, 1.000, 
[930] Train acc: 1.0000
6, 252, 0.0092, 0.0002, 100.000, 100.000, 0.988, 1.000, 
[0] Train acc: 1.0000, Constr acc: 0.7812, CE loss: 0.006, DL2 loss: 5.085
7, 252, 0.0063, 0.0009, 100.000, 100.000, 0.746, 1.000, 
[15] Train acc: 0.9844, Constr acc: 0.8750, CE loss: 0.075, DL2 loss: 4.736
7, 251, 0.0745, 0.0002, 98.438, 100.000, 0.970, 1.000, 
[30] Train acc: 0.9844, Constr acc: 0.9375, CE loss: 0.037, DL2 loss: 1.857
7, 250, 0.0368, 0.0002, 98.438, 100.000, 0.973, 1.000, 
[45] Train acc: 0.9688, Constr acc: 0.9688, CE loss: 0.049, DL2 loss: 1.381
7, 249, 0.0487, 0.0001, 96.875, 100.000, 0.978, 1.000, 
[60] Train acc: 1.0000, Constr acc: 0.8438, CE loss: 0.005, DL2 loss: 5.606
7, 248, 0.0046, 0.0002, 100.000, 100.000, 0.971, 1.000, 
[75] Train acc: 0.9531, Constr acc: 0.8750, CE loss: 0.096, DL2 loss: 5.447
7, 247, 0.0962, 0.0005, 95.312, 100.000, 0.838, 1.000, 
[90] Train acc: 0.7656, Constr acc: 0.7188, CE loss: 0.640, DL2 loss: 4.671
7, 246, 0.6400, 0.0007, 76.562, 98.438, 0.870, 1.000, 
[105] Train acc: 0.8906, Constr acc: 0.7500, CE loss: 0.313, DL2 loss: 6.189
7, 245, 0.3133, 0.0005, 89.062, 100.000, 0.869, 1.000, 
[120] Train acc: 0.9688, Constr acc: 0.9062, CE loss: 0.111, DL2 loss: 0.850
7, 244, 0.1106, 0.0003, 96.875, 100.000, 0.945, 1.000, 
[135] Train acc: 0.9844, Constr acc: 0.9688, CE loss: 0.038, DL2 loss: 0.086
7, 243, 0.0382, 0.0003, 98.438, 100.000, 0.952, 1.000, 
[150] Train acc: 0.9844, Constr acc: 0.7812, CE loss: 0.065, DL2 loss: 10.413
7, 242, 0.0652, 0.0003, 98.438, 100.000, 0.944, 1.000, 
[165] Train acc: 1.0000, Constr acc: 0.9062, CE loss: 0.011, DL2 loss: 4.215
7, 241, 0.0110, 0.0002, 100.000, 100.000, 0.966, 1.000, 
[180] Train acc: 0.9844, Constr acc: 0.9688, CE loss: 0.106, DL2 loss: 0.304
7, 240, 0.1056, 0.0002, 98.438, 100.000, 0.963, 1.000, 
[195] Train acc: 0.8281, Constr acc: 0.8438, CE loss: 1.059, DL2 loss: 5.038
7, 239, 1.0587, 0.0002, 82.812, 98.438, 0.948, 1.000, 
[210] Train acc: 1.0000, Constr acc: 0.8125, CE loss: 0.014, DL2 loss: 4.342
7, 238, 0.0145, 0.0002, 100.000, 100.000, 0.961, 1.000, 
[225] Train acc: 0.9688, Constr acc: 0.8438, CE loss: 0.085, DL2 loss: 1.461
7, 237, 0.0846, 0.0003, 96.875, 100.000, 0.921, 1.000, 
[240] Train acc: 0.9375, Constr acc: 0.8750, CE loss: 0.123, DL2 loss: 2.885
7, 236, 0.1229, 0.0003, 93.750, 100.000, 0.948, 1.000, 
[255] Train acc: 1.0000, Constr acc: 0.9062, CE loss: 0.027, DL2 loss: 1.677
7, 235, 0.0275, 0.0002, 100.000, 100.000, 0.969, 1.000, 
[270] Train acc: 0.9531, Constr acc: 0.8438, CE loss: 0.070, DL2 loss: 7.703
7, 234, 0.0699, 0.0002, 95.312, 100.000, 0.956, 1.000, 
[285] Train acc: 0.9688, Constr acc: 0.7812, CE loss: 0.114, DL2 loss: 7.853
7, 233, 0.1139, 0.0002, 96.875, 100.000, 0.968, 1.000, 
[300] Train acc: 0.9375, Constr acc: 0.9062, CE loss: 0.241, DL2 loss: 2.945
7, 232, 0.2409, 0.0002, 93.750, 100.000, 0.964, 1.000, 
[315] Train acc: 0.9688, Constr acc: 0.9375, CE loss: 0.042, DL2 loss: 3.231
7, 231, 0.0421, 0.0002, 96.875, 100.000, 0.959, 1.000, 
[330] Train acc: 0.9688, Constr acc: 0.9062, CE loss: 0.074, DL2 loss: 2.779
7, 230, 0.0740, 0.0003, 96.875, 100.000, 0.935, 1.000, 
[345] Train acc: 0.9375, Constr acc: 0.8750, CE loss: 0.331, DL2 loss: 1.598
7, 229, 0.3305, 0.0002, 93.750, 100.000, 0.970, 1.000, 
[360] Train acc: 0.9688, Constr acc: 0.9062, CE loss: 0.061, DL2 loss: 2.903
7, 228, 0.0614, 0.0002, 96.875, 100.000, 0.954, 1.000, 
[375] Train acc: 0.9375, Constr acc: 0.8750, CE loss: 0.303, DL2 loss: 4.364
7, 227, 0.3034, 0.0002, 93.750, 100.000, 0.966, 1.000, 
[390] Train acc: 0.9844, Constr acc: 0.9062, CE loss: 0.027, DL2 loss: 3.012
7, 226, 0.0267, 0.0002, 98.438, 100.000, 0.969, 1.000, 
[405] Train acc: 0.9688, Constr acc: 0.9688, CE loss: 0.165, DL2 loss: 2.747
7, 225, 0.1647, 0.0002, 96.875, 100.000, 0.969, 1.000, 
[420] Train acc: 0.9688, Constr acc: 0.8750, CE loss: 0.088, DL2 loss: 0.376
7, 224, 0.0875, 0.0002, 96.875, 100.000, 0.968, 1.000, 
[435] Train acc: 0.9531, Constr acc: 0.9375, CE loss: 0.188, DL2 loss: 0.822
7, 223, 0.1879, 0.0003, 95.312, 100.000, 0.916, 1.000, 
[450] Train acc: 0.9688, Constr acc: 0.8438, CE loss: 0.055, DL2 loss: 5.191
7, 222, 0.0555, 0.0002, 96.875, 100.000, 0.974, 1.000, 
[465] Train acc: 1.0000, Constr acc: 0.8750, CE loss: 0.006, DL2 loss: 6.638
7, 221, 0.0059, 0.0002, 100.000, 100.000, 0.975, 1.000, 
[480] Train acc: 0.9531, Constr acc: 0.9062, CE loss: 0.175, DL2 loss: 4.726
7, 220, 0.1753, 0.0001, 95.312, 100.000, 0.975, 1.000, 
[495] Train acc: 0.9531, Constr acc: 0.9688, CE loss: 0.134, DL2 loss: 0.071
7, 219, 0.1342, 0.0002, 95.312, 100.000, 0.966, 1.000, 
[510] Train acc: 0.9844, Constr acc: 0.8750, CE loss: 0.054, DL2 loss: 4.051
7, 218, 0.0538, 0.0001, 98.438, 100.000, 0.975, 1.000, 
[525] Train acc: 0.9688, Constr acc: 0.9375, CE loss: 0.083, DL2 loss: 0.893
7, 217, 0.0826, 0.0001, 96.875, 100.000, 0.975, 1.000, 
[540] Train acc: 0.9844, Constr acc: 0.9375, CE loss: 0.052, DL2 loss: 4.077
7, 216, 0.0520, 0.0002, 98.438, 100.000, 0.965, 1.000, 
[555] Train acc: 0.9219, Constr acc: 0.7500, CE loss: 0.323, DL2 loss: 7.161
7, 215, 0.3228, 0.0003, 92.188, 100.000, 0.936, 1.000, 
[570] Train acc: 0.9688, Constr acc: 0.9375, CE loss: 0.055, DL2 loss: 3.527
7, 214, 0.0546, 0.0002, 96.875, 100.000, 0.976, 1.000, 
[585] Train acc: 0.9688, Constr acc: 0.9062, CE loss: 0.048, DL2 loss: 4.183
7, 213, 0.0480, 0.0002, 96.875, 100.000, 0.968, 1.000, 
[600] Train acc: 1.0000, Constr acc: 0.9062, CE loss: 0.010, DL2 loss: 3.443
7, 212, 0.0095, 0.0002, 100.000, 100.000, 0.959, 1.000, 
[615] Train acc: 0.9688, Constr acc: 0.9062, CE loss: 0.044, DL2 loss: 2.362
7, 211, 0.0439, 0.0002, 96.875, 100.000, 0.971, 1.000, 
[630] Train acc: 0.9219, Constr acc: 0.9062, CE loss: 0.154, DL2 loss: 3.745
7, 210, 0.1538, 0.0001, 92.188, 100.000, 0.971, 1.000, 
[645] Train acc: 0.9375, Constr acc: 0.8750, CE loss: 0.245, DL2 loss: 2.937
7, 209, 0.2453, 0.0001, 93.750, 100.000, 0.967, 1.000, 
[660] Train acc: 1.0000, Constr acc: 0.9375, CE loss: 0.002, DL2 loss: 3.448
7, 208, 0.0021, 0.0001, 100.000, 100.000, 0.974, 1.000, 
[675] Train acc: 0.9844, Constr acc: 0.7812, CE loss: 0.156, DL2 loss: 10.580
7, 207, 0.1561, 0.0004, 98.438, 100.000, 0.889, 1.000, 
[690] Train acc: 0.9531, Constr acc: 0.9062, CE loss: 0.123, DL2 loss: 3.009
7, 206, 0.1234, 0.0002, 95.312, 100.000, 0.971, 1.000, 
[705] Train acc: 1.0000, Constr acc: 0.9062, CE loss: 0.020, DL2 loss: 3.177
7, 205, 0.0203, 0.0002, 100.000, 100.000, 0.971, 1.000, 
[720] Train acc: 0.9844, Constr acc: 0.9375, CE loss: 0.026, DL2 loss: 1.536
7, 204, 0.0261, 0.0002, 98.438, 100.000, 0.969, 1.000, 
[735] Train acc: 0.9688, Constr acc: 0.9062, CE loss: 0.074, DL2 loss: 5.587
7, 203, 0.0745, 0.0002, 96.875, 100.000, 0.969, 1.000, 
[750] Train acc: 1.0000, Constr acc: 0.9375, CE loss: 0.001, DL2 loss: 1.187
7, 202, 0.0010, 0.0001, 100.000, 100.000, 0.980, 1.000, 
[765] Train acc: 0.9531, Constr acc: 1.0000, CE loss: 0.144, DL2 loss: 0.000
7, 201, 0.1440, 0.0001, 95.312, 100.000, 0.967, 1.000, 
[780] Train acc: 0.9844, Constr acc: 0.9688, CE loss: 0.057, DL2 loss: 0.756
7, 200, 0.0571, 0.0002, 98.438, 100.000, 0.974, 1.000, 
[795] Train acc: 0.9844, Constr acc: 0.9688, CE loss: 0.038, DL2 loss: 1.697
7, 199, 0.0376, 0.0002, 98.438, 100.000, 0.973, 1.000, 
[810] Train acc: 1.0000, Constr acc: 0.9688, CE loss: 0.023, DL2 loss: 1.393
7, 198, 0.0229, 0.0001, 100.000, 100.000, 0.977, 1.000, 
[825] Train acc: 0.9844, Constr acc: 0.8750, CE loss: 0.039, DL2 loss: 3.191
7, 197, 0.0395, 0.0002, 98.438, 100.000, 0.967, 1.000, 
[840] Train acc: 0.9688, Constr acc: 0.9688, CE loss: 0.203, DL2 loss: 1.438
7, 196, 0.2033, 0.0002, 96.875, 100.000, 0.971, 1.000, 
[855] Train acc: 0.9844, Constr acc: 0.8750, CE loss: 0.038, DL2 loss: 6.968
7, 195, 0.0383, 0.0002, 98.438, 100.000, 0.972, 1.000, 
[870] Train acc: 0.9688, Constr acc: 1.0000, CE loss: 0.168, DL2 loss: 0.000
7, 194, 0.1681, 0.0001, 96.875, 100.000, 0.980, 1.000, 
[885] Train acc: 0.9844, Constr acc: 0.8438, CE loss: 0.025, DL2 loss: 8.697
7, 193, 0.0247, 0.0001, 98.438, 100.000, 0.974, 1.000, 
[900] Train acc: 0.9844, Constr acc: 0.9375, CE loss: 0.069, DL2 loss: 1.916
7, 192, 0.0690, 0.0001, 98.438, 100.000, 0.981, 1.000, 
[915] Train acc: 0.9688, Constr acc: 0.8125, CE loss: 0.112, DL2 loss: 4.339
7, 191, 0.1120, 0.0002, 96.875, 100.000, 0.970, 1.000, 
[930] Train acc: 0.9531, Constr acc: 0.9688, CE loss: 0.242, DL2 loss: 1.357
7, 190, 0.2423, 0.0001, 95.312, 100.000, 0.981, 1.000, 
[0] Train acc: 1.0000, Constr acc: 0.9062, CE loss: 0.007, DL2 loss: 5.662
8, 190, 0.0072, 0.0002, 100.000, 100.000, 0.969, 1.000, 
[15] Train acc: 0.9844, Constr acc: 0.9062, CE loss: 0.037, DL2 loss: 2.433
8, 189, 0.0366, 0.0002, 98.438, 100.000, 0.977, 1.000, 
[30] Train acc: 0.9844, Constr acc: 0.9062, CE loss: 0.063, DL2 loss: 4.034
8, 188, 0.0634, 0.0002, 98.438, 100.000, 0.981, 1.000, 
[45] Train acc: 0.9844, Constr acc: 0.8438, CE loss: 0.118, DL2 loss: 7.401
8, 187, 0.1179, 0.0002, 98.438, 100.000, 0.979, 1.000, 
[60] Train acc: 0.9375, Constr acc: 0.8438, CE loss: 0.350, DL2 loss: 3.444
8, 186, 0.3498, 0.0002, 93.750, 100.000, 0.970, 1.000, 
[75] Train acc: 1.0000, Constr acc: 0.8438, CE loss: 0.010, DL2 loss: 3.631
8, 185, 0.0098, 0.0002, 100.000, 100.000, 0.965, 1.000, 
[90] Train acc: 0.9844, Constr acc: 0.9062, CE loss: 0.039, DL2 loss: 3.617
8, 184, 0.0385, 0.0002, 98.438, 100.000, 0.970, 1.000, 
[105] Train acc: 0.9844, Constr acc: 0.9688, CE loss: 0.056, DL2 loss: 1.182
8, 183, 0.0557, 0.0001, 98.438, 100.000, 0.980, 1.000, 
[120] Train acc: 0.9531, Constr acc: 1.0000, CE loss: 0.095, DL2 loss: 0.000
8, 182, 0.0948, 0.0001, 95.312, 100.000, 0.978, 1.000, 
[135] Train acc: 1.0000, Constr acc: 0.9062, CE loss: 0.001, DL2 loss: 3.259
8, 181, 0.0009, 0.0001, 100.000, 100.000, 0.975, 1.000, 
[150] Train acc: 0.9688, Constr acc: 0.9375, CE loss: 0.146, DL2 loss: 2.346
8, 180, 0.1458, 0.0002, 96.875, 100.000, 0.975, 1.000, 
[165] Train acc: 1.0000, Constr acc: 0.9062, CE loss: 0.002, DL2 loss: 2.544
8, 179, 0.0020, 0.0002, 100.000, 100.000, 0.977, 1.000, 
[180] Train acc: 0.9844, Constr acc: 0.9688, CE loss: 0.063, DL2 loss: 2.658
8, 178, 0.0635, 0.0001, 98.438, 100.000, 0.979, 1.000, 
[195] Train acc: 0.9844, Constr acc: 0.9062, CE loss: 0.130, DL2 loss: 3.116
8, 177, 0.1297, 0.0001, 98.438, 100.000, 0.982, 1.000, 
[210] Train acc: 0.9844, Constr acc: 0.8438, CE loss: 0.025, DL2 loss: 7.493
8, 176, 0.0251, 0.0001, 98.438, 100.000, 0.981, 1.000, 
[225] Train acc: 1.0000, Constr acc: 0.9688, CE loss: 0.015, DL2 loss: 0.125
8, 175, 0.0146, 0.0001, 100.000, 100.000, 0.980, 1.000, 
[240] Train acc: 0.9688, Constr acc: 0.8438, CE loss: 0.075, DL2 loss: 6.068
8, 174, 0.0748, 0.0002, 96.875, 100.000, 0.956, 1.000, 
[255] Train acc: 0.9375, Constr acc: 0.8750, CE loss: 0.247, DL2 loss: 5.711
8, 173, 0.2473, 0.0002, 93.750, 100.000, 0.956, 1.000, 
[270] Train acc: 0.9531, Constr acc: 0.9375, CE loss: 0.349, DL2 loss: 3.946
8, 172, 0.3492, 0.0001, 95.312, 100.000, 0.977, 1.000, 
[285] Train acc: 0.9844, Constr acc: 0.9375, CE loss: 0.172, DL2 loss: 1.408
8, 171, 0.1717, 0.0001, 98.438, 100.000, 0.979, 1.000, 
[300] Train acc: 0.9688, Constr acc: 0.9375, CE loss: 0.039, DL2 loss: 1.501
8, 170, 0.0395, 0.0001, 96.875, 100.000, 0.974, 1.000, 
[315] Train acc: 0.9219, Constr acc: 0.9062, CE loss: 0.487, DL2 loss: 3.556
8, 169, 0.4870, 0.0002, 92.188, 100.000, 0.955, 1.000, 
[330] Train acc: 1.0000, Constr acc: 0.9688, CE loss: 0.012, DL2 loss: 0.048
8, 168, 0.0119, 0.0001, 100.000, 100.000, 0.979, 1.000, 
[345] Train acc: 0.9688, Constr acc: 0.8438, CE loss: 0.120, DL2 loss: 4.751
8, 167, 0.1199, 0.0001, 96.875, 100.000, 0.965, 1.000, 
[360] Train acc: 0.9688, Constr acc: 0.9062, CE loss: 0.239, DL2 loss: 2.814
8, 166, 0.2393, 0.0002, 96.875, 100.000, 0.962, 1.000, 
[375] Train acc: 1.0000, Constr acc: 0.9688, CE loss: 0.021, DL2 loss: 1.693
8, 165, 0.0208, 0.0001, 100.000, 100.000, 0.977, 1.000, 
[390] Train acc: 0.9688, Constr acc: 0.9375, CE loss: 0.178, DL2 loss: 1.364
8, 164, 0.1778, 0.0002, 96.875, 100.000, 0.973, 1.000, 
[405] Train acc: 1.0000, Constr acc: 0.9688, CE loss: 0.004, DL2 loss: 1.643
8, 163, 0.0043, 0.0002, 100.000, 100.000, 0.977, 1.000, 
[420] Train acc: 1.0000, Constr acc: 0.9375, CE loss: 0.005, DL2 loss: 2.747
8, 162, 0.0053, 0.0002, 100.000, 100.000, 0.980, 1.000, 
[435] Train acc: 0.9688, Constr acc: 0.9375, CE loss: 0.251, DL2 loss: 2.721
8, 161, 0.2507, 0.0002, 96.875, 98.438, 0.968, 1.000, 
[450] Train acc: 0.9688, Constr acc: 0.9062, CE loss: 0.084, DL2 loss: 4.687
8, 160, 0.0840, 0.0002, 96.875, 100.000, 0.974, 1.000, 
[465] Train acc: 0.9375, Constr acc: 0.9062, CE loss: 0.297, DL2 loss: 2.386
8, 159, 0.2970, 0.0002, 93.750, 100.000, 0.979, 1.000, 
[480] Train acc: 0.9531, Constr acc: 0.8750, CE loss: 0.142, DL2 loss: 3.650
8, 158, 0.1423, 0.0001, 95.312, 100.000, 0.973, 1.000, 
[495] Train acc: 0.9844, Constr acc: 0.9688, CE loss: 0.016, DL2 loss: 0.876
8, 157, 0.0158, 0.0001, 98.438, 100.000, 0.979, 1.000, 
[510] Train acc: 0.9688, Constr acc: 1.0000, CE loss: 0.116, DL2 loss: 0.000
8, 156, 0.1157, 0.0001, 96.875, 100.000, 0.979, 1.000, 
[525] Train acc: 0.9844, Constr acc: 0.9688, CE loss: 0.143, DL2 loss: 0.665
8, 155, 0.1431, 0.0003, 98.438, 100.000, 0.919, 1.000, 
[540] Train acc: 0.9688, Constr acc: 0.8750, CE loss: 0.148, DL2 loss: 3.674
8, 154, 0.1483, 0.0001, 96.875, 100.000, 0.979, 1.000, 
[555] Train acc: 0.9531, Constr acc: 0.9375, CE loss: 0.092, DL2 loss: 2.835
8, 153, 0.0923, 0.0001, 95.312, 100.000, 0.980, 1.000, 
[570] Train acc: 0.9844, Constr acc: 0.9375, CE loss: 0.139, DL2 loss: 3.294
8, 152, 0.1387, 0.0001, 98.438, 100.000, 0.974, 1.000, 
[585] Train acc: 0.9844, Constr acc: 0.9375, CE loss: 0.013, DL2 loss: 2.742
8, 151, 0.0132, 0.0001, 98.438, 100.000, 0.978, 1.000, 
[600] Train acc: 0.9219, Constr acc: 0.9062, CE loss: 0.232, DL2 loss: 2.504
8, 150, 0.2318, 0.0001, 92.188, 100.000, 0.978, 1.000, 
[615] Train acc: 0.9062, Constr acc: 0.9062, CE loss: 0.441, DL2 loss: 2.160
8, 149, 0.4410, 0.0002, 90.625, 98.438, 0.966, 1.000, 
[630] Train acc: 0.9219, Constr acc: 0.9062, CE loss: 0.262, DL2 loss: 5.439
8, 148, 0.2620, 0.0001, 92.188, 100.000, 0.978, 1.000, 
[645] Train acc: 0.9688, Constr acc: 0.8750, CE loss: 0.103, DL2 loss: 3.139
8, 147, 0.1028, 0.0002, 96.875, 100.000, 0.970, 1.000, 
[660] Train acc: 0.9531, Constr acc: 0.8125, CE loss: 0.198, DL2 loss: 5.953
8, 146, 0.1978, 0.0001, 95.312, 100.000, 0.979, 1.000, 
[675] Train acc: 0.9844, Constr acc: 0.8750, CE loss: 0.040, DL2 loss: 3.102
8, 145, 0.0400, 0.0002, 98.438, 100.000, 0.968, 1.000, 
[690] Train acc: 0.9844, Constr acc: 0.8750, CE loss: 0.029, DL2 loss: 5.762
8, 144, 0.0286, 0.0001, 98.438, 100.000, 0.977, 1.000, 
[705] Train acc: 0.9688, Constr acc: 0.9688, CE loss: 0.226, DL2 loss: 0.367
8, 143, 0.2263, 0.0001, 96.875, 98.438, 0.978, 1.000, 
[720] Train acc: 0.9531, Constr acc: 0.9375, CE loss: 0.124, DL2 loss: 1.570
8, 142, 0.1238, 0.0002, 95.312, 100.000, 0.971, 1.000, 
[735] Train acc: 0.9844, Constr acc: 0.9062, CE loss: 0.021, DL2 loss: 3.962
8, 141, 0.0205, 0.0002, 98.438, 100.000, 0.959, 1.000, 
[750] Train acc: 0.9375, Constr acc: 0.9375, CE loss: 0.319, DL2 loss: 1.208
8, 140, 0.3185, 0.0001, 93.750, 100.000, 0.978, 1.000, 
[765] Train acc: 0.9844, Constr acc: 0.8125, CE loss: 0.041, DL2 loss: 4.628
8, 139, 0.0408, 0.0001, 98.438, 100.000, 0.982, 1.000, 
[780] Train acc: 0.9688, Constr acc: 0.9062, CE loss: 0.070, DL2 loss: 2.491
8, 138, 0.0696, 0.0002, 96.875, 100.000, 0.980, 1.000, 
[795] Train acc: 1.0000, Constr acc: 0.8438, CE loss: 0.000, DL2 loss: 6.277
8, 137, 0.0004, 0.0002, 100.000, 100.000, 0.977, 1.000, 
[810] Train acc: 0.9688, Constr acc: 1.0000, CE loss: 0.090, DL2 loss: 0.000
8, 136, 0.0901, 0.0002, 96.875, 100.000, 0.974, 1.000, 
[825] Train acc: 1.0000, Constr acc: 0.9062, CE loss: 0.013, DL2 loss: 3.221
8, 135, 0.0127, 0.0002, 100.000, 100.000, 0.966, 1.000, 
[840] Train acc: 0.9688, Constr acc: 0.9375, CE loss: 0.042, DL2 loss: 1.230
8, 134, 0.0419, 0.0001, 96.875, 100.000, 0.979, 1.000, 
[855] Train acc: 0.9688, Constr acc: 0.8438, CE loss: 0.042, DL2 loss: 6.733
8, 133, 0.0425, 0.0002, 96.875, 100.000, 0.977, 1.000, 
[870] Train acc: 0.9688, Constr acc: 0.9062, CE loss: 0.042, DL2 loss: 3.617
8, 132, 0.0419, 0.0002, 96.875, 100.000, 0.983, 1.000, 
[885] Train acc: 0.9844, Constr acc: 0.8750, CE loss: 0.038, DL2 loss: 3.755
8, 131, 0.0378, 0.0002, 98.438, 100.000, 0.984, 1.000, 
[900] Train acc: 0.9844, Constr acc: 0.9062, CE loss: 0.111, DL2 loss: 0.451
8, 130, 0.1108, 0.0002, 98.438, 98.438, 0.979, 1.000, 
[915] Train acc: 0.9531, Constr acc: 0.8438, CE loss: 0.142, DL2 loss: 4.619
8, 129, 0.1421, 0.0002, 95.312, 100.000, 0.977, 1.000, 
[930] Train acc: 1.0000, Constr acc: 0.9688, CE loss: 0.012, DL2 loss: 0.786
8, 128, 0.0122, 0.0002, 100.000, 100.000, 0.974, 1.000, 
[0] Train acc: 0.9219, Constr acc: 0.8125, CE loss: 0.208, DL2 loss: 7.852
9, 127, 0.2084, 0.0002, 92.188, 100.000, 0.960, 1.000, 
[15] Train acc: 0.9688, Constr acc: 0.8125, CE loss: 0.168, DL2 loss: 7.679
9, 126, 0.1676, 0.0002, 96.875, 100.000, 0.975, 1.000, 
[30] Train acc: 0.9688, Constr acc: 0.8438, CE loss: 0.075, DL2 loss: 7.726
9, 125, 0.0749, 0.0001, 96.875, 100.000, 0.980, 1.000, 
[45] Train acc: 0.9688, Constr acc: 0.9062, CE loss: 0.104, DL2 loss: 2.352
9, 124, 0.1039, 0.0001, 96.875, 100.000, 0.981, 1.000, 
[60] Train acc: 0.9844, Constr acc: 0.9375, CE loss: 0.049, DL2 loss: 3.106
9, 123, 0.0492, 0.0002, 98.438, 100.000, 0.979, 1.000, 
[75] Train acc: 1.0000, Constr acc: 0.9688, CE loss: 0.022, DL2 loss: 0.364
9, 122, 0.0222, 0.0002, 100.000, 100.000, 0.979, 1.000, 
[90] Train acc: 0.9844, Constr acc: 0.8438, CE loss: 0.132, DL2 loss: 2.114
9, 121, 0.1325, 0.0001, 98.438, 100.000, 0.980, 1.000, 
[105] Train acc: 1.0000, Constr acc: 0.9375, CE loss: 0.001, DL2 loss: 3.423
9, 120, 0.0013, 0.0001, 100.000, 100.000, 0.978, 1.000, 
[120] Train acc: 0.9688, Constr acc: 0.9375, CE loss: 0.102, DL2 loss: 2.201
9, 119, 0.1022, 0.0001, 96.875, 100.000, 0.974, 1.000, 
[135] Train acc: 0.9688, Constr acc: 0.8750, CE loss: 0.128, DL2 loss: 1.958
9, 118, 0.1279, 0.0002, 96.875, 100.000, 0.977, 1.000, 
[150] Train acc: 0.9844, Constr acc: 0.9688, CE loss: 0.085, DL2 loss: 1.257
9, 117, 0.0846, 0.0001, 98.438, 100.000, 0.977, 1.000, 
[165] Train acc: 0.9844, Constr acc: 0.9688, CE loss: 0.058, DL2 loss: 0.065
9, 116, 0.0578, 0.0001, 98.438, 100.000, 0.977, 1.000, 
[180] Train acc: 0.9844, Constr acc: 0.9688, CE loss: 0.035, DL2 loss: 2.776
9, 115, 0.0348, 0.0002, 98.438, 100.000, 0.969, 1.000, 
[195] Train acc: 0.9844, Constr acc: 0.9688, CE loss: 0.088, DL2 loss: 0.034
9, 114, 0.0878, 0.0002, 98.438, 100.000, 0.968, 1.000, 
[210] Train acc: 0.9844, Constr acc: 0.9062, CE loss: 0.192, DL2 loss: 5.019
9, 113, 0.1922, 0.0002, 98.438, 100.000, 0.977, 1.000, 
[225] Train acc: 0.9531, Constr acc: 0.9062, CE loss: 0.213, DL2 loss: 1.678
9, 112, 0.2128, 0.0002, 95.312, 100.000, 0.977, 1.000, 
[240] Train acc: 0.9844, Constr acc: 0.8750, CE loss: 0.045, DL2 loss: 3.056
9, 111, 0.0449, 0.0002, 98.438, 100.000, 0.980, 1.000, 
[255] Train acc: 0.9844, Constr acc: 0.9375, CE loss: 0.022, DL2 loss: 2.290
9, 110, 0.0217, 0.0002, 98.438, 100.000, 0.979, 1.000, 
[270] Train acc: 0.8750, Constr acc: 0.8750, CE loss: 0.628, DL2 loss: 2.106
9, 109, 0.6275, 0.0003, 87.500, 100.000, 0.944, 1.000, 
[285] Train acc: 0.9688, Constr acc: 0.8438, CE loss: 0.206, DL2 loss: 6.174
9, 108, 0.2065, 0.0002, 96.875, 100.000, 0.973, 1.000, 
[300] Train acc: 0.9844, Constr acc: 0.9375, CE loss: 0.089, DL2 loss: 3.094
9, 107, 0.0895, 0.0002, 98.438, 100.000, 0.972, 1.000, 
[315] Train acc: 0.9219, Constr acc: 0.8438, CE loss: 0.246, DL2 loss: 8.056
9, 106, 0.2458, 0.0002, 92.188, 100.000, 0.958, 1.000, 
[330] Train acc: 0.9844, Constr acc: 0.8750, CE loss: 0.143, DL2 loss: 2.719
9, 105, 0.1428, 0.0002, 98.438, 100.000, 0.972, 1.000, 
[345] Train acc: 0.9844, Constr acc: 0.9375, CE loss: 0.032, DL2 loss: 0.609
9, 104, 0.0316, 0.0001, 98.438, 100.000, 0.980, 1.000, 
[360] Train acc: 0.9844, Constr acc: 0.9375, CE loss: 0.036, DL2 loss: 2.209
9, 103, 0.0363, 0.0002, 98.438, 100.000, 0.957, 1.000, 
[375] Train acc: 1.0000, Constr acc: 0.9375, CE loss: 0.006, DL2 loss: 0.727
9, 102, 0.0061, 0.0002, 100.000, 100.000, 0.977, 1.000, 
[390] Train acc: 0.9688, Constr acc: 1.0000, CE loss: 0.060, DL2 loss: 0.000
9, 101, 0.0598, 0.0002, 96.875, 100.000, 0.978, 1.000, 
[405] Train acc: 0.9531, Constr acc: 0.7812, CE loss: 0.133, DL2 loss: 5.666
9, 100, 0.1326, 0.0002, 95.312, 100.000, 0.972, 1.000, 
[420] Train acc: 1.0000, Constr acc: 0.8750, CE loss: 0.013, DL2 loss: 2.741
9, 99, 0.0126, 0.0001, 100.000, 100.000, 0.979, 1.000, 
[435] Train acc: 0.9688, Constr acc: 0.9688, CE loss: 0.065, DL2 loss: 1.578
9, 98, 0.0654, 0.0001, 96.875, 100.000, 0.978, 1.000, 
[450] Train acc: 0.9531, Constr acc: 0.9375, CE loss: 0.113, DL2 loss: 0.616
9, 97, 0.1130, 0.0002, 95.312, 100.000, 0.975, 1.000, 
[465] Train acc: 0.9062, Constr acc: 0.9062, CE loss: 0.224, DL2 loss: 3.491
9, 96, 0.2243, 0.0002, 90.625, 100.000, 0.966, 1.000, 
[480] Train acc: 0.9844, Constr acc: 0.8750, CE loss: 0.034, DL2 loss: 3.300
9, 95, 0.0343, 0.0002, 98.438, 100.000, 0.974, 1.000, 
[495] Train acc: 1.0000, Constr acc: 0.8438, CE loss: 0.016, DL2 loss: 3.732
9, 94, 0.0157, 0.0002, 100.000, 100.000, 0.975, 1.000, 
[510] Train acc: 0.9844, Constr acc: 0.9062, CE loss: 0.063, DL2 loss: 5.507
9, 93, 0.0633, 0.0002, 98.438, 100.000, 0.977, 1.000, 
[525] Train acc: 0.9688, Constr acc: 0.9062, CE loss: 0.344, DL2 loss: 4.663
9, 92, 0.3437, 0.0002, 96.875, 98.438, 0.975, 1.000, 
[540] Train acc: 0.9844, Constr acc: 0.8438, CE loss: 0.053, DL2 loss: 6.642
9, 91, 0.0533, 0.0002, 98.438, 100.000, 0.977, 1.000, 
[555] Train acc: 0.9531, Constr acc: 0.9062, CE loss: 0.077, DL2 loss: 3.296
9, 90, 0.0774, 0.0002, 95.312, 100.000, 0.977, 1.000, 
[570] Train acc: 1.0000, Constr acc: 0.9375, CE loss: 0.008, DL2 loss: 1.559
9, 89, 0.0079, 0.0002, 100.000, 100.000, 0.973, 1.000, 
[585] Train acc: 0.9844, Constr acc: 0.8750, CE loss: 0.021, DL2 loss: 3.578
9, 88, 0.0215, 0.0002, 98.438, 100.000, 0.976, 1.000, 
[600] Train acc: 0.9688, Constr acc: 0.7812, CE loss: 0.086, DL2 loss: 7.603
9, 87, 0.0858, 0.0002, 96.875, 100.000, 0.973, 1.000, 
[615] Train acc: 0.9688, Constr acc: 0.8750, CE loss: 0.096, DL2 loss: 4.951
9, 86, 0.0957, 0.0002, 96.875, 100.000, 0.974, 1.000, 
[630] Train acc: 1.0000, Constr acc: 0.8438, CE loss: 0.005, DL2 loss: 5.679
9, 85, 0.0048, 0.0002, 100.000, 100.000, 0.974, 1.000, 
[645] Train acc: 0.9531, Constr acc: 0.9062, CE loss: 0.167, DL2 loss: 5.737
9, 84, 0.1669, 0.0002, 95.312, 100.000, 0.961, 1.000, 
[660] Train acc: 0.9688, Constr acc: 0.7188, CE loss: 0.259, DL2 loss: 11.176
9, 83, 0.2591, 0.0003, 96.875, 98.438, 0.937, 1.000, 
[675] Train acc: 0.9531, Constr acc: 0.9062, CE loss: 0.280, DL2 loss: 1.416
9, 82, 0.2804, 0.0002, 95.312, 100.000, 0.975, 1.000, 
[690] Train acc: 0.9844, Constr acc: 1.0000, CE loss: 0.056, DL2 loss: 0.000
9, 81, 0.0558, 0.0002, 98.438, 100.000, 0.975, 1.000, 
[705] Train acc: 1.0000, Constr acc: 0.9375, CE loss: 0.030, DL2 loss: 2.233
9, 80, 0.0300, 0.0002, 100.000, 100.000, 0.960, 1.000, 
[720] Train acc: 0.9688, Constr acc: 0.8750, CE loss: 0.066, DL2 loss: 2.964
9, 79, 0.0663, 0.0002, 96.875, 100.000, 0.975, 1.000, 
[735] Train acc: 0.9375, Constr acc: 0.8750, CE loss: 0.461, DL2 loss: 4.816
9, 78, 0.4613, 0.0003, 93.750, 98.438, 0.907, 1.000, 
[750] Train acc: 1.0000, Constr acc: 0.8438, CE loss: 0.006, DL2 loss: 4.738
9, 77, 0.0061, 0.0002, 100.000, 100.000, 0.972, 1.000, 
[765] Train acc: 0.9531, Constr acc: 0.8750, CE loss: 0.174, DL2 loss: 2.866
9, 76, 0.1744, 0.0002, 95.312, 100.000, 0.970, 1.000, 
[780] Train acc: 0.9531, Constr acc: 0.9375, CE loss: 0.238, DL2 loss: 1.241
9, 75, 0.2377, 0.0002, 95.312, 100.000, 0.974, 1.000, 
[795] Train acc: 0.9219, Constr acc: 0.8750, CE loss: 0.214, DL2 loss: 3.664
9, 74, 0.2140, 0.0002, 92.188, 100.000, 0.974, 1.000, 
[810] Train acc: 0.9531, Constr acc: 0.8750, CE loss: 0.198, DL2 loss: 4.000
9, 73, 0.1983, 0.0002, 95.312, 100.000, 0.962, 1.000, 
[825] Train acc: 0.9375, Constr acc: 0.9688, CE loss: 0.286, DL2 loss: 1.219
9, 72, 0.2860, 0.0002, 93.750, 100.000, 0.975, 1.000, 
[840] Train acc: 0.9375, Constr acc: 0.9375, CE loss: 0.189, DL2 loss: 3.220
9, 71, 0.1892, 0.0002, 93.750, 100.000, 0.974, 1.000, 
[855] Train acc: 0.9688, Constr acc: 0.9062, CE loss: 0.286, DL2 loss: 2.000
9, 70, 0.2858, 0.0002, 96.875, 100.000, 0.976, 1.000, 
[870] Train acc: 0.9531, Constr acc: 0.8125, CE loss: 0.246, DL2 loss: 5.394
9, 69, 0.2456, 0.0002, 95.312, 100.000, 0.976, 1.000, 
[885] Train acc: 0.8750, Constr acc: 0.8750, CE loss: 0.518, DL2 loss: 3.264
9, 68, 0.5176, 0.0003, 87.500, 100.000, 0.952, 1.000, 
[900] Train acc: 0.9688, Constr acc: 0.8750, CE loss: 0.041, DL2 loss: 5.668
9, 67, 0.0410, 0.0002, 96.875, 100.000, 0.969, 1.000, 
[915] Train acc: 0.9531, Constr acc: 0.9062, CE loss: 0.077, DL2 loss: 1.120
9, 66, 0.0766, 0.0002, 95.312, 100.000, 0.966, 1.000, 
[930] Train acc: 0.9844, Constr acc: 0.8750, CE loss: 0.148, DL2 loss: 1.996
9, 65, 0.1478, 0.0002, 98.438, 100.000, 0.974, 1.000, 
[0] Train acc: 0.9688, Constr acc: 0.9062, CE loss: 0.042, DL2 loss: 2.215
10, 65, 0.0422, 0.0002, 96.875, 100.000, 0.972, 1.000, 
[15] Train acc: 0.8594, Constr acc: 0.7812, CE loss: 0.585, DL2 loss: 4.901
10, 64, 0.5848, 0.0003, 85.938, 98.438, 0.947, 1.000, 
[30] Train acc: 0.9688, Constr acc: 0.9688, CE loss: 0.046, DL2 loss: 0.529
10, 63, 0.0461, 0.0002, 96.875, 100.000, 0.969, 1.000, 
[45] Train acc: 0.9844, Constr acc: 0.8750, CE loss: 0.056, DL2 loss: 4.111
10, 62, 0.0564, 0.0002, 98.438, 100.000, 0.972, 1.000, 
[60] Train acc: 0.9844, Constr acc: 0.8750, CE loss: 0.045, DL2 loss: 1.237
10, 61, 0.0448, 0.0003, 98.438, 100.000, 0.934, 1.000, 
[75] Train acc: 0.9688, Constr acc: 0.9062, CE loss: 0.172, DL2 loss: 2.897
10, 60, 0.1717, 0.0003, 96.875, 98.438, 0.965, 1.000, 
[90] Train acc: 0.9688, Constr acc: 0.8438, CE loss: 0.047, DL2 loss: 4.746
10, 59, 0.0471, 0.0003, 96.875, 100.000, 0.958, 1.000, 
[105] Train acc: 0.9844, Constr acc: 0.9375, CE loss: 0.096, DL2 loss: 1.607
10, 58, 0.0957, 0.0002, 98.438, 100.000, 0.967, 1.000, 
[120] Train acc: 0.9219, Constr acc: 0.8750, CE loss: 0.261, DL2 loss: 3.343
10, 57, 0.2614, 0.0002, 92.188, 100.000, 0.966, 1.000, 
[135] Train acc: 0.9531, Constr acc: 0.8438, CE loss: 0.159, DL2 loss: 3.154
10, 56, 0.1590, 0.0003, 95.312, 100.000, 0.964, 1.000, 
[150] Train acc: 0.9531, Constr acc: 0.8438, CE loss: 0.081, DL2 loss: 3.912
10, 55, 0.0814, 0.0003, 95.312, 100.000, 0.960, 1.000, 
[165] Train acc: 0.9531, Constr acc: 1.0000, CE loss: 0.074, DL2 loss: 0.000
10, 54, 0.0740, 0.0002, 95.312, 100.000, 0.965, 1.000, 
[180] Train acc: 0.9688, Constr acc: 0.9375, CE loss: 0.051, DL2 loss: 1.726
10, 53, 0.0506, 0.0003, 96.875, 100.000, 0.955, 1.000, 
[195] Train acc: 0.9531, Constr acc: 0.9062, CE loss: 0.164, DL2 loss: 2.587
10, 52, 0.1638, 0.0003, 95.312, 100.000, 0.964, 1.000, 
[210] Train acc: 0.9688, Constr acc: 0.8438, CE loss: 0.058, DL2 loss: 3.054
10, 51, 0.0582, 0.0003, 96.875, 100.000, 0.949, 1.000, 
[225] Train acc: 0.9688, Constr acc: 0.9688, CE loss: 0.126, DL2 loss: 0.725
10, 50, 0.1260, 0.0003, 96.875, 100.000, 0.963, 1.000, 
[240] Train acc: 0.9688, Constr acc: 0.8438, CE loss: 0.185, DL2 loss: 5.542
10, 49, 0.1849, 0.0003, 96.875, 100.000, 0.941, 1.000, 
[255] Train acc: 0.8906, Constr acc: 0.9062, CE loss: 0.328, DL2 loss: 5.129
10, 48, 0.3282, 0.0003, 89.062, 100.000, 0.953, 1.000, 
[270] Train acc: 0.9688, Constr acc: 0.8438, CE loss: 0.142, DL2 loss: 5.509
10, 47, 0.1425, 0.0004, 96.875, 100.000, 0.923, 1.000, 
[285] Train acc: 0.9844, Constr acc: 0.7500, CE loss: 0.046, DL2 loss: 9.318
10, 46, 0.0464, 0.0003, 98.438, 100.000, 0.960, 1.000, 
[300] Train acc: 0.9531, Constr acc: 0.8438, CE loss: 0.194, DL2 loss: 1.809
10, 45, 0.1939, 0.0003, 95.312, 100.000, 0.952, 1.000, 
[315] Train acc: 0.9844, Constr acc: 0.7812, CE loss: 0.084, DL2 loss: 9.357
10, 44, 0.0836, 0.0003, 98.438, 100.000, 0.962, 1.000, 
[330] Train acc: 0.9531, Constr acc: 0.9688, CE loss: 0.587, DL2 loss: 0.751
10, 43, 0.5872, 0.0003, 95.312, 98.438, 0.955, 1.000, 
[345] Train acc: 0.9375, Constr acc: 0.9688, CE loss: 0.150, DL2 loss: 0.129
10, 42, 0.1497, 0.0003, 93.750, 100.000, 0.933, 1.000, 
[360] Train acc: 0.9688, Constr acc: 0.9062, CE loss: 0.095, DL2 loss: 3.327
10, 41, 0.0951, 0.0003, 96.875, 100.000, 0.956, 1.000, 
[375] Train acc: 1.0000, Constr acc: 0.8125, CE loss: 0.005, DL2 loss: 6.842
10, 40, 0.0047, 0.0003, 100.000, 100.000, 0.957, 1.000, 
[390] Train acc: 1.0000, Constr acc: 0.8750, CE loss: 0.008, DL2 loss: 5.514
10, 39, 0.0080, 0.0004, 100.000, 100.000, 0.921, 1.000, 
[405] Train acc: 1.0000, Constr acc: 0.9062, CE loss: 0.011, DL2 loss: 3.561
10, 38, 0.0114, 0.0003, 100.000, 100.000, 0.963, 1.000, 
[420] Train acc: 0.9219, Constr acc: 0.8750, CE loss: 0.242, DL2 loss: 5.527
10, 37, 0.2423, 0.0003, 92.188, 100.000, 0.954, 1.000, 
[435] Train acc: 0.9531, Constr acc: 0.8750, CE loss: 0.248, DL2 loss: 2.841
10, 36, 0.2475, 0.0003, 95.312, 100.000, 0.940, 1.000, 
[450] Train acc: 0.8906, Constr acc: 0.8125, CE loss: 0.302, DL2 loss: 4.105
10, 35, 0.3024, 0.0004, 89.062, 98.438, 0.930, 1.000, 
[465] Train acc: 0.8281, Constr acc: 0.7812, CE loss: 1.034, DL2 loss: 4.209
10, 34, 1.0337, 0.0003, 82.812, 96.875, 0.942, 1.000, 
[480] Train acc: 0.8594, Constr acc: 0.8125, CE loss: 0.389, DL2 loss: 4.500
10, 33, 0.3888, 0.0005, 85.938, 98.438, 0.888, 1.000, 
[495] Train acc: 0.9531, Constr acc: 0.7812, CE loss: 0.177, DL2 loss: 9.505
10, 32, 0.1768, 0.0003, 95.312, 100.000, 0.931, 1.000, 
[510] Train acc: 0.9062, Constr acc: 0.8125, CE loss: 0.216, DL2 loss: 4.080
10, 31, 0.2160, 0.0003, 90.625, 100.000, 0.937, 1.000, 
[525] Train acc: 0.9219, Constr acc: 0.8125, CE loss: 0.198, DL2 loss: 4.833
10, 30, 0.1982, 0.0004, 92.188, 100.000, 0.928, 1.000, 
[540] Train acc: 0.8906, Constr acc: 0.7500, CE loss: 0.280, DL2 loss: 4.284
10, 29, 0.2796, 0.0004, 89.062, 98.438, 0.913, 1.000, 
[555] Train acc: 0.8438, Constr acc: 0.8750, CE loss: 0.411, DL2 loss: 5.216
10, 28, 0.4115, 0.0004, 84.375, 100.000, 0.911, 1.000, 
[570] Train acc: 0.9062, Constr acc: 0.9062, CE loss: 0.368, DL2 loss: 0.708
10, 27, 0.3680, 0.0004, 90.625, 100.000, 0.914, 1.000, 
[585] Train acc: 0.9062, Constr acc: 0.9375, CE loss: 0.736, DL2 loss: 1.472
10, 26, 0.7356, 0.0004, 90.625, 98.438, 0.914, 1.000, 
[600] Train acc: 0.8125, Constr acc: 0.7812, CE loss: 0.582, DL2 loss: 5.383
10, 25, 0.5822, 0.0005, 81.250, 98.438, 0.891, 1.000, 
[615] Train acc: 0.8125, Constr acc: 0.6875, CE loss: 0.650, DL2 loss: 8.326
10, 24, 0.6503, 0.0005, 81.250, 100.000, 0.875, 1.000, 
[630] Train acc: 0.8906, Constr acc: 0.9375, CE loss: 0.309, DL2 loss: 1.175
10, 23, 0.3087, 0.0005, 89.062, 100.000, 0.879, 1.000, 
[645] Train acc: 0.8594, Constr acc: 0.7500, CE loss: 0.645, DL2 loss: 8.612
10, 22, 0.6449, 0.0006, 85.938, 96.875, 0.849, 1.000, 
[660] Train acc: 0.7031, Constr acc: 0.7500, CE loss: 1.180, DL2 loss: 9.183
10, 21, 1.1800, 0.0008, 70.312, 100.000, 0.741, 1.000, 
[675] Train acc: 0.7969, Constr acc: 0.8125, CE loss: 0.692, DL2 loss: 3.274
10, 20, 0.6917, 0.0007, 79.688, 98.438, 0.764, 1.000, 
[690] Train acc: 0.8281, Constr acc: 0.6875, CE loss: 0.783, DL2 loss: 8.093
10, 19, 0.7833, 0.0008, 82.812, 100.000, 0.730, 1.000, 
[705] Train acc: 0.7969, Constr acc: 0.7812, CE loss: 0.662, DL2 loss: 7.587
10, 18, 0.6619, 0.0007, 79.688, 98.438, 0.789, 1.000, 
[720] Train acc: 0.6875, Constr acc: 0.7500, CE loss: 1.393, DL2 loss: 6.575
10, 17, 1.3931, 0.0010, 68.750, 98.438, 0.630, 1.000, 
[735] Train acc: 0.7031, Constr acc: 0.5312, CE loss: 0.832, DL2 loss: 17.358
10, 16, 0.8319, 0.0011, 70.312, 100.000, 0.616, 1.000, 
[750] Train acc: 0.7344, Constr acc: 0.7812, CE loss: 1.076, DL2 loss: 6.035
10, 15, 1.0757, 0.0011, 73.438, 100.000, 0.609, 1.000, 
[765] Train acc: 0.7031, Constr acc: 0.6562, CE loss: 1.434, DL2 loss: 8.714
10, 14, 1.4342, 0.0010, 70.312, 96.875, 0.674, 1.000, 
[780] Train acc: 0.6875, Constr acc: 0.8125, CE loss: 0.972, DL2 loss: 5.353
10, 13, 0.9719, 0.0010, 68.750, 100.000, 0.641, 1.000, 
[795] Train acc: 0.4062, Constr acc: 0.6562, CE loss: 2.387, DL2 loss: 6.772
10, 12, 2.3875, 0.0011, 40.625, 78.125, 0.585, 1.000, 
[810] Train acc: 0.3594, Constr acc: 0.2188, CE loss: 2.928, DL2 loss: 21.613
10, 11, 2.9283, 0.0018, 35.938, 82.812, 0.347, 1.000, 
[825] Train acc: 0.2812, Constr acc: 0.3125, CE loss: 3.814, DL2 loss: 19.512
10, 10, 3.8141, 0.0018, 28.125, 75.000, 0.330, 1.000, 
[840] Train acc: 0.2969, Constr acc: 0.2500, CE loss: 1.960, DL2 loss: 35.424
10, 9, 1.9600, 0.0021, 29.688, 57.812, 0.214, 1.000, 
[855] Train acc: 0.1719, Constr acc: 0.1875, CE loss: 2.145, DL2 loss: 29.514
10, 8, 2.1453, 0.0022, 17.188, 75.000, 0.187, 1.000, 
[870] Train acc: 0.2188, Constr acc: 0.1250, CE loss: 1.986, DL2 loss: 42.231
10, 7, 1.9860, 0.0021, 21.875, 73.438, 0.227, 1.000, 
[885] Train acc: 0.1250, Constr acc: 0.0938, CE loss: 2.325, DL2 loss: 39.823
10, 6, 2.3246, 0.0023, 12.500, 42.188, 0.114, 1.000, 
[900] Train acc: 0.0938, Constr acc: 0.0312, CE loss: 2.328, DL2 loss: 39.220
10, 5, 2.3276, 0.0023, 9.375, 46.875, 0.114, 1.000, 
[915] Train acc: 0.1250, Constr acc: 0.0625, CE loss: 2.310, DL2 loss: 46.601
10, 4, 2.3102, 0.0023, 12.500, 53.125, 0.114, 1.000, 
[930] Train acc: 0.1250, Constr acc: 0.0938, CE loss: 2.295, DL2 loss: 38.838
10, 3, 2.2952, 0.0023, 12.500, 54.688, 0.114, 1.000, 
