main_allinputs_dl2.py --pruning=True --tensorboard=True --log-interval=15 --pruning_config=./configs/mnist_22_15.json --constraint RobustnessDandR(eps1=25, eps2=6) --print-after-epoch=0 --dl2-weight=0.2 --delay=6
pruning_engine.load_mask(): did not find mask file, will load nothing
epoch, neuron_units, loss, dl2_loss, top1, top5, dl2_p_acc, dl2_constraint_acc
[0] Train acc: 0.1406
1, 252, 2.2927, 0.0023, 14.062, 59.375, 0.103, 1.000, 
[15] Train acc: 0.1875
1, 252, 2.2763, 0.0023, 18.750, 68.750, 0.103, 1.000, 
[30] Train acc: 0.3125
1, 252, 2.2343, 0.0023, 31.250, 75.000, 0.205, 1.000, 
[45] Train acc: 0.3594
1, 252, 2.1083, 0.0022, 35.938, 89.062, 0.408, 1.000, 
[60] Train acc: 0.5625
1, 252, 1.8079, 0.0021, 56.250, 90.625, 0.576, 1.000, 
[75] Train acc: 0.6719
1, 252, 1.1560, 0.0017, 67.188, 95.312, 0.646, 1.000, 
[90] Train acc: 0.6250
1, 252, 1.0569, 0.0015, 62.500, 98.438, 0.674, 1.000, 
[105] Train acc: 0.7031
1, 252, 0.8945, 0.0013, 70.312, 95.312, 0.730, 1.000, 
[120] Train acc: 0.8125
1, 252, 0.5999, 0.0011, 81.250, 98.438, 0.806, 1.000, 
[135] Train acc: 0.8594
1, 252, 0.3908, 0.0010, 85.938, 100.000, 0.854, 1.000, 
[150] Train acc: 0.8594
1, 252, 0.5338, 0.0010, 85.938, 100.000, 0.820, 1.000, 
[165] Train acc: 0.8281
1, 252, 0.5438, 0.0010, 82.812, 98.438, 0.764, 1.000, 
[180] Train acc: 0.9062
1, 252, 0.4400, 0.0009, 90.625, 98.438, 0.846, 1.000, 
[195] Train acc: 0.9062
1, 252, 0.2807, 0.0009, 90.625, 100.000, 0.848, 0.999, 
[210] Train acc: 0.9219
1, 252, 0.3626, 0.0009, 92.188, 98.438, 0.857, 1.000, 
[225] Train acc: 0.8750
1, 252, 0.3995, 0.0008, 87.500, 100.000, 0.887, 0.999, 
[240] Train acc: 0.8750
1, 252, 0.4170, 0.0008, 87.500, 98.438, 0.877, 0.999, 
[255] Train acc: 0.8281
1, 252, 0.4295, 0.0008, 82.812, 100.000, 0.851, 1.000, 
[270] Train acc: 0.9219
1, 252, 0.2311, 0.0008, 92.188, 100.000, 0.843, 1.000, 
[285] Train acc: 0.9375
1, 252, 0.2467, 0.0007, 93.750, 100.000, 0.920, 0.999, 
[300] Train acc: 0.9062
1, 252, 0.2694, 0.0007, 90.625, 100.000, 0.911, 0.999, 
[315] Train acc: 0.9219
1, 252, 0.2680, 0.0007, 92.188, 98.438, 0.922, 0.999, 
[330] Train acc: 0.9062
1, 252, 0.3726, 0.0007, 90.625, 98.438, 0.864, 1.000, 
[345] Train acc: 0.8594
1, 252, 0.4701, 0.0007, 85.938, 98.438, 0.908, 0.999, 
[360] Train acc: 0.8750
1, 252, 0.2838, 0.0007, 87.500, 100.000, 0.909, 0.999, 
[375] Train acc: 0.9375
1, 252, 0.1560, 0.0007, 93.750, 100.000, 0.923, 0.997, 
[390] Train acc: 0.9062
1, 252, 0.2070, 0.0006, 90.625, 100.000, 0.915, 0.997, 
[405] Train acc: 0.9375
1, 252, 0.1975, 0.0006, 93.750, 100.000, 0.918, 0.997, 
[420] Train acc: 0.9219
1, 252, 0.2446, 0.0006, 92.188, 100.000, 0.936, 0.995, 
[435] Train acc: 0.9219
1, 252, 0.2261, 0.0006, 92.188, 100.000, 0.935, 0.996, 
[450] Train acc: 0.9219
1, 252, 0.1807, 0.0006, 92.188, 100.000, 0.942, 0.996, 
[465] Train acc: 0.8906
1, 252, 0.3503, 0.0006, 89.062, 100.000, 0.914, 0.997, 
[480] Train acc: 1.0000
1, 252, 0.0762, 0.0006, 100.000, 100.000, 0.934, 0.993, 
[495] Train acc: 0.9531
1, 252, 0.1621, 0.0006, 95.312, 100.000, 0.948, 0.995, 
[510] Train acc: 0.9219
1, 252, 0.1649, 0.0005, 92.188, 100.000, 0.949, 0.993, 
[525] Train acc: 0.9531
1, 252, 0.1392, 0.0006, 95.312, 100.000, 0.945, 0.992, 
[540] Train acc: 0.9531
1, 252, 0.2543, 0.0006, 95.312, 98.438, 0.933, 0.996, 
[555] Train acc: 0.9688
1, 252, 0.1702, 0.0005, 96.875, 98.438, 0.953, 0.990, 
[570] Train acc: 0.9531
1, 252, 0.1492, 0.0005, 95.312, 100.000, 0.925, 0.991, 
[585] Train acc: 0.9844
1, 252, 0.0822, 0.0005, 98.438, 100.000, 0.950, 0.991, 
[600] Train acc: 0.9531
1, 252, 0.1890, 0.0005, 95.312, 100.000, 0.951, 0.995, 
[615] Train acc: 0.9531
1, 252, 0.1561, 0.0005, 95.312, 100.000, 0.951, 0.995, 
[630] Train acc: 0.9375
1, 252, 0.3362, 0.0005, 93.750, 100.000, 0.956, 0.995, 
[645] Train acc: 0.9688
1, 252, 0.1513, 0.0005, 96.875, 100.000, 0.956, 0.995, 
[660] Train acc: 0.9688
1, 252, 0.1354, 0.0005, 96.875, 100.000, 0.956, 0.992, 
[675] Train acc: 0.9375
1, 252, 0.1571, 0.0005, 93.750, 100.000, 0.956, 0.991, 
[690] Train acc: 0.9688
1, 252, 0.1637, 0.0005, 96.875, 98.438, 0.958, 0.996, 
[705] Train acc: 0.8906
1, 252, 0.3415, 0.0005, 89.062, 100.000, 0.953, 0.990, 
[720] Train acc: 1.0000
1, 252, 0.0550, 0.0005, 100.000, 100.000, 0.958, 0.989, 
[735] Train acc: 0.9375
1, 252, 0.1595, 0.0005, 93.750, 100.000, 0.956, 0.990, 
[750] Train acc: 0.9688
1, 252, 0.0683, 0.0005, 96.875, 100.000, 0.950, 0.989, 
[765] Train acc: 0.9062
1, 252, 0.2801, 0.0005, 90.625, 100.000, 0.945, 0.991, 
[780] Train acc: 0.9219
1, 252, 0.1975, 0.0005, 92.188, 100.000, 0.965, 0.996, 
[795] Train acc: 0.9375
1, 252, 0.1232, 0.0005, 93.750, 100.000, 0.960, 0.995, 
[810] Train acc: 1.0000
1, 252, 0.0531, 0.0005, 100.000, 100.000, 0.963, 0.994, 
[825] Train acc: 0.9531
1, 252, 0.1005, 0.0005, 95.312, 100.000, 0.959, 0.993, 
[840] Train acc: 0.9531
1, 252, 0.1271, 0.0005, 95.312, 100.000, 0.969, 0.995, 
[855] Train acc: 0.9375
1, 252, 0.1566, 0.0005, 93.750, 100.000, 0.942, 0.993, 
[870] Train acc: 0.9531
1, 252, 0.1490, 0.0004, 95.312, 100.000, 0.963, 0.988, 
[885] Train acc: 0.9375
1, 252, 0.1344, 0.0005, 93.750, 100.000, 0.959, 0.994, 
[900] Train acc: 0.9531
1, 252, 0.1105, 0.0004, 95.312, 100.000, 0.962, 0.989, 
[915] Train acc: 0.9375
1, 252, 0.1970, 0.0004, 93.750, 100.000, 0.960, 0.988, 
[930] Train acc: 0.9375
1, 252, 0.1600, 0.0004, 93.750, 100.000, 0.965, 0.984, 
[0] Train acc: 0.9531
2, 252, 0.1407, 0.0004, 95.312, 100.000, 0.963, 0.979, 
[15] Train acc: 0.9844
2, 252, 0.0752, 0.0004, 98.438, 100.000, 0.967, 0.977, 
[30] Train acc: 0.9688
2, 252, 0.0801, 0.0004, 96.875, 100.000, 0.955, 0.976, 
[45] Train acc: 0.9688
2, 252, 0.0949, 0.0004, 96.875, 100.000, 0.965, 0.970, 
[60] Train acc: 0.9844
2, 252, 0.0438, 0.0004, 98.438, 100.000, 0.963, 0.983, 
[75] Train acc: 0.9688
2, 252, 0.1399, 0.0004, 96.875, 100.000, 0.966, 0.979, 
[90] Train acc: 0.9375
2, 252, 0.3302, 0.0004, 93.750, 100.000, 0.967, 0.983, 
[105] Train acc: 0.9844
2, 252, 0.0491, 0.0004, 98.438, 100.000, 0.970, 0.991, 
[120] Train acc: 0.9688
2, 252, 0.0914, 0.0004, 96.875, 100.000, 0.970, 0.991, 
[135] Train acc: 0.9688
2, 252, 0.1508, 0.0004, 96.875, 100.000, 0.964, 0.982, 
[150] Train acc: 0.9531
2, 252, 0.0793, 0.0004, 95.312, 100.000, 0.967, 0.980, 
[165] Train acc: 0.9844
2, 252, 0.0713, 0.0004, 98.438, 100.000, 0.969, 0.982, 
[180] Train acc: 0.9531
2, 252, 0.0830, 0.0004, 95.312, 100.000, 0.966, 0.969, 
[195] Train acc: 0.9844
2, 252, 0.0966, 0.0004, 98.438, 100.000, 0.961, 0.977, 
[210] Train acc: 0.9688
2, 252, 0.0620, 0.0004, 96.875, 100.000, 0.973, 0.968, 
[225] Train acc: 0.9531
2, 252, 0.1448, 0.0004, 95.312, 100.000, 0.965, 0.966, 
[240] Train acc: 0.9531
2, 252, 0.1479, 0.0004, 95.312, 100.000, 0.967, 0.981, 
[255] Train acc: 1.0000
2, 252, 0.0279, 0.0004, 100.000, 100.000, 0.968, 0.971, 
[270] Train acc: 0.9844
2, 252, 0.0609, 0.0003, 98.438, 100.000, 0.974, 0.957, 
[285] Train acc: 0.9844
2, 252, 0.0342, 0.0003, 98.438, 100.000, 0.975, 0.953, 
[300] Train acc: 0.9688
2, 252, 0.0782, 0.0004, 96.875, 100.000, 0.969, 0.963, 
[315] Train acc: 0.9375
2, 252, 0.1122, 0.0004, 93.750, 100.000, 0.975, 0.970, 
[330] Train acc: 0.9688
2, 252, 0.0469, 0.0004, 96.875, 100.000, 0.968, 0.967, 
[345] Train acc: 0.9531
2, 252, 0.2345, 0.0004, 95.312, 100.000, 0.977, 0.981, 
[360] Train acc: 0.9688
2, 252, 0.0647, 0.0004, 96.875, 100.000, 0.962, 0.990, 
[375] Train acc: 0.9531
2, 252, 0.1035, 0.0004, 95.312, 100.000, 0.976, 0.985, 
[390] Train acc: 0.9844
2, 252, 0.0274, 0.0004, 98.438, 100.000, 0.974, 0.978, 
[405] Train acc: 0.9844
2, 252, 0.0408, 0.0004, 98.438, 100.000, 0.968, 0.984, 
[420] Train acc: 0.9844
2, 252, 0.0255, 0.0004, 98.438, 100.000, 0.976, 0.974, 
[435] Train acc: 0.9844
2, 252, 0.0391, 0.0004, 98.438, 100.000, 0.977, 0.975, 
[450] Train acc: 0.9844
2, 252, 0.0888, 0.0003, 98.438, 100.000, 0.975, 0.971, 
[465] Train acc: 0.9688
2, 252, 0.0860, 0.0004, 96.875, 100.000, 0.972, 0.976, 
[480] Train acc: 0.9688
2, 252, 0.0826, 0.0004, 96.875, 100.000, 0.969, 0.970, 
[495] Train acc: 0.9375
2, 252, 0.1246, 0.0004, 93.750, 100.000, 0.972, 0.974, 
[510] Train acc: 1.0000
2, 252, 0.0169, 0.0004, 100.000, 100.000, 0.974, 0.977, 
[525] Train acc: 0.9688
2, 252, 0.1215, 0.0004, 96.875, 100.000, 0.977, 0.978, 
[540] Train acc: 0.9844
2, 252, 0.0627, 0.0004, 98.438, 100.000, 0.977, 0.982, 
[555] Train acc: 1.0000
2, 252, 0.0338, 0.0004, 100.000, 100.000, 0.977, 0.977, 
[570] Train acc: 0.9531
2, 252, 0.1980, 0.0004, 95.312, 100.000, 0.972, 0.976, 
[585] Train acc: 1.0000
2, 252, 0.0180, 0.0004, 100.000, 100.000, 0.965, 0.974, 
[600] Train acc: 0.9531
2, 252, 0.1889, 0.0004, 95.312, 100.000, 0.966, 0.976, 
[615] Train acc: 0.9531
2, 252, 0.1996, 0.0004, 95.312, 100.000, 0.972, 0.970, 
[630] Train acc: 0.9844
2, 252, 0.0752, 0.0004, 98.438, 100.000, 0.971, 0.969, 
[645] Train acc: 0.9062
2, 252, 0.2343, 0.0003, 90.625, 100.000, 0.980, 0.970, 
[660] Train acc: 0.9844
2, 252, 0.0542, 0.0003, 98.438, 100.000, 0.978, 0.964, 
[675] Train acc: 0.9844
2, 252, 0.0672, 0.0003, 98.438, 100.000, 0.977, 0.959, 
[690] Train acc: 0.9688
2, 252, 0.0481, 0.0003, 96.875, 100.000, 0.975, 0.950, 
[705] Train acc: 0.9844
2, 252, 0.0961, 0.0003, 98.438, 100.000, 0.970, 0.945, 
[720] Train acc: 0.9688
2, 252, 0.0633, 0.0003, 96.875, 100.000, 0.976, 0.958, 
[735] Train acc: 0.9844
2, 252, 0.0988, 0.0004, 98.438, 100.000, 0.959, 0.947, 
[750] Train acc: 0.9844
2, 252, 0.0208, 0.0003, 98.438, 100.000, 0.978, 0.953, 
[765] Train acc: 0.9688
2, 252, 0.0411, 0.0003, 96.875, 100.000, 0.978, 0.947, 
[780] Train acc: 0.9844
2, 252, 0.0408, 0.0003, 98.438, 100.000, 0.975, 0.947, 
[795] Train acc: 0.9688
2, 252, 0.0842, 0.0003, 96.875, 100.000, 0.976, 0.967, 
[810] Train acc: 0.9688
2, 252, 0.0810, 0.0003, 96.875, 100.000, 0.976, 0.962, 
[825] Train acc: 0.9375
2, 252, 0.2803, 0.0003, 93.750, 100.000, 0.979, 0.965, 
[840] Train acc: 1.0000
2, 252, 0.0204, 0.0003, 100.000, 100.000, 0.974, 0.956, 
[855] Train acc: 1.0000
2, 252, 0.0160, 0.0003, 100.000, 100.000, 0.980, 0.953, 
[870] Train acc: 1.0000
2, 252, 0.0261, 0.0003, 100.000, 100.000, 0.978, 0.956, 
[885] Train acc: 0.9844
2, 252, 0.0547, 0.0003, 98.438, 100.000, 0.977, 0.960, 
[900] Train acc: 0.9375
2, 252, 0.1150, 0.0003, 93.750, 100.000, 0.979, 0.966, 
[915] Train acc: 0.9688
2, 252, 0.0495, 0.0003, 96.875, 100.000, 0.981, 0.951, 
[930] Train acc: 0.9688
2, 252, 0.1090, 0.0003, 96.875, 100.000, 0.971, 0.958, 
[0] Train acc: 0.9688
3, 252, 0.1437, 0.0003, 96.875, 100.000, 0.970, 0.962, 
[15] Train acc: 1.0000
3, 252, 0.0285, 0.0003, 100.000, 100.000, 0.981, 0.959, 
[30] Train acc: 0.9844
3, 252, 0.0529, 0.0003, 98.438, 100.000, 0.978, 0.949, 
[45] Train acc: 0.9688
3, 252, 0.0809, 0.0004, 96.875, 100.000, 0.969, 0.958, 
[60] Train acc: 1.0000
3, 252, 0.0216, 0.0003, 100.000, 100.000, 0.981, 0.950, 
[75] Train acc: 0.9688
3, 252, 0.1329, 0.0003, 96.875, 100.000, 0.969, 0.950, 
[90] Train acc: 0.9844
3, 252, 0.0656, 0.0003, 98.438, 100.000, 0.976, 0.943, 
[105] Train acc: 1.0000
3, 252, 0.0243, 0.0003, 100.000, 100.000, 0.981, 0.964, 
[120] Train acc: 1.0000
3, 252, 0.0218, 0.0003, 100.000, 100.000, 0.979, 0.953, 
[135] Train acc: 0.9531
3, 252, 0.0817, 0.0003, 95.312, 100.000, 0.981, 0.960, 
[150] Train acc: 1.0000
3, 252, 0.0099, 0.0003, 100.000, 100.000, 0.975, 0.954, 
[165] Train acc: 0.9844
3, 252, 0.1767, 0.0003, 98.438, 100.000, 0.981, 0.964, 
[180] Train acc: 0.9531
3, 252, 0.1106, 0.0003, 95.312, 100.000, 0.981, 0.947, 
[195] Train acc: 0.9844
3, 252, 0.0700, 0.0003, 98.438, 100.000, 0.976, 0.947, 
[210] Train acc: 0.9531
3, 252, 0.0754, 0.0003, 95.312, 100.000, 0.972, 0.952, 
[225] Train acc: 1.0000
3, 252, 0.0133, 0.0003, 100.000, 100.000, 0.983, 0.942, 
[240] Train acc: 0.9688
3, 252, 0.0620, 0.0003, 96.875, 100.000, 0.980, 0.933, 
[255] Train acc: 0.9844
3, 252, 0.0525, 0.0003, 98.438, 100.000, 0.972, 0.936, 
[270] Train acc: 0.9688
3, 252, 0.0948, 0.0003, 96.875, 100.000, 0.982, 0.945, 
[285] Train acc: 0.9688
3, 252, 0.0618, 0.0003, 96.875, 100.000, 0.984, 0.943, 
[300] Train acc: 0.9844
3, 252, 0.0618, 0.0003, 98.438, 100.000, 0.981, 0.958, 
[315] Train acc: 0.9688
3, 252, 0.1432, 0.0003, 96.875, 100.000, 0.983, 0.957, 
[330] Train acc: 0.9531
3, 252, 0.1283, 0.0003, 95.312, 100.000, 0.978, 0.951, 
[345] Train acc: 1.0000
3, 252, 0.0156, 0.0003, 100.000, 100.000, 0.982, 0.947, 
[360] Train acc: 0.9844
3, 252, 0.0625, 0.0003, 98.438, 100.000, 0.979, 0.934, 
[375] Train acc: 1.0000
3, 252, 0.0429, 0.0003, 100.000, 100.000, 0.977, 0.927, 
[390] Train acc: 0.9375
3, 252, 0.2170, 0.0003, 93.750, 100.000, 0.966, 0.920, 
[405] Train acc: 0.9844
3, 252, 0.0477, 0.0003, 98.438, 100.000, 0.982, 0.939, 
[420] Train acc: 1.0000
3, 252, 0.0266, 0.0003, 100.000, 100.000, 0.982, 0.940, 
[435] Train acc: 0.9844
3, 252, 0.0296, 0.0003, 98.438, 100.000, 0.972, 0.959, 
[450] Train acc: 0.9844
3, 252, 0.0515, 0.0003, 98.438, 100.000, 0.979, 0.946, 
[465] Train acc: 1.0000
3, 252, 0.0425, 0.0003, 100.000, 100.000, 0.982, 0.957, 
[480] Train acc: 0.9844
3, 252, 0.1283, 0.0003, 98.438, 100.000, 0.981, 0.952, 
[495] Train acc: 0.9688
3, 252, 0.0506, 0.0003, 96.875, 100.000, 0.983, 0.942, 
[510] Train acc: 0.9688
3, 252, 0.0836, 0.0003, 96.875, 100.000, 0.982, 0.945, 
[525] Train acc: 0.9531
3, 252, 0.1020, 0.0003, 95.312, 100.000, 0.984, 0.948, 
[540] Train acc: 1.0000
3, 252, 0.0214, 0.0003, 100.000, 100.000, 0.982, 0.930, 
[555] Train acc: 0.9531
3, 252, 0.1520, 0.0003, 95.312, 100.000, 0.985, 0.973, 
[570] Train acc: 0.9844
3, 252, 0.0536, 0.0003, 98.438, 100.000, 0.978, 0.955, 
[585] Train acc: 1.0000
3, 252, 0.0112, 0.0003, 100.000, 100.000, 0.982, 0.943, 
[600] Train acc: 0.9375
3, 252, 0.1640, 0.0003, 93.750, 100.000, 0.980, 0.949, 
[615] Train acc: 0.9531
3, 252, 0.1815, 0.0003, 95.312, 100.000, 0.982, 0.954, 
[630] Train acc: 1.0000
3, 252, 0.0235, 0.0003, 100.000, 100.000, 0.984, 0.948, 
[645] Train acc: 0.9688
3, 252, 0.2124, 0.0003, 96.875, 100.000, 0.983, 0.951, 
[660] Train acc: 1.0000
3, 252, 0.0341, 0.0003, 100.000, 100.000, 0.983, 0.964, 
[675] Train acc: 1.0000
3, 252, 0.0153, 0.0003, 100.000, 100.000, 0.984, 0.939, 
[690] Train acc: 0.9844
3, 252, 0.0284, 0.0003, 98.438, 100.000, 0.985, 0.950, 
[705] Train acc: 1.0000
3, 252, 0.0274, 0.0003, 100.000, 100.000, 0.983, 0.940, 
[720] Train acc: 0.9844
3, 252, 0.0483, 0.0003, 98.438, 100.000, 0.984, 0.947, 
[735] Train acc: 0.9844
3, 252, 0.0342, 0.0003, 98.438, 100.000, 0.982, 0.947, 
[750] Train acc: 0.9844
3, 252, 0.0250, 0.0003, 98.438, 100.000, 0.986, 0.949, 
[765] Train acc: 1.0000
3, 252, 0.0191, 0.0003, 100.000, 100.000, 0.981, 0.953, 
[780] Train acc: 0.9531
3, 252, 0.1058, 0.0003, 95.312, 100.000, 0.984, 0.935, 
[795] Train acc: 0.9688
3, 252, 0.0497, 0.0003, 96.875, 100.000, 0.982, 0.922, 
[810] Train acc: 1.0000
3, 252, 0.0074, 0.0003, 100.000, 100.000, 0.978, 0.907, 
[825] Train acc: 1.0000
3, 252, 0.0133, 0.0002, 100.000, 100.000, 0.984, 0.920, 
[840] Train acc: 0.9531
3, 252, 0.0715, 0.0003, 95.312, 100.000, 0.981, 0.949, 
[855] Train acc: 1.0000
3, 252, 0.0085, 0.0003, 100.000, 100.000, 0.978, 0.963, 
[870] Train acc: 1.0000
3, 252, 0.0084, 0.0003, 100.000, 100.000, 0.981, 0.946, 
[885] Train acc: 1.0000
3, 252, 0.0144, 0.0003, 100.000, 100.000, 0.983, 0.940, 
[900] Train acc: 0.9844
3, 252, 0.0241, 0.0003, 98.438, 100.000, 0.981, 0.940, 
[915] Train acc: 0.9531
3, 252, 0.2423, 0.0003, 95.312, 100.000, 0.983, 0.941, 
[930] Train acc: 0.9844
3, 252, 0.0708, 0.0003, 98.438, 100.000, 0.987, 0.939, 
[0] Train acc: 0.9844
4, 252, 0.0484, 0.0003, 98.438, 100.000, 0.985, 0.938, 
[15] Train acc: 1.0000
4, 252, 0.0244, 0.0003, 100.000, 100.000, 0.983, 0.932, 
[30] Train acc: 0.9844
4, 252, 0.0416, 0.0003, 98.438, 100.000, 0.981, 0.923, 
[45] Train acc: 1.0000
4, 252, 0.0063, 0.0003, 100.000, 100.000, 0.985, 0.931, 
[60] Train acc: 1.0000
4, 252, 0.0215, 0.0003, 100.000, 100.000, 0.984, 0.935, 
[75] Train acc: 1.0000
4, 252, 0.0432, 0.0003, 100.000, 100.000, 0.972, 0.916, 
[90] Train acc: 0.9844
4, 252, 0.0448, 0.0002, 98.438, 100.000, 0.985, 0.895, 
[105] Train acc: 1.0000
4, 252, 0.0111, 0.0002, 100.000, 100.000, 0.984, 0.913, 
[120] Train acc: 0.9844
4, 252, 0.0530, 0.0003, 98.438, 100.000, 0.982, 0.942, 
[135] Train acc: 0.9844
4, 252, 0.0300, 0.0003, 98.438, 100.000, 0.985, 0.920, 
[150] Train acc: 0.9688
4, 252, 0.0593, 0.0002, 96.875, 100.000, 0.985, 0.920, 
[165] Train acc: 1.0000
4, 252, 0.0173, 0.0003, 100.000, 100.000, 0.982, 0.925, 
[180] Train acc: 0.9844
4, 252, 0.1133, 0.0002, 98.438, 100.000, 0.985, 0.908, 
[195] Train acc: 1.0000
4, 252, 0.0079, 0.0003, 100.000, 100.000, 0.983, 0.909, 
[210] Train acc: 0.9531
4, 252, 0.1191, 0.0003, 95.312, 100.000, 0.980, 0.905, 
[225] Train acc: 1.0000
4, 252, 0.0161, 0.0003, 100.000, 100.000, 0.985, 0.935, 
[240] Train acc: 1.0000
4, 252, 0.0187, 0.0003, 100.000, 100.000, 0.982, 0.947, 
[255] Train acc: 0.9844
4, 252, 0.1243, 0.0003, 98.438, 98.438, 0.983, 0.930, 
[270] Train acc: 1.0000
4, 252, 0.0103, 0.0002, 100.000, 100.000, 0.986, 0.912, 
[285] Train acc: 0.9688
4, 252, 0.0890, 0.0002, 96.875, 100.000, 0.986, 0.901, 
[300] Train acc: 1.0000
4, 252, 0.0147, 0.0003, 100.000, 100.000, 0.981, 0.916, 
[315] Train acc: 1.0000
4, 252, 0.0182, 0.0002, 100.000, 100.000, 0.985, 0.916, 
[330] Train acc: 1.0000
4, 252, 0.0325, 0.0003, 100.000, 100.000, 0.985, 0.923, 
[345] Train acc: 0.9531
4, 252, 0.0922, 0.0003, 95.312, 100.000, 0.983, 0.936, 
[360] Train acc: 0.9688
4, 252, 0.0669, 0.0003, 96.875, 100.000, 0.979, 0.937, 
[375] Train acc: 1.0000
4, 252, 0.0089, 0.0003, 100.000, 100.000, 0.987, 0.933, 
[390] Train acc: 1.0000
4, 252, 0.0179, 0.0003, 100.000, 100.000, 0.985, 0.924, 
[405] Train acc: 1.0000
4, 252, 0.0076, 0.0003, 100.000, 100.000, 0.982, 0.920, 
[420] Train acc: 0.9688
4, 252, 0.0540, 0.0003, 96.875, 100.000, 0.982, 0.905, 
[435] Train acc: 0.9688
4, 252, 0.0744, 0.0003, 96.875, 100.000, 0.984, 0.917, 
[450] Train acc: 1.0000
4, 252, 0.0152, 0.0003, 100.000, 100.000, 0.983, 0.917, 
[465] Train acc: 0.9844
4, 252, 0.0753, 0.0002, 98.438, 100.000, 0.985, 0.926, 
[480] Train acc: 0.9688
4, 252, 0.0678, 0.0002, 96.875, 100.000, 0.984, 0.913, 
[495] Train acc: 0.9844
4, 252, 0.0385, 0.0003, 98.438, 100.000, 0.985, 0.920, 
[510] Train acc: 0.9531
4, 252, 0.0576, 0.0003, 95.312, 100.000, 0.987, 0.930, 
[525] Train acc: 1.0000
4, 252, 0.0055, 0.0002, 100.000, 100.000, 0.985, 0.900, 
[540] Train acc: 1.0000
4, 252, 0.0088, 0.0003, 100.000, 100.000, 0.980, 0.912, 
[555] Train acc: 0.9844
4, 252, 0.0672, 0.0002, 98.438, 100.000, 0.984, 0.898, 
[570] Train acc: 1.0000
4, 252, 0.0215, 0.0003, 100.000, 100.000, 0.982, 0.897, 
[585] Train acc: 0.9531
4, 252, 0.1056, 0.0002, 95.312, 100.000, 0.986, 0.925, 
[600] Train acc: 1.0000
4, 252, 0.0105, 0.0002, 100.000, 100.000, 0.987, 0.917, 
[615] Train acc: 0.9844
4, 252, 0.0304, 0.0002, 98.438, 100.000, 0.986, 0.883, 
[630] Train acc: 0.9531
4, 252, 0.1299, 0.0002, 95.312, 100.000, 0.983, 0.910, 
[645] Train acc: 1.0000
4, 252, 0.0146, 0.0002, 100.000, 100.000, 0.985, 0.894, 
[660] Train acc: 1.0000
4, 252, 0.0169, 0.0002, 100.000, 100.000, 0.987, 0.901, 
[675] Train acc: 0.9688
4, 252, 0.0538, 0.0002, 96.875, 100.000, 0.986, 0.905, 
[690] Train acc: 0.9844
4, 252, 0.0774, 0.0002, 98.438, 100.000, 0.983, 0.900, 
[705] Train acc: 1.0000
4, 252, 0.0300, 0.0002, 100.000, 100.000, 0.986, 0.884, 
[720] Train acc: 0.9844
4, 252, 0.0937, 0.0002, 98.438, 100.000, 0.983, 0.881, 
[735] Train acc: 1.0000
4, 252, 0.0191, 0.0002, 100.000, 100.000, 0.980, 0.880, 
[750] Train acc: 1.0000
4, 252, 0.0044, 0.0002, 100.000, 100.000, 0.983, 0.865, 
[765] Train acc: 0.9531
4, 252, 0.0958, 0.0002, 95.312, 100.000, 0.985, 0.890, 
[780] Train acc: 0.9688
4, 252, 0.0661, 0.0002, 96.875, 100.000, 0.985, 0.890, 
[795] Train acc: 0.9531
4, 252, 0.1070, 0.0002, 95.312, 100.000, 0.983, 0.892, 
[810] Train acc: 1.0000
4, 252, 0.0131, 0.0002, 100.000, 100.000, 0.985, 0.898, 
[825] Train acc: 0.9688
4, 252, 0.0316, 0.0002, 96.875, 100.000, 0.985, 0.904, 
[840] Train acc: 1.0000
4, 252, 0.0235, 0.0002, 100.000, 100.000, 0.986, 0.903, 
[855] Train acc: 1.0000
4, 252, 0.0032, 0.0002, 100.000, 100.000, 0.986, 0.908, 
[870] Train acc: 0.9844
4, 252, 0.0457, 0.0003, 98.438, 100.000, 0.983, 0.922, 
[885] Train acc: 1.0000
4, 252, 0.0180, 0.0002, 100.000, 100.000, 0.983, 0.913, 
[900] Train acc: 0.9844
4, 252, 0.0469, 0.0003, 98.438, 100.000, 0.980, 0.911, 
[915] Train acc: 1.0000
4, 252, 0.0054, 0.0002, 100.000, 100.000, 0.987, 0.894, 
[930] Train acc: 0.9688
4, 252, 0.1351, 0.0002, 96.875, 100.000, 0.988, 0.915, 
[0] Train acc: 0.9531
5, 252, 0.1104, 0.0003, 95.312, 100.000, 0.982, 0.919, 
[15] Train acc: 0.9844
5, 252, 0.0755, 0.0002, 98.438, 100.000, 0.987, 0.918, 
[30] Train acc: 1.0000
5, 252, 0.0264, 0.0002, 100.000, 100.000, 0.988, 0.897, 
[45] Train acc: 0.9531
5, 252, 0.0984, 0.0002, 95.312, 100.000, 0.986, 0.882, 
[60] Train acc: 1.0000
5, 252, 0.0236, 0.0002, 100.000, 100.000, 0.983, 0.887, 
[75] Train acc: 0.9844
5, 252, 0.0256, 0.0002, 98.438, 100.000, 0.988, 0.893, 
[90] Train acc: 0.9531
5, 252, 0.1569, 0.0003, 95.312, 100.000, 0.984, 0.907, 
[105] Train acc: 0.9844
5, 252, 0.0473, 0.0002, 98.438, 100.000, 0.987, 0.906, 
[120] Train acc: 1.0000
5, 252, 0.0015, 0.0002, 100.000, 100.000, 0.986, 0.928, 
[135] Train acc: 0.9844
5, 252, 0.0393, 0.0002, 98.438, 100.000, 0.988, 0.932, 
[150] Train acc: 1.0000
5, 252, 0.0231, 0.0002, 100.000, 100.000, 0.988, 0.905, 
[165] Train acc: 0.9844
5, 252, 0.0324, 0.0002, 98.438, 100.000, 0.984, 0.921, 
[180] Train acc: 0.9844
5, 252, 0.0189, 0.0002, 98.438, 100.000, 0.985, 0.913, 
[195] Train acc: 1.0000
5, 252, 0.0243, 0.0002, 100.000, 100.000, 0.986, 0.910, 
[210] Train acc: 0.9688
5, 252, 0.2014, 0.0002, 96.875, 98.438, 0.986, 0.923, 
[225] Train acc: 0.9688
5, 252, 0.0636, 0.0002, 96.875, 100.000, 0.981, 0.890, 
[240] Train acc: 0.9844
5, 252, 0.0409, 0.0002, 98.438, 100.000, 0.988, 0.894, 
[255] Train acc: 0.9844
5, 252, 0.0414, 0.0002, 98.438, 100.000, 0.985, 0.912, 
[270] Train acc: 1.0000
5, 252, 0.0077, 0.0002, 100.000, 100.000, 0.984, 0.900, 
[285] Train acc: 0.9844
5, 252, 0.0314, 0.0002, 98.438, 100.000, 0.986, 0.918, 
[300] Train acc: 0.9688
5, 252, 0.0770, 0.0002, 96.875, 100.000, 0.987, 0.907, 
[315] Train acc: 0.9688
5, 252, 0.0528, 0.0002, 96.875, 100.000, 0.986, 0.889, 
[330] Train acc: 0.9844
5, 252, 0.0357, 0.0002, 98.438, 100.000, 0.986, 0.911, 
[345] Train acc: 1.0000
5, 252, 0.0078, 0.0002, 100.000, 100.000, 0.986, 0.916, 
[360] Train acc: 1.0000
5, 252, 0.0062, 0.0002, 100.000, 100.000, 0.988, 0.899, 
[375] Train acc: 1.0000
5, 252, 0.0182, 0.0002, 100.000, 100.000, 0.985, 0.873, 
[390] Train acc: 0.9844
5, 252, 0.0347, 0.0002, 98.438, 100.000, 0.986, 0.892, 
[405] Train acc: 0.9844
5, 252, 0.0357, 0.0002, 98.438, 100.000, 0.986, 0.865, 
[420] Train acc: 0.9844
5, 252, 0.0288, 0.0002, 98.438, 100.000, 0.987, 0.857, 
[435] Train acc: 1.0000
5, 252, 0.0384, 0.0002, 100.000, 100.000, 0.987, 0.823, 
[450] Train acc: 0.9688
5, 252, 0.0746, 0.0002, 96.875, 100.000, 0.986, 0.867, 
[465] Train acc: 0.9531
5, 252, 0.2299, 0.0003, 95.312, 100.000, 0.985, 0.894, 
[480] Train acc: 1.0000
5, 252, 0.0095, 0.0002, 100.000, 100.000, 0.985, 0.905, 
[495] Train acc: 0.9688
5, 252, 0.0636, 0.0002, 96.875, 100.000, 0.985, 0.915, 
[510] Train acc: 0.9531
5, 252, 0.0753, 0.0002, 95.312, 100.000, 0.987, 0.901, 
[525] Train acc: 0.9688
5, 252, 0.0763, 0.0002, 96.875, 100.000, 0.988, 0.857, 
[540] Train acc: 0.9688
5, 252, 0.1208, 0.0002, 96.875, 100.000, 0.988, 0.858, 
[555] Train acc: 0.9844
5, 252, 0.0301, 0.0002, 98.438, 100.000, 0.990, 0.872, 
[570] Train acc: 1.0000
5, 252, 0.0098, 0.0002, 100.000, 100.000, 0.986, 0.884, 
[585] Train acc: 1.0000
5, 252, 0.0090, 0.0002, 100.000, 100.000, 0.985, 0.869, 
[600] Train acc: 1.0000
5, 252, 0.0170, 0.0002, 100.000, 100.000, 0.985, 0.891, 
[615] Train acc: 0.9844
5, 252, 0.0246, 0.0002, 98.438, 100.000, 0.988, 0.889, 
[630] Train acc: 0.9219
5, 252, 0.1508, 0.0002, 92.188, 100.000, 0.987, 0.882, 
[645] Train acc: 1.0000
5, 252, 0.0039, 0.0002, 100.000, 100.000, 0.987, 0.870, 
[660] Train acc: 1.0000
5, 252, 0.0033, 0.0002, 100.000, 100.000, 0.987, 0.886, 
[675] Train acc: 1.0000
5, 252, 0.0219, 0.0002, 100.000, 100.000, 0.987, 0.900, 
[690] Train acc: 1.0000
5, 252, 0.0031, 0.0002, 100.000, 100.000, 0.986, 0.898, 
[705] Train acc: 1.0000
5, 252, 0.0078, 0.0002, 100.000, 100.000, 0.988, 0.896, 
[720] Train acc: 0.9844
5, 252, 0.0540, 0.0002, 98.438, 100.000, 0.986, 0.895, 
[735] Train acc: 0.9844
5, 252, 0.0684, 0.0002, 98.438, 100.000, 0.987, 0.886, 
[750] Train acc: 1.0000
5, 252, 0.0082, 0.0002, 100.000, 100.000, 0.986, 0.874, 
[765] Train acc: 1.0000
5, 252, 0.0112, 0.0002, 100.000, 100.000, 0.983, 0.897, 
[780] Train acc: 0.9531
5, 252, 0.2455, 0.0002, 95.312, 100.000, 0.988, 0.894, 
[795] Train acc: 0.9688
5, 252, 0.0589, 0.0002, 96.875, 100.000, 0.988, 0.895, 
[810] Train acc: 0.9844
5, 252, 0.0220, 0.0002, 98.438, 100.000, 0.986, 0.897, 
[825] Train acc: 1.0000
5, 252, 0.0090, 0.0002, 100.000, 100.000, 0.983, 0.891, 
[840] Train acc: 0.9844
5, 252, 0.0306, 0.0002, 98.438, 100.000, 0.987, 0.889, 
[855] Train acc: 1.0000
5, 252, 0.0127, 0.0002, 100.000, 100.000, 0.985, 0.863, 
[870] Train acc: 0.9688
5, 252, 0.1107, 0.0002, 96.875, 100.000, 0.980, 0.849, 
[885] Train acc: 1.0000
5, 252, 0.0024, 0.0002, 100.000, 100.000, 0.987, 0.889, 
[900] Train acc: 1.0000
5, 252, 0.0236, 0.0002, 100.000, 100.000, 0.987, 0.886, 
[915] Train acc: 0.9844
5, 252, 0.0203, 0.0002, 98.438, 100.000, 0.987, 0.902, 
[930] Train acc: 0.9844
5, 252, 0.0435, 0.0002, 98.438, 100.000, 0.986, 0.901, 
[0] Train acc: 1.0000
6, 252, 0.0085, 0.0002, 100.000, 100.000, 0.985, 0.892, 
[15] Train acc: 1.0000
6, 252, 0.0074, 0.0002, 100.000, 100.000, 0.990, 0.896, 
[30] Train acc: 0.9844
6, 252, 0.0378, 0.0002, 98.438, 100.000, 0.986, 0.921, 
[45] Train acc: 1.0000
6, 252, 0.0035, 0.0002, 100.000, 100.000, 0.989, 0.909, 
[60] Train acc: 1.0000
6, 252, 0.0291, 0.0002, 100.000, 100.000, 0.987, 0.900, 
[75] Train acc: 1.0000
6, 252, 0.0240, 0.0002, 100.000, 100.000, 0.986, 0.875, 
[90] Train acc: 1.0000
6, 252, 0.0225, 0.0002, 100.000, 100.000, 0.987, 0.871, 
[105] Train acc: 0.9688
6, 252, 0.0429, 0.0002, 96.875, 100.000, 0.987, 0.867, 
[120] Train acc: 0.9844
6, 252, 0.0526, 0.0002, 98.438, 100.000, 0.988, 0.852, 
[135] Train acc: 1.0000
6, 252, 0.0031, 0.0002, 100.000, 100.000, 0.988, 0.849, 
[150] Train acc: 1.0000
6, 252, 0.0227, 0.0002, 100.000, 100.000, 0.986, 0.864, 
[165] Train acc: 1.0000
6, 252, 0.0111, 0.0002, 100.000, 100.000, 0.986, 0.874, 
[180] Train acc: 1.0000
6, 252, 0.0106, 0.0002, 100.000, 100.000, 0.988, 0.845, 
[195] Train acc: 0.9688
6, 252, 0.0541, 0.0002, 96.875, 100.000, 0.988, 0.855, 
[210] Train acc: 0.9844
6, 252, 0.0496, 0.0002, 98.438, 100.000, 0.987, 0.891, 
[225] Train acc: 0.9688
6, 252, 0.0520, 0.0002, 96.875, 100.000, 0.989, 0.886, 
[240] Train acc: 1.0000
6, 252, 0.0066, 0.0002, 100.000, 100.000, 0.986, 0.877, 
[255] Train acc: 0.9844
6, 252, 0.0878, 0.0002, 98.438, 100.000, 0.987, 0.895, 
[270] Train acc: 1.0000
6, 252, 0.0132, 0.0002, 100.000, 100.000, 0.988, 0.892, 
[285] Train acc: 0.9688
6, 252, 0.0930, 0.0002, 96.875, 100.000, 0.988, 0.881, 
[300] Train acc: 0.9844
6, 252, 0.1033, 0.0002, 98.438, 100.000, 0.985, 0.905, 
[315] Train acc: 1.0000
6, 252, 0.0046, 0.0002, 100.000, 100.000, 0.988, 0.886, 
[330] Train acc: 0.9844
6, 252, 0.0216, 0.0002, 98.438, 100.000, 0.988, 0.890, 
[345] Train acc: 0.9688
6, 252, 0.1465, 0.0002, 96.875, 100.000, 0.989, 0.892, 
[360] Train acc: 0.9844
6, 252, 0.0298, 0.0002, 98.438, 100.000, 0.990, 0.889, 
[375] Train acc: 0.9844
6, 252, 0.0448, 0.0003, 98.438, 100.000, 0.984, 0.900, 
[390] Train acc: 0.9844
6, 252, 0.0541, 0.0002, 98.438, 100.000, 0.987, 0.899, 
[405] Train acc: 1.0000
6, 252, 0.0164, 0.0002, 100.000, 100.000, 0.984, 0.896, 
[420] Train acc: 1.0000
6, 252, 0.0045, 0.0002, 100.000, 100.000, 0.985, 0.904, 
[435] Train acc: 1.0000
6, 252, 0.0035, 0.0002, 100.000, 100.000, 0.988, 0.888, 
[450] Train acc: 1.0000
6, 252, 0.0090, 0.0002, 100.000, 100.000, 0.986, 0.894, 
[465] Train acc: 0.9844
6, 252, 0.0272, 0.0002, 98.438, 100.000, 0.989, 0.905, 
[480] Train acc: 1.0000
6, 252, 0.0067, 0.0002, 100.000, 100.000, 0.988, 0.899, 
[495] Train acc: 1.0000
6, 252, 0.0115, 0.0002, 100.000, 100.000, 0.987, 0.905, 
[510] Train acc: 0.9688
6, 252, 0.1064, 0.0002, 96.875, 100.000, 0.986, 0.874, 
[525] Train acc: 0.9688
6, 252, 0.0514, 0.0002, 96.875, 100.000, 0.991, 0.890, 
[540] Train acc: 0.9844
6, 252, 0.0582, 0.0002, 98.438, 100.000, 0.986, 0.893, 
[555] Train acc: 1.0000
6, 252, 0.0139, 0.0002, 100.000, 100.000, 0.989, 0.876, 
[570] Train acc: 0.9688
6, 252, 0.0436, 0.0002, 96.875, 100.000, 0.989, 0.871, 
[585] Train acc: 0.9844
6, 252, 0.0471, 0.0002, 98.438, 100.000, 0.988, 0.854, 
[600] Train acc: 1.0000
6, 252, 0.0010, 0.0002, 100.000, 100.000, 0.986, 0.869, 
[615] Train acc: 1.0000
6, 252, 0.0274, 0.0002, 100.000, 100.000, 0.989, 0.838, 
[630] Train acc: 0.9844
6, 252, 0.0533, 0.0002, 98.438, 100.000, 0.981, 0.832, 
[645] Train acc: 1.0000
6, 252, 0.0045, 0.0002, 100.000, 100.000, 0.989, 0.832, 
[660] Train acc: 1.0000
6, 252, 0.0103, 0.0002, 100.000, 100.000, 0.988, 0.845, 
[675] Train acc: 1.0000
6, 252, 0.0031, 0.0002, 100.000, 100.000, 0.990, 0.849, 
[690] Train acc: 1.0000
6, 252, 0.0067, 0.0002, 100.000, 100.000, 0.988, 0.844, 
[705] Train acc: 1.0000
6, 252, 0.0077, 0.0002, 100.000, 100.000, 0.986, 0.844, 
[720] Train acc: 0.9844
6, 252, 0.0290, 0.0002, 98.438, 100.000, 0.985, 0.846, 
[735] Train acc: 0.9844
6, 252, 0.0469, 0.0002, 98.438, 100.000, 0.988, 0.831, 
[750] Train acc: 0.9844
6, 252, 0.0277, 0.0002, 98.438, 100.000, 0.990, 0.877, 
[765] Train acc: 1.0000
6, 252, 0.0017, 0.0002, 100.000, 100.000, 0.989, 0.891, 
[780] Train acc: 1.0000
6, 252, 0.0126, 0.0002, 100.000, 100.000, 0.987, 0.884, 
[795] Train acc: 0.9844
6, 252, 0.0272, 0.0002, 98.438, 100.000, 0.988, 0.880, 
[810] Train acc: 1.0000
6, 252, 0.0162, 0.0002, 100.000, 100.000, 0.988, 0.855, 
[825] Train acc: 0.9688
6, 252, 0.0488, 0.0002, 96.875, 100.000, 0.988, 0.866, 
[840] Train acc: 0.9844
6, 252, 0.0506, 0.0002, 98.438, 100.000, 0.987, 0.884, 
[855] Train acc: 1.0000
6, 252, 0.0059, 0.0002, 100.000, 100.000, 0.987, 0.870, 
[870] Train acc: 1.0000
6, 252, 0.0069, 0.0002, 100.000, 100.000, 0.987, 0.841, 
[885] Train acc: 0.9688
6, 252, 0.0715, 0.0002, 96.875, 100.000, 0.987, 0.862, 
[900] Train acc: 1.0000
6, 252, 0.0087, 0.0002, 100.000, 100.000, 0.989, 0.868, 
[915] Train acc: 1.0000
6, 252, 0.0105, 0.0002, 100.000, 100.000, 0.988, 0.858, 
[930] Train acc: 1.0000
6, 252, 0.0081, 0.0002, 100.000, 100.000, 0.987, 0.873, 
[0] Train acc: 1.0000, Constr acc: 0.7812, CE loss: 0.005, DL2 loss: 5.509
7, 252, 0.0049, 0.0005, 100.000, 100.000, 0.870, 0.883, 
[15] Train acc: 1.0000, Constr acc: 0.8125, CE loss: 0.034, DL2 loss: 4.399
7, 251, 0.0336, 0.0002, 100.000, 100.000, 0.962, 0.780, 
[30] Train acc: 0.9531, Constr acc: 0.8750, CE loss: 0.326, DL2 loss: 3.472
7, 250, 0.3257, 0.0004, 95.312, 98.438, 0.940, 0.979, 
[45] Train acc: 0.9531, Constr acc: 0.8750, CE loss: 0.179, DL2 loss: 3.681
7, 249, 0.1789, 0.0002, 95.312, 100.000, 0.968, 0.837, 
[60] Train acc: 0.9844, Constr acc: 0.8438, CE loss: 0.040, DL2 loss: 3.084
7, 248, 0.0399, 0.0002, 98.438, 100.000, 0.970, 0.766, 
[75] Train acc: 0.9531, Constr acc: 0.8750, CE loss: 0.148, DL2 loss: 2.716
7, 247, 0.1479, 0.0002, 95.312, 100.000, 0.960, 0.738, 
[90] Train acc: 1.0000, Constr acc: 0.8125, CE loss: 0.022, DL2 loss: 3.372
7, 246, 0.0217, 0.0003, 100.000, 100.000, 0.907, 0.692, 
[105] Train acc: 1.0000, Constr acc: 0.8438, CE loss: 0.006, DL2 loss: 4.286
7, 245, 0.0061, 0.0002, 100.000, 100.000, 0.970, 0.722, 
[120] Train acc: 1.0000, Constr acc: 0.8750, CE loss: 0.013, DL2 loss: 1.174
7, 244, 0.0130, 0.0002, 100.000, 100.000, 0.967, 0.815, 
[135] Train acc: 1.0000, Constr acc: 0.9375, CE loss: 0.001, DL2 loss: 0.355
7, 243, 0.0009, 0.0002, 100.000, 100.000, 0.969, 0.752, 
[150] Train acc: 0.9531, Constr acc: 0.6875, CE loss: 0.192, DL2 loss: 8.819
7, 242, 0.1918, 0.0006, 95.312, 100.000, 0.848, 0.834, 
[165] Train acc: 0.9688, Constr acc: 0.8750, CE loss: 0.087, DL2 loss: 4.618
7, 241, 0.0874, 0.0002, 96.875, 100.000, 0.972, 0.740, 
[180] Train acc: 1.0000, Constr acc: 0.9375, CE loss: 0.012, DL2 loss: 0.686
7, 240, 0.0117, 0.0002, 100.000, 100.000, 0.969, 0.699, 
[195] Train acc: 0.9062, Constr acc: 0.7188, CE loss: 0.254, DL2 loss: 11.091
7, 239, 0.2544, 0.0002, 90.625, 100.000, 0.956, 0.696, 
[210] Train acc: 0.9844, Constr acc: 0.7812, CE loss: 0.044, DL2 loss: 4.577
7, 238, 0.0437, 0.0003, 98.438, 100.000, 0.962, 0.742, 
[225] Train acc: 0.9844, Constr acc: 0.8750, CE loss: 0.089, DL2 loss: 3.600
7, 237, 0.0893, 0.0002, 98.438, 100.000, 0.973, 0.731, 
[240] Train acc: 0.8750, Constr acc: 0.8125, CE loss: 0.922, DL2 loss: 5.587
7, 236, 0.9220, 0.0004, 87.500, 98.438, 0.905, 0.725, 
[255] Train acc: 0.9844, Constr acc: 0.8750, CE loss: 0.074, DL2 loss: 2.638
7, 235, 0.0736, 0.0002, 98.438, 100.000, 0.969, 0.816, 
[270] Train acc: 0.9688, Constr acc: 0.8125, CE loss: 0.056, DL2 loss: 7.684
7, 234, 0.0560, 0.0002, 96.875, 100.000, 0.971, 0.682, 
[285] Train acc: 0.9688, Constr acc: 0.7500, CE loss: 0.092, DL2 loss: 8.023
7, 233, 0.0916, 0.0003, 96.875, 100.000, 0.964, 0.800, 
[300] Train acc: 0.9688, Constr acc: 0.8438, CE loss: 0.190, DL2 loss: 5.161
7, 232, 0.1904, 0.0002, 96.875, 100.000, 0.966, 0.655, 
[315] Train acc: 0.9531, Constr acc: 0.9375, CE loss: 0.116, DL2 loss: 3.036
7, 231, 0.1160, 0.0003, 95.312, 100.000, 0.937, 0.755, 
[330] Train acc: 0.9844, Constr acc: 0.8750, CE loss: 0.085, DL2 loss: 1.776
7, 230, 0.0854, 0.0004, 98.438, 100.000, 0.890, 0.861, 
[345] Train acc: 0.9531, Constr acc: 0.9062, CE loss: 0.140, DL2 loss: 1.246
7, 229, 0.1405, 0.0002, 95.312, 100.000, 0.976, 0.873, 
[360] Train acc: 0.9062, Constr acc: 0.7812, CE loss: 0.249, DL2 loss: 4.531
7, 228, 0.2486, 0.0003, 90.625, 100.000, 0.933, 0.794, 
[375] Train acc: 0.9375, Constr acc: 0.9062, CE loss: 0.175, DL2 loss: 3.841
7, 227, 0.1749, 0.0002, 93.750, 100.000, 0.972, 0.793, 
[390] Train acc: 0.9531, Constr acc: 0.8750, CE loss: 0.157, DL2 loss: 2.875
7, 226, 0.1571, 0.0002, 95.312, 100.000, 0.970, 0.828, 
[405] Train acc: 0.9688, Constr acc: 0.8750, CE loss: 0.093, DL2 loss: 3.154
7, 225, 0.0927, 0.0002, 96.875, 100.000, 0.979, 0.783, 
[420] Train acc: 0.9531, Constr acc: 0.9062, CE loss: 0.112, DL2 loss: 0.274
7, 224, 0.1119, 0.0002, 95.312, 100.000, 0.971, 0.756, 
[435] Train acc: 0.9531, Constr acc: 0.8750, CE loss: 0.160, DL2 loss: 0.762
7, 223, 0.1596, 0.0002, 95.312, 100.000, 0.966, 0.795, 
[450] Train acc: 0.9531, Constr acc: 0.8125, CE loss: 0.224, DL2 loss: 6.379
7, 222, 0.2241, 0.0003, 95.312, 100.000, 0.968, 0.901, 
[465] Train acc: 1.0000, Constr acc: 0.8125, CE loss: 0.008, DL2 loss: 6.987
7, 221, 0.0079, 0.0002, 100.000, 100.000, 0.972, 0.811, 
[480] Train acc: 0.9531, Constr acc: 0.8750, CE loss: 0.187, DL2 loss: 4.913
7, 220, 0.1871, 0.0002, 95.312, 98.438, 0.978, 0.791, 
[495] Train acc: 0.9688, Constr acc: 0.9375, CE loss: 0.056, DL2 loss: 0.728
7, 219, 0.0558, 0.0002, 96.875, 100.000, 0.974, 0.715, 
[510] Train acc: 0.9844, Constr acc: 0.8438, CE loss: 0.027, DL2 loss: 3.970
7, 218, 0.0272, 0.0002, 98.438, 100.000, 0.971, 0.784, 
[525] Train acc: 0.9375, Constr acc: 0.8438, CE loss: 0.173, DL2 loss: 1.824
7, 217, 0.1734, 0.0002, 93.750, 100.000, 0.971, 0.782, 
[540] Train acc: 1.0000, Constr acc: 0.8438, CE loss: 0.017, DL2 loss: 6.045
7, 216, 0.0167, 0.0003, 100.000, 100.000, 0.972, 0.838, 
[555] Train acc: 0.9531, Constr acc: 0.8125, CE loss: 0.177, DL2 loss: 4.563
7, 215, 0.1775, 0.0002, 95.312, 100.000, 0.975, 0.737, 
[570] Train acc: 0.9688, Constr acc: 0.9062, CE loss: 0.060, DL2 loss: 3.504
7, 214, 0.0597, 0.0002, 96.875, 100.000, 0.972, 0.803, 
[585] Train acc: 0.9844, Constr acc: 0.8750, CE loss: 0.062, DL2 loss: 3.738
7, 213, 0.0624, 0.0002, 98.438, 100.000, 0.973, 0.831, 
[600] Train acc: 0.9688, Constr acc: 0.8750, CE loss: 0.088, DL2 loss: 2.546
7, 212, 0.0883, 0.0002, 96.875, 100.000, 0.971, 0.814, 
[615] Train acc: 0.9844, Constr acc: 0.9062, CE loss: 0.019, DL2 loss: 2.361
7, 211, 0.0187, 0.0002, 98.438, 100.000, 0.971, 0.810, 
[630] Train acc: 0.9062, Constr acc: 0.8125, CE loss: 0.443, DL2 loss: 9.967
7, 210, 0.4427, 0.0003, 90.625, 100.000, 0.968, 0.859, 
[645] Train acc: 0.9531, Constr acc: 0.8750, CE loss: 0.113, DL2 loss: 3.056
7, 209, 0.1128, 0.0002, 95.312, 100.000, 0.965, 0.779, 
[660] Train acc: 0.9531, Constr acc: 0.9062, CE loss: 0.312, DL2 loss: 4.417
7, 208, 0.3119, 0.0004, 95.312, 100.000, 0.907, 0.811, 
[675] Train acc: 0.9688, Constr acc: 0.7500, CE loss: 0.153, DL2 loss: 11.211
7, 207, 0.1526, 0.0002, 96.875, 100.000, 0.973, 0.821, 
[690] Train acc: 0.9375, Constr acc: 0.9062, CE loss: 0.094, DL2 loss: 3.004
7, 206, 0.0939, 0.0003, 93.750, 100.000, 0.954, 0.844, 
[705] Train acc: 0.9844, Constr acc: 0.9062, CE loss: 0.022, DL2 loss: 2.676
7, 205, 0.0215, 0.0002, 98.438, 100.000, 0.968, 0.775, 
[720] Train acc: 0.9844, Constr acc: 0.9375, CE loss: 0.056, DL2 loss: 1.333
7, 204, 0.0561, 0.0003, 98.438, 100.000, 0.958, 0.856, 
[735] Train acc: 0.9688, Constr acc: 0.9062, CE loss: 0.222, DL2 loss: 5.785
7, 203, 0.2215, 0.0002, 96.875, 100.000, 0.973, 0.842, 
[750] Train acc: 0.9688, Constr acc: 0.9375, CE loss: 0.066, DL2 loss: 1.187
7, 202, 0.0662, 0.0002, 96.875, 100.000, 0.976, 0.802, 
[765] Train acc: 0.9688, Constr acc: 0.9688, CE loss: 0.067, DL2 loss: 0.509
7, 201, 0.0669, 0.0002, 96.875, 100.000, 0.955, 0.733, 
[780] Train acc: 1.0000, Constr acc: 0.9375, CE loss: 0.016, DL2 loss: 0.505
7, 200, 0.0155, 0.0002, 100.000, 100.000, 0.972, 0.791, 
[795] Train acc: 0.9844, Constr acc: 0.9062, CE loss: 0.039, DL2 loss: 2.401
7, 199, 0.0392, 0.0002, 98.438, 100.000, 0.978, 0.787, 
[810] Train acc: 0.9844, Constr acc: 0.9688, CE loss: 0.109, DL2 loss: 0.743
7, 198, 0.1087, 0.0002, 98.438, 100.000, 0.951, 0.738, 
[825] Train acc: 0.9688, Constr acc: 0.8438, CE loss: 0.056, DL2 loss: 2.820
7, 197, 0.0561, 0.0003, 96.875, 100.000, 0.951, 0.737, 
[840] Train acc: 0.9531, Constr acc: 0.9375, CE loss: 0.243, DL2 loss: 1.678
7, 196, 0.2427, 0.0002, 95.312, 100.000, 0.974, 0.804, 
[855] Train acc: 1.0000, Constr acc: 0.8750, CE loss: 0.017, DL2 loss: 6.960
7, 195, 0.0171, 0.0002, 100.000, 100.000, 0.975, 0.858, 
[870] Train acc: 0.9688, Constr acc: 0.9375, CE loss: 0.118, DL2 loss: 0.344
7, 194, 0.1184, 0.0002, 96.875, 100.000, 0.979, 0.757, 
[885] Train acc: 0.9844, Constr acc: 0.8125, CE loss: 0.062, DL2 loss: 10.130
7, 193, 0.0625, 0.0002, 98.438, 100.000, 0.981, 0.786, 
[900] Train acc: 0.9844, Constr acc: 0.9375, CE loss: 0.024, DL2 loss: 1.915
7, 192, 0.0242, 0.0002, 98.438, 100.000, 0.982, 0.721, 
[915] Train acc: 0.9688, Constr acc: 0.8125, CE loss: 0.090, DL2 loss: 5.072
7, 191, 0.0903, 0.0002, 96.875, 100.000, 0.974, 0.795, 
[930] Train acc: 0.9688, Constr acc: 0.8125, CE loss: 0.244, DL2 loss: 1.852
7, 190, 0.2439, 0.0003, 96.875, 96.875, 0.968, 0.866, 
[0] Train acc: 1.0000, Constr acc: 0.8750, CE loss: 0.006, DL2 loss: 6.134
8, 190, 0.0063, 0.0003, 100.000, 100.000, 0.974, 0.875, 
[15] Train acc: 0.9688, Constr acc: 0.9062, CE loss: 0.047, DL2 loss: 2.119
8, 189, 0.0474, 0.0002, 96.875, 100.000, 0.978, 0.794, 
[30] Train acc: 0.9844, Constr acc: 0.9062, CE loss: 0.058, DL2 loss: 4.034
8, 188, 0.0575, 0.0002, 98.438, 100.000, 0.977, 0.731, 
[45] Train acc: 0.9844, Constr acc: 0.8438, CE loss: 0.063, DL2 loss: 7.398
8, 187, 0.0634, 0.0002, 98.438, 100.000, 0.976, 0.830, 
[60] Train acc: 0.9531, Constr acc: 0.8125, CE loss: 0.197, DL2 loss: 4.836
8, 186, 0.1971, 0.0002, 95.312, 100.000, 0.974, 0.861, 
[75] Train acc: 0.9688, Constr acc: 0.8125, CE loss: 0.123, DL2 loss: 3.589
8, 185, 0.1227, 0.0004, 96.875, 100.000, 0.916, 0.785, 
[90] Train acc: 0.9531, Constr acc: 0.8125, CE loss: 0.079, DL2 loss: 4.819
8, 184, 0.0792, 0.0002, 95.312, 100.000, 0.978, 0.802, 
[105] Train acc: 0.9531, Constr acc: 0.8438, CE loss: 0.207, DL2 loss: 1.806
8, 183, 0.2069, 0.0003, 95.312, 100.000, 0.961, 0.815, 
[120] Train acc: 0.9375, Constr acc: 0.9688, CE loss: 0.111, DL2 loss: 0.096
8, 182, 0.1108, 0.0002, 93.750, 100.000, 0.976, 0.760, 
[135] Train acc: 1.0000, Constr acc: 0.9062, CE loss: 0.006, DL2 loss: 3.683
8, 181, 0.0059, 0.0002, 100.000, 100.000, 0.979, 0.751, 
[150] Train acc: 0.9219, Constr acc: 0.9375, CE loss: 0.225, DL2 loss: 2.304
8, 180, 0.2250, 0.0002, 92.188, 100.000, 0.972, 0.745, 
[165] Train acc: 0.8594, Constr acc: 0.7188, CE loss: 0.376, DL2 loss: 4.278
8, 179, 0.3764, 0.0004, 85.938, 98.438, 0.928, 0.921, 
[180] Train acc: 0.9844, Constr acc: 0.9375, CE loss: 0.030, DL2 loss: 1.830
8, 178, 0.0300, 0.0004, 98.438, 100.000, 0.916, 0.757, 
[195] Train acc: 0.9844, Constr acc: 0.9062, CE loss: 0.058, DL2 loss: 2.836
8, 177, 0.0585, 0.0002, 98.438, 100.000, 0.965, 0.686, 
[210] Train acc: 0.9688, Constr acc: 0.8125, CE loss: 0.158, DL2 loss: 5.484
8, 176, 0.1576, 0.0002, 96.875, 100.000, 0.964, 0.704, 
[225] Train acc: 0.9688, Constr acc: 0.8125, CE loss: 0.127, DL2 loss: 0.504
8, 175, 0.1273, 0.0002, 96.875, 100.000, 0.971, 0.690, 
[240] Train acc: 0.9688, Constr acc: 0.8125, CE loss: 0.152, DL2 loss: 5.451
8, 174, 0.1521, 0.0003, 96.875, 100.000, 0.943, 0.754, 
[255] Train acc: 1.0000, Constr acc: 0.9062, CE loss: 0.017, DL2 loss: 5.206
8, 173, 0.0175, 0.0002, 100.000, 100.000, 0.971, 0.702, 
[270] Train acc: 0.9531, Constr acc: 0.9375, CE loss: 0.274, DL2 loss: 1.156
8, 172, 0.2735, 0.0002, 95.312, 100.000, 0.973, 0.691, 
[285] Train acc: 0.9531, Constr acc: 0.9375, CE loss: 0.181, DL2 loss: 0.491
8, 171, 0.1807, 0.0002, 95.312, 100.000, 0.972, 0.728, 
[300] Train acc: 0.9219, Constr acc: 0.9688, CE loss: 0.161, DL2 loss: 0.084
8, 170, 0.1610, 0.0002, 92.188, 100.000, 0.966, 0.666, 
[315] Train acc: 0.9375, Constr acc: 0.9062, CE loss: 0.191, DL2 loss: 3.327
8, 169, 0.1912, 0.0002, 93.750, 100.000, 0.970, 0.660, 
[330] Train acc: 0.9844, Constr acc: 0.9375, CE loss: 0.020, DL2 loss: 0.067
8, 168, 0.0202, 0.0002, 98.438, 100.000, 0.976, 0.711, 
[345] Train acc: 0.9219, Constr acc: 0.8125, CE loss: 0.196, DL2 loss: 6.073
8, 167, 0.1964, 0.0003, 92.188, 100.000, 0.925, 0.734, 
[360] Train acc: 0.9375, Constr acc: 0.8438, CE loss: 0.425, DL2 loss: 3.150
8, 166, 0.4251, 0.0002, 93.750, 100.000, 0.960, 0.745, 
[375] Train acc: 0.9688, Constr acc: 0.9688, CE loss: 0.038, DL2 loss: 1.696
8, 165, 0.0381, 0.0002, 96.875, 100.000, 0.974, 0.674, 
[390] Train acc: 0.9688, Constr acc: 0.9375, CE loss: 0.045, DL2 loss: 1.364
8, 164, 0.0446, 0.0002, 96.875, 100.000, 0.978, 0.654, 
[405] Train acc: 0.9844, Constr acc: 0.9375, CE loss: 0.020, DL2 loss: 1.754
8, 163, 0.0200, 0.0002, 98.438, 100.000, 0.974, 0.706, 
[420] Train acc: 0.9844, Constr acc: 0.8438, CE loss: 0.044, DL2 loss: 3.294
8, 162, 0.0439, 0.0002, 98.438, 100.000, 0.973, 0.768, 
[435] Train acc: 0.9531, Constr acc: 0.8750, CE loss: 0.160, DL2 loss: 3.055
8, 161, 0.1600, 0.0003, 95.312, 100.000, 0.974, 0.854, 
[450] Train acc: 0.9688, Constr acc: 0.8438, CE loss: 0.213, DL2 loss: 6.367
8, 160, 0.2132, 0.0003, 96.875, 100.000, 0.958, 0.819, 
[465] Train acc: 0.9375, Constr acc: 0.8125, CE loss: 0.276, DL2 loss: 3.850
8, 159, 0.2763, 0.0002, 93.750, 98.438, 0.974, 0.841, 
[480] Train acc: 1.0000, Constr acc: 0.9062, CE loss: 0.015, DL2 loss: 3.841
8, 158, 0.0149, 0.0002, 100.000, 100.000, 0.975, 0.858, 
[495] Train acc: 0.9844, Constr acc: 0.9062, CE loss: 0.030, DL2 loss: 2.788
8, 157, 0.0297, 0.0002, 98.438, 100.000, 0.978, 0.826, 
[510] Train acc: 0.9844, Constr acc: 0.9688, CE loss: 0.037, DL2 loss: 0.573
8, 156, 0.0366, 0.0002, 98.438, 100.000, 0.972, 0.781, 
[525] Train acc: 0.9844, Constr acc: 0.9375, CE loss: 0.106, DL2 loss: 0.403
8, 155, 0.1063, 0.0002, 98.438, 100.000, 0.959, 0.732, 
[540] Train acc: 0.9531, Constr acc: 0.8750, CE loss: 0.250, DL2 loss: 3.607
8, 154, 0.2501, 0.0003, 95.312, 100.000, 0.949, 0.741, 
[555] Train acc: 0.9531, Constr acc: 0.9375, CE loss: 0.119, DL2 loss: 2.833
8, 153, 0.1194, 0.0002, 95.312, 100.000, 0.974, 0.763, 
[570] Train acc: 1.0000, Constr acc: 0.9375, CE loss: 0.009, DL2 loss: 3.288
8, 152, 0.0085, 0.0002, 100.000, 100.000, 0.973, 0.795, 
[585] Train acc: 1.0000, Constr acc: 0.9375, CE loss: 0.005, DL2 loss: 2.742
8, 151, 0.0054, 0.0002, 100.000, 100.000, 0.967, 0.777, 
[600] Train acc: 0.9688, Constr acc: 0.8750, CE loss: 0.245, DL2 loss: 3.161
8, 150, 0.2448, 0.0002, 96.875, 100.000, 0.973, 0.808, 
[615] Train acc: 0.9375, Constr acc: 0.8750, CE loss: 0.187, DL2 loss: 2.107
8, 149, 0.1873, 0.0002, 93.750, 100.000, 0.971, 0.833, 
[630] Train acc: 0.9062, Constr acc: 0.8438, CE loss: 0.340, DL2 loss: 2.179
8, 148, 0.3401, 0.0003, 90.625, 100.000, 0.949, 0.817, 
[645] Train acc: 0.9688, Constr acc: 0.9062, CE loss: 0.196, DL2 loss: 2.750
8, 147, 0.1957, 0.0003, 96.875, 98.438, 0.969, 0.831, 
[660] Train acc: 0.9219, Constr acc: 0.8125, CE loss: 0.279, DL2 loss: 5.361
8, 146, 0.2793, 0.0002, 92.188, 100.000, 0.977, 0.820, 
[675] Train acc: 0.9844, Constr acc: 0.8438, CE loss: 0.068, DL2 loss: 3.501
8, 145, 0.0676, 0.0003, 98.438, 100.000, 0.973, 0.864, 
[690] Train acc: 0.9688, Constr acc: 0.8750, CE loss: 0.050, DL2 loss: 5.768
8, 144, 0.0496, 0.0002, 96.875, 100.000, 0.969, 0.835, 
[705] Train acc: 0.9375, Constr acc: 0.9688, CE loss: 0.336, DL2 loss: 0.359
8, 143, 0.3365, 0.0002, 93.750, 100.000, 0.972, 0.798, 
[720] Train acc: 0.9688, Constr acc: 0.8438, CE loss: 0.096, DL2 loss: 3.963
8, 142, 0.0965, 0.0002, 96.875, 100.000, 0.973, 0.829, 
[735] Train acc: 0.9844, Constr acc: 0.8750, CE loss: 0.028, DL2 loss: 3.967
8, 141, 0.0283, 0.0002, 98.438, 100.000, 0.975, 0.760, 
[750] Train acc: 0.9531, Constr acc: 0.8750, CE loss: 0.329, DL2 loss: 1.897
8, 140, 0.3294, 0.0002, 95.312, 100.000, 0.978, 0.781, 
[765] Train acc: 0.9531, Constr acc: 0.7500, CE loss: 0.071, DL2 loss: 4.750
8, 139, 0.0707, 0.0002, 95.312, 100.000, 0.980, 0.810, 
[780] Train acc: 0.9688, Constr acc: 0.8438, CE loss: 0.135, DL2 loss: 1.088
8, 138, 0.1352, 0.0002, 96.875, 100.000, 0.980, 0.825, 
[795] Train acc: 0.9688, Constr acc: 0.8125, CE loss: 0.025, DL2 loss: 6.443
8, 137, 0.0253, 0.0002, 96.875, 100.000, 0.974, 0.815, 
[810] Train acc: 0.9688, Constr acc: 0.9688, CE loss: 0.101, DL2 loss: 0.000
8, 136, 0.1012, 0.0002, 96.875, 100.000, 0.978, 0.867, 
[825] Train acc: 0.9531, Constr acc: 0.9062, CE loss: 0.085, DL2 loss: 2.498
8, 135, 0.0853, 0.0002, 95.312, 100.000, 0.977, 0.870, 
[840] Train acc: 0.9844, Constr acc: 0.9062, CE loss: 0.044, DL2 loss: 1.415
8, 134, 0.0439, 0.0002, 98.438, 100.000, 0.979, 0.881, 
[855] Train acc: 0.9375, Constr acc: 0.7812, CE loss: 0.136, DL2 loss: 7.883
8, 133, 0.1361, 0.0002, 93.750, 100.000, 0.974, 0.789, 
[870] Train acc: 0.9688, Constr acc: 0.8125, CE loss: 0.108, DL2 loss: 4.192
8, 132, 0.1083, 0.0002, 96.875, 100.000, 0.979, 0.802, 
[885] Train acc: 0.9688, Constr acc: 0.8125, CE loss: 0.095, DL2 loss: 4.580
8, 131, 0.0946, 0.0002, 96.875, 100.000, 0.973, 0.771, 
[900] Train acc: 0.9688, Constr acc: 0.9062, CE loss: 0.248, DL2 loss: 1.097
8, 130, 0.2482, 0.0002, 96.875, 96.875, 0.975, 0.739, 
[915] Train acc: 0.9688, Constr acc: 0.7812, CE loss: 0.053, DL2 loss: 5.014
8, 129, 0.0526, 0.0002, 96.875, 100.000, 0.978, 0.779, 
[930] Train acc: 1.0000, Constr acc: 0.9375, CE loss: 0.011, DL2 loss: 0.888
8, 128, 0.0111, 0.0002, 100.000, 100.000, 0.975, 0.783, 
[0] Train acc: 0.9844, Constr acc: 0.8125, CE loss: 0.062, DL2 loss: 7.907
9, 127, 0.0619, 0.0002, 98.438, 100.000, 0.981, 0.794, 
[15] Train acc: 0.9375, Constr acc: 0.8438, CE loss: 0.259, DL2 loss: 7.264
9, 126, 0.2592, 0.0002, 93.750, 98.438, 0.975, 0.823, 
[30] Train acc: 0.9844, Constr acc: 0.8125, CE loss: 0.031, DL2 loss: 7.779
9, 125, 0.0309, 0.0002, 98.438, 100.000, 0.979, 0.816, 
[45] Train acc: 0.9531, Constr acc: 0.8125, CE loss: 0.124, DL2 loss: 2.920
9, 124, 0.1241, 0.0002, 95.312, 100.000, 0.980, 0.775, 
[60] Train acc: 0.9531, Constr acc: 0.9375, CE loss: 0.225, DL2 loss: 1.295
9, 123, 0.2251, 0.0002, 95.312, 100.000, 0.966, 0.809, 
[75] Train acc: 0.9844, Constr acc: 0.9375, CE loss: 0.036, DL2 loss: 0.174
9, 122, 0.0363, 0.0002, 98.438, 100.000, 0.983, 0.793, 
[90] Train acc: 0.9844, Constr acc: 0.8125, CE loss: 0.037, DL2 loss: 3.042
9, 121, 0.0373, 0.0002, 98.438, 100.000, 0.974, 0.734, 
[105] Train acc: 1.0000, Constr acc: 0.8750, CE loss: 0.013, DL2 loss: 3.889
9, 120, 0.0131, 0.0002, 100.000, 100.000, 0.979, 0.768, 
[120] Train acc: 0.9844, Constr acc: 0.9062, CE loss: 0.112, DL2 loss: 2.258
9, 119, 0.1116, 0.0002, 98.438, 100.000, 0.978, 0.781, 
[135] Train acc: 0.9844, Constr acc: 0.8438, CE loss: 0.051, DL2 loss: 2.209
9, 118, 0.0512, 0.0003, 98.438, 100.000, 0.979, 0.903, 
[150] Train acc: 0.9375, Constr acc: 0.9688, CE loss: 0.167, DL2 loss: 1.257
9, 117, 0.1673, 0.0003, 93.750, 100.000, 0.966, 0.863, 
[165] Train acc: 0.9688, Constr acc: 0.9688, CE loss: 0.086, DL2 loss: 1.395
9, 116, 0.0863, 0.0002, 96.875, 100.000, 0.976, 0.807, 
[180] Train acc: 0.9531, Constr acc: 0.9375, CE loss: 0.179, DL2 loss: 2.963
9, 115, 0.1792, 0.0002, 95.312, 100.000, 0.954, 0.778, 
[195] Train acc: 0.9688, Constr acc: 0.9062, CE loss: 0.248, DL2 loss: 1.540
9, 114, 0.2477, 0.0002, 96.875, 100.000, 0.967, 0.787, 
[210] Train acc: 0.9688, Constr acc: 0.8750, CE loss: 0.071, DL2 loss: 5.189
9, 113, 0.0712, 0.0003, 96.875, 100.000, 0.979, 0.876, 
[225] Train acc: 0.9688, Constr acc: 0.8750, CE loss: 0.142, DL2 loss: 1.798
9, 112, 0.1422, 0.0003, 96.875, 100.000, 0.967, 0.825, 
[240] Train acc: 1.0000, Constr acc: 0.8438, CE loss: 0.009, DL2 loss: 3.730
9, 111, 0.0087, 0.0002, 100.000, 100.000, 0.975, 0.773, 
[255] Train acc: 0.9688, Constr acc: 0.9062, CE loss: 0.046, DL2 loss: 2.477
9, 110, 0.0456, 0.0002, 96.875, 100.000, 0.975, 0.769, 
[270] Train acc: 0.9219, Constr acc: 0.8750, CE loss: 0.232, DL2 loss: 0.943
9, 109, 0.2320, 0.0003, 92.188, 100.000, 0.966, 0.817, 
[285] Train acc: 0.9531, Constr acc: 0.8750, CE loss: 0.126, DL2 loss: 5.197
9, 108, 0.1264, 0.0002, 95.312, 100.000, 0.977, 0.746, 
[300] Train acc: 0.9844, Constr acc: 0.9062, CE loss: 0.077, DL2 loss: 3.026
9, 107, 0.0767, 0.0002, 98.438, 100.000, 0.971, 0.751, 
[315] Train acc: 0.9375, Constr acc: 0.8438, CE loss: 0.158, DL2 loss: 8.358
9, 106, 0.1582, 0.0002, 93.750, 100.000, 0.978, 0.770, 
[330] Train acc: 0.9688, Constr acc: 0.8750, CE loss: 0.157, DL2 loss: 2.715
9, 105, 0.1572, 0.0002, 96.875, 100.000, 0.975, 0.805, 
[345] Train acc: 0.9531, Constr acc: 0.9062, CE loss: 0.057, DL2 loss: 1.196
9, 104, 0.0575, 0.0002, 95.312, 100.000, 0.979, 0.817, 
[360] Train acc: 0.9531, Constr acc: 0.9375, CE loss: 0.057, DL2 loss: 2.653
9, 103, 0.0573, 0.0002, 95.312, 100.000, 0.972, 0.797, 
[375] Train acc: 0.9844, Constr acc: 0.9375, CE loss: 0.028, DL2 loss: 0.612
9, 102, 0.0275, 0.0002, 98.438, 100.000, 0.976, 0.725, 
[390] Train acc: 0.9844, Constr acc: 0.7812, CE loss: 0.067, DL2 loss: 3.184
9, 101, 0.0667, 0.0002, 98.438, 100.000, 0.967, 0.783, 
[405] Train acc: 0.9844, Constr acc: 0.8125, CE loss: 0.073, DL2 loss: 4.384
9, 100, 0.0733, 0.0002, 98.438, 100.000, 0.978, 0.742, 
[420] Train acc: 0.9844, Constr acc: 0.8438, CE loss: 0.026, DL2 loss: 3.858
9, 99, 0.0265, 0.0002, 98.438, 100.000, 0.972, 0.748, 
[435] Train acc: 1.0000, Constr acc: 0.9688, CE loss: 0.004, DL2 loss: 1.578
9, 98, 0.0038, 0.0002, 100.000, 100.000, 0.971, 0.760, 
[450] Train acc: 0.9688, Constr acc: 0.9375, CE loss: 0.153, DL2 loss: 0.615
9, 97, 0.1526, 0.0002, 96.875, 100.000, 0.974, 0.761, 
[465] Train acc: 0.9531, Constr acc: 0.9062, CE loss: 0.135, DL2 loss: 3.336
9, 96, 0.1350, 0.0002, 95.312, 100.000, 0.974, 0.731, 
[480] Train acc: 0.9688, Constr acc: 0.8438, CE loss: 0.065, DL2 loss: 3.413
9, 95, 0.0654, 0.0002, 96.875, 100.000, 0.969, 0.714, 
[495] Train acc: 0.9844, Constr acc: 0.7812, CE loss: 0.027, DL2 loss: 4.488
9, 94, 0.0268, 0.0002, 98.438, 100.000, 0.969, 0.794, 
[510] Train acc: 0.9844, Constr acc: 0.8125, CE loss: 0.063, DL2 loss: 5.876
9, 93, 0.0629, 0.0002, 98.438, 100.000, 0.975, 0.787, 
[525] Train acc: 0.9688, Constr acc: 0.8125, CE loss: 0.294, DL2 loss: 4.683
9, 92, 0.2938, 0.0002, 96.875, 98.438, 0.971, 0.825, 
[540] Train acc: 0.9531, Constr acc: 0.8125, CE loss: 0.125, DL2 loss: 6.653
9, 91, 0.1252, 0.0003, 95.312, 100.000, 0.960, 0.781, 
[555] Train acc: 0.9531, Constr acc: 0.9062, CE loss: 0.120, DL2 loss: 3.282
9, 90, 0.1198, 0.0002, 95.312, 100.000, 0.978, 0.866, 
[570] Train acc: 1.0000, Constr acc: 0.9062, CE loss: 0.005, DL2 loss: 1.734
9, 89, 0.0055, 0.0002, 100.000, 100.000, 0.968, 0.810, 
[585] Train acc: 0.9688, Constr acc: 0.8125, CE loss: 0.033, DL2 loss: 3.987
9, 88, 0.0331, 0.0002, 96.875, 100.000, 0.976, 0.852, 
[600] Train acc: 0.9375, Constr acc: 0.7500, CE loss: 0.143, DL2 loss: 7.338
9, 87, 0.1426, 0.0002, 93.750, 100.000, 0.973, 0.858, 
[615] Train acc: 0.9844, Constr acc: 0.8750, CE loss: 0.047, DL2 loss: 5.011
9, 86, 0.0467, 0.0003, 98.438, 100.000, 0.965, 0.849, 
[630] Train acc: 1.0000, Constr acc: 0.7812, CE loss: 0.016, DL2 loss: 5.933
9, 85, 0.0165, 0.0002, 100.000, 100.000, 0.977, 0.784, 
[645] Train acc: 0.9219, Constr acc: 0.9062, CE loss: 0.286, DL2 loss: 5.886
9, 84, 0.2864, 0.0003, 92.188, 100.000, 0.963, 0.778, 
[660] Train acc: 0.9688, Constr acc: 0.7500, CE loss: 0.109, DL2 loss: 10.424
9, 83, 0.1090, 0.0002, 96.875, 98.438, 0.967, 0.716, 
[675] Train acc: 0.9062, Constr acc: 0.8750, CE loss: 0.566, DL2 loss: 1.582
9, 82, 0.5660, 0.0003, 90.625, 98.438, 0.976, 0.852, 
[690] Train acc: 0.9531, Constr acc: 0.9062, CE loss: 0.083, DL2 loss: 1.718
9, 81, 0.0833, 0.0002, 95.312, 100.000, 0.974, 0.806, 
[705] Train acc: 0.9844, Constr acc: 0.8750, CE loss: 0.039, DL2 loss: 2.702
9, 80, 0.0391, 0.0002, 98.438, 100.000, 0.973, 0.840, 
[720] Train acc: 0.9688, Constr acc: 0.9375, CE loss: 0.211, DL2 loss: 2.064
9, 79, 0.2106, 0.0002, 96.875, 100.000, 0.977, 0.755, 
[735] Train acc: 0.9219, Constr acc: 0.9062, CE loss: 0.415, DL2 loss: 2.977
9, 78, 0.4155, 0.0002, 92.188, 100.000, 0.969, 0.813, 
[750] Train acc: 0.9688, Constr acc: 0.8125, CE loss: 0.095, DL2 loss: 4.697
9, 77, 0.0948, 0.0003, 96.875, 100.000, 0.949, 0.848, 
[765] Train acc: 0.9531, Constr acc: 0.8125, CE loss: 0.152, DL2 loss: 3.367
9, 76, 0.1521, 0.0003, 95.312, 100.000, 0.973, 0.880, 
[780] Train acc: 0.9531, Constr acc: 0.8750, CE loss: 0.159, DL2 loss: 1.898
9, 75, 0.1585, 0.0003, 95.312, 100.000, 0.972, 0.867, 
[795] Train acc: 0.9844, Constr acc: 0.8750, CE loss: 0.049, DL2 loss: 3.735
9, 74, 0.0487, 0.0003, 98.438, 100.000, 0.962, 0.873, 
[810] Train acc: 0.9844, Constr acc: 0.9062, CE loss: 0.048, DL2 loss: 2.983
9, 73, 0.0479, 0.0003, 98.438, 100.000, 0.961, 0.896, 
[825] Train acc: 0.9531, Constr acc: 0.9688, CE loss: 0.151, DL2 loss: 1.193
9, 72, 0.1512, 0.0003, 95.312, 100.000, 0.969, 0.881, 
[840] Train acc: 0.9531, Constr acc: 0.8750, CE loss: 0.182, DL2 loss: 3.409
9, 71, 0.1821, 0.0003, 95.312, 100.000, 0.971, 0.840, 
[855] Train acc: 0.9219, Constr acc: 0.8750, CE loss: 0.527, DL2 loss: 1.481
9, 70, 0.5268, 0.0003, 92.188, 100.000, 0.966, 0.842, 
[870] Train acc: 0.9844, Constr acc: 0.7500, CE loss: 0.157, DL2 loss: 7.003
9, 69, 0.1573, 0.0003, 98.438, 100.000, 0.969, 0.874, 
[885] Train acc: 0.8438, Constr acc: 0.8438, CE loss: 0.748, DL2 loss: 5.215
9, 68, 0.7484, 0.0004, 84.375, 100.000, 0.934, 0.868, 
[900] Train acc: 0.9688, Constr acc: 0.8750, CE loss: 0.089, DL2 loss: 4.360
9, 67, 0.0890, 0.0003, 96.875, 100.000, 0.966, 0.861, 
[915] Train acc: 0.9688, Constr acc: 0.8750, CE loss: 0.099, DL2 loss: 1.295
9, 66, 0.0994, 0.0003, 96.875, 100.000, 0.973, 0.875, 
[930] Train acc: 0.9219, Constr acc: 0.7812, CE loss: 0.208, DL2 loss: 2.464
9, 65, 0.2082, 0.0003, 92.188, 100.000, 0.968, 0.852, 
[0] Train acc: 0.9531, Constr acc: 0.8750, CE loss: 0.164, DL2 loss: 2.377
10, 65, 0.1643, 0.0002, 95.312, 100.000, 0.971, 0.840, 
[15] Train acc: 0.8594, Constr acc: 0.8125, CE loss: 0.473, DL2 loss: 4.476
10, 64, 0.4731, 0.0002, 85.938, 98.438, 0.967, 0.812, 
[30] Train acc: 0.9844, Constr acc: 0.9375, CE loss: 0.023, DL2 loss: 1.043
10, 63, 0.0230, 0.0003, 98.438, 100.000, 0.952, 0.796, 
[45] Train acc: 0.9219, Constr acc: 0.8750, CE loss: 0.239, DL2 loss: 3.831
10, 62, 0.2389, 0.0003, 92.188, 100.000, 0.971, 0.893, 
[60] Train acc: 0.9531, Constr acc: 0.7812, CE loss: 0.224, DL2 loss: 1.838
10, 61, 0.2237, 0.0003, 95.312, 100.000, 0.932, 0.864, 
[75] Train acc: 0.9844, Constr acc: 0.8750, CE loss: 0.092, DL2 loss: 3.039
10, 60, 0.0915, 0.0003, 98.438, 100.000, 0.964, 0.853, 
[90] Train acc: 0.9531, Constr acc: 0.7812, CE loss: 0.106, DL2 loss: 5.957
10, 59, 0.1061, 0.0003, 95.312, 100.000, 0.940, 0.848, 
[105] Train acc: 0.9375, Constr acc: 0.9375, CE loss: 0.152, DL2 loss: 1.445
10, 58, 0.1516, 0.0003, 93.750, 100.000, 0.971, 0.867, 
[120] Train acc: 0.9844, Constr acc: 0.8438, CE loss: 0.046, DL2 loss: 2.955
10, 57, 0.0459, 0.0003, 98.438, 100.000, 0.958, 0.853, 
[135] Train acc: 0.9062, Constr acc: 0.8438, CE loss: 0.266, DL2 loss: 2.012
10, 56, 0.2664, 0.0003, 90.625, 100.000, 0.941, 0.871, 
[150] Train acc: 0.9688, Constr acc: 0.7812, CE loss: 0.082, DL2 loss: 4.136
10, 55, 0.0824, 0.0003, 96.875, 100.000, 0.963, 0.880, 
[165] Train acc: 0.9844, Constr acc: 0.9688, CE loss: 0.035, DL2 loss: 0.043
10, 54, 0.0346, 0.0003, 98.438, 100.000, 0.963, 0.875, 
[180] Train acc: 0.9844, Constr acc: 0.8125, CE loss: 0.061, DL2 loss: 3.382
10, 53, 0.0606, 0.0003, 98.438, 100.000, 0.967, 0.891, 
[195] Train acc: 0.9688, Constr acc: 0.9375, CE loss: 0.202, DL2 loss: 2.120
10, 52, 0.2017, 0.0004, 96.875, 100.000, 0.940, 0.937, 
[210] Train acc: 0.9219, Constr acc: 0.7812, CE loss: 0.190, DL2 loss: 4.448
10, 51, 0.1896, 0.0003, 92.188, 98.438, 0.948, 0.852, 
[225] Train acc: 0.9844, Constr acc: 0.9688, CE loss: 0.049, DL2 loss: 0.726
10, 50, 0.0493, 0.0003, 98.438, 100.000, 0.962, 0.895, 
[240] Train acc: 0.9219, Constr acc: 0.8750, CE loss: 0.332, DL2 loss: 4.289
10, 49, 0.3321, 0.0003, 92.188, 100.000, 0.957, 0.815, 
[255] Train acc: 0.9531, Constr acc: 0.8438, CE loss: 0.175, DL2 loss: 5.651
10, 48, 0.1752, 0.0003, 95.312, 100.000, 0.965, 0.823, 
[270] Train acc: 0.9062, Constr acc: 0.8438, CE loss: 0.278, DL2 loss: 5.361
10, 47, 0.2782, 0.0003, 90.625, 100.000, 0.957, 0.846, 
[285] Train acc: 0.9531, Constr acc: 0.7812, CE loss: 0.077, DL2 loss: 7.621
10, 46, 0.0766, 0.0003, 95.312, 100.000, 0.943, 0.823, 
[300] Train acc: 0.9375, Constr acc: 0.8750, CE loss: 0.187, DL2 loss: 2.412
10, 45, 0.1871, 0.0003, 93.750, 100.000, 0.956, 0.818, 
[315] Train acc: 0.9844, Constr acc: 0.8750, CE loss: 0.120, DL2 loss: 6.442
10, 44, 0.1202, 0.0003, 98.438, 100.000, 0.957, 0.896, 
[330] Train acc: 0.9375, Constr acc: 0.9688, CE loss: 0.610, DL2 loss: 0.752
10, 43, 0.6098, 0.0003, 93.750, 98.438, 0.963, 0.899, 
[345] Train acc: 0.9375, Constr acc: 0.8438, CE loss: 0.347, DL2 loss: 0.772
10, 42, 0.3471, 0.0003, 93.750, 100.000, 0.953, 0.859, 
[360] Train acc: 0.9062, Constr acc: 0.9062, CE loss: 0.364, DL2 loss: 2.184
10, 41, 0.3642, 0.0004, 90.625, 98.438, 0.932, 0.838, 
[375] Train acc: 0.9531, Constr acc: 0.6875, CE loss: 0.091, DL2 loss: 6.550
10, 40, 0.0905, 0.0004, 95.312, 100.000, 0.938, 0.959, 
[390] Train acc: 1.0000, Constr acc: 0.8750, CE loss: 0.018, DL2 loss: 4.588
10, 39, 0.0180, 0.0004, 100.000, 100.000, 0.933, 0.861, 
[405] Train acc: 0.9688, Constr acc: 0.8438, CE loss: 0.073, DL2 loss: 3.977
10, 38, 0.0729, 0.0004, 96.875, 100.000, 0.912, 0.839, 
[420] Train acc: 0.8906, Constr acc: 0.8438, CE loss: 0.462, DL2 loss: 4.678
10, 37, 0.4616, 0.0004, 89.062, 100.000, 0.889, 0.812, 
[435] Train acc: 0.9844, Constr acc: 0.8438, CE loss: 0.223, DL2 loss: 2.626
10, 36, 0.2234, 0.0003, 98.438, 100.000, 0.946, 0.823, 
[450] Train acc: 0.8750, Constr acc: 0.8125, CE loss: 0.413, DL2 loss: 3.202
10, 35, 0.4128, 0.0005, 87.500, 98.438, 0.890, 0.843, 
[465] Train acc: 0.8906, Constr acc: 0.8750, CE loss: 0.369, DL2 loss: 2.698
10, 34, 0.3687, 0.0004, 89.062, 98.438, 0.934, 0.893, 
[480] Train acc: 0.9219, Constr acc: 0.7812, CE loss: 0.523, DL2 loss: 4.753
10, 33, 0.5231, 0.0004, 92.188, 98.438, 0.930, 0.938, 
[495] Train acc: 0.9531, Constr acc: 0.7812, CE loss: 0.129, DL2 loss: 8.410
10, 32, 0.1294, 0.0004, 95.312, 98.438, 0.928, 0.904, 
[510] Train acc: 0.9219, Constr acc: 0.7188, CE loss: 0.194, DL2 loss: 3.585
10, 31, 0.1944, 0.0004, 92.188, 100.000, 0.916, 0.873, 
[525] Train acc: 0.9219, Constr acc: 0.8438, CE loss: 0.169, DL2 loss: 2.402
10, 30, 0.1686, 0.0003, 92.188, 100.000, 0.933, 0.818, 
[540] Train acc: 0.9062, Constr acc: 0.5938, CE loss: 0.352, DL2 loss: 9.025
10, 29, 0.3523, 0.0004, 90.625, 100.000, 0.931, 0.930, 
[555] Train acc: 0.8750, Constr acc: 0.8438, CE loss: 0.387, DL2 loss: 7.094
10, 28, 0.3869, 0.0004, 87.500, 100.000, 0.920, 0.879, 
[570] Train acc: 0.9062, Constr acc: 0.9062, CE loss: 0.304, DL2 loss: 0.292
10, 27, 0.3036, 0.0004, 90.625, 100.000, 0.928, 0.858, 
[585] Train acc: 0.8906, Constr acc: 0.8125, CE loss: 0.399, DL2 loss: 1.257
10, 26, 0.3995, 0.0004, 89.062, 100.000, 0.910, 0.877, 
[600] Train acc: 0.9062, Constr acc: 0.7500, CE loss: 0.333, DL2 loss: 8.105
10, 25, 0.3334, 0.0004, 90.625, 100.000, 0.902, 0.910, 
[615] Train acc: 0.7812, Constr acc: 0.6875, CE loss: 0.742, DL2 loss: 8.473
10, 24, 0.7423, 0.0004, 78.125, 98.438, 0.876, 0.775, 
[630] Train acc: 0.8906, Constr acc: 0.9688, CE loss: 0.433, DL2 loss: 0.113
10, 23, 0.4325, 0.0004, 89.062, 100.000, 0.912, 0.737, 
[645] Train acc: 0.6875, Constr acc: 0.6875, CE loss: 1.981, DL2 loss: 7.935
10, 22, 1.9807, 0.0009, 68.750, 93.750, 0.714, 0.801, 
[660] Train acc: 0.8438, Constr acc: 0.7188, CE loss: 0.878, DL2 loss: 8.107
10, 21, 0.8781, 0.0010, 84.375, 100.000, 0.661, 0.901, 
[675] Train acc: 0.6250, Constr acc: 0.7812, CE loss: 2.147, DL2 loss: 7.217
10, 20, 2.1468, 0.0008, 62.500, 96.875, 0.748, 0.761, 
[690] Train acc: 0.7812, Constr acc: 0.7812, CE loss: 0.596, DL2 loss: 7.108
10, 19, 0.5964, 0.0006, 78.125, 100.000, 0.849, 0.876, 
[705] Train acc: 0.7344, Constr acc: 0.8125, CE loss: 1.073, DL2 loss: 5.932
10, 18, 1.0731, 0.0008, 73.438, 98.438, 0.765, 0.853, 
[720] Train acc: 0.6875, Constr acc: 0.7500, CE loss: 1.156, DL2 loss: 6.770
10, 17, 1.1558, 0.0011, 68.750, 96.875, 0.637, 0.923, 
[735] Train acc: 0.5938, Constr acc: 0.5000, CE loss: 1.790, DL2 loss: 17.983
10, 16, 1.7899, 0.0011, 59.375, 93.750, 0.620, 0.879, 
[750] Train acc: 0.5000, Constr acc: 0.6250, CE loss: 2.747, DL2 loss: 9.982
10, 15, 2.7473, 0.0012, 50.000, 95.312, 0.585, 0.908, 
[765] Train acc: 0.6094, Constr acc: 0.6875, CE loss: 1.517, DL2 loss: 5.416
10, 14, 1.5170, 0.0010, 60.938, 98.438, 0.666, 0.827, 
[780] Train acc: 0.5156, Constr acc: 0.5938, CE loss: 2.140, DL2 loss: 12.080
10, 13, 2.1400, 0.0013, 51.562, 96.875, 0.515, 0.939, 
[795] Train acc: 0.3281, Constr acc: 0.5625, CE loss: 3.390, DL2 loss: 9.934
10, 12, 3.3905, 0.0017, 32.812, 78.125, 0.339, 0.936, 
[810] Train acc: 0.2969, Constr acc: 0.2500, CE loss: 1.990, DL2 loss: 28.468
10, 11, 1.9900, 0.0016, 29.688, 90.625, 0.346, 0.913, 
[825] Train acc: 0.3906, Constr acc: 0.5938, CE loss: 3.099, DL2 loss: 8.700
10, 10, 3.0992, 0.0016, 39.062, 90.625, 0.331, 0.832, 
[840] Train acc: 0.3750, Constr acc: 0.5625, CE loss: 2.055, DL2 loss: 14.616
10, 9, 2.0546, 0.0018, 37.500, 89.062, 0.286, 0.862, 
[855] Train acc: 0.0781, Constr acc: 0.2188, CE loss: 3.015, DL2 loss: 31.293
10, 8, 3.0154, 0.0020, 7.812, 75.000, 0.210, 0.990, 
[870] Train acc: 0.1094, Constr acc: 0.0938, CE loss: 2.293, DL2 loss: 43.838
10, 7, 2.2932, 0.0023, 10.938, 60.938, 0.114, 1.000, 
[885] Train acc: 0.1250, Constr acc: 0.0938, CE loss: 2.337, DL2 loss: 39.823
10, 6, 2.3366, 0.0023, 12.500, 42.188, 0.114, 1.000, 
[900] Train acc: 0.0938, Constr acc: 0.0312, CE loss: 2.315, DL2 loss: 39.220
10, 5, 2.3148, 0.0023, 9.375, 54.688, 0.114, 1.000, 
[915] Train acc: 0.1250, Constr acc: 0.0625, CE loss: 2.307, DL2 loss: 46.601
10, 4, 2.3069, 0.0023, 12.500, 51.562, 0.114, 1.000, 
[930] Train acc: 0.1250, Constr acc: 0.0938, CE loss: 2.300, DL2 loss: 38.838
10, 3, 2.3003, 0.0023, 12.500, 56.250, 0.114, 1.000, 
