main_allinputs_dl2.py --pruning=True --tensorboard=True --log-interval=15 --pruning_config=./configs/mnist_22_15.json --constraint RobustnessDandR(eps1=15, eps2=6) --print-after-epoch=0 --dl2-weight=0.2 --delay=6
pruning_engine.load_mask(): did not find mask file, will load nothing
epoch, neuron_units, loss, dl2_loss, top1, top5, dl2_p_acc, dl2_constraint_acc
[0] Train acc: 0.1406
1, 252, 2.2927, 0.0023, 14.062, 59.375, 0.103, 1.000, 
[15] Train acc: 0.1875
1, 252, 2.2763, 0.0023, 18.750, 68.750, 0.103, 1.000, 
[30] Train acc: 0.3125
1, 252, 2.2343, 0.0023, 31.250, 75.000, 0.205, 1.000, 
[45] Train acc: 0.3594
1, 252, 2.1083, 0.0022, 35.938, 89.062, 0.408, 1.000, 
[60] Train acc: 0.5625
1, 252, 1.8079, 0.0021, 56.250, 90.625, 0.576, 1.000, 
[75] Train acc: 0.6719
1, 252, 1.1560, 0.0017, 67.188, 95.312, 0.646, 1.000, 
[90] Train acc: 0.6250
1, 252, 1.0569, 0.0015, 62.500, 98.438, 0.674, 1.000, 
[105] Train acc: 0.7031
1, 252, 0.8945, 0.0013, 70.312, 95.312, 0.730, 1.000, 
[120] Train acc: 0.8125
1, 252, 0.5999, 0.0011, 81.250, 98.438, 0.806, 1.000, 
[135] Train acc: 0.8594
1, 252, 0.3908, 0.0010, 85.938, 100.000, 0.854, 1.000, 
[150] Train acc: 0.8594
1, 252, 0.5338, 0.0010, 85.938, 100.000, 0.820, 1.000, 
[165] Train acc: 0.8281
1, 252, 0.5438, 0.0010, 82.812, 98.438, 0.764, 1.000, 
[180] Train acc: 0.9062
1, 252, 0.4400, 0.0009, 90.625, 98.438, 0.846, 1.000, 
[195] Train acc: 0.9062
1, 252, 0.2807, 0.0009, 90.625, 100.000, 0.848, 0.999, 
[210] Train acc: 0.9219
1, 252, 0.3626, 0.0009, 92.188, 98.438, 0.857, 1.000, 
[225] Train acc: 0.8750
1, 252, 0.3995, 0.0008, 87.500, 100.000, 0.887, 0.999, 
[240] Train acc: 0.8750
1, 252, 0.4170, 0.0008, 87.500, 98.438, 0.877, 0.999, 
[255] Train acc: 0.8281
1, 252, 0.4295, 0.0008, 82.812, 100.000, 0.851, 1.000, 
[270] Train acc: 0.9219
1, 252, 0.2311, 0.0008, 92.188, 100.000, 0.843, 1.000, 
[285] Train acc: 0.9375
1, 252, 0.2467, 0.0007, 93.750, 100.000, 0.920, 0.999, 
[300] Train acc: 0.9062
1, 252, 0.2694, 0.0007, 90.625, 100.000, 0.911, 0.999, 
[315] Train acc: 0.9219
1, 252, 0.2680, 0.0007, 92.188, 98.438, 0.922, 0.999, 
[330] Train acc: 0.9062
1, 252, 0.3726, 0.0007, 90.625, 98.438, 0.864, 1.000, 
[345] Train acc: 0.8594
1, 252, 0.4701, 0.0007, 85.938, 98.438, 0.908, 0.999, 
[360] Train acc: 0.8750
1, 252, 0.2838, 0.0007, 87.500, 100.000, 0.909, 0.999, 
[375] Train acc: 0.9375
1, 252, 0.1560, 0.0007, 93.750, 100.000, 0.923, 0.997, 
[390] Train acc: 0.9062
1, 252, 0.2070, 0.0006, 90.625, 100.000, 0.915, 0.997, 
[405] Train acc: 0.9375
1, 252, 0.1975, 0.0006, 93.750, 100.000, 0.918, 0.997, 
[420] Train acc: 0.9219
1, 252, 0.2446, 0.0006, 92.188, 100.000, 0.936, 0.995, 
[435] Train acc: 0.9219
1, 252, 0.2261, 0.0006, 92.188, 100.000, 0.935, 0.996, 
[450] Train acc: 0.9219
1, 252, 0.1807, 0.0006, 92.188, 100.000, 0.942, 0.996, 
[465] Train acc: 0.8906
1, 252, 0.3503, 0.0006, 89.062, 100.000, 0.914, 0.997, 
[480] Train acc: 1.0000
1, 252, 0.0762, 0.0006, 100.000, 100.000, 0.934, 0.993, 
[495] Train acc: 0.9531
1, 252, 0.1621, 0.0006, 95.312, 100.000, 0.948, 0.995, 
[510] Train acc: 0.9219
1, 252, 0.1649, 0.0005, 92.188, 100.000, 0.949, 0.993, 
[525] Train acc: 0.9531
1, 252, 0.1392, 0.0006, 95.312, 100.000, 0.945, 0.992, 
[540] Train acc: 0.9531
1, 252, 0.2543, 0.0006, 95.312, 98.438, 0.933, 0.996, 
[555] Train acc: 0.9688
1, 252, 0.1702, 0.0005, 96.875, 98.438, 0.953, 0.990, 
[570] Train acc: 0.9531
1, 252, 0.1492, 0.0005, 95.312, 100.000, 0.925, 0.991, 
[585] Train acc: 0.9844
1, 252, 0.0822, 0.0005, 98.438, 100.000, 0.950, 0.991, 
[600] Train acc: 0.9531
1, 252, 0.1890, 0.0005, 95.312, 100.000, 0.951, 0.995, 
[615] Train acc: 0.9531
1, 252, 0.1561, 0.0005, 95.312, 100.000, 0.951, 0.995, 
[630] Train acc: 0.9375
1, 252, 0.3362, 0.0005, 93.750, 100.000, 0.956, 0.995, 
[645] Train acc: 0.9688
1, 252, 0.1513, 0.0005, 96.875, 100.000, 0.956, 0.995, 
[660] Train acc: 0.9688
1, 252, 0.1354, 0.0005, 96.875, 100.000, 0.956, 0.992, 
[675] Train acc: 0.9375
1, 252, 0.1571, 0.0005, 93.750, 100.000, 0.956, 0.991, 
[690] Train acc: 0.9688
1, 252, 0.1637, 0.0005, 96.875, 98.438, 0.958, 0.996, 
[705] Train acc: 0.8906
1, 252, 0.3415, 0.0005, 89.062, 100.000, 0.953, 0.990, 
[720] Train acc: 1.0000
1, 252, 0.0550, 0.0005, 100.000, 100.000, 0.958, 0.989, 
[735] Train acc: 0.9375
1, 252, 0.1595, 0.0005, 93.750, 100.000, 0.956, 0.990, 
[750] Train acc: 0.9688
1, 252, 0.0683, 0.0005, 96.875, 100.000, 0.950, 0.989, 
[765] Train acc: 0.9062
1, 252, 0.2801, 0.0005, 90.625, 100.000, 0.945, 0.991, 
[780] Train acc: 0.9219
1, 252, 0.1975, 0.0005, 92.188, 100.000, 0.965, 0.996, 
[795] Train acc: 0.9375
1, 252, 0.1232, 0.0005, 93.750, 100.000, 0.960, 0.995, 
[810] Train acc: 1.0000
1, 252, 0.0531, 0.0005, 100.000, 100.000, 0.963, 0.994, 
[825] Train acc: 0.9531
1, 252, 0.1005, 0.0005, 95.312, 100.000, 0.959, 0.993, 
[840] Train acc: 0.9531
1, 252, 0.1271, 0.0005, 95.312, 100.000, 0.969, 0.995, 
[855] Train acc: 0.9375
1, 252, 0.1566, 0.0005, 93.750, 100.000, 0.942, 0.992, 
[870] Train acc: 0.9531
1, 252, 0.1490, 0.0004, 95.312, 100.000, 0.963, 0.988, 
[885] Train acc: 0.9375
1, 252, 0.1344, 0.0005, 93.750, 100.000, 0.959, 0.994, 
[900] Train acc: 0.9531
1, 252, 0.1105, 0.0004, 95.312, 100.000, 0.962, 0.989, 
[915] Train acc: 0.9375
1, 252, 0.1970, 0.0004, 93.750, 100.000, 0.960, 0.988, 
[930] Train acc: 0.9375
1, 252, 0.1600, 0.0004, 93.750, 100.000, 0.965, 0.984, 
[0] Train acc: 0.9531
2, 252, 0.1407, 0.0004, 95.312, 100.000, 0.963, 0.979, 
[15] Train acc: 0.9844
2, 252, 0.0752, 0.0004, 98.438, 100.000, 0.967, 0.977, 
[30] Train acc: 0.9688
2, 252, 0.0801, 0.0004, 96.875, 100.000, 0.955, 0.976, 
[45] Train acc: 0.9688
2, 252, 0.0949, 0.0004, 96.875, 100.000, 0.965, 0.970, 
[60] Train acc: 0.9844
2, 252, 0.0438, 0.0004, 98.438, 100.000, 0.963, 0.983, 
[75] Train acc: 0.9688
2, 252, 0.1399, 0.0004, 96.875, 100.000, 0.966, 0.979, 
[90] Train acc: 0.9375
2, 252, 0.3302, 0.0004, 93.750, 100.000, 0.967, 0.983, 
[105] Train acc: 0.9844
2, 252, 0.0491, 0.0004, 98.438, 100.000, 0.970, 0.991, 
[120] Train acc: 0.9688
2, 252, 0.0914, 0.0004, 96.875, 100.000, 0.970, 0.991, 
[135] Train acc: 0.9688
2, 252, 0.1508, 0.0004, 96.875, 100.000, 0.964, 0.982, 
[150] Train acc: 0.9531
2, 252, 0.0793, 0.0004, 95.312, 100.000, 0.967, 0.980, 
[165] Train acc: 0.9844
2, 252, 0.0713, 0.0004, 98.438, 100.000, 0.969, 0.982, 
[180] Train acc: 0.9531
2, 252, 0.0830, 0.0004, 95.312, 100.000, 0.966, 0.969, 
[195] Train acc: 0.9844
2, 252, 0.0966, 0.0004, 98.438, 100.000, 0.961, 0.977, 
[210] Train acc: 0.9688
2, 252, 0.0620, 0.0004, 96.875, 100.000, 0.973, 0.968, 
[225] Train acc: 0.9531
2, 252, 0.1448, 0.0004, 95.312, 100.000, 0.965, 0.966, 
[240] Train acc: 0.9531
2, 252, 0.1479, 0.0004, 95.312, 100.000, 0.967, 0.981, 
[255] Train acc: 1.0000
2, 252, 0.0279, 0.0004, 100.000, 100.000, 0.968, 0.971, 
[270] Train acc: 0.9844
2, 252, 0.0609, 0.0003, 98.438, 100.000, 0.974, 0.957, 
[285] Train acc: 0.9844
2, 252, 0.0342, 0.0003, 98.438, 100.000, 0.975, 0.953, 
[300] Train acc: 0.9688
2, 252, 0.0782, 0.0004, 96.875, 100.000, 0.969, 0.963, 
[315] Train acc: 0.9375
2, 252, 0.1122, 0.0004, 93.750, 100.000, 0.975, 0.969, 
[330] Train acc: 0.9688
2, 252, 0.0469, 0.0004, 96.875, 100.000, 0.968, 0.967, 
[345] Train acc: 0.9531
2, 252, 0.2345, 0.0004, 95.312, 100.000, 0.977, 0.981, 
[360] Train acc: 0.9688
2, 252, 0.0647, 0.0004, 96.875, 100.000, 0.962, 0.990, 
[375] Train acc: 0.9531
2, 252, 0.1035, 0.0004, 95.312, 100.000, 0.976, 0.985, 
[390] Train acc: 0.9844
2, 252, 0.0274, 0.0004, 98.438, 100.000, 0.974, 0.978, 
[405] Train acc: 0.9844
2, 252, 0.0408, 0.0004, 98.438, 100.000, 0.968, 0.984, 
[420] Train acc: 0.9844
2, 252, 0.0255, 0.0004, 98.438, 100.000, 0.976, 0.974, 
[435] Train acc: 0.9844
2, 252, 0.0391, 0.0004, 98.438, 100.000, 0.977, 0.975, 
[450] Train acc: 0.9844
2, 252, 0.0888, 0.0003, 98.438, 100.000, 0.975, 0.971, 
[465] Train acc: 0.9688
2, 252, 0.0860, 0.0004, 96.875, 100.000, 0.972, 0.976, 
[480] Train acc: 0.9688
2, 252, 0.0826, 0.0004, 96.875, 100.000, 0.969, 0.970, 
[495] Train acc: 0.9375
2, 252, 0.1246, 0.0004, 93.750, 100.000, 0.972, 0.974, 
[510] Train acc: 1.0000
2, 252, 0.0169, 0.0004, 100.000, 100.000, 0.974, 0.977, 
[525] Train acc: 0.9688
2, 252, 0.1215, 0.0004, 96.875, 100.000, 0.977, 0.978, 
[540] Train acc: 0.9844
2, 252, 0.0627, 0.0004, 98.438, 100.000, 0.977, 0.981, 
[555] Train acc: 1.0000
2, 252, 0.0338, 0.0004, 100.000, 100.000, 0.977, 0.977, 
[570] Train acc: 0.9531
2, 252, 0.1980, 0.0004, 95.312, 100.000, 0.972, 0.976, 
[585] Train acc: 1.0000
2, 252, 0.0180, 0.0004, 100.000, 100.000, 0.965, 0.974, 
[600] Train acc: 0.9531
2, 252, 0.1889, 0.0004, 95.312, 100.000, 0.966, 0.976, 
[615] Train acc: 0.9531
2, 252, 0.1996, 0.0004, 95.312, 100.000, 0.972, 0.970, 
[630] Train acc: 0.9844
2, 252, 0.0752, 0.0004, 98.438, 100.000, 0.971, 0.969, 
[645] Train acc: 0.9062
2, 252, 0.2343, 0.0003, 90.625, 100.000, 0.980, 0.970, 
[660] Train acc: 0.9844
2, 252, 0.0542, 0.0003, 98.438, 100.000, 0.978, 0.964, 
[675] Train acc: 0.9844
2, 252, 0.0672, 0.0003, 98.438, 100.000, 0.977, 0.959, 
[690] Train acc: 0.9688
2, 252, 0.0481, 0.0003, 96.875, 100.000, 0.975, 0.950, 
[705] Train acc: 0.9844
2, 252, 0.0961, 0.0003, 98.438, 100.000, 0.970, 0.945, 
[720] Train acc: 0.9688
2, 252, 0.0633, 0.0003, 96.875, 100.000, 0.976, 0.958, 
[735] Train acc: 0.9844
2, 252, 0.0988, 0.0004, 98.438, 100.000, 0.959, 0.947, 
[750] Train acc: 0.9844
2, 252, 0.0208, 0.0003, 98.438, 100.000, 0.978, 0.953, 
[765] Train acc: 0.9688
2, 252, 0.0411, 0.0003, 96.875, 100.000, 0.978, 0.947, 
[780] Train acc: 0.9844
2, 252, 0.0408, 0.0003, 98.438, 100.000, 0.975, 0.947, 
[795] Train acc: 0.9688
2, 252, 0.0842, 0.0003, 96.875, 100.000, 0.976, 0.967, 
[810] Train acc: 0.9688
2, 252, 0.0810, 0.0003, 96.875, 100.000, 0.976, 0.962, 
[825] Train acc: 0.9375
2, 252, 0.2803, 0.0003, 93.750, 100.000, 0.979, 0.965, 
[840] Train acc: 1.0000
2, 252, 0.0204, 0.0003, 100.000, 100.000, 0.974, 0.956, 
[855] Train acc: 1.0000
2, 252, 0.0160, 0.0003, 100.000, 100.000, 0.980, 0.953, 
[870] Train acc: 1.0000
2, 252, 0.0261, 0.0003, 100.000, 100.000, 0.978, 0.956, 
[885] Train acc: 0.9844
2, 252, 0.0547, 0.0003, 98.438, 100.000, 0.977, 0.960, 
[900] Train acc: 0.9375
2, 252, 0.1150, 0.0003, 93.750, 100.000, 0.979, 0.966, 
[915] Train acc: 0.9688
2, 252, 0.0495, 0.0003, 96.875, 100.000, 0.981, 0.951, 
[930] Train acc: 0.9688
2, 252, 0.1090, 0.0003, 96.875, 100.000, 0.971, 0.958, 
[0] Train acc: 0.9688
3, 252, 0.1437, 0.0003, 96.875, 100.000, 0.970, 0.962, 
[15] Train acc: 1.0000
3, 252, 0.0285, 0.0003, 100.000, 100.000, 0.981, 0.959, 
[30] Train acc: 0.9844
3, 252, 0.0529, 0.0003, 98.438, 100.000, 0.978, 0.949, 
[45] Train acc: 0.9688
3, 252, 0.0809, 0.0004, 96.875, 100.000, 0.969, 0.958, 
[60] Train acc: 1.0000
3, 252, 0.0216, 0.0003, 100.000, 100.000, 0.981, 0.950, 
[75] Train acc: 0.9688
3, 252, 0.1329, 0.0003, 96.875, 100.000, 0.969, 0.950, 
[90] Train acc: 0.9844
3, 252, 0.0656, 0.0003, 98.438, 100.000, 0.976, 0.943, 
[105] Train acc: 1.0000
3, 252, 0.0243, 0.0003, 100.000, 100.000, 0.981, 0.964, 
[120] Train acc: 1.0000
3, 252, 0.0218, 0.0003, 100.000, 100.000, 0.979, 0.953, 
[135] Train acc: 0.9531
3, 252, 0.0817, 0.0003, 95.312, 100.000, 0.981, 0.960, 
[150] Train acc: 1.0000
3, 252, 0.0099, 0.0003, 100.000, 100.000, 0.975, 0.954, 
[165] Train acc: 0.9844
3, 252, 0.1767, 0.0003, 98.438, 100.000, 0.981, 0.964, 
[180] Train acc: 0.9531
3, 252, 0.1106, 0.0003, 95.312, 100.000, 0.981, 0.947, 
[195] Train acc: 0.9844
3, 252, 0.0700, 0.0003, 98.438, 100.000, 0.976, 0.947, 
[210] Train acc: 0.9531
3, 252, 0.0754, 0.0003, 95.312, 100.000, 0.972, 0.951, 
[225] Train acc: 1.0000
3, 252, 0.0133, 0.0003, 100.000, 100.000, 0.983, 0.942, 
[240] Train acc: 0.9688
3, 252, 0.0620, 0.0003, 96.875, 100.000, 0.980, 0.933, 
[255] Train acc: 0.9844
3, 252, 0.0525, 0.0003, 98.438, 100.000, 0.972, 0.936, 
[270] Train acc: 0.9688
3, 252, 0.0948, 0.0003, 96.875, 100.000, 0.982, 0.945, 
[285] Train acc: 0.9688
3, 252, 0.0618, 0.0003, 96.875, 100.000, 0.984, 0.943, 
[300] Train acc: 0.9844
3, 252, 0.0618, 0.0003, 98.438, 100.000, 0.981, 0.958, 
[315] Train acc: 0.9688
3, 252, 0.1432, 0.0003, 96.875, 100.000, 0.983, 0.957, 
[330] Train acc: 0.9531
3, 252, 0.1283, 0.0003, 95.312, 100.000, 0.978, 0.951, 
[345] Train acc: 1.0000
3, 252, 0.0156, 0.0003, 100.000, 100.000, 0.982, 0.947, 
[360] Train acc: 0.9844
3, 252, 0.0625, 0.0003, 98.438, 100.000, 0.979, 0.934, 
[375] Train acc: 1.0000
3, 252, 0.0429, 0.0003, 100.000, 100.000, 0.977, 0.927, 
[390] Train acc: 0.9375
3, 252, 0.2170, 0.0003, 93.750, 100.000, 0.966, 0.920, 
[405] Train acc: 0.9844
3, 252, 0.0477, 0.0003, 98.438, 100.000, 0.982, 0.939, 
[420] Train acc: 1.0000
3, 252, 0.0266, 0.0003, 100.000, 100.000, 0.982, 0.940, 
[435] Train acc: 0.9844
3, 252, 0.0296, 0.0003, 98.438, 100.000, 0.972, 0.959, 
[450] Train acc: 0.9844
3, 252, 0.0515, 0.0003, 98.438, 100.000, 0.979, 0.946, 
[465] Train acc: 1.0000
3, 252, 0.0425, 0.0003, 100.000, 100.000, 0.982, 0.957, 
[480] Train acc: 0.9844
3, 252, 0.1283, 0.0003, 98.438, 100.000, 0.981, 0.952, 
[495] Train acc: 0.9688
3, 252, 0.0506, 0.0003, 96.875, 100.000, 0.983, 0.942, 
[510] Train acc: 0.9688
3, 252, 0.0836, 0.0003, 96.875, 100.000, 0.982, 0.944, 
[525] Train acc: 0.9531
3, 252, 0.1020, 0.0003, 95.312, 100.000, 0.984, 0.948, 
[540] Train acc: 1.0000
3, 252, 0.0214, 0.0003, 100.000, 100.000, 0.982, 0.930, 
[555] Train acc: 0.9531
3, 252, 0.1520, 0.0003, 95.312, 100.000, 0.985, 0.973, 
[570] Train acc: 0.9844
3, 252, 0.0536, 0.0003, 98.438, 100.000, 0.978, 0.955, 
[585] Train acc: 1.0000
3, 252, 0.0112, 0.0003, 100.000, 100.000, 0.982, 0.943, 
[600] Train acc: 0.9375
3, 252, 0.1640, 0.0003, 93.750, 100.000, 0.980, 0.949, 
[615] Train acc: 0.9531
3, 252, 0.1815, 0.0003, 95.312, 100.000, 0.982, 0.954, 
[630] Train acc: 1.0000
3, 252, 0.0235, 0.0003, 100.000, 100.000, 0.984, 0.948, 
[645] Train acc: 0.9688
3, 252, 0.2124, 0.0003, 96.875, 100.000, 0.983, 0.951, 
[660] Train acc: 1.0000
3, 252, 0.0341, 0.0003, 100.000, 100.000, 0.983, 0.964, 
[675] Train acc: 1.0000
3, 252, 0.0153, 0.0003, 100.000, 100.000, 0.984, 0.939, 
[690] Train acc: 0.9844
3, 252, 0.0284, 0.0003, 98.438, 100.000, 0.985, 0.950, 
[705] Train acc: 1.0000
3, 252, 0.0274, 0.0003, 100.000, 100.000, 0.983, 0.940, 
[720] Train acc: 0.9844
3, 252, 0.0483, 0.0003, 98.438, 100.000, 0.984, 0.947, 
[735] Train acc: 0.9844
3, 252, 0.0342, 0.0003, 98.438, 100.000, 0.982, 0.947, 
[750] Train acc: 0.9844
3, 252, 0.0250, 0.0003, 98.438, 100.000, 0.986, 0.949, 
[765] Train acc: 1.0000
3, 252, 0.0191, 0.0003, 100.000, 100.000, 0.981, 0.953, 
[780] Train acc: 0.9531
3, 252, 0.1058, 0.0003, 95.312, 100.000, 0.984, 0.935, 
[795] Train acc: 0.9688
3, 252, 0.0497, 0.0003, 96.875, 100.000, 0.982, 0.922, 
[810] Train acc: 1.0000
3, 252, 0.0074, 0.0003, 100.000, 100.000, 0.978, 0.907, 
[825] Train acc: 1.0000
3, 252, 0.0133, 0.0002, 100.000, 100.000, 0.984, 0.920, 
[840] Train acc: 0.9531
3, 252, 0.0715, 0.0003, 95.312, 100.000, 0.981, 0.949, 
[855] Train acc: 1.0000
3, 252, 0.0085, 0.0003, 100.000, 100.000, 0.978, 0.963, 
[870] Train acc: 1.0000
3, 252, 0.0084, 0.0003, 100.000, 100.000, 0.981, 0.946, 
[885] Train acc: 1.0000
3, 252, 0.0144, 0.0003, 100.000, 100.000, 0.983, 0.940, 
[900] Train acc: 0.9844
3, 252, 0.0241, 0.0003, 98.438, 100.000, 0.981, 0.940, 
[915] Train acc: 0.9531
3, 252, 0.2423, 0.0003, 95.312, 100.000, 0.983, 0.941, 
[930] Train acc: 0.9844
3, 252, 0.0708, 0.0003, 98.438, 100.000, 0.987, 0.939, 
[0] Train acc: 0.9844
4, 252, 0.0484, 0.0003, 98.438, 100.000, 0.985, 0.938, 
[15] Train acc: 1.0000
4, 252, 0.0244, 0.0003, 100.000, 100.000, 0.983, 0.932, 
[30] Train acc: 0.9844
4, 252, 0.0416, 0.0003, 98.438, 100.000, 0.981, 0.923, 
[45] Train acc: 1.0000
4, 252, 0.0063, 0.0003, 100.000, 100.000, 0.985, 0.931, 
[60] Train acc: 1.0000
4, 252, 0.0215, 0.0003, 100.000, 100.000, 0.984, 0.935, 
[75] Train acc: 1.0000
4, 252, 0.0432, 0.0003, 100.000, 100.000, 0.972, 0.916, 
[90] Train acc: 0.9844
4, 252, 0.0448, 0.0002, 98.438, 100.000, 0.985, 0.895, 
[105] Train acc: 1.0000
4, 252, 0.0111, 0.0002, 100.000, 100.000, 0.984, 0.913, 
[120] Train acc: 0.9844
4, 252, 0.0530, 0.0003, 98.438, 100.000, 0.982, 0.942, 
[135] Train acc: 0.9844
4, 252, 0.0300, 0.0003, 98.438, 100.000, 0.985, 0.920, 
[150] Train acc: 0.9688
4, 252, 0.0593, 0.0002, 96.875, 100.000, 0.985, 0.920, 
[165] Train acc: 1.0000
4, 252, 0.0173, 0.0003, 100.000, 100.000, 0.982, 0.925, 
[180] Train acc: 0.9844
4, 252, 0.1133, 0.0002, 98.438, 100.000, 0.985, 0.908, 
[195] Train acc: 1.0000
4, 252, 0.0079, 0.0003, 100.000, 100.000, 0.983, 0.909, 
[210] Train acc: 0.9531
4, 252, 0.1191, 0.0003, 95.312, 100.000, 0.980, 0.905, 
[225] Train acc: 1.0000
4, 252, 0.0161, 0.0003, 100.000, 100.000, 0.985, 0.935, 
[240] Train acc: 1.0000
4, 252, 0.0187, 0.0003, 100.000, 100.000, 0.982, 0.947, 
[255] Train acc: 0.9844
4, 252, 0.1243, 0.0003, 98.438, 98.438, 0.983, 0.930, 
[270] Train acc: 1.0000
4, 252, 0.0103, 0.0002, 100.000, 100.000, 0.986, 0.912, 
[285] Train acc: 0.9688
4, 252, 0.0890, 0.0002, 96.875, 100.000, 0.986, 0.901, 
[300] Train acc: 1.0000
4, 252, 0.0147, 0.0003, 100.000, 100.000, 0.981, 0.916, 
[315] Train acc: 1.0000
4, 252, 0.0182, 0.0002, 100.000, 100.000, 0.985, 0.916, 
[330] Train acc: 1.0000
4, 252, 0.0325, 0.0003, 100.000, 100.000, 0.985, 0.923, 
[345] Train acc: 0.9531
4, 252, 0.0922, 0.0003, 95.312, 100.000, 0.983, 0.935, 
[360] Train acc: 0.9688
4, 252, 0.0669, 0.0003, 96.875, 100.000, 0.979, 0.937, 
[375] Train acc: 1.0000
4, 252, 0.0089, 0.0003, 100.000, 100.000, 0.987, 0.933, 
[390] Train acc: 1.0000
4, 252, 0.0179, 0.0003, 100.000, 100.000, 0.985, 0.924, 
[405] Train acc: 1.0000
4, 252, 0.0076, 0.0003, 100.000, 100.000, 0.982, 0.920, 
[420] Train acc: 0.9688
4, 252, 0.0540, 0.0003, 96.875, 100.000, 0.982, 0.905, 
[435] Train acc: 0.9688
4, 252, 0.0744, 0.0003, 96.875, 100.000, 0.984, 0.917, 
[450] Train acc: 1.0000
4, 252, 0.0152, 0.0003, 100.000, 100.000, 0.983, 0.917, 
[465] Train acc: 0.9844
4, 252, 0.0753, 0.0002, 98.438, 100.000, 0.985, 0.926, 
[480] Train acc: 0.9688
4, 252, 0.0678, 0.0002, 96.875, 100.000, 0.984, 0.913, 
[495] Train acc: 0.9844
4, 252, 0.0385, 0.0003, 98.438, 100.000, 0.985, 0.920, 
[510] Train acc: 0.9531
4, 252, 0.0576, 0.0003, 95.312, 100.000, 0.987, 0.930, 
[525] Train acc: 1.0000
4, 252, 0.0055, 0.0002, 100.000, 100.000, 0.985, 0.900, 
[540] Train acc: 1.0000
4, 252, 0.0088, 0.0003, 100.000, 100.000, 0.980, 0.912, 
[555] Train acc: 0.9844
4, 252, 0.0672, 0.0002, 98.438, 100.000, 0.984, 0.898, 
[570] Train acc: 1.0000
4, 252, 0.0215, 0.0003, 100.000, 100.000, 0.982, 0.897, 
[585] Train acc: 0.9531
4, 252, 0.1056, 0.0002, 95.312, 100.000, 0.986, 0.925, 
[600] Train acc: 1.0000
4, 252, 0.0105, 0.0002, 100.000, 100.000, 0.987, 0.917, 
[615] Train acc: 0.9844
4, 252, 0.0304, 0.0002, 98.438, 100.000, 0.986, 0.883, 
[630] Train acc: 0.9531
4, 252, 0.1299, 0.0002, 95.312, 100.000, 0.983, 0.910, 
[645] Train acc: 1.0000
4, 252, 0.0146, 0.0002, 100.000, 100.000, 0.985, 0.894, 
[660] Train acc: 1.0000
4, 252, 0.0169, 0.0002, 100.000, 100.000, 0.987, 0.901, 
[675] Train acc: 0.9688
4, 252, 0.0538, 0.0002, 96.875, 100.000, 0.986, 0.905, 
[690] Train acc: 0.9844
4, 252, 0.0774, 0.0002, 98.438, 100.000, 0.983, 0.900, 
[705] Train acc: 1.0000
4, 252, 0.0300, 0.0002, 100.000, 100.000, 0.986, 0.884, 
[720] Train acc: 0.9844
4, 252, 0.0937, 0.0002, 98.438, 100.000, 0.983, 0.881, 
[735] Train acc: 1.0000
4, 252, 0.0191, 0.0002, 100.000, 100.000, 0.980, 0.880, 
[750] Train acc: 1.0000
4, 252, 0.0044, 0.0002, 100.000, 100.000, 0.983, 0.865, 
[765] Train acc: 0.9531
4, 252, 0.0958, 0.0002, 95.312, 100.000, 0.985, 0.890, 
[780] Train acc: 0.9688
4, 252, 0.0661, 0.0002, 96.875, 100.000, 0.985, 0.890, 
[795] Train acc: 0.9531
4, 252, 0.1070, 0.0002, 95.312, 100.000, 0.983, 0.892, 
[810] Train acc: 1.0000
4, 252, 0.0131, 0.0002, 100.000, 100.000, 0.985, 0.898, 
[825] Train acc: 0.9688
4, 252, 0.0316, 0.0002, 96.875, 100.000, 0.985, 0.904, 
[840] Train acc: 1.0000
4, 252, 0.0235, 0.0002, 100.000, 100.000, 0.986, 0.903, 
[855] Train acc: 1.0000
4, 252, 0.0032, 0.0002, 100.000, 100.000, 0.986, 0.908, 
[870] Train acc: 0.9844
4, 252, 0.0457, 0.0003, 98.438, 100.000, 0.983, 0.922, 
[885] Train acc: 1.0000
4, 252, 0.0180, 0.0002, 100.000, 100.000, 0.983, 0.913, 
[900] Train acc: 0.9844
4, 252, 0.0469, 0.0003, 98.438, 100.000, 0.980, 0.911, 
[915] Train acc: 1.0000
4, 252, 0.0054, 0.0002, 100.000, 100.000, 0.987, 0.894, 
[930] Train acc: 0.9688
4, 252, 0.1351, 0.0002, 96.875, 100.000, 0.988, 0.915, 
[0] Train acc: 0.9531
5, 252, 0.1104, 0.0003, 95.312, 100.000, 0.982, 0.919, 
[15] Train acc: 0.9844
5, 252, 0.0755, 0.0002, 98.438, 100.000, 0.987, 0.918, 
[30] Train acc: 1.0000
5, 252, 0.0264, 0.0002, 100.000, 100.000, 0.988, 0.897, 
[45] Train acc: 0.9531
5, 252, 0.0984, 0.0002, 95.312, 100.000, 0.986, 0.882, 
[60] Train acc: 1.0000
5, 252, 0.0236, 0.0002, 100.000, 100.000, 0.983, 0.887, 
[75] Train acc: 0.9844
5, 252, 0.0256, 0.0002, 98.438, 100.000, 0.988, 0.893, 
[90] Train acc: 0.9531
5, 252, 0.1569, 0.0003, 95.312, 100.000, 0.984, 0.907, 
[105] Train acc: 0.9844
5, 252, 0.0473, 0.0002, 98.438, 100.000, 0.987, 0.906, 
[120] Train acc: 1.0000
5, 252, 0.0015, 0.0002, 100.000, 100.000, 0.986, 0.928, 
[135] Train acc: 0.9844
5, 252, 0.0393, 0.0002, 98.438, 100.000, 0.988, 0.932, 
[150] Train acc: 1.0000
5, 252, 0.0231, 0.0002, 100.000, 100.000, 0.988, 0.905, 
[165] Train acc: 0.9844
5, 252, 0.0324, 0.0002, 98.438, 100.000, 0.984, 0.921, 
[180] Train acc: 0.9844
5, 252, 0.0189, 0.0002, 98.438, 100.000, 0.985, 0.913, 
[195] Train acc: 1.0000
5, 252, 0.0243, 0.0002, 100.000, 100.000, 0.986, 0.910, 
[210] Train acc: 0.9688
5, 252, 0.2014, 0.0002, 96.875, 98.438, 0.986, 0.923, 
[225] Train acc: 0.9688
5, 252, 0.0636, 0.0002, 96.875, 100.000, 0.981, 0.890, 
[240] Train acc: 0.9844
5, 252, 0.0409, 0.0002, 98.438, 100.000, 0.988, 0.894, 
[255] Train acc: 0.9844
5, 252, 0.0414, 0.0002, 98.438, 100.000, 0.985, 0.912, 
[270] Train acc: 1.0000
5, 252, 0.0077, 0.0002, 100.000, 100.000, 0.984, 0.900, 
[285] Train acc: 0.9844
5, 252, 0.0314, 0.0002, 98.438, 100.000, 0.986, 0.918, 
[300] Train acc: 0.9688
5, 252, 0.0770, 0.0002, 96.875, 100.000, 0.987, 0.907, 
[315] Train acc: 0.9688
5, 252, 0.0528, 0.0002, 96.875, 100.000, 0.986, 0.889, 
[330] Train acc: 0.9844
5, 252, 0.0357, 0.0002, 98.438, 100.000, 0.986, 0.911, 
[345] Train acc: 1.0000
5, 252, 0.0078, 0.0002, 100.000, 100.000, 0.986, 0.916, 
[360] Train acc: 1.0000
5, 252, 0.0062, 0.0002, 100.000, 100.000, 0.988, 0.899, 
[375] Train acc: 1.0000
5, 252, 0.0182, 0.0002, 100.000, 100.000, 0.985, 0.873, 
[390] Train acc: 0.9844
5, 252, 0.0347, 0.0002, 98.438, 100.000, 0.986, 0.892, 
[405] Train acc: 0.9844
5, 252, 0.0357, 0.0002, 98.438, 100.000, 0.986, 0.865, 
[420] Train acc: 0.9844
5, 252, 0.0288, 0.0002, 98.438, 100.000, 0.987, 0.857, 
[435] Train acc: 1.0000
5, 252, 0.0384, 0.0002, 100.000, 100.000, 0.987, 0.823, 
[450] Train acc: 0.9688
5, 252, 0.0746, 0.0002, 96.875, 100.000, 0.986, 0.867, 
[465] Train acc: 0.9531
5, 252, 0.2299, 0.0003, 95.312, 100.000, 0.985, 0.894, 
[480] Train acc: 1.0000
5, 252, 0.0095, 0.0002, 100.000, 100.000, 0.985, 0.905, 
[495] Train acc: 0.9688
5, 252, 0.0636, 0.0002, 96.875, 100.000, 0.985, 0.915, 
[510] Train acc: 0.9531
5, 252, 0.0753, 0.0002, 95.312, 100.000, 0.987, 0.901, 
[525] Train acc: 0.9688
5, 252, 0.0763, 0.0002, 96.875, 100.000, 0.988, 0.857, 
[540] Train acc: 0.9688
5, 252, 0.1208, 0.0002, 96.875, 100.000, 0.988, 0.858, 
[555] Train acc: 0.9844
5, 252, 0.0301, 0.0002, 98.438, 100.000, 0.990, 0.872, 
[570] Train acc: 1.0000
5, 252, 0.0098, 0.0002, 100.000, 100.000, 0.986, 0.884, 
[585] Train acc: 1.0000
5, 252, 0.0090, 0.0002, 100.000, 100.000, 0.985, 0.869, 
[600] Train acc: 1.0000
5, 252, 0.0170, 0.0002, 100.000, 100.000, 0.985, 0.891, 
[615] Train acc: 0.9844
5, 252, 0.0246, 0.0002, 98.438, 100.000, 0.988, 0.889, 
[630] Train acc: 0.9219
5, 252, 0.1508, 0.0002, 92.188, 100.000, 0.987, 0.882, 
[645] Train acc: 1.0000
5, 252, 0.0039, 0.0002, 100.000, 100.000, 0.987, 0.870, 
[660] Train acc: 1.0000
5, 252, 0.0033, 0.0002, 100.000, 100.000, 0.987, 0.886, 
[675] Train acc: 1.0000
5, 252, 0.0219, 0.0002, 100.000, 100.000, 0.987, 0.900, 
[690] Train acc: 1.0000
5, 252, 0.0031, 0.0002, 100.000, 100.000, 0.986, 0.898, 
[705] Train acc: 1.0000
5, 252, 0.0078, 0.0002, 100.000, 100.000, 0.988, 0.896, 
[720] Train acc: 0.9844
5, 252, 0.0540, 0.0002, 98.438, 100.000, 0.986, 0.895, 
[735] Train acc: 0.9844
5, 252, 0.0684, 0.0002, 98.438, 100.000, 0.987, 0.886, 
[750] Train acc: 1.0000
5, 252, 0.0082, 0.0002, 100.000, 100.000, 0.986, 0.874, 
[765] Train acc: 1.0000
5, 252, 0.0112, 0.0002, 100.000, 100.000, 0.983, 0.897, 
[780] Train acc: 0.9531
5, 252, 0.2455, 0.0002, 95.312, 100.000, 0.988, 0.894, 
[795] Train acc: 0.9688
5, 252, 0.0589, 0.0002, 96.875, 100.000, 0.988, 0.895, 
[810] Train acc: 0.9844
5, 252, 0.0220, 0.0002, 98.438, 100.000, 0.986, 0.897, 
[825] Train acc: 1.0000
5, 252, 0.0090, 0.0002, 100.000, 100.000, 0.983, 0.891, 
[840] Train acc: 0.9844
5, 252, 0.0306, 0.0002, 98.438, 100.000, 0.987, 0.889, 
[855] Train acc: 1.0000
5, 252, 0.0127, 0.0002, 100.000, 100.000, 0.985, 0.863, 
[870] Train acc: 0.9688
5, 252, 0.1107, 0.0002, 96.875, 100.000, 0.980, 0.849, 
[885] Train acc: 1.0000
5, 252, 0.0024, 0.0002, 100.000, 100.000, 0.987, 0.889, 
[900] Train acc: 1.0000
5, 252, 0.0236, 0.0002, 100.000, 100.000, 0.987, 0.886, 
[915] Train acc: 0.9844
5, 252, 0.0203, 0.0002, 98.438, 100.000, 0.987, 0.902, 
[930] Train acc: 0.9844
5, 252, 0.0435, 0.0002, 98.438, 100.000, 0.986, 0.901, 
[0] Train acc: 1.0000
6, 252, 0.0085, 0.0002, 100.000, 100.000, 0.985, 0.892, 
[15] Train acc: 1.0000
6, 252, 0.0074, 0.0002, 100.000, 100.000, 0.990, 0.896, 
[30] Train acc: 0.9844
6, 252, 0.0378, 0.0002, 98.438, 100.000, 0.986, 0.921, 
[45] Train acc: 1.0000
6, 252, 0.0035, 0.0002, 100.000, 100.000, 0.989, 0.909, 
[60] Train acc: 1.0000
6, 252, 0.0291, 0.0002, 100.000, 100.000, 0.987, 0.900, 
[75] Train acc: 1.0000
6, 252, 0.0240, 0.0002, 100.000, 100.000, 0.986, 0.875, 
[90] Train acc: 1.0000
6, 252, 0.0225, 0.0002, 100.000, 100.000, 0.987, 0.870, 
[105] Train acc: 0.9688
6, 252, 0.0429, 0.0002, 96.875, 100.000, 0.987, 0.867, 
[120] Train acc: 0.9844
6, 252, 0.0526, 0.0002, 98.438, 100.000, 0.988, 0.852, 
[135] Train acc: 1.0000
6, 252, 0.0031, 0.0002, 100.000, 100.000, 0.988, 0.849, 
[150] Train acc: 1.0000
6, 252, 0.0227, 0.0002, 100.000, 100.000, 0.986, 0.864, 
[165] Train acc: 1.0000
6, 252, 0.0111, 0.0002, 100.000, 100.000, 0.986, 0.874, 
[180] Train acc: 1.0000
6, 252, 0.0106, 0.0002, 100.000, 100.000, 0.988, 0.845, 
[195] Train acc: 0.9688
6, 252, 0.0541, 0.0002, 96.875, 100.000, 0.988, 0.855, 
[210] Train acc: 0.9844
6, 252, 0.0496, 0.0002, 98.438, 100.000, 0.987, 0.891, 
[225] Train acc: 0.9688
6, 252, 0.0520, 0.0002, 96.875, 100.000, 0.989, 0.886, 
[240] Train acc: 1.0000
6, 252, 0.0066, 0.0002, 100.000, 100.000, 0.986, 0.877, 
[255] Train acc: 0.9844
6, 252, 0.0878, 0.0002, 98.438, 100.000, 0.987, 0.895, 
[270] Train acc: 1.0000
6, 252, 0.0132, 0.0002, 100.000, 100.000, 0.988, 0.892, 
[285] Train acc: 0.9688
6, 252, 0.0930, 0.0002, 96.875, 100.000, 0.988, 0.881, 
[300] Train acc: 0.9844
6, 252, 0.1033, 0.0002, 98.438, 100.000, 0.985, 0.905, 
[315] Train acc: 1.0000
6, 252, 0.0046, 0.0002, 100.000, 100.000, 0.988, 0.886, 
[330] Train acc: 0.9844
6, 252, 0.0216, 0.0002, 98.438, 100.000, 0.988, 0.890, 
[345] Train acc: 0.9688
6, 252, 0.1465, 0.0002, 96.875, 100.000, 0.989, 0.892, 
[360] Train acc: 0.9844
6, 252, 0.0298, 0.0002, 98.438, 100.000, 0.990, 0.889, 
[375] Train acc: 0.9844
6, 252, 0.0448, 0.0003, 98.438, 100.000, 0.984, 0.900, 
[390] Train acc: 0.9844
6, 252, 0.0541, 0.0002, 98.438, 100.000, 0.987, 0.899, 
[405] Train acc: 1.0000
6, 252, 0.0164, 0.0002, 100.000, 100.000, 0.984, 0.896, 
[420] Train acc: 1.0000
6, 252, 0.0045, 0.0002, 100.000, 100.000, 0.985, 0.904, 
[435] Train acc: 1.0000
6, 252, 0.0035, 0.0002, 100.000, 100.000, 0.988, 0.888, 
[450] Train acc: 1.0000
6, 252, 0.0090, 0.0002, 100.000, 100.000, 0.986, 0.894, 
[465] Train acc: 0.9844
6, 252, 0.0272, 0.0002, 98.438, 100.000, 0.989, 0.905, 
[480] Train acc: 1.0000
6, 252, 0.0067, 0.0002, 100.000, 100.000, 0.988, 0.899, 
[495] Train acc: 1.0000
6, 252, 0.0115, 0.0002, 100.000, 100.000, 0.987, 0.905, 
[510] Train acc: 0.9688
6, 252, 0.1064, 0.0002, 96.875, 100.000, 0.986, 0.874, 
[525] Train acc: 0.9688
6, 252, 0.0514, 0.0002, 96.875, 100.000, 0.991, 0.890, 
[540] Train acc: 0.9844
6, 252, 0.0582, 0.0002, 98.438, 100.000, 0.986, 0.893, 
[555] Train acc: 1.0000
6, 252, 0.0139, 0.0002, 100.000, 100.000, 0.989, 0.876, 
[570] Train acc: 0.9688
6, 252, 0.0436, 0.0002, 96.875, 100.000, 0.989, 0.871, 
[585] Train acc: 0.9844
6, 252, 0.0471, 0.0002, 98.438, 100.000, 0.988, 0.854, 
[600] Train acc: 1.0000
6, 252, 0.0010, 0.0002, 100.000, 100.000, 0.986, 0.869, 
[615] Train acc: 1.0000
6, 252, 0.0274, 0.0002, 100.000, 100.000, 0.989, 0.838, 
[630] Train acc: 0.9844
6, 252, 0.0533, 0.0002, 98.438, 100.000, 0.981, 0.832, 
[645] Train acc: 1.0000
6, 252, 0.0045, 0.0002, 100.000, 100.000, 0.989, 0.832, 
[660] Train acc: 1.0000
6, 252, 0.0103, 0.0002, 100.000, 100.000, 0.988, 0.845, 
[675] Train acc: 1.0000
6, 252, 0.0031, 0.0002, 100.000, 100.000, 0.990, 0.849, 
[690] Train acc: 1.0000
6, 252, 0.0067, 0.0002, 100.000, 100.000, 0.988, 0.844, 
[705] Train acc: 1.0000
6, 252, 0.0077, 0.0002, 100.000, 100.000, 0.986, 0.844, 
[720] Train acc: 0.9844
6, 252, 0.0290, 0.0002, 98.438, 100.000, 0.985, 0.846, 
[735] Train acc: 0.9844
6, 252, 0.0469, 0.0002, 98.438, 100.000, 0.988, 0.831, 
[750] Train acc: 0.9844
6, 252, 0.0277, 0.0002, 98.438, 100.000, 0.990, 0.877, 
[765] Train acc: 1.0000
6, 252, 0.0017, 0.0002, 100.000, 100.000, 0.989, 0.891, 
[780] Train acc: 1.0000
6, 252, 0.0126, 0.0002, 100.000, 100.000, 0.987, 0.884, 
[795] Train acc: 0.9844
6, 252, 0.0272, 0.0002, 98.438, 100.000, 0.988, 0.880, 
[810] Train acc: 1.0000
6, 252, 0.0162, 0.0002, 100.000, 100.000, 0.988, 0.855, 
[825] Train acc: 0.9688
6, 252, 0.0488, 0.0002, 96.875, 100.000, 0.988, 0.866, 
[840] Train acc: 0.9844
6, 252, 0.0506, 0.0002, 98.438, 100.000, 0.987, 0.884, 
[855] Train acc: 1.0000
6, 252, 0.0059, 0.0002, 100.000, 100.000, 0.987, 0.870, 
[870] Train acc: 1.0000
6, 252, 0.0069, 0.0002, 100.000, 100.000, 0.987, 0.841, 
[885] Train acc: 0.9688
6, 252, 0.0715, 0.0002, 96.875, 100.000, 0.987, 0.862, 
[900] Train acc: 1.0000
6, 252, 0.0087, 0.0002, 100.000, 100.000, 0.989, 0.868, 
[915] Train acc: 1.0000
6, 252, 0.0105, 0.0002, 100.000, 100.000, 0.988, 0.858, 
[930] Train acc: 1.0000
6, 252, 0.0081, 0.0002, 100.000, 100.000, 0.987, 0.873, 
[0] Train acc: 1.0000, Constr acc: 0.7812, CE loss: 0.005, DL2 loss: 17.843
7, 252, 0.0049, 0.0016, 100.000, 100.000, 0.565, 0.932, 
[15] Train acc: 0.4844, Constr acc: 0.5938, CE loss: 2.810, DL2 loss: 31.121
7, 251, 2.8095, 0.0011, 48.438, 90.625, 0.669, 0.990, 
[30] Train acc: 0.8125, Constr acc: 0.8438, CE loss: 1.053, DL2 loss: 10.000
7, 250, 1.0525, 0.0007, 81.250, 100.000, 0.761, 0.713, 
[45] Train acc: 0.9219, Constr acc: 0.8750, CE loss: 0.188, DL2 loss: 6.954
7, 249, 0.1875, 0.0004, 92.188, 100.000, 0.889, 0.588, 
[60] Train acc: 0.7344, Constr acc: 0.6562, CE loss: 3.299, DL2 loss: 28.803
7, 248, 3.2989, 0.0004, 73.438, 100.000, 0.858, 0.668, 
[75] Train acc: 0.9062, Constr acc: 0.9062, CE loss: 0.533, DL2 loss: 9.388
7, 247, 0.5326, 0.0004, 90.625, 100.000, 0.905, 0.797, 
[90] Train acc: 0.8594, Constr acc: 0.8125, CE loss: 0.592, DL2 loss: 17.305
7, 246, 0.5918, 0.0004, 85.938, 100.000, 0.896, 0.709, 
[105] Train acc: 0.9219, Constr acc: 0.8438, CE loss: 0.229, DL2 loss: 12.075
7, 245, 0.2291, 0.0003, 92.188, 100.000, 0.909, 0.562, 
[120] Train acc: 0.8750, Constr acc: 0.9062, CE loss: 0.498, DL2 loss: 3.115
7, 244, 0.4975, 0.0002, 87.500, 100.000, 0.940, 0.571, 
[135] Train acc: 0.9844, Constr acc: 0.9062, CE loss: 0.064, DL2 loss: 2.824
7, 243, 0.0636, 0.0002, 98.438, 100.000, 0.953, 0.488, 
[150] Train acc: 0.9688, Constr acc: 0.7188, CE loss: 0.208, DL2 loss: 22.375
7, 242, 0.2075, 0.0007, 96.875, 100.000, 0.835, 0.467, 
[165] Train acc: 0.9062, Constr acc: 0.9375, CE loss: 0.437, DL2 loss: 6.198
7, 241, 0.4368, 0.0003, 90.625, 100.000, 0.921, 0.684, 
[180] Train acc: 0.9062, Constr acc: 0.9062, CE loss: 0.778, DL2 loss: 6.122
7, 240, 0.7784, 0.0003, 90.625, 100.000, 0.888, 0.517, 
[195] Train acc: 0.8281, Constr acc: 0.7188, CE loss: 0.935, DL2 loss: 26.524
7, 239, 0.9352, 0.0006, 82.812, 98.438, 0.812, 0.607, 
[210] Train acc: 0.7969, Constr acc: 0.8125, CE loss: 1.852, DL2 loss: 14.223
7, 238, 1.8520, 0.0004, 79.688, 100.000, 0.887, 0.630, 
[225] Train acc: 0.8906, Constr acc: 0.8438, CE loss: 0.383, DL2 loss: 9.081
7, 237, 0.3829, 0.0002, 89.062, 100.000, 0.948, 0.579, 
[240] Train acc: 0.8906, Constr acc: 0.8125, CE loss: 0.450, DL2 loss: 13.457
7, 236, 0.4497, 0.0003, 89.062, 98.438, 0.931, 0.728, 
[255] Train acc: 0.9062, Constr acc: 0.8750, CE loss: 0.673, DL2 loss: 8.814
7, 235, 0.6734, 0.0002, 90.625, 100.000, 0.935, 0.506, 
[270] Train acc: 0.9688, Constr acc: 0.8750, CE loss: 0.103, DL2 loss: 15.230
7, 234, 0.1032, 0.0002, 96.875, 100.000, 0.949, 0.456, 
[285] Train acc: 0.8594, Constr acc: 0.7188, CE loss: 0.687, DL2 loss: 21.579
7, 233, 0.6873, 0.0002, 85.938, 98.438, 0.942, 0.513, 
[300] Train acc: 0.9062, Constr acc: 0.8438, CE loss: 0.394, DL2 loss: 9.641
7, 232, 0.3945, 0.0004, 90.625, 100.000, 0.892, 0.504, 
[315] Train acc: 0.8906, Constr acc: 0.9375, CE loss: 0.453, DL2 loss: 4.989
7, 231, 0.4531, 0.0020, 89.062, 100.000, 0.618, 0.736, 
[330] Train acc: 0.9062, Constr acc: 0.8125, CE loss: 0.438, DL2 loss: 11.434
7, 230, 0.4379, 0.0003, 90.625, 100.000, 0.910, 0.642, 
[345] Train acc: 0.9062, Constr acc: 0.8750, CE loss: 0.418, DL2 loss: 6.328
7, 229, 0.4183, 0.0002, 90.625, 98.438, 0.943, 0.456, 
[360] Train acc: 0.8281, Constr acc: 0.9062, CE loss: 0.946, DL2 loss: 7.101
7, 228, 0.9465, 0.0003, 82.812, 100.000, 0.922, 0.423, 
[375] Train acc: 0.8906, Constr acc: 0.9062, CE loss: 0.642, DL2 loss: 6.811
7, 227, 0.6416, 0.0002, 89.062, 96.875, 0.940, 0.358, 
[390] Train acc: 0.7344, Constr acc: 0.7812, CE loss: 3.238, DL2 loss: 16.346
7, 226, 3.2377, 0.0002, 73.438, 100.000, 0.921, 0.349, 
[405] Train acc: 0.7344, Constr acc: 0.6562, CE loss: 1.217, DL2 loss: 17.684
7, 225, 1.2170, 0.0007, 73.438, 93.750, 0.760, 0.802, 
[420] Train acc: 0.7812, Constr acc: 0.7812, CE loss: 1.162, DL2 loss: 14.254
7, 224, 1.1622, 0.0006, 78.125, 98.438, 0.821, 0.678, 
[435] Train acc: 0.9219, Constr acc: 0.9062, CE loss: 0.371, DL2 loss: 6.348
7, 223, 0.3708, 0.0003, 92.188, 100.000, 0.922, 0.483, 
[450] Train acc: 0.9375, Constr acc: 0.7812, CE loss: 0.632, DL2 loss: 17.569
7, 222, 0.6316, 0.0003, 93.750, 100.000, 0.929, 0.536, 
[465] Train acc: 0.9844, Constr acc: 0.9062, CE loss: 0.100, DL2 loss: 11.286
7, 221, 0.1000, 0.0002, 98.438, 100.000, 0.935, 0.458, 
[480] Train acc: 0.9219, Constr acc: 0.8750, CE loss: 0.659, DL2 loss: 11.216
7, 220, 0.6591, 0.0002, 92.188, 100.000, 0.948, 0.452, 
[495] Train acc: 0.9844, Constr acc: 0.9375, CE loss: 0.022, DL2 loss: 3.563
7, 219, 0.0216, 0.0004, 98.438, 100.000, 0.884, 0.560, 
[510] Train acc: 0.9219, Constr acc: 0.8125, CE loss: 0.286, DL2 loss: 12.538
7, 218, 0.2861, 0.0002, 92.188, 100.000, 0.950, 0.462, 
[525] Train acc: 0.9375, Constr acc: 0.9062, CE loss: 0.344, DL2 loss: 9.017
7, 217, 0.3444, 0.0002, 93.750, 100.000, 0.953, 0.383, 
[540] Train acc: 0.9375, Constr acc: 0.9062, CE loss: 0.336, DL2 loss: 5.784
7, 216, 0.3356, 0.0003, 93.750, 100.000, 0.932, 0.460, 
[555] Train acc: 0.9375, Constr acc: 0.8438, CE loss: 0.268, DL2 loss: 11.816
7, 215, 0.2680, 0.0002, 93.750, 100.000, 0.942, 0.404, 
[570] Train acc: 0.9531, Constr acc: 0.9375, CE loss: 0.283, DL2 loss: 6.691
7, 214, 0.2825, 0.0002, 95.312, 100.000, 0.940, 0.477, 
[585] Train acc: 0.9531, Constr acc: 0.9688, CE loss: 0.166, DL2 loss: 3.927
7, 213, 0.1661, 0.0003, 95.312, 100.000, 0.920, 0.488, 
[600] Train acc: 0.8125, Constr acc: 0.8125, CE loss: 0.907, DL2 loss: 13.230
7, 212, 0.9068, 0.0005, 81.250, 100.000, 0.840, 0.643, 
[615] Train acc: 0.9219, Constr acc: 0.9062, CE loss: 0.350, DL2 loss: 7.985
7, 211, 0.3497, 0.0002, 92.188, 100.000, 0.949, 0.515, 
[630] Train acc: 0.9219, Constr acc: 0.8750, CE loss: 0.495, DL2 loss: 7.267
7, 210, 0.4946, 0.0003, 92.188, 100.000, 0.930, 0.506, 
[645] Train acc: 0.8750, Constr acc: 0.6875, CE loss: 0.906, DL2 loss: 17.998
7, 209, 0.9058, 0.0004, 87.500, 100.000, 0.876, 0.469, 
[660] Train acc: 0.9531, Constr acc: 0.9062, CE loss: 0.240, DL2 loss: 9.178
7, 208, 0.2403, 0.0002, 95.312, 100.000, 0.934, 0.450, 
[675] Train acc: 0.9844, Constr acc: 0.7188, CE loss: 0.111, DL2 loss: 23.894
7, 207, 0.1114, 0.0005, 98.438, 100.000, 0.844, 0.645, 
[690] Train acc: 0.9219, Constr acc: 0.9062, CE loss: 0.375, DL2 loss: 8.625
7, 206, 0.3751, 0.0002, 92.188, 100.000, 0.953, 0.513, 
[705] Train acc: 0.9219, Constr acc: 0.9062, CE loss: 0.145, DL2 loss: 4.601
7, 205, 0.1452, 0.0003, 92.188, 100.000, 0.892, 0.615, 
[720] Train acc: 0.9219, Constr acc: 0.9062, CE loss: 0.753, DL2 loss: 5.736
7, 204, 0.7528, 0.0003, 92.188, 98.438, 0.924, 0.557, 
[735] Train acc: 0.9688, Constr acc: 0.9062, CE loss: 0.085, DL2 loss: 11.478
7, 203, 0.0851, 0.0003, 96.875, 100.000, 0.936, 0.586, 
[750] Train acc: 1.0000, Constr acc: 0.8750, CE loss: 0.019, DL2 loss: 8.663
7, 202, 0.0189, 0.0002, 100.000, 100.000, 0.942, 0.545, 
[765] Train acc: 0.9219, Constr acc: 0.9688, CE loss: 0.414, DL2 loss: 3.674
7, 201, 0.4137, 0.0003, 92.188, 100.000, 0.919, 0.532, 
[780] Train acc: 0.9219, Constr acc: 0.9688, CE loss: 0.487, DL2 loss: 3.089
7, 200, 0.4867, 0.0002, 92.188, 100.000, 0.960, 0.625, 
[795] Train acc: 0.9375, Constr acc: 0.9062, CE loss: 0.304, DL2 loss: 5.289
7, 199, 0.3041, 0.0002, 93.750, 100.000, 0.956, 0.653, 
[810] Train acc: 0.9531, Constr acc: 0.8750, CE loss: 0.158, DL2 loss: 6.493
7, 198, 0.1580, 0.0002, 95.312, 100.000, 0.956, 0.551, 
[825] Train acc: 0.9531, Constr acc: 0.8125, CE loss: 0.230, DL2 loss: 12.165
7, 197, 0.2304, 0.0002, 95.312, 98.438, 0.957, 0.577, 
[840] Train acc: 0.9688, Constr acc: 0.9688, CE loss: 0.115, DL2 loss: 3.314
7, 196, 0.1153, 0.0002, 96.875, 100.000, 0.956, 0.500, 
[855] Train acc: 0.9062, Constr acc: 0.8125, CE loss: 0.292, DL2 loss: 16.310
7, 195, 0.2916, 0.0002, 90.625, 100.000, 0.961, 0.537, 
[870] Train acc: 0.9062, Constr acc: 0.9062, CE loss: 0.414, DL2 loss: 7.589
7, 194, 0.4136, 0.0002, 90.625, 100.000, 0.966, 0.556, 
[885] Train acc: 0.9531, Constr acc: 0.8750, CE loss: 0.239, DL2 loss: 16.104
7, 193, 0.2391, 0.0002, 95.312, 100.000, 0.947, 0.499, 
[900] Train acc: 0.9688, Constr acc: 0.8750, CE loss: 0.186, DL2 loss: 7.564
7, 192, 0.1863, 0.0002, 96.875, 100.000, 0.951, 0.493, 
[915] Train acc: 0.8906, Constr acc: 0.8125, CE loss: 0.666, DL2 loss: 8.762
7, 191, 0.6661, 0.0006, 89.062, 98.438, 0.809, 0.685, 
[930] Train acc: 0.9375, Constr acc: 0.9062, CE loss: 0.190, DL2 loss: 5.342
7, 190, 0.1898, 0.0002, 93.750, 100.000, 0.959, 0.547, 
[0] Train acc: 0.8438, Constr acc: 0.8125, CE loss: 1.195, DL2 loss: 20.494
8, 190, 1.1953, 0.0005, 84.375, 100.000, 0.858, 0.481, 
[15] Train acc: 0.8906, Constr acc: 0.9062, CE loss: 0.552, DL2 loss: 6.363
8, 189, 0.5521, 0.0003, 89.062, 100.000, 0.930, 0.571, 
[30] Train acc: 0.9375, Constr acc: 0.9062, CE loss: 0.287, DL2 loss: 9.659
8, 188, 0.2869, 0.0002, 93.750, 100.000, 0.960, 0.592, 
[45] Train acc: 0.8594, Constr acc: 0.6875, CE loss: 1.404, DL2 loss: 23.504
8, 187, 1.4043, 0.0006, 85.938, 98.438, 0.850, 0.589, 
[60] Train acc: 0.8906, Constr acc: 0.7812, CE loss: 0.717, DL2 loss: 14.968
8, 186, 0.7167, 0.0004, 89.062, 98.438, 0.904, 0.640, 
[75] Train acc: 0.9531, Constr acc: 0.8125, CE loss: 0.092, DL2 loss: 12.727
8, 185, 0.0916, 0.0002, 95.312, 100.000, 0.934, 0.519, 
[90] Train acc: 0.9219, Constr acc: 0.8125, CE loss: 0.330, DL2 loss: 14.345
8, 184, 0.3303, 0.0002, 92.188, 98.438, 0.951, 0.563, 
[105] Train acc: 0.9062, Constr acc: 0.9062, CE loss: 0.419, DL2 loss: 5.857
8, 183, 0.4192, 0.0002, 90.625, 100.000, 0.941, 0.627, 
[120] Train acc: 0.9688, Constr acc: 1.0000, CE loss: 0.132, DL2 loss: 0.000
8, 182, 0.1319, 0.0002, 96.875, 100.000, 0.954, 0.637, 
[135] Train acc: 0.9531, Constr acc: 0.9375, CE loss: 0.086, DL2 loss: 6.531
8, 181, 0.0860, 0.0002, 95.312, 100.000, 0.945, 0.643, 
[150] Train acc: 0.9219, Constr acc: 0.8438, CE loss: 0.316, DL2 loss: 12.516
8, 180, 0.3157, 0.0002, 92.188, 100.000, 0.953, 0.564, 
[165] Train acc: 0.9531, Constr acc: 0.8125, CE loss: 0.339, DL2 loss: 11.225
8, 179, 0.3389, 0.0003, 95.312, 98.438, 0.921, 0.625, 
[180] Train acc: 0.9688, Constr acc: 0.9688, CE loss: 0.366, DL2 loss: 4.532
8, 178, 0.3662, 0.0002, 96.875, 98.438, 0.957, 0.516, 
[195] Train acc: 0.9844, Constr acc: 0.9062, CE loss: 0.112, DL2 loss: 7.897
8, 177, 0.1117, 0.0002, 98.438, 100.000, 0.955, 0.590, 
[210] Train acc: 0.9688, Constr acc: 0.6875, CE loss: 0.099, DL2 loss: 21.207
8, 176, 0.0995, 0.0002, 96.875, 100.000, 0.950, 0.583, 
[225] Train acc: 0.9531, Constr acc: 0.9688, CE loss: 0.116, DL2 loss: 0.729
8, 175, 0.1156, 0.0002, 95.312, 100.000, 0.949, 0.602, 
[240] Train acc: 0.9219, Constr acc: 0.9062, CE loss: 0.766, DL2 loss: 8.874
8, 174, 0.7655, 0.0002, 92.188, 98.438, 0.953, 0.524, 
[255] Train acc: 0.9688, Constr acc: 0.8438, CE loss: 0.130, DL2 loss: 13.345
8, 173, 0.1301, 0.0002, 96.875, 100.000, 0.958, 0.466, 
[270] Train acc: 0.9375, Constr acc: 0.9375, CE loss: 0.389, DL2 loss: 2.997
8, 172, 0.3894, 0.0002, 93.750, 100.000, 0.953, 0.542, 
[285] Train acc: 0.8438, Constr acc: 0.9062, CE loss: 2.762, DL2 loss: 9.838
8, 171, 2.7620, 0.0008, 84.375, 98.438, 0.825, 0.655, 
[300] Train acc: 0.8438, Constr acc: 0.8750, CE loss: 0.599, DL2 loss: 6.666
8, 170, 0.5987, 0.0004, 84.375, 100.000, 0.920, 0.852, 
[315] Train acc: 0.9062, Constr acc: 0.8750, CE loss: 0.396, DL2 loss: 11.951
8, 169, 0.3963, 0.0002, 90.625, 100.000, 0.956, 0.703, 
[330] Train acc: 0.9375, Constr acc: 0.8750, CE loss: 0.561, DL2 loss: 3.598
8, 168, 0.5614, 0.0002, 93.750, 98.438, 0.955, 0.628, 
[345] Train acc: 0.8594, Constr acc: 0.8125, CE loss: 0.573, DL2 loss: 13.793
8, 167, 0.5732, 0.0003, 85.938, 100.000, 0.928, 0.660, 
[360] Train acc: 0.8281, Constr acc: 0.8438, CE loss: 1.023, DL2 loss: 9.461
8, 166, 1.0231, 0.0003, 82.812, 100.000, 0.911, 0.709, 
[375] Train acc: 0.9844, Constr acc: 0.9688, CE loss: 0.316, DL2 loss: 3.366
8, 165, 0.3157, 0.0003, 98.438, 100.000, 0.943, 0.643, 
[390] Train acc: 0.9375, Constr acc: 0.8438, CE loss: 0.557, DL2 loss: 9.486
8, 164, 0.5568, 0.0002, 93.750, 100.000, 0.950, 0.544, 
[405] Train acc: 0.9688, Constr acc: 0.9688, CE loss: 0.105, DL2 loss: 3.518
8, 163, 0.1047, 0.0002, 96.875, 100.000, 0.952, 0.580, 
[420] Train acc: 0.9531, Constr acc: 0.9062, CE loss: 0.138, DL2 loss: 8.065
8, 162, 0.1381, 0.0002, 95.312, 100.000, 0.958, 0.617, 
[435] Train acc: 0.9375, Constr acc: 0.9375, CE loss: 0.430, DL2 loss: 6.512
8, 161, 0.4302, 0.0002, 93.750, 98.438, 0.962, 0.589, 
[450] Train acc: 0.9375, Constr acc: 0.8750, CE loss: 0.206, DL2 loss: 8.427
8, 160, 0.2064, 0.0002, 93.750, 100.000, 0.959, 0.597, 
[465] Train acc: 0.8906, Constr acc: 0.9062, CE loss: 0.536, DL2 loss: 5.656
8, 159, 0.5360, 0.0002, 89.062, 100.000, 0.948, 0.665, 
[480] Train acc: 0.9375, Constr acc: 0.8438, CE loss: 0.262, DL2 loss: 14.914
8, 158, 0.2618, 0.0003, 93.750, 100.000, 0.930, 0.698, 
[495] Train acc: 0.9844, Constr acc: 0.8750, CE loss: 0.094, DL2 loss: 7.317
8, 157, 0.0945, 0.0002, 98.438, 100.000, 0.966, 0.571, 
[510] Train acc: 0.9531, Constr acc: 0.9062, CE loss: 0.081, DL2 loss: 4.322
8, 156, 0.0808, 0.0002, 95.312, 100.000, 0.960, 0.542, 
[525] Train acc: 0.9844, Constr acc: 0.9375, CE loss: 0.035, DL2 loss: 5.005
8, 155, 0.0352, 0.0002, 98.438, 100.000, 0.960, 0.627, 
[540] Train acc: 0.9531, Constr acc: 0.8438, CE loss: 0.504, DL2 loss: 13.516
8, 154, 0.5041, 0.0002, 95.312, 98.438, 0.960, 0.438, 
[555] Train acc: 0.9219, Constr acc: 0.9375, CE loss: 0.363, DL2 loss: 6.373
8, 153, 0.3625, 0.0001, 92.188, 100.000, 0.962, 0.445, 
[570] Train acc: 0.9531, Constr acc: 0.9375, CE loss: 0.166, DL2 loss: 7.045
8, 152, 0.1664, 0.0001, 95.312, 100.000, 0.960, 0.421, 
[585] Train acc: 1.0000, Constr acc: 0.9062, CE loss: 0.008, DL2 loss: 6.663
8, 151, 0.0076, 0.0002, 100.000, 100.000, 0.959, 0.446, 
[600] Train acc: 0.9062, Constr acc: 0.8750, CE loss: 0.856, DL2 loss: 7.721
8, 150, 0.8565, 0.0002, 90.625, 100.000, 0.963, 0.540, 
[615] Train acc: 0.9375, Constr acc: 0.9062, CE loss: 0.471, DL2 loss: 4.007
8, 149, 0.4709, 0.0002, 93.750, 100.000, 0.963, 0.545, 
[630] Train acc: 0.9688, Constr acc: 0.9062, CE loss: 0.138, DL2 loss: 11.089
8, 148, 0.1384, 0.0002, 96.875, 100.000, 0.968, 0.555, 
[645] Train acc: 0.8906, Constr acc: 0.9062, CE loss: 0.647, DL2 loss: 8.058
8, 147, 0.6471, 0.0002, 89.062, 100.000, 0.959, 0.515, 
[660] Train acc: 0.9219, Constr acc: 0.8750, CE loss: 0.704, DL2 loss: 10.569
8, 146, 0.7043, 0.0002, 92.188, 98.438, 0.963, 0.544, 
[675] Train acc: 0.9375, Constr acc: 0.8750, CE loss: 0.137, DL2 loss: 7.109
8, 145, 0.1366, 0.0001, 93.750, 100.000, 0.964, 0.516, 
[690] Train acc: 0.9688, Constr acc: 0.8438, CE loss: 0.077, DL2 loss: 13.717
8, 144, 0.0775, 0.0002, 96.875, 100.000, 0.957, 0.578, 
[705] Train acc: 0.9688, Constr acc: 0.9375, CE loss: 0.363, DL2 loss: 3.537
8, 143, 0.3629, 0.0002, 96.875, 98.438, 0.960, 0.628, 
[720] Train acc: 0.9688, Constr acc: 0.8438, CE loss: 0.164, DL2 loss: 7.964
8, 142, 0.1643, 0.0002, 96.875, 100.000, 0.950, 0.654, 
[735] Train acc: 0.9844, Constr acc: 0.9062, CE loss: 0.177, DL2 loss: 9.587
8, 141, 0.1774, 0.0002, 98.438, 100.000, 0.952, 0.661, 
[750] Train acc: 0.9531, Constr acc: 0.9062, CE loss: 0.214, DL2 loss: 2.816
8, 140, 0.2140, 0.0002, 95.312, 100.000, 0.961, 0.524, 
[765] Train acc: 0.9688, Constr acc: 0.8125, CE loss: 0.101, DL2 loss: 14.108
8, 139, 0.1011, 0.0002, 96.875, 100.000, 0.962, 0.623, 
[780] Train acc: 0.9688, Constr acc: 0.9375, CE loss: 0.552, DL2 loss: 4.562
8, 138, 0.5517, 0.0002, 96.875, 100.000, 0.969, 0.601, 
[795] Train acc: 0.9844, Constr acc: 0.8125, CE loss: 0.116, DL2 loss: 19.275
8, 137, 0.1156, 0.0002, 98.438, 100.000, 0.964, 0.674, 
[810] Train acc: 0.9688, Constr acc: 1.0000, CE loss: 0.260, DL2 loss: 0.000
8, 136, 0.2605, 0.0002, 96.875, 100.000, 0.966, 0.675, 
[825] Train acc: 0.9375, Constr acc: 0.9375, CE loss: 0.209, DL2 loss: 6.158
8, 135, 0.2091, 0.0002, 93.750, 100.000, 0.974, 0.679, 
[840] Train acc: 0.9531, Constr acc: 0.9062, CE loss: 0.127, DL2 loss: 7.421
8, 134, 0.1266, 0.0002, 95.312, 100.000, 0.955, 0.778, 
[855] Train acc: 0.9219, Constr acc: 0.7812, CE loss: 0.304, DL2 loss: 17.825
8, 133, 0.3039, 0.0002, 92.188, 100.000, 0.960, 0.521, 
[870] Train acc: 0.9375, Constr acc: 0.8750, CE loss: 0.327, DL2 loss: 10.360
8, 132, 0.3270, 0.0002, 93.750, 100.000, 0.956, 0.558, 
[885] Train acc: 0.9688, Constr acc: 0.8750, CE loss: 0.060, DL2 loss: 12.861
8, 131, 0.0605, 0.0001, 96.875, 100.000, 0.969, 0.565, 
[900] Train acc: 0.9375, Constr acc: 0.8750, CE loss: 0.408, DL2 loss: 2.049
8, 130, 0.4075, 0.0002, 93.750, 98.438, 0.956, 0.504, 
[915] Train acc: 0.9688, Constr acc: 0.8750, CE loss: 0.237, DL2 loss: 12.065
8, 129, 0.2374, 0.0002, 96.875, 100.000, 0.962, 0.551, 
[930] Train acc: 0.9531, Constr acc: 0.9375, CE loss: 0.076, DL2 loss: 4.455
8, 128, 0.0763, 0.0002, 95.312, 100.000, 0.966, 0.559, 
[0] Train acc: 0.9375, Constr acc: 0.8125, CE loss: 0.297, DL2 loss: 16.958
9, 127, 0.2975, 0.0001, 93.750, 100.000, 0.967, 0.520, 
[15] Train acc: 0.9219, Constr acc: 0.8750, CE loss: 0.300, DL2 loss: 13.885
9, 126, 0.3003, 0.0002, 92.188, 100.000, 0.964, 0.620, 
[30] Train acc: 1.0000, Constr acc: 0.8125, CE loss: 0.009, DL2 loss: 18.447
9, 125, 0.0085, 0.0002, 100.000, 100.000, 0.960, 0.666, 
[45] Train acc: 0.9531, Constr acc: 0.9062, CE loss: 0.279, DL2 loss: 6.397
9, 124, 0.2790, 0.0002, 95.312, 100.000, 0.957, 0.593, 
[60] Train acc: 0.9219, Constr acc: 0.9688, CE loss: 0.248, DL2 loss: 3.150
9, 123, 0.2476, 0.0002, 92.188, 100.000, 0.970, 0.617, 
[75] Train acc: 0.9531, Constr acc: 1.0000, CE loss: 0.358, DL2 loss: 0.000
9, 122, 0.3583, 0.0002, 95.312, 100.000, 0.970, 0.647, 
[90] Train acc: 0.9219, Constr acc: 0.8125, CE loss: 0.926, DL2 loss: 14.786
9, 121, 0.9255, 0.0003, 92.188, 100.000, 0.928, 0.705, 
[105] Train acc: 1.0000, Constr acc: 0.8750, CE loss: 0.011, DL2 loss: 10.860
9, 120, 0.0105, 0.0002, 100.000, 100.000, 0.965, 0.710, 
[120] Train acc: 0.9219, Constr acc: 0.9375, CE loss: 0.265, DL2 loss: 4.778
9, 119, 0.2650, 0.0002, 92.188, 100.000, 0.967, 0.643, 
[135] Train acc: 0.9531, Constr acc: 0.8750, CE loss: 0.209, DL2 loss: 7.795
9, 118, 0.2090, 0.0002, 95.312, 100.000, 0.966, 0.747, 
[150] Train acc: 0.9844, Constr acc: 0.9375, CE loss: 0.053, DL2 loss: 3.278
9, 117, 0.0535, 0.0002, 98.438, 100.000, 0.959, 0.735, 
[165] Train acc: 0.9844, Constr acc: 0.9375, CE loss: 0.090, DL2 loss: 1.598
9, 116, 0.0898, 0.0002, 98.438, 100.000, 0.958, 0.725, 
[180] Train acc: 0.9844, Constr acc: 0.9062, CE loss: 0.076, DL2 loss: 4.082
9, 115, 0.0758, 0.0002, 98.438, 100.000, 0.964, 0.600, 
[195] Train acc: 0.9688, Constr acc: 0.9062, CE loss: 0.384, DL2 loss: 3.665
9, 114, 0.3844, 0.0002, 96.875, 98.438, 0.941, 0.668, 
[210] Train acc: 0.9375, Constr acc: 0.9062, CE loss: 0.517, DL2 loss: 10.580
9, 113, 0.5169, 0.0002, 93.750, 98.438, 0.951, 0.623, 
[225] Train acc: 0.9375, Constr acc: 0.9062, CE loss: 0.253, DL2 loss: 7.301
9, 112, 0.2528, 0.0002, 93.750, 100.000, 0.951, 0.593, 
[240] Train acc: 0.9844, Constr acc: 0.8438, CE loss: 0.204, DL2 loss: 11.198
9, 111, 0.2043, 0.0002, 98.438, 100.000, 0.959, 0.586, 
[255] Train acc: 0.9531, Constr acc: 0.8750, CE loss: 0.260, DL2 loss: 8.071
9, 110, 0.2600, 0.0002, 95.312, 100.000, 0.964, 0.665, 
[270] Train acc: 0.8438, Constr acc: 0.8750, CE loss: 0.772, DL2 loss: 6.882
9, 109, 0.7724, 0.0003, 84.375, 98.438, 0.930, 0.661, 
[285] Train acc: 0.9219, Constr acc: 0.8750, CE loss: 0.334, DL2 loss: 11.142
9, 108, 0.3338, 0.0003, 92.188, 100.000, 0.949, 0.750, 
[300] Train acc: 0.9844, Constr acc: 0.9062, CE loss: 0.065, DL2 loss: 9.131
9, 107, 0.0654, 0.0002, 98.438, 100.000, 0.957, 0.771, 
[315] Train acc: 0.9062, Constr acc: 0.7812, CE loss: 0.352, DL2 loss: 18.546
9, 106, 0.3524, 0.0002, 90.625, 100.000, 0.961, 0.679, 
[330] Train acc: 0.9688, Constr acc: 0.8438, CE loss: 0.213, DL2 loss: 9.124
9, 105, 0.2129, 0.0003, 96.875, 100.000, 0.910, 0.715, 
[345] Train acc: 1.0000, Constr acc: 0.9375, CE loss: 0.002, DL2 loss: 4.213
9, 104, 0.0021, 0.0002, 100.000, 100.000, 0.961, 0.660, 
[360] Train acc: 0.9531, Constr acc: 0.9062, CE loss: 0.113, DL2 loss: 3.152
9, 103, 0.1128, 0.0003, 95.312, 100.000, 0.920, 0.640, 
[375] Train acc: 0.9375, Constr acc: 0.9688, CE loss: 0.609, DL2 loss: 2.434
9, 102, 0.6093, 0.0002, 93.750, 100.000, 0.956, 0.650, 
[390] Train acc: 0.9531, Constr acc: 0.9688, CE loss: 0.500, DL2 loss: 2.760
9, 101, 0.4996, 0.0003, 95.312, 100.000, 0.932, 0.710, 
[405] Train acc: 0.9531, Constr acc: 0.7812, CE loss: 0.122, DL2 loss: 18.592
9, 100, 0.1220, 0.0002, 95.312, 100.000, 0.954, 0.557, 
[420] Train acc: 0.9688, Constr acc: 0.9375, CE loss: 0.046, DL2 loss: 5.460
9, 99, 0.0456, 0.0002, 96.875, 100.000, 0.965, 0.573, 
[435] Train acc: 0.9688, Constr acc: 0.9688, CE loss: 0.338, DL2 loss: 3.453
9, 98, 0.3377, 0.0002, 96.875, 100.000, 0.966, 0.581, 
[450] Train acc: 0.9688, Constr acc: 0.8750, CE loss: 0.371, DL2 loss: 4.935
9, 97, 0.3709, 0.0002, 96.875, 98.438, 0.971, 0.643, 
[465] Train acc: 0.9531, Constr acc: 0.8438, CE loss: 0.155, DL2 loss: 11.271
9, 96, 0.1550, 0.0002, 95.312, 98.438, 0.957, 0.656, 
[480] Train acc: 0.9844, Constr acc: 0.8438, CE loss: 0.078, DL2 loss: 9.655
9, 95, 0.0779, 0.0002, 98.438, 98.438, 0.960, 0.639, 
[495] Train acc: 0.9219, Constr acc: 0.8438, CE loss: 0.286, DL2 loss: 11.960
9, 94, 0.2861, 0.0003, 92.188, 100.000, 0.919, 0.703, 
[510] Train acc: 0.9844, Constr acc: 0.8438, CE loss: 0.047, DL2 loss: 14.259
9, 93, 0.0470, 0.0002, 98.438, 100.000, 0.965, 0.573, 
[525] Train acc: 0.9688, Constr acc: 0.8438, CE loss: 0.320, DL2 loss: 11.576
9, 92, 0.3196, 0.0002, 96.875, 98.438, 0.959, 0.569, 
[540] Train acc: 0.9531, Constr acc: 0.8125, CE loss: 0.178, DL2 loss: 15.759
9, 91, 0.1779, 0.0002, 95.312, 100.000, 0.964, 0.608, 
[555] Train acc: 0.9531, Constr acc: 0.8438, CE loss: 0.127, DL2 loss: 8.781
9, 90, 0.1274, 0.0002, 95.312, 100.000, 0.969, 0.643, 
[570] Train acc: 0.9844, Constr acc: 0.9062, CE loss: 0.047, DL2 loss: 7.940
9, 89, 0.0473, 0.0002, 98.438, 100.000, 0.968, 0.590, 
[585] Train acc: 0.9688, Constr acc: 0.8438, CE loss: 0.049, DL2 loss: 14.131
9, 88, 0.0495, 0.0002, 96.875, 100.000, 0.972, 0.641, 
[600] Train acc: 0.9375, Constr acc: 0.7500, CE loss: 0.694, DL2 loss: 18.025
9, 87, 0.6945, 0.0002, 93.750, 100.000, 0.950, 0.682, 
[615] Train acc: 0.9531, Constr acc: 0.8125, CE loss: 0.181, DL2 loss: 12.376
9, 86, 0.1808, 0.0002, 95.312, 100.000, 0.963, 0.600, 
[630] Train acc: 0.9531, Constr acc: 0.8125, CE loss: 0.628, DL2 loss: 15.175
9, 85, 0.6281, 0.0003, 95.312, 100.000, 0.922, 0.646, 
[645] Train acc: 0.9062, Constr acc: 0.9062, CE loss: 0.491, DL2 loss: 11.544
9, 84, 0.4913, 0.0002, 90.625, 100.000, 0.950, 0.714, 
[660] Train acc: 0.9531, Constr acc: 0.7500, CE loss: 0.151, DL2 loss: 23.539
9, 83, 0.1507, 0.0002, 95.312, 98.438, 0.965, 0.738, 
[675] Train acc: 0.9219, Constr acc: 0.9375, CE loss: 0.462, DL2 loss: 4.454
9, 82, 0.4621, 0.0002, 92.188, 100.000, 0.968, 0.753, 
[690] Train acc: 1.0000, Constr acc: 1.0000, CE loss: 0.000, DL2 loss: 0.000
9, 81, 0.0004, 0.0002, 100.000, 100.000, 0.960, 0.692, 
[705] Train acc: 0.9844, Constr acc: 0.9375, CE loss: 0.054, DL2 loss: 6.720
9, 80, 0.0545, 0.0002, 98.438, 100.000, 0.954, 0.733, 
[720] Train acc: 0.9531, Constr acc: 0.8438, CE loss: 0.418, DL2 loss: 8.272
9, 79, 0.4176, 0.0002, 95.312, 98.438, 0.960, 0.676, 
[735] Train acc: 0.9531, Constr acc: 0.8750, CE loss: 0.410, DL2 loss: 12.514
9, 78, 0.4102, 0.0002, 95.312, 96.875, 0.963, 0.647, 
[750] Train acc: 0.9531, Constr acc: 0.8438, CE loss: 0.062, DL2 loss: 14.293
9, 77, 0.0624, 0.0002, 95.312, 100.000, 0.961, 0.701, 
[765] Train acc: 0.9375, Constr acc: 0.9062, CE loss: 0.415, DL2 loss: 8.348
9, 76, 0.4149, 0.0002, 93.750, 100.000, 0.963, 0.708, 
[780] Train acc: 0.9531, Constr acc: 0.9375, CE loss: 0.225, DL2 loss: 5.335
9, 75, 0.2250, 0.0002, 95.312, 100.000, 0.969, 0.759, 
[795] Train acc: 1.0000, Constr acc: 0.9062, CE loss: 0.016, DL2 loss: 9.162
9, 74, 0.0161, 0.0002, 100.000, 100.000, 0.970, 0.709, 
[810] Train acc: 0.9531, Constr acc: 0.9062, CE loss: 0.170, DL2 loss: 9.525
9, 73, 0.1696, 0.0002, 95.312, 100.000, 0.955, 0.693, 
[825] Train acc: 0.9688, Constr acc: 0.9375, CE loss: 0.099, DL2 loss: 4.768
9, 72, 0.0993, 0.0002, 96.875, 100.000, 0.965, 0.702, 
[840] Train acc: 0.9219, Constr acc: 0.9375, CE loss: 0.227, DL2 loss: 6.907
9, 71, 0.2272, 0.0002, 92.188, 100.000, 0.956, 0.697, 
[855] Train acc: 0.9688, Constr acc: 0.8750, CE loss: 0.432, DL2 loss: 8.460
9, 70, 0.4321, 0.0002, 96.875, 98.438, 0.969, 0.669, 
[870] Train acc: 0.8906, Constr acc: 0.8438, CE loss: 0.319, DL2 loss: 13.722
9, 69, 0.3195, 0.0002, 89.062, 100.000, 0.956, 0.623, 
[885] Train acc: 0.9531, Constr acc: 0.9062, CE loss: 0.405, DL2 loss: 9.344
9, 68, 0.4052, 0.0003, 95.312, 100.000, 0.939, 0.666, 
[900] Train acc: 0.9375, Constr acc: 0.9062, CE loss: 0.539, DL2 loss: 9.706
9, 67, 0.5391, 0.0002, 93.750, 100.000, 0.946, 0.651, 
[915] Train acc: 0.8906, Constr acc: 0.9062, CE loss: 1.122, DL2 loss: 7.927
9, 66, 1.1216, 0.0003, 89.062, 98.438, 0.906, 0.669, 
[930] Train acc: 0.9688, Constr acc: 0.8750, CE loss: 0.214, DL2 loss: 7.984
9, 65, 0.2143, 0.0002, 96.875, 100.000, 0.964, 0.664, 
[0] Train acc: 0.8906, Constr acc: 0.9062, CE loss: 1.139, DL2 loss: 6.653
10, 65, 1.1386, 0.0005, 89.062, 100.000, 0.882, 0.740, 
[15] Train acc: 0.8750, Constr acc: 0.9062, CE loss: 0.502, DL2 loss: 9.264
10, 64, 0.5022, 0.0002, 87.500, 98.438, 0.965, 0.737, 
[30] Train acc: 0.9844, Constr acc: 0.9375, CE loss: 0.088, DL2 loss: 3.586
10, 63, 0.0885, 0.0002, 98.438, 100.000, 0.966, 0.721, 
[45] Train acc: 0.9844, Constr acc: 0.9062, CE loss: 0.131, DL2 loss: 9.412
10, 62, 0.1310, 0.0002, 98.438, 100.000, 0.959, 0.732, 
[60] Train acc: 0.9688, Constr acc: 0.7812, CE loss: 0.190, DL2 loss: 14.276
10, 61, 0.1900, 0.0003, 96.875, 100.000, 0.943, 0.764, 
[75] Train acc: 0.9688, Constr acc: 0.9062, CE loss: 0.193, DL2 loss: 8.680
10, 60, 0.1928, 0.0003, 96.875, 100.000, 0.953, 0.789, 
[90] Train acc: 0.9844, Constr acc: 0.8750, CE loss: 0.056, DL2 loss: 9.642
10, 59, 0.0561, 0.0002, 98.438, 100.000, 0.967, 0.680, 
[105] Train acc: 0.9531, Constr acc: 0.9062, CE loss: 0.272, DL2 loss: 6.038
10, 58, 0.2723, 0.0002, 95.312, 100.000, 0.963, 0.741, 
[120] Train acc: 0.8906, Constr acc: 0.8438, CE loss: 0.489, DL2 loss: 11.551
10, 57, 0.4891, 0.0003, 89.062, 100.000, 0.941, 0.674, 
[135] Train acc: 0.9531, Constr acc: 0.8438, CE loss: 0.094, DL2 loss: 9.123
10, 56, 0.0937, 0.0002, 95.312, 100.000, 0.966, 0.581, 
[150] Train acc: 0.9844, Constr acc: 0.8125, CE loss: 0.028, DL2 loss: 13.433
10, 55, 0.0276, 0.0002, 98.438, 100.000, 0.966, 0.716, 
[165] Train acc: 0.9219, Constr acc: 0.9688, CE loss: 0.228, DL2 loss: 1.826
10, 54, 0.2284, 0.0003, 92.188, 100.000, 0.945, 0.748, 
[180] Train acc: 0.9375, Constr acc: 0.9688, CE loss: 0.182, DL2 loss: 3.417
10, 53, 0.1817, 0.0002, 93.750, 100.000, 0.959, 0.784, 
[195] Train acc: 0.9688, Constr acc: 0.9375, CE loss: 0.268, DL2 loss: 5.886
10, 52, 0.2681, 0.0003, 96.875, 100.000, 0.944, 0.778, 
[210] Train acc: 0.9531, Constr acc: 0.8125, CE loss: 0.108, DL2 loss: 13.303
10, 51, 0.1084, 0.0002, 95.312, 100.000, 0.957, 0.688, 
[225] Train acc: 0.9531, Constr acc: 0.9062, CE loss: 0.281, DL2 loss: 4.972
10, 50, 0.2814, 0.0003, 95.312, 100.000, 0.945, 0.725, 
[240] Train acc: 0.8750, Constr acc: 0.9062, CE loss: 0.495, DL2 loss: 9.219
10, 49, 0.4951, 0.0003, 87.500, 100.000, 0.939, 0.715, 
[255] Train acc: 0.7812, Constr acc: 0.7500, CE loss: 0.918, DL2 loss: 10.163
10, 48, 0.9181, 0.0005, 78.125, 98.438, 0.867, 0.762, 
[270] Train acc: 0.9062, Constr acc: 0.8750, CE loss: 0.230, DL2 loss: 11.253
10, 47, 0.2299, 0.0004, 90.625, 100.000, 0.901, 0.691, 
[285] Train acc: 0.8750, Constr acc: 0.7812, CE loss: 0.493, DL2 loss: 12.354
10, 46, 0.4925, 0.0003, 87.500, 100.000, 0.924, 0.735, 
[300] Train acc: 0.9531, Constr acc: 0.9062, CE loss: 0.207, DL2 loss: 4.807
10, 45, 0.2066, 0.0003, 95.312, 100.000, 0.924, 0.722, 
[315] Train acc: 0.9531, Constr acc: 0.7812, CE loss: 0.235, DL2 loss: 14.743
10, 44, 0.2347, 0.0004, 95.312, 100.000, 0.895, 0.678, 
[330] Train acc: 0.9219, Constr acc: 0.9062, CE loss: 0.774, DL2 loss: 3.213
10, 43, 0.7738, 0.0003, 92.188, 96.875, 0.955, 0.806, 
[345] Train acc: 0.9531, Constr acc: 0.9062, CE loss: 0.130, DL2 loss: 6.043
10, 42, 0.1302, 0.0003, 95.312, 100.000, 0.934, 0.756, 
[360] Train acc: 0.9688, Constr acc: 0.8750, CE loss: 0.158, DL2 loss: 8.919
10, 41, 0.1583, 0.0003, 96.875, 100.000, 0.955, 0.808, 
[375] Train acc: 0.9688, Constr acc: 0.7188, CE loss: 0.047, DL2 loss: 20.810
10, 40, 0.0473, 0.0003, 96.875, 100.000, 0.936, 0.829, 
[390] Train acc: 0.9688, Constr acc: 0.8125, CE loss: 0.081, DL2 loss: 14.887
10, 39, 0.0811, 0.0004, 96.875, 100.000, 0.897, 0.624, 
[405] Train acc: 0.9844, Constr acc: 0.8438, CE loss: 0.088, DL2 loss: 10.120
10, 38, 0.0875, 0.0003, 98.438, 100.000, 0.943, 0.667, 
[420] Train acc: 0.9219, Constr acc: 0.8438, CE loss: 0.606, DL2 loss: 9.571
10, 37, 0.6059, 0.0005, 92.188, 100.000, 0.878, 0.777, 
[435] Train acc: 0.8281, Constr acc: 0.8750, CE loss: 0.970, DL2 loss: 7.918
10, 36, 0.9700, 0.0003, 82.812, 100.000, 0.921, 0.710, 
[450] Train acc: 0.8906, Constr acc: 0.7812, CE loss: 0.370, DL2 loss: 13.849
10, 35, 0.3701, 0.0003, 89.062, 100.000, 0.930, 0.711, 
[465] Train acc: 0.8750, Constr acc: 0.8750, CE loss: 0.917, DL2 loss: 5.242
10, 34, 0.9169, 0.0003, 87.500, 98.438, 0.936, 0.700, 
[480] Train acc: 0.8906, Constr acc: 0.7812, CE loss: 0.704, DL2 loss: 13.863
10, 33, 0.7044, 0.0003, 89.062, 98.438, 0.926, 0.736, 
[495] Train acc: 0.8438, Constr acc: 0.7500, CE loss: 0.714, DL2 loss: 15.808
10, 32, 0.7140, 0.0005, 84.375, 100.000, 0.876, 0.808, 
[510] Train acc: 0.8594, Constr acc: 0.8750, CE loss: 0.439, DL2 loss: 9.888
10, 31, 0.4393, 0.0004, 85.938, 100.000, 0.901, 0.714, 
[525] Train acc: 0.9531, Constr acc: 0.8438, CE loss: 0.103, DL2 loss: 8.944
10, 30, 0.1031, 0.0003, 95.312, 100.000, 0.931, 0.770, 
[540] Train acc: 0.8906, Constr acc: 0.7500, CE loss: 0.551, DL2 loss: 15.025
10, 29, 0.5511, 0.0004, 89.062, 98.438, 0.899, 0.777, 
[555] Train acc: 0.8438, Constr acc: 0.8750, CE loss: 0.630, DL2 loss: 9.389
10, 28, 0.6305, 0.0004, 84.375, 100.000, 0.889, 0.751, 
[570] Train acc: 0.8750, Constr acc: 0.8750, CE loss: 0.774, DL2 loss: 8.031
10, 27, 0.7741, 0.0004, 87.500, 100.000, 0.918, 0.753, 
[585] Train acc: 0.8438, Constr acc: 0.8438, CE loss: 0.572, DL2 loss: 7.387
10, 26, 0.5720, 0.0004, 84.375, 100.000, 0.903, 0.851, 
[600] Train acc: 0.7969, Constr acc: 0.5312, CE loss: 1.109, DL2 loss: 25.720
10, 25, 1.1092, 0.0010, 79.688, 98.438, 0.665, 0.912, 
[615] Train acc: 0.7500, Constr acc: 0.5625, CE loss: 1.199, DL2 loss: 25.920
10, 24, 1.1992, 0.0009, 75.000, 90.625, 0.755, 0.889, 
[630] Train acc: 0.6406, Constr acc: 0.7188, CE loss: 1.553, DL2 loss: 19.256
10, 23, 1.5534, 0.0009, 64.062, 93.750, 0.663, 0.863, 
[645] Train acc: 0.7188, Constr acc: 0.7188, CE loss: 0.980, DL2 loss: 19.066
10, 22, 0.9796, 0.0007, 71.875, 98.438, 0.723, 0.767, 
[660] Train acc: 0.6562, Constr acc: 0.7812, CE loss: 1.453, DL2 loss: 19.338
10, 21, 1.4525, 0.0007, 65.625, 100.000, 0.713, 0.641, 
[675] Train acc: 0.7031, Constr acc: 0.8438, CE loss: 1.507, DL2 loss: 13.581
10, 20, 1.5068, 0.0008, 70.312, 95.312, 0.719, 0.663, 
[690] Train acc: 0.7031, Constr acc: 0.7812, CE loss: 0.900, DL2 loss: 20.619
10, 19, 0.8997, 0.0007, 70.312, 98.438, 0.754, 0.798, 
[705] Train acc: 0.6875, Constr acc: 0.7188, CE loss: 1.831, DL2 loss: 22.049
10, 18, 1.8312, 0.0009, 68.750, 87.500, 0.711, 0.749, 
[720] Train acc: 0.5156, Constr acc: 0.5938, CE loss: 2.127, DL2 loss: 26.904
10, 17, 2.1266, 0.0013, 51.562, 92.188, 0.510, 0.881, 
[735] Train acc: 0.5312, Constr acc: 0.5938, CE loss: 1.744, DL2 loss: 28.731
10, 16, 1.7438, 0.0012, 53.125, 90.625, 0.615, 0.881, 
[750] Train acc: 0.4062, Constr acc: 0.5625, CE loss: 2.164, DL2 loss: 29.180
10, 15, 2.1640, 0.0013, 40.625, 93.750, 0.547, 0.912, 
[765] Train acc: 0.5469, Constr acc: 0.7500, CE loss: 1.691, DL2 loss: 13.651
10, 14, 1.6906, 0.0014, 54.688, 96.875, 0.500, 0.787, 
[780] Train acc: 0.3906, Constr acc: 0.5312, CE loss: 2.457, DL2 loss: 30.383
10, 13, 2.4570, 0.0016, 39.062, 82.812, 0.442, 0.705, 
[795] Train acc: 0.4844, Constr acc: 0.6562, CE loss: 2.600, DL2 loss: 14.092
10, 12, 2.5998, 0.0016, 48.438, 93.750, 0.408, 0.819, 
[810] Train acc: 0.2812, Constr acc: 0.3125, CE loss: 2.429, DL2 loss: 50.917
10, 11, 2.4290, 0.0020, 28.125, 90.625, 0.279, 0.898, 
[825] Train acc: 0.0938, Constr acc: 0.1875, CE loss: 4.086, DL2 loss: 74.827
10, 10, 4.0861, 0.0022, 9.375, 57.812, 0.201, 0.967, 
[840] Train acc: 0.2500, Constr acc: 0.1875, CE loss: 2.820, DL2 loss: 67.087
10, 9, 2.8199, 0.0021, 25.000, 70.312, 0.188, 0.967, 
[855] Train acc: 0.2656, Constr acc: 0.2500, CE loss: 3.196, DL2 loss: 59.718
10, 8, 3.1965, 0.0020, 26.562, 75.000, 0.199, 0.969, 
[870] Train acc: 0.1719, Constr acc: 0.2500, CE loss: 2.952, DL2 loss: 59.060
10, 7, 2.9521, 0.0020, 17.188, 89.062, 0.172, 0.977, 
[885] Train acc: 0.2188, Constr acc: 0.2188, CE loss: 3.348, DL2 loss: 62.272
10, 6, 3.3475, 0.0020, 21.875, 79.688, 0.205, 1.000, 
[900] Train acc: 0.1719, Constr acc: 0.1875, CE loss: 4.321, DL2 loss: 58.350
10, 5, 4.3210, 0.0020, 17.188, 67.188, 0.186, 0.982, 
[915] Train acc: 0.0938, Constr acc: 0.0000, CE loss: 2.407, DL2 loss: 105.762
10, 4, 2.4070, 0.0024, 9.375, 51.562, 0.097, 1.000, 
[930] Train acc: 0.1094, Constr acc: 0.0000, CE loss: 2.379, DL2 loss: 97.106
10, 3, 2.3788, 0.0024, 10.938, 48.438, 0.097, 1.000, 
