main_allinputs_dl2.py --pruning=True --tensorboard=True --log-interval=15 --pruning_config=./configs/mnist_22_15.json --constraint RobustnessDandR(eps1=25, eps2=2) --print-after-epoch=0 --dl2-weight=0.2 --delay=6
pruning_engine.load_mask(): did not find mask file, will load nothing
epoch, neuron_units, loss, dl2_loss, top1, top5, dl2_p_acc, dl2_constraint_acc
[0] Train acc: 0.1406
1, 252, 2.2927, 0.0023, 14.062, 59.375, 0.103, 1.000, 
[15] Train acc: 0.1875
1, 252, 2.2763, 0.0023, 18.750, 68.750, 0.103, 1.000, 
[30] Train acc: 0.3125
1, 252, 2.2343, 0.0023, 31.250, 75.000, 0.205, 1.000, 
[45] Train acc: 0.3594
1, 252, 2.1083, 0.0022, 35.938, 89.062, 0.408, 1.000, 
[60] Train acc: 0.5625
1, 252, 1.8079, 0.0021, 56.250, 90.625, 0.576, 1.000, 
[75] Train acc: 0.6719
1, 252, 1.1560, 0.0017, 67.188, 95.312, 0.646, 1.000, 
[90] Train acc: 0.6250
1, 252, 1.0569, 0.0015, 62.500, 98.438, 0.674, 0.999, 
[105] Train acc: 0.7031
1, 252, 0.8945, 0.0013, 70.312, 95.312, 0.730, 0.989, 
[120] Train acc: 0.8125
1, 252, 0.5999, 0.0011, 81.250, 98.438, 0.806, 0.929, 
[135] Train acc: 0.8594
1, 252, 0.3908, 0.0010, 85.938, 100.000, 0.854, 0.862, 
[150] Train acc: 0.8594
1, 252, 0.5338, 0.0010, 85.938, 100.000, 0.820, 0.870, 
[165] Train acc: 0.8281
1, 252, 0.5438, 0.0010, 82.812, 98.438, 0.764, 0.804, 
[180] Train acc: 0.9062
1, 252, 0.4400, 0.0009, 90.625, 98.438, 0.846, 0.777, 
[195] Train acc: 0.9062
1, 252, 0.2807, 0.0009, 90.625, 100.000, 0.848, 0.737, 
[210] Train acc: 0.9219
1, 252, 0.3620, 0.0009, 92.188, 98.438, 0.857, 0.755, 
[225] Train acc: 0.8906
1, 252, 0.3961, 0.0008, 89.062, 100.000, 0.886, 0.729, 
[240] Train acc: 0.8750
1, 252, 0.4191, 0.0008, 87.500, 98.438, 0.877, 0.663, 
[255] Train acc: 0.8281
1, 252, 0.4304, 0.0008, 82.812, 100.000, 0.853, 0.655, 
[270] Train acc: 0.9219
1, 252, 0.2301, 0.0008, 92.188, 100.000, 0.844, 0.663, 
[285] Train acc: 0.9375
1, 252, 0.2475, 0.0007, 93.750, 100.000, 0.920, 0.593, 
[300] Train acc: 0.9062
1, 252, 0.2684, 0.0007, 90.625, 100.000, 0.911, 0.583, 
[315] Train acc: 0.9375
1, 252, 0.2690, 0.0007, 93.750, 98.438, 0.921, 0.586, 
[330] Train acc: 0.9062
1, 252, 0.3765, 0.0007, 90.625, 98.438, 0.864, 0.596, 
[345] Train acc: 0.8594
1, 252, 0.4717, 0.0007, 85.938, 98.438, 0.908, 0.555, 
[360] Train acc: 0.8750
1, 252, 0.2840, 0.0007, 87.500, 100.000, 0.908, 0.565, 
[375] Train acc: 0.9375
1, 252, 0.1569, 0.0007, 93.750, 100.000, 0.922, 0.548, 
[390] Train acc: 0.9219
1, 252, 0.2107, 0.0006, 92.188, 100.000, 0.915, 0.535, 
[405] Train acc: 0.9375
1, 252, 0.1972, 0.0006, 93.750, 100.000, 0.917, 0.563, 
[420] Train acc: 0.9375
1, 252, 0.2407, 0.0006, 93.750, 100.000, 0.935, 0.511, 
[435] Train acc: 0.9219
1, 252, 0.2249, 0.0006, 92.188, 100.000, 0.934, 0.521, 
[450] Train acc: 0.9219
1, 252, 0.1830, 0.0006, 92.188, 100.000, 0.942, 0.476, 
[465] Train acc: 0.8906
1, 252, 0.3452, 0.0006, 89.062, 100.000, 0.912, 0.468, 
[480] Train acc: 1.0000
1, 252, 0.0759, 0.0006, 100.000, 100.000, 0.935, 0.440, 
[495] Train acc: 0.9531
1, 252, 0.1630, 0.0006, 95.312, 100.000, 0.947, 0.481, 
[510] Train acc: 0.9219
1, 252, 0.1678, 0.0005, 92.188, 100.000, 0.948, 0.452, 
[525] Train acc: 0.9531
1, 252, 0.1374, 0.0006, 95.312, 100.000, 0.945, 0.470, 
[540] Train acc: 0.9531
1, 252, 0.2549, 0.0006, 95.312, 98.438, 0.932, 0.457, 
[555] Train acc: 0.9688
1, 252, 0.1706, 0.0005, 96.875, 98.438, 0.953, 0.413, 
[570] Train acc: 0.9531
1, 252, 0.1493, 0.0005, 95.312, 100.000, 0.924, 0.386, 
[585] Train acc: 0.9844
1, 252, 0.0839, 0.0005, 98.438, 100.000, 0.950, 0.418, 
[600] Train acc: 0.9531
1, 252, 0.1911, 0.0005, 95.312, 100.000, 0.951, 0.410, 
[615] Train acc: 0.9531
1, 252, 0.1562, 0.0005, 95.312, 100.000, 0.951, 0.401, 
[630] Train acc: 0.9375
1, 252, 0.3316, 0.0005, 93.750, 100.000, 0.956, 0.400, 
[645] Train acc: 0.9688
1, 252, 0.1515, 0.0005, 96.875, 100.000, 0.956, 0.407, 
[660] Train acc: 0.9688
1, 252, 0.1340, 0.0005, 96.875, 100.000, 0.956, 0.359, 
[675] Train acc: 0.9219
1, 252, 0.1611, 0.0005, 92.188, 100.000, 0.956, 0.370, 
[690] Train acc: 0.9688
1, 252, 0.1636, 0.0005, 96.875, 98.438, 0.957, 0.399, 
[705] Train acc: 0.8906
1, 252, 0.3456, 0.0005, 89.062, 100.000, 0.951, 0.388, 
[720] Train acc: 1.0000
1, 252, 0.0531, 0.0005, 100.000, 100.000, 0.958, 0.347, 
[735] Train acc: 0.9375
1, 252, 0.1569, 0.0005, 93.750, 100.000, 0.957, 0.391, 
[750] Train acc: 0.9688
1, 252, 0.0697, 0.0005, 96.875, 100.000, 0.950, 0.345, 
[765] Train acc: 0.9062
1, 252, 0.2833, 0.0005, 90.625, 100.000, 0.946, 0.407, 
[780] Train acc: 0.9219
1, 252, 0.1946, 0.0005, 92.188, 100.000, 0.964, 0.422, 
[795] Train acc: 0.9375
1, 252, 0.1266, 0.0005, 93.750, 100.000, 0.960, 0.475, 
[810] Train acc: 1.0000
1, 252, 0.0542, 0.0005, 100.000, 100.000, 0.964, 0.420, 
[825] Train acc: 0.9531
1, 252, 0.1051, 0.0005, 95.312, 100.000, 0.960, 0.409, 
[840] Train acc: 0.9531
1, 252, 0.1322, 0.0005, 95.312, 100.000, 0.968, 0.379, 
[855] Train acc: 0.9375
1, 252, 0.1512, 0.0005, 93.750, 100.000, 0.942, 0.400, 
[870] Train acc: 0.9531
1, 252, 0.1509, 0.0004, 95.312, 100.000, 0.964, 0.350, 
[885] Train acc: 0.9375
1, 252, 0.1358, 0.0005, 93.750, 100.000, 0.959, 0.401, 
[900] Train acc: 0.9531
1, 252, 0.1066, 0.0004, 95.312, 100.000, 0.962, 0.335, 
[915] Train acc: 0.9375
1, 252, 0.1932, 0.0004, 93.750, 100.000, 0.960, 0.333, 
[930] Train acc: 0.9375
1, 252, 0.1555, 0.0004, 93.750, 100.000, 0.964, 0.326, 
[0] Train acc: 0.9531
2, 252, 0.1419, 0.0004, 95.312, 100.000, 0.963, 0.310, 
[15] Train acc: 0.9844
2, 252, 0.0728, 0.0004, 98.438, 100.000, 0.968, 0.301, 
[30] Train acc: 0.9688
2, 252, 0.0831, 0.0004, 96.875, 100.000, 0.955, 0.303, 
[45] Train acc: 0.9688
2, 252, 0.0926, 0.0004, 96.875, 100.000, 0.965, 0.289, 
[60] Train acc: 0.9844
2, 252, 0.0453, 0.0004, 98.438, 100.000, 0.963, 0.313, 
[75] Train acc: 0.9688
2, 252, 0.1387, 0.0004, 96.875, 100.000, 0.966, 0.311, 
[90] Train acc: 0.9375
2, 252, 0.3302, 0.0004, 93.750, 100.000, 0.967, 0.322, 
[105] Train acc: 0.9844
2, 252, 0.0469, 0.0004, 98.438, 100.000, 0.969, 0.343, 
[120] Train acc: 0.9844
2, 252, 0.0899, 0.0004, 98.438, 100.000, 0.970, 0.316, 
[135] Train acc: 0.9688
2, 252, 0.1524, 0.0004, 96.875, 100.000, 0.963, 0.327, 
[150] Train acc: 0.9531
2, 252, 0.0857, 0.0004, 95.312, 100.000, 0.967, 0.284, 
[165] Train acc: 0.9844
2, 252, 0.0723, 0.0004, 98.438, 100.000, 0.968, 0.281, 
[180] Train acc: 0.9531
2, 252, 0.0809, 0.0004, 95.312, 100.000, 0.967, 0.273, 
[195] Train acc: 0.9844
2, 252, 0.0929, 0.0004, 98.438, 100.000, 0.960, 0.309, 
[210] Train acc: 0.9688
2, 252, 0.0649, 0.0004, 96.875, 100.000, 0.973, 0.240, 
[225] Train acc: 0.9531
2, 252, 0.1443, 0.0004, 95.312, 100.000, 0.966, 0.264, 
[240] Train acc: 0.9531
2, 252, 0.1491, 0.0004, 95.312, 100.000, 0.966, 0.309, 
[255] Train acc: 1.0000
2, 252, 0.0272, 0.0004, 100.000, 100.000, 0.968, 0.291, 
[270] Train acc: 0.9844
2, 252, 0.0611, 0.0003, 98.438, 100.000, 0.973, 0.247, 
[285] Train acc: 0.9844
2, 252, 0.0364, 0.0003, 98.438, 100.000, 0.975, 0.233, 
[300] Train acc: 0.9688
2, 252, 0.0821, 0.0004, 96.875, 100.000, 0.969, 0.256, 
[315] Train acc: 0.9375
2, 252, 0.1149, 0.0004, 93.750, 100.000, 0.975, 0.258, 
[330] Train acc: 0.9688
2, 252, 0.0534, 0.0004, 96.875, 100.000, 0.968, 0.280, 
[345] Train acc: 0.9531
2, 252, 0.2329, 0.0004, 95.312, 100.000, 0.976, 0.276, 
[360] Train acc: 0.9688
2, 252, 0.0643, 0.0004, 96.875, 100.000, 0.962, 0.347, 
[375] Train acc: 0.9688
2, 252, 0.1032, 0.0004, 96.875, 100.000, 0.976, 0.295, 
[390] Train acc: 0.9844
2, 252, 0.0273, 0.0004, 98.438, 100.000, 0.975, 0.276, 
[405] Train acc: 0.9844
2, 252, 0.0432, 0.0004, 98.438, 100.000, 0.968, 0.286, 
[420] Train acc: 0.9844
2, 252, 0.0258, 0.0003, 98.438, 100.000, 0.976, 0.257, 
[435] Train acc: 0.9844
2, 252, 0.0375, 0.0004, 98.438, 100.000, 0.977, 0.269, 
[450] Train acc: 0.9844
2, 252, 0.0817, 0.0003, 98.438, 100.000, 0.974, 0.241, 
[465] Train acc: 0.9688
2, 252, 0.0876, 0.0004, 96.875, 100.000, 0.972, 0.270, 
[480] Train acc: 0.9688
2, 252, 0.0873, 0.0004, 96.875, 100.000, 0.969, 0.268, 
[495] Train acc: 0.9531
2, 252, 0.1178, 0.0004, 95.312, 100.000, 0.972, 0.258, 
[510] Train acc: 1.0000
2, 252, 0.0177, 0.0004, 100.000, 100.000, 0.974, 0.297, 
[525] Train acc: 0.9688
2, 252, 0.1225, 0.0004, 96.875, 100.000, 0.978, 0.267, 
[540] Train acc: 0.9688
2, 252, 0.0677, 0.0004, 96.875, 100.000, 0.977, 0.310, 
[555] Train acc: 1.0000
2, 252, 0.0318, 0.0004, 100.000, 100.000, 0.977, 0.289, 
[570] Train acc: 0.9531
2, 252, 0.1975, 0.0004, 95.312, 100.000, 0.971, 0.286, 
[585] Train acc: 1.0000
2, 252, 0.0184, 0.0004, 100.000, 100.000, 0.964, 0.312, 
[600] Train acc: 0.9531
2, 252, 0.1874, 0.0004, 95.312, 100.000, 0.964, 0.287, 
[615] Train acc: 0.9531
2, 252, 0.1911, 0.0004, 95.312, 100.000, 0.974, 0.272, 
[630] Train acc: 0.9844
2, 252, 0.0757, 0.0004, 98.438, 100.000, 0.970, 0.272, 
[645] Train acc: 0.9062
2, 252, 0.2339, 0.0003, 90.625, 100.000, 0.980, 0.251, 
[660] Train acc: 0.9844
2, 252, 0.0507, 0.0003, 98.438, 100.000, 0.977, 0.248, 
[675] Train acc: 0.9844
2, 252, 0.0637, 0.0003, 98.438, 100.000, 0.978, 0.219, 
[690] Train acc: 0.9688
2, 252, 0.0459, 0.0003, 96.875, 100.000, 0.975, 0.214, 
[705] Train acc: 0.9844
2, 252, 0.0947, 0.0003, 98.438, 100.000, 0.970, 0.222, 
[720] Train acc: 0.9688
2, 252, 0.0641, 0.0003, 96.875, 100.000, 0.977, 0.219, 
[735] Train acc: 0.9844
2, 252, 0.1057, 0.0003, 98.438, 100.000, 0.959, 0.232, 
[750] Train acc: 1.0000
2, 252, 0.0183, 0.0003, 100.000, 100.000, 0.978, 0.210, 
[765] Train acc: 1.0000
2, 252, 0.0371, 0.0003, 100.000, 100.000, 0.978, 0.208, 
[780] Train acc: 0.9844
2, 252, 0.0421, 0.0003, 98.438, 100.000, 0.974, 0.206, 
[795] Train acc: 0.9688
2, 252, 0.0918, 0.0003, 96.875, 100.000, 0.976, 0.230, 
[810] Train acc: 0.9688
2, 252, 0.0796, 0.0003, 96.875, 100.000, 0.976, 0.216, 
[825] Train acc: 0.9375
2, 252, 0.2884, 0.0003, 93.750, 100.000, 0.979, 0.212, 
[840] Train acc: 1.0000
2, 252, 0.0218, 0.0003, 100.000, 100.000, 0.975, 0.229, 
[855] Train acc: 1.0000
2, 252, 0.0167, 0.0003, 100.000, 100.000, 0.980, 0.211, 
[870] Train acc: 0.9844
2, 252, 0.0273, 0.0003, 98.438, 100.000, 0.978, 0.210, 
[885] Train acc: 0.9688
2, 252, 0.0610, 0.0003, 96.875, 100.000, 0.977, 0.228, 
[900] Train acc: 0.9375
2, 252, 0.1101, 0.0003, 93.750, 100.000, 0.978, 0.240, 
[915] Train acc: 0.9844
2, 252, 0.0516, 0.0003, 98.438, 100.000, 0.981, 0.190, 
[930] Train acc: 0.9688
2, 252, 0.1069, 0.0003, 96.875, 100.000, 0.971, 0.231, 
[0] Train acc: 0.9688
3, 252, 0.1489, 0.0003, 96.875, 100.000, 0.969, 0.234, 
[15] Train acc: 1.0000
3, 252, 0.0289, 0.0003, 100.000, 100.000, 0.981, 0.222, 
[30] Train acc: 0.9844
3, 252, 0.0524, 0.0003, 98.438, 100.000, 0.977, 0.208, 
[45] Train acc: 0.9688
3, 252, 0.0788, 0.0004, 96.875, 100.000, 0.970, 0.243, 
[60] Train acc: 1.0000
3, 252, 0.0204, 0.0003, 100.000, 100.000, 0.981, 0.201, 
[75] Train acc: 0.9531
3, 252, 0.1291, 0.0003, 95.312, 100.000, 0.969, 0.233, 
[90] Train acc: 0.9688
3, 252, 0.0700, 0.0003, 96.875, 100.000, 0.975, 0.205, 
[105] Train acc: 1.0000
3, 252, 0.0225, 0.0003, 100.000, 100.000, 0.981, 0.206, 
[120] Train acc: 1.0000
3, 252, 0.0228, 0.0003, 100.000, 100.000, 0.979, 0.206, 
[135] Train acc: 0.9531
3, 252, 0.0802, 0.0003, 95.312, 100.000, 0.981, 0.230, 
[150] Train acc: 1.0000
3, 252, 0.0099, 0.0003, 100.000, 100.000, 0.974, 0.251, 
[165] Train acc: 0.9688
3, 252, 0.1813, 0.0003, 96.875, 100.000, 0.982, 0.216, 
[180] Train acc: 0.9531
3, 252, 0.1139, 0.0003, 95.312, 100.000, 0.980, 0.199, 
[195] Train acc: 0.9844
3, 252, 0.0672, 0.0003, 98.438, 100.000, 0.977, 0.207, 
[210] Train acc: 0.9688
3, 252, 0.0690, 0.0003, 96.875, 100.000, 0.971, 0.204, 
[225] Train acc: 1.0000
3, 252, 0.0137, 0.0003, 100.000, 100.000, 0.982, 0.183, 
[240] Train acc: 0.9688
3, 252, 0.0634, 0.0003, 96.875, 100.000, 0.979, 0.191, 
[255] Train acc: 0.9844
3, 252, 0.0525, 0.0003, 98.438, 100.000, 0.973, 0.204, 
[270] Train acc: 0.9531
3, 252, 0.1225, 0.0003, 95.312, 100.000, 0.982, 0.189, 
[285] Train acc: 0.9688
3, 252, 0.0596, 0.0003, 96.875, 100.000, 0.984, 0.191, 
[300] Train acc: 0.9844
3, 252, 0.0657, 0.0003, 98.438, 100.000, 0.980, 0.217, 
[315] Train acc: 0.9688
3, 252, 0.1433, 0.0003, 96.875, 100.000, 0.983, 0.211, 
[330] Train acc: 0.9531
3, 252, 0.1233, 0.0003, 95.312, 100.000, 0.978, 0.209, 
[345] Train acc: 1.0000
3, 252, 0.0148, 0.0003, 100.000, 100.000, 0.982, 0.186, 
[360] Train acc: 0.9844
3, 252, 0.0623, 0.0003, 98.438, 100.000, 0.979, 0.196, 
[375] Train acc: 1.0000
3, 252, 0.0419, 0.0003, 100.000, 100.000, 0.976, 0.187, 
[390] Train acc: 0.9375
3, 252, 0.2216, 0.0003, 93.750, 100.000, 0.967, 0.185, 
[405] Train acc: 0.9844
3, 252, 0.0486, 0.0003, 98.438, 100.000, 0.982, 0.172, 
[420] Train acc: 1.0000
3, 252, 0.0293, 0.0003, 100.000, 100.000, 0.983, 0.181, 
[435] Train acc: 0.9844
3, 252, 0.0260, 0.0003, 98.438, 100.000, 0.974, 0.213, 
[450] Train acc: 0.9844
3, 252, 0.0510, 0.0003, 98.438, 100.000, 0.979, 0.190, 
[465] Train acc: 0.9844
3, 252, 0.0471, 0.0003, 98.438, 100.000, 0.982, 0.200, 
[480] Train acc: 0.9844
3, 252, 0.1269, 0.0003, 98.438, 100.000, 0.982, 0.216, 
[495] Train acc: 0.9688
3, 252, 0.0567, 0.0003, 96.875, 100.000, 0.983, 0.176, 
[510] Train acc: 0.9531
3, 252, 0.0854, 0.0003, 95.312, 100.000, 0.982, 0.198, 
[525] Train acc: 0.9531
3, 252, 0.1040, 0.0003, 95.312, 100.000, 0.984, 0.202, 
[540] Train acc: 1.0000
3, 252, 0.0216, 0.0003, 100.000, 100.000, 0.982, 0.185, 
[555] Train acc: 0.9531
3, 252, 0.1553, 0.0003, 95.312, 100.000, 0.985, 0.236, 
[570] Train acc: 0.9844
3, 252, 0.0607, 0.0003, 98.438, 100.000, 0.978, 0.231, 
[585] Train acc: 1.0000
3, 252, 0.0113, 0.0003, 100.000, 100.000, 0.983, 0.197, 
[600] Train acc: 0.9375
3, 252, 0.1608, 0.0003, 93.750, 98.438, 0.980, 0.219, 
[615] Train acc: 0.9531
3, 252, 0.1858, 0.0003, 95.312, 100.000, 0.983, 0.213, 
[630] Train acc: 1.0000
3, 252, 0.0248, 0.0003, 100.000, 100.000, 0.983, 0.192, 
[645] Train acc: 0.9688
3, 252, 0.2095, 0.0003, 96.875, 100.000, 0.983, 0.190, 
[660] Train acc: 1.0000
3, 252, 0.0344, 0.0003, 100.000, 100.000, 0.983, 0.221, 
[675] Train acc: 1.0000
3, 252, 0.0165, 0.0003, 100.000, 100.000, 0.984, 0.213, 
[690] Train acc: 0.9844
3, 252, 0.0297, 0.0003, 98.438, 100.000, 0.984, 0.202, 
[705] Train acc: 1.0000
3, 252, 0.0265, 0.0003, 100.000, 100.000, 0.982, 0.206, 
[720] Train acc: 0.9844
3, 252, 0.0475, 0.0003, 98.438, 100.000, 0.983, 0.210, 
[735] Train acc: 0.9844
3, 252, 0.0325, 0.0003, 98.438, 100.000, 0.983, 0.191, 
[750] Train acc: 1.0000
3, 252, 0.0210, 0.0003, 100.000, 100.000, 0.985, 0.190, 
[765] Train acc: 1.0000
3, 252, 0.0205, 0.0003, 100.000, 100.000, 0.981, 0.209, 
[780] Train acc: 0.9531
3, 252, 0.1131, 0.0003, 95.312, 100.000, 0.983, 0.190, 
[795] Train acc: 0.9688
3, 252, 0.0429, 0.0003, 96.875, 100.000, 0.982, 0.171, 
[810] Train acc: 1.0000
3, 252, 0.0081, 0.0003, 100.000, 100.000, 0.978, 0.169, 
[825] Train acc: 1.0000
3, 252, 0.0135, 0.0002, 100.000, 100.000, 0.984, 0.173, 
[840] Train acc: 0.9531
3, 252, 0.0637, 0.0003, 95.312, 100.000, 0.981, 0.186, 
[855] Train acc: 1.0000
3, 252, 0.0079, 0.0003, 100.000, 100.000, 0.977, 0.218, 
[870] Train acc: 1.0000
3, 252, 0.0084, 0.0003, 100.000, 100.000, 0.982, 0.188, 
[885] Train acc: 1.0000
3, 252, 0.0130, 0.0003, 100.000, 100.000, 0.982, 0.188, 
[900] Train acc: 0.9844
3, 252, 0.0273, 0.0003, 98.438, 100.000, 0.981, 0.187, 
[915] Train acc: 0.9531
3, 252, 0.2454, 0.0003, 95.312, 100.000, 0.984, 0.193, 
[930] Train acc: 0.9844
3, 252, 0.0700, 0.0003, 98.438, 100.000, 0.987, 0.176, 
[0] Train acc: 0.9844
4, 252, 0.0492, 0.0003, 98.438, 100.000, 0.985, 0.171, 
[15] Train acc: 1.0000
4, 252, 0.0252, 0.0003, 100.000, 100.000, 0.984, 0.170, 
[30] Train acc: 0.9844
4, 252, 0.0465, 0.0003, 98.438, 100.000, 0.981, 0.180, 
[45] Train acc: 1.0000
4, 252, 0.0069, 0.0003, 100.000, 100.000, 0.985, 0.178, 
[60] Train acc: 1.0000
4, 252, 0.0200, 0.0003, 100.000, 100.000, 0.985, 0.186, 
[75] Train acc: 1.0000
4, 252, 0.0442, 0.0003, 100.000, 100.000, 0.973, 0.212, 
[90] Train acc: 0.9844
4, 252, 0.0424, 0.0002, 98.438, 100.000, 0.986, 0.165, 
[105] Train acc: 1.0000
4, 252, 0.0098, 0.0002, 100.000, 100.000, 0.984, 0.161, 
[120] Train acc: 0.9844
4, 252, 0.0582, 0.0003, 98.438, 100.000, 0.982, 0.175, 
[135] Train acc: 0.9844
4, 252, 0.0365, 0.0003, 98.438, 100.000, 0.985, 0.181, 
[150] Train acc: 0.9688
4, 252, 0.0530, 0.0003, 96.875, 100.000, 0.986, 0.165, 
[165] Train acc: 1.0000
4, 252, 0.0181, 0.0003, 100.000, 100.000, 0.983, 0.179, 
[180] Train acc: 0.9844
4, 252, 0.1068, 0.0002, 98.438, 100.000, 0.985, 0.166, 
[195] Train acc: 1.0000
4, 252, 0.0065, 0.0002, 100.000, 100.000, 0.984, 0.161, 
[210] Train acc: 0.9688
4, 252, 0.1149, 0.0003, 96.875, 100.000, 0.980, 0.181, 
[225] Train acc: 0.9844
4, 252, 0.0266, 0.0003, 98.438, 100.000, 0.984, 0.184, 
[240] Train acc: 1.0000
4, 252, 0.0188, 0.0003, 100.000, 100.000, 0.983, 0.186, 
[255] Train acc: 0.9844
4, 252, 0.1269, 0.0003, 98.438, 98.438, 0.984, 0.172, 
[270] Train acc: 1.0000
4, 252, 0.0097, 0.0002, 100.000, 100.000, 0.986, 0.163, 
[285] Train acc: 0.9844
4, 252, 0.0872, 0.0002, 98.438, 100.000, 0.986, 0.153, 
[300] Train acc: 1.0000
4, 252, 0.0138, 0.0003, 100.000, 100.000, 0.981, 0.179, 
[315] Train acc: 1.0000
4, 252, 0.0184, 0.0003, 100.000, 100.000, 0.985, 0.170, 
[330] Train acc: 1.0000
4, 252, 0.0371, 0.0003, 100.000, 100.000, 0.985, 0.168, 
[345] Train acc: 0.9531
4, 252, 0.0905, 0.0003, 95.312, 100.000, 0.983, 0.176, 
[360] Train acc: 0.9688
4, 252, 0.0696, 0.0003, 96.875, 100.000, 0.980, 0.201, 
[375] Train acc: 1.0000
4, 252, 0.0083, 0.0003, 100.000, 100.000, 0.987, 0.181, 
[390] Train acc: 1.0000
4, 252, 0.0169, 0.0003, 100.000, 100.000, 0.985, 0.166, 
[405] Train acc: 1.0000
4, 252, 0.0087, 0.0003, 100.000, 100.000, 0.983, 0.173, 
[420] Train acc: 0.9688
4, 252, 0.0532, 0.0003, 96.875, 100.000, 0.983, 0.177, 
[435] Train acc: 0.9688
4, 252, 0.0706, 0.0003, 96.875, 100.000, 0.984, 0.169, 
[450] Train acc: 0.9844
4, 252, 0.0191, 0.0003, 98.438, 100.000, 0.983, 0.169, 
[465] Train acc: 0.9844
4, 252, 0.0746, 0.0002, 98.438, 100.000, 0.986, 0.170, 
[480] Train acc: 0.9688
4, 252, 0.0676, 0.0002, 96.875, 100.000, 0.984, 0.159, 
[495] Train acc: 0.9844
4, 252, 0.0458, 0.0003, 98.438, 100.000, 0.986, 0.168, 
[510] Train acc: 0.9688
4, 252, 0.0589, 0.0002, 96.875, 100.000, 0.986, 0.164, 
[525] Train acc: 1.0000
4, 252, 0.0050, 0.0002, 100.000, 100.000, 0.985, 0.166, 
[540] Train acc: 1.0000
4, 252, 0.0088, 0.0003, 100.000, 100.000, 0.979, 0.174, 
[555] Train acc: 0.9844
4, 252, 0.0708, 0.0002, 98.438, 100.000, 0.984, 0.159, 
[570] Train acc: 1.0000
4, 252, 0.0223, 0.0003, 100.000, 100.000, 0.982, 0.170, 
[585] Train acc: 0.9531
4, 252, 0.1069, 0.0002, 95.312, 100.000, 0.986, 0.176, 
[600] Train acc: 1.0000
4, 252, 0.0118, 0.0002, 100.000, 100.000, 0.986, 0.164, 
[615] Train acc: 0.9844
4, 252, 0.0314, 0.0002, 98.438, 100.000, 0.986, 0.155, 
[630] Train acc: 0.9531
4, 252, 0.1357, 0.0002, 95.312, 100.000, 0.983, 0.173, 
[645] Train acc: 1.0000
4, 252, 0.0155, 0.0002, 100.000, 100.000, 0.984, 0.155, 
[660] Train acc: 1.0000
4, 252, 0.0163, 0.0002, 100.000, 100.000, 0.987, 0.166, 
[675] Train acc: 0.9688
4, 252, 0.0475, 0.0002, 96.875, 100.000, 0.985, 0.164, 
[690] Train acc: 0.9844
4, 252, 0.0805, 0.0002, 98.438, 100.000, 0.984, 0.163, 
[705] Train acc: 1.0000
4, 252, 0.0358, 0.0002, 100.000, 100.000, 0.986, 0.151, 
[720] Train acc: 0.9844
4, 252, 0.0912, 0.0002, 98.438, 100.000, 0.983, 0.157, 
[735] Train acc: 1.0000
4, 252, 0.0193, 0.0002, 100.000, 100.000, 0.981, 0.162, 
[750] Train acc: 1.0000
4, 252, 0.0035, 0.0002, 100.000, 100.000, 0.984, 0.156, 
[765] Train acc: 0.9375
4, 252, 0.1056, 0.0002, 93.750, 100.000, 0.983, 0.165, 
[780] Train acc: 0.9688
4, 252, 0.0596, 0.0002, 96.875, 100.000, 0.985, 0.160, 
[795] Train acc: 0.9531
4, 252, 0.1130, 0.0002, 95.312, 100.000, 0.983, 0.161, 
[810] Train acc: 0.9844
4, 252, 0.0195, 0.0002, 98.438, 100.000, 0.985, 0.168, 
[825] Train acc: 0.9688
4, 252, 0.0343, 0.0002, 96.875, 100.000, 0.985, 0.162, 
[840] Train acc: 1.0000
4, 252, 0.0193, 0.0002, 100.000, 100.000, 0.985, 0.166, 
[855] Train acc: 1.0000
4, 252, 0.0029, 0.0002, 100.000, 100.000, 0.985, 0.164, 
[870] Train acc: 0.9844
4, 252, 0.0470, 0.0003, 98.438, 100.000, 0.983, 0.173, 
[885] Train acc: 1.0000
4, 252, 0.0200, 0.0002, 100.000, 100.000, 0.983, 0.160, 
[900] Train acc: 0.9844
4, 252, 0.0475, 0.0003, 98.438, 100.000, 0.980, 0.188, 
[915] Train acc: 1.0000
4, 252, 0.0056, 0.0002, 100.000, 100.000, 0.987, 0.147, 
[930] Train acc: 0.9688
4, 252, 0.1391, 0.0002, 96.875, 100.000, 0.987, 0.163, 
[0] Train acc: 0.9531
5, 252, 0.1102, 0.0003, 95.312, 100.000, 0.983, 0.174, 
[15] Train acc: 0.9844
5, 252, 0.0720, 0.0002, 98.438, 100.000, 0.987, 0.175, 
[30] Train acc: 1.0000
5, 252, 0.0294, 0.0002, 100.000, 100.000, 0.987, 0.151, 
[45] Train acc: 0.9531
5, 252, 0.1029, 0.0002, 95.312, 100.000, 0.985, 0.160, 
[60] Train acc: 1.0000
5, 252, 0.0252, 0.0002, 100.000, 100.000, 0.983, 0.151, 
[75] Train acc: 0.9844
5, 252, 0.0287, 0.0002, 98.438, 100.000, 0.987, 0.156, 
[90] Train acc: 0.9531
5, 252, 0.1605, 0.0003, 95.312, 100.000, 0.984, 0.164, 
[105] Train acc: 0.9844
5, 252, 0.0386, 0.0002, 98.438, 100.000, 0.986, 0.159, 
[120] Train acc: 1.0000
5, 252, 0.0022, 0.0002, 100.000, 100.000, 0.985, 0.170, 
[135] Train acc: 0.9844
5, 252, 0.0400, 0.0002, 98.438, 100.000, 0.988, 0.164, 
[150] Train acc: 1.0000
5, 252, 0.0239, 0.0002, 100.000, 100.000, 0.988, 0.144, 
[165] Train acc: 0.9844
5, 252, 0.0322, 0.0002, 98.438, 100.000, 0.984, 0.166, 
[180] Train acc: 1.0000
5, 252, 0.0168, 0.0002, 100.000, 100.000, 0.986, 0.148, 
[195] Train acc: 0.9844
5, 252, 0.0289, 0.0002, 98.438, 100.000, 0.985, 0.153, 
[210] Train acc: 0.9688
5, 252, 0.2134, 0.0002, 96.875, 98.438, 0.986, 0.166, 
[225] Train acc: 0.9688
5, 252, 0.0581, 0.0002, 96.875, 100.000, 0.981, 0.160, 
[240] Train acc: 0.9844
5, 252, 0.0447, 0.0002, 98.438, 100.000, 0.987, 0.153, 
[255] Train acc: 0.9844
5, 252, 0.0388, 0.0002, 98.438, 100.000, 0.986, 0.165, 
[270] Train acc: 1.0000
5, 252, 0.0078, 0.0003, 100.000, 100.000, 0.983, 0.169, 
[285] Train acc: 0.9844
5, 252, 0.0373, 0.0002, 98.438, 100.000, 0.986, 0.171, 
[300] Train acc: 0.9688
5, 252, 0.0721, 0.0002, 96.875, 100.000, 0.986, 0.170, 
[315] Train acc: 0.9688
5, 252, 0.0610, 0.0002, 96.875, 100.000, 0.985, 0.159, 
[330] Train acc: 1.0000
5, 252, 0.0311, 0.0002, 100.000, 100.000, 0.985, 0.157, 
[345] Train acc: 1.0000
5, 252, 0.0053, 0.0002, 100.000, 100.000, 0.986, 0.161, 
[360] Train acc: 1.0000
5, 252, 0.0069, 0.0002, 100.000, 100.000, 0.988, 0.156, 
[375] Train acc: 1.0000
5, 252, 0.0180, 0.0002, 100.000, 100.000, 0.985, 0.150, 
[390] Train acc: 0.9844
5, 252, 0.0299, 0.0002, 98.438, 100.000, 0.987, 0.149, 
[405] Train acc: 0.9688
5, 252, 0.0394, 0.0002, 96.875, 100.000, 0.986, 0.142, 
[420] Train acc: 0.9844
5, 252, 0.0280, 0.0002, 98.438, 100.000, 0.987, 0.149, 
[435] Train acc: 0.9844
5, 252, 0.0364, 0.0002, 98.438, 100.000, 0.986, 0.141, 
[450] Train acc: 0.9688
5, 252, 0.0735, 0.0002, 96.875, 100.000, 0.987, 0.136, 
[465] Train acc: 0.9531
5, 252, 0.2302, 0.0003, 95.312, 100.000, 0.986, 0.183, 
[480] Train acc: 1.0000
5, 252, 0.0074, 0.0002, 100.000, 100.000, 0.985, 0.162, 
[495] Train acc: 0.9688
5, 252, 0.0723, 0.0003, 96.875, 100.000, 0.986, 0.162, 
[510] Train acc: 0.9531
5, 252, 0.0750, 0.0002, 95.312, 100.000, 0.987, 0.158, 
[525] Train acc: 0.9688
5, 252, 0.0753, 0.0002, 96.875, 100.000, 0.988, 0.140, 
[540] Train acc: 0.9688
5, 252, 0.1275, 0.0002, 96.875, 100.000, 0.988, 0.141, 
[555] Train acc: 0.9844
5, 252, 0.0237, 0.0002, 98.438, 100.000, 0.989, 0.148, 
[570] Train acc: 1.0000
5, 252, 0.0092, 0.0002, 100.000, 100.000, 0.987, 0.161, 
[585] Train acc: 1.0000
5, 252, 0.0076, 0.0002, 100.000, 100.000, 0.985, 0.154, 
[600] Train acc: 1.0000
5, 252, 0.0149, 0.0002, 100.000, 100.000, 0.986, 0.160, 
[615] Train acc: 0.9844
5, 252, 0.0203, 0.0002, 98.438, 100.000, 0.988, 0.182, 
[630] Train acc: 0.9375
5, 252, 0.1450, 0.0002, 93.750, 100.000, 0.988, 0.145, 
[645] Train acc: 1.0000
5, 252, 0.0040, 0.0002, 100.000, 100.000, 0.987, 0.157, 
[660] Train acc: 1.0000
5, 252, 0.0038, 0.0002, 100.000, 100.000, 0.987, 0.153, 
[675] Train acc: 1.0000
5, 252, 0.0193, 0.0002, 100.000, 100.000, 0.987, 0.159, 
[690] Train acc: 1.0000
5, 252, 0.0028, 0.0002, 100.000, 100.000, 0.987, 0.149, 
[705] Train acc: 1.0000
5, 252, 0.0094, 0.0002, 100.000, 100.000, 0.988, 0.155, 
[720] Train acc: 0.9844
5, 252, 0.0522, 0.0002, 98.438, 100.000, 0.988, 0.163, 
[735] Train acc: 0.9844
5, 252, 0.0574, 0.0002, 98.438, 100.000, 0.988, 0.147, 
[750] Train acc: 1.0000
5, 252, 0.0062, 0.0002, 100.000, 100.000, 0.986, 0.144, 
[765] Train acc: 0.9844
5, 252, 0.0172, 0.0002, 98.438, 100.000, 0.984, 0.170, 
[780] Train acc: 0.9531
5, 252, 0.2520, 0.0002, 95.312, 100.000, 0.987, 0.159, 
[795] Train acc: 0.9688
5, 252, 0.0624, 0.0002, 96.875, 100.000, 0.988, 0.158, 
[810] Train acc: 0.9844
5, 252, 0.0244, 0.0002, 98.438, 100.000, 0.986, 0.157, 
[825] Train acc: 1.0000
5, 252, 0.0097, 0.0002, 100.000, 100.000, 0.986, 0.150, 
[840] Train acc: 0.9844
5, 252, 0.0248, 0.0002, 98.438, 100.000, 0.988, 0.139, 
[855] Train acc: 1.0000
5, 252, 0.0125, 0.0002, 100.000, 100.000, 0.985, 0.145, 
[870] Train acc: 0.9688
5, 252, 0.1250, 0.0002, 96.875, 100.000, 0.980, 0.141, 
[885] Train acc: 1.0000
5, 252, 0.0025, 0.0002, 100.000, 100.000, 0.988, 0.149, 
[900] Train acc: 1.0000
5, 252, 0.0236, 0.0002, 100.000, 100.000, 0.987, 0.155, 
[915] Train acc: 0.9844
5, 252, 0.0192, 0.0002, 98.438, 100.000, 0.987, 0.162, 
[930] Train acc: 0.9844
5, 252, 0.0358, 0.0003, 98.438, 100.000, 0.984, 0.174, 
[0] Train acc: 1.0000
6, 252, 0.0100, 0.0002, 100.000, 100.000, 0.986, 0.152, 
[15] Train acc: 1.0000
6, 252, 0.0078, 0.0002, 100.000, 100.000, 0.990, 0.146, 
[30] Train acc: 0.9844
6, 252, 0.0399, 0.0002, 98.438, 100.000, 0.986, 0.167, 
[45] Train acc: 1.0000
6, 252, 0.0039, 0.0002, 100.000, 100.000, 0.989, 0.165, 
[60] Train acc: 0.9844
6, 252, 0.0358, 0.0002, 98.438, 100.000, 0.987, 0.162, 
[75] Train acc: 1.0000
6, 252, 0.0224, 0.0002, 100.000, 100.000, 0.987, 0.148, 
[90] Train acc: 1.0000
6, 252, 0.0267, 0.0002, 100.000, 100.000, 0.988, 0.144, 
[105] Train acc: 0.9844
6, 252, 0.0392, 0.0002, 98.438, 100.000, 0.987, 0.142, 
[120] Train acc: 0.9844
6, 252, 0.0495, 0.0002, 98.438, 100.000, 0.988, 0.134, 
[135] Train acc: 1.0000
6, 252, 0.0039, 0.0002, 100.000, 100.000, 0.989, 0.145, 
[150] Train acc: 1.0000
6, 252, 0.0166, 0.0002, 100.000, 100.000, 0.985, 0.146, 
[165] Train acc: 1.0000
6, 252, 0.0103, 0.0002, 100.000, 100.000, 0.986, 0.148, 
[180] Train acc: 1.0000
6, 252, 0.0103, 0.0002, 100.000, 100.000, 0.988, 0.141, 
[195] Train acc: 0.9688
6, 252, 0.0573, 0.0002, 96.875, 100.000, 0.987, 0.143, 
[210] Train acc: 0.9844
6, 252, 0.0431, 0.0002, 98.438, 100.000, 0.987, 0.155, 
[225] Train acc: 0.9688
6, 252, 0.0422, 0.0002, 96.875, 100.000, 0.989, 0.150, 
[240] Train acc: 1.0000
6, 252, 0.0054, 0.0002, 100.000, 100.000, 0.986, 0.152, 
[255] Train acc: 0.9844
6, 252, 0.0919, 0.0002, 98.438, 100.000, 0.986, 0.139, 
[270] Train acc: 1.0000
6, 252, 0.0132, 0.0002, 100.000, 100.000, 0.987, 0.162, 
[285] Train acc: 0.9688
6, 252, 0.1043, 0.0002, 96.875, 100.000, 0.988, 0.153, 
[300] Train acc: 0.9844
6, 252, 0.1036, 0.0002, 98.438, 100.000, 0.985, 0.169, 
[315] Train acc: 1.0000
6, 252, 0.0044, 0.0002, 100.000, 100.000, 0.988, 0.158, 
[330] Train acc: 1.0000
6, 252, 0.0161, 0.0002, 100.000, 100.000, 0.988, 0.157, 
[345] Train acc: 0.9688
6, 252, 0.1493, 0.0002, 96.875, 100.000, 0.989, 0.154, 
[360] Train acc: 0.9844
6, 252, 0.0295, 0.0002, 98.438, 100.000, 0.989, 0.154, 
[375] Train acc: 0.9844
6, 252, 0.0457, 0.0002, 98.438, 100.000, 0.985, 0.172, 
[390] Train acc: 0.9844
6, 252, 0.0532, 0.0002, 98.438, 100.000, 0.987, 0.155, 
[405] Train acc: 0.9844
6, 252, 0.0209, 0.0002, 98.438, 100.000, 0.985, 0.164, 
[420] Train acc: 1.0000
6, 252, 0.0041, 0.0002, 100.000, 100.000, 0.985, 0.152, 
[435] Train acc: 1.0000
6, 252, 0.0039, 0.0002, 100.000, 100.000, 0.987, 0.162, 
[450] Train acc: 1.0000
6, 252, 0.0092, 0.0002, 100.000, 100.000, 0.987, 0.153, 
[465] Train acc: 0.9844
6, 252, 0.0293, 0.0002, 98.438, 100.000, 0.989, 0.144, 
[480] Train acc: 1.0000
6, 252, 0.0078, 0.0002, 100.000, 100.000, 0.988, 0.162, 
[495] Train acc: 1.0000
6, 252, 0.0118, 0.0002, 100.000, 100.000, 0.987, 0.156, 
[510] Train acc: 0.9688
6, 252, 0.1119, 0.0002, 96.875, 100.000, 0.987, 0.149, 
[525] Train acc: 0.9688
6, 252, 0.0495, 0.0002, 96.875, 100.000, 0.991, 0.154, 
[540] Train acc: 0.9688
6, 252, 0.0535, 0.0002, 96.875, 100.000, 0.986, 0.166, 
[555] Train acc: 1.0000
6, 252, 0.0165, 0.0002, 100.000, 100.000, 0.988, 0.150, 
[570] Train acc: 0.9844
6, 252, 0.0528, 0.0002, 98.438, 100.000, 0.989, 0.149, 
[585] Train acc: 0.9844
6, 252, 0.0452, 0.0002, 98.438, 100.000, 0.988, 0.153, 
[600] Train acc: 1.0000
6, 252, 0.0011, 0.0002, 100.000, 100.000, 0.985, 0.139, 
[615] Train acc: 0.9844
6, 252, 0.0370, 0.0002, 98.438, 100.000, 0.988, 0.124, 
[630] Train acc: 0.9844
6, 252, 0.0510, 0.0002, 98.438, 100.000, 0.982, 0.143, 
[645] Train acc: 1.0000
6, 252, 0.0039, 0.0002, 100.000, 100.000, 0.989, 0.132, 
[660] Train acc: 1.0000
6, 252, 0.0106, 0.0002, 100.000, 100.000, 0.989, 0.134, 
[675] Train acc: 1.0000
6, 252, 0.0028, 0.0002, 100.000, 100.000, 0.990, 0.141, 
[690] Train acc: 1.0000
6, 252, 0.0075, 0.0002, 100.000, 100.000, 0.988, 0.139, 
[705] Train acc: 1.0000
6, 252, 0.0077, 0.0002, 100.000, 100.000, 0.987, 0.152, 
[720] Train acc: 0.9844
6, 252, 0.0294, 0.0002, 98.438, 100.000, 0.984, 0.152, 
[735] Train acc: 0.9844
6, 252, 0.0521, 0.0002, 98.438, 100.000, 0.988, 0.132, 
[750] Train acc: 0.9844
6, 252, 0.0211, 0.0002, 98.438, 100.000, 0.990, 0.145, 
[765] Train acc: 1.0000
6, 252, 0.0021, 0.0002, 100.000, 100.000, 0.987, 0.152, 
[780] Train acc: 1.0000
6, 252, 0.0118, 0.0002, 100.000, 100.000, 0.987, 0.151, 
[795] Train acc: 0.9844
6, 252, 0.0259, 0.0002, 98.438, 100.000, 0.989, 0.138, 
[810] Train acc: 1.0000
6, 252, 0.0199, 0.0002, 100.000, 100.000, 0.987, 0.131, 
[825] Train acc: 0.9688
6, 252, 0.0521, 0.0002, 96.875, 100.000, 0.987, 0.147, 
[840] Train acc: 0.9844
6, 252, 0.0415, 0.0002, 98.438, 100.000, 0.987, 0.149, 
[855] Train acc: 1.0000
6, 252, 0.0056, 0.0002, 100.000, 100.000, 0.987, 0.144, 
[870] Train acc: 1.0000
6, 252, 0.0069, 0.0002, 100.000, 100.000, 0.988, 0.127, 
[885] Train acc: 0.9688
6, 252, 0.0726, 0.0002, 96.875, 100.000, 0.988, 0.145, 
[900] Train acc: 1.0000
6, 252, 0.0110, 0.0002, 100.000, 100.000, 0.988, 0.147, 
[915] Train acc: 1.0000
6, 252, 0.0109, 0.0002, 100.000, 100.000, 0.988, 0.153, 
[930] Train acc: 1.0000
6, 252, 0.0092, 0.0002, 100.000, 100.000, 0.988, 0.140, 
[0] Train acc: 1.0000, Constr acc: 0.8125, CE loss: 0.006, DL2 loss: 1.474
7, 252, 0.0063, 0.0002, 100.000, 100.000, 0.987, 0.135, 
[15] Train acc: 1.0000, Constr acc: 0.8750, CE loss: 0.012, DL2 loss: 1.525
7, 251, 0.0116, 0.0003, 100.000, 100.000, 0.985, 0.207, 
[30] Train acc: 1.0000, Constr acc: 0.9062, CE loss: 0.030, DL2 loss: 1.407
7, 250, 0.0296, 0.0003, 100.000, 100.000, 0.985, 0.246, 
[45] Train acc: 0.9844, Constr acc: 0.9062, CE loss: 0.030, DL2 loss: 0.742
7, 249, 0.0295, 0.0003, 98.438, 100.000, 0.987, 0.239, 
[60] Train acc: 1.0000, Constr acc: 0.8750, CE loss: 0.011, DL2 loss: 0.955
7, 248, 0.0109, 0.0003, 100.000, 100.000, 0.986, 0.275, 
[75] Train acc: 0.9844, Constr acc: 0.9062, CE loss: 0.038, DL2 loss: 1.147
7, 247, 0.0377, 0.0004, 98.438, 100.000, 0.983, 0.333, 
[90] Train acc: 1.0000, Constr acc: 0.8438, CE loss: 0.027, DL2 loss: 0.964
7, 246, 0.0268, 0.0004, 100.000, 100.000, 0.984, 0.323, 
[105] Train acc: 1.0000, Constr acc: 0.8438, CE loss: 0.025, DL2 loss: 1.415
7, 245, 0.0248, 0.0004, 100.000, 100.000, 0.980, 0.401, 
[120] Train acc: 1.0000, Constr acc: 0.9062, CE loss: 0.035, DL2 loss: 0.422
7, 244, 0.0349, 0.0005, 100.000, 100.000, 0.974, 0.478, 
[135] Train acc: 1.0000, Constr acc: 0.9375, CE loss: 0.008, DL2 loss: 0.588
7, 243, 0.0080, 0.0005, 100.000, 100.000, 0.981, 0.422, 
[150] Train acc: 1.0000, Constr acc: 0.7188, CE loss: 0.023, DL2 loss: 3.661
7, 242, 0.0226, 0.0005, 100.000, 100.000, 0.986, 0.441, 
[165] Train acc: 1.0000, Constr acc: 0.9062, CE loss: 0.018, DL2 loss: 1.409
7, 241, 0.0182, 0.0004, 100.000, 100.000, 0.988, 0.359, 
[180] Train acc: 0.9844, Constr acc: 0.9375, CE loss: 0.049, DL2 loss: 0.318
7, 240, 0.0486, 0.0004, 98.438, 100.000, 0.983, 0.354, 
[195] Train acc: 0.9531, Constr acc: 0.8125, CE loss: 0.132, DL2 loss: 2.314
7, 239, 0.1315, 0.0005, 95.312, 100.000, 0.969, 0.373, 
[210] Train acc: 1.0000, Constr acc: 0.8750, CE loss: 0.031, DL2 loss: 1.065
7, 238, 0.0314, 0.0005, 100.000, 100.000, 0.973, 0.409, 
[225] Train acc: 1.0000, Constr acc: 0.8750, CE loss: 0.028, DL2 loss: 1.151
7, 237, 0.0281, 0.0005, 100.000, 100.000, 0.976, 0.452, 
[240] Train acc: 1.0000, Constr acc: 0.8750, CE loss: 0.025, DL2 loss: 1.173
7, 236, 0.0245, 0.0004, 100.000, 100.000, 0.986, 0.381, 
[255] Train acc: 1.0000, Constr acc: 0.9062, CE loss: 0.037, DL2 loss: 0.314
7, 235, 0.0369, 0.0005, 100.000, 100.000, 0.984, 0.471, 
[270] Train acc: 0.9844, Constr acc: 0.9062, CE loss: 0.059, DL2 loss: 1.690
7, 234, 0.0585, 0.0005, 98.438, 100.000, 0.985, 0.441, 
[285] Train acc: 1.0000, Constr acc: 0.7812, CE loss: 0.028, DL2 loss: 2.043
7, 233, 0.0277, 0.0005, 100.000, 100.000, 0.983, 0.480, 
[300] Train acc: 0.9844, Constr acc: 0.8750, CE loss: 0.045, DL2 loss: 1.789
7, 232, 0.0450, 0.0005, 98.438, 100.000, 0.984, 0.462, 
[315] Train acc: 1.0000, Constr acc: 0.9375, CE loss: 0.024, DL2 loss: 0.937
7, 231, 0.0241, 0.0005, 100.000, 100.000, 0.949, 0.400, 
[330] Train acc: 1.0000, Constr acc: 0.8750, CE loss: 0.023, DL2 loss: 1.025
7, 230, 0.0232, 0.0004, 100.000, 100.000, 0.984, 0.390, 
[345] Train acc: 0.9844, Constr acc: 0.9375, CE loss: 0.101, DL2 loss: 0.369
7, 229, 0.1008, 0.0004, 98.438, 100.000, 0.986, 0.426, 
[360] Train acc: 1.0000, Constr acc: 0.8438, CE loss: 0.027, DL2 loss: 1.550
7, 228, 0.0267, 0.0005, 100.000, 100.000, 0.984, 0.437, 
[375] Train acc: 0.9688, Constr acc: 0.9375, CE loss: 0.056, DL2 loss: 0.924
7, 227, 0.0561, 0.0004, 96.875, 100.000, 0.983, 0.401, 
[390] Train acc: 0.9688, Constr acc: 0.8750, CE loss: 0.089, DL2 loss: 1.066
7, 226, 0.0892, 0.0005, 96.875, 100.000, 0.983, 0.455, 
[405] Train acc: 0.9844, Constr acc: 0.9062, CE loss: 0.074, DL2 loss: 0.951
7, 225, 0.0743, 0.0004, 98.438, 100.000, 0.984, 0.419, 
[420] Train acc: 0.9844, Constr acc: 0.9375, CE loss: 0.069, DL2 loss: 0.087
7, 224, 0.0688, 0.0005, 98.438, 100.000, 0.983, 0.463, 
[435] Train acc: 0.9688, Constr acc: 0.9375, CE loss: 0.116, DL2 loss: 0.395
7, 223, 0.1156, 0.0005, 96.875, 100.000, 0.970, 0.574, 
[450] Train acc: 1.0000, Constr acc: 0.8750, CE loss: 0.016, DL2 loss: 1.571
7, 222, 0.0159, 0.0005, 100.000, 100.000, 0.986, 0.475, 
[465] Train acc: 1.0000, Constr acc: 0.8438, CE loss: 0.026, DL2 loss: 2.283
7, 221, 0.0257, 0.0005, 100.000, 100.000, 0.987, 0.490, 
[480] Train acc: 0.9844, Constr acc: 0.8750, CE loss: 0.064, DL2 loss: 1.817
7, 220, 0.0638, 0.0005, 98.438, 100.000, 0.984, 0.493, 
[495] Train acc: 1.0000, Constr acc: 0.9688, CE loss: 0.016, DL2 loss: 0.024
7, 219, 0.0165, 0.0005, 100.000, 100.000, 0.985, 0.428, 
[510] Train acc: 1.0000, Constr acc: 0.8750, CE loss: 0.031, DL2 loss: 1.691
7, 218, 0.0309, 0.0005, 100.000, 100.000, 0.985, 0.525, 
[525] Train acc: 1.0000, Constr acc: 0.9375, CE loss: 0.041, DL2 loss: 0.295
7, 217, 0.0406, 0.0005, 100.000, 100.000, 0.986, 0.501, 
[540] Train acc: 1.0000, Constr acc: 0.8438, CE loss: 0.041, DL2 loss: 2.261
7, 216, 0.0415, 0.0006, 100.000, 100.000, 0.967, 0.540, 
[555] Train acc: 0.9688, Constr acc: 0.8750, CE loss: 0.093, DL2 loss: 0.868
7, 215, 0.0933, 0.0005, 96.875, 100.000, 0.984, 0.421, 
[570] Train acc: 1.0000, Constr acc: 0.9375, CE loss: 0.053, DL2 loss: 0.821
7, 214, 0.0532, 0.0005, 100.000, 100.000, 0.983, 0.426, 
[585] Train acc: 0.9688, Constr acc: 0.9375, CE loss: 0.049, DL2 loss: 0.853
7, 213, 0.0491, 0.0004, 96.875, 100.000, 0.986, 0.391, 
[600] Train acc: 1.0000, Constr acc: 0.9375, CE loss: 0.023, DL2 loss: 0.673
7, 212, 0.0227, 0.0005, 100.000, 100.000, 0.981, 0.429, 
[615] Train acc: 0.9844, Constr acc: 0.9062, CE loss: 0.024, DL2 loss: 0.780
7, 211, 0.0237, 0.0005, 98.438, 100.000, 0.972, 0.435, 
[630] Train acc: 0.9844, Constr acc: 0.8750, CE loss: 0.074, DL2 loss: 1.057
7, 210, 0.0740, 0.0005, 98.438, 100.000, 0.977, 0.457, 
[645] Train acc: 0.9844, Constr acc: 0.8750, CE loss: 0.063, DL2 loss: 0.925
7, 209, 0.0632, 0.0005, 98.438, 100.000, 0.969, 0.543, 
[660] Train acc: 1.0000, Constr acc: 0.9375, CE loss: 0.012, DL2 loss: 1.145
7, 208, 0.0124, 0.0005, 100.000, 100.000, 0.984, 0.429, 
[675] Train acc: 0.9844, Constr acc: 0.7500, CE loss: 0.054, DL2 loss: 3.299
7, 207, 0.0544, 0.0005, 98.438, 100.000, 0.971, 0.528, 
[690] Train acc: 1.0000, Constr acc: 0.9062, CE loss: 0.023, DL2 loss: 0.978
7, 206, 0.0229, 0.0005, 100.000, 100.000, 0.981, 0.498, 
[705] Train acc: 1.0000, Constr acc: 0.9062, CE loss: 0.027, DL2 loss: 0.660
7, 205, 0.0266, 0.0005, 100.000, 100.000, 0.982, 0.463, 
[720] Train acc: 1.0000, Constr acc: 0.9688, CE loss: 0.034, DL2 loss: 0.398
7, 204, 0.0345, 0.0005, 100.000, 100.000, 0.981, 0.457, 
[735] Train acc: 0.9531, Constr acc: 0.8750, CE loss: 0.106, DL2 loss: 1.553
7, 203, 0.1060, 0.0005, 95.312, 100.000, 0.977, 0.467, 
[750] Train acc: 0.9844, Constr acc: 0.9375, CE loss: 0.029, DL2 loss: 0.395
7, 202, 0.0292, 0.0004, 98.438, 100.000, 0.983, 0.406, 
[765] Train acc: 1.0000, Constr acc: 0.9688, CE loss: 0.018, DL2 loss: 0.372
7, 201, 0.0177, 0.0004, 100.000, 100.000, 0.981, 0.395, 
[780] Train acc: 0.9688, Constr acc: 1.0000, CE loss: 0.041, DL2 loss: 0.000
7, 200, 0.0413, 0.0004, 96.875, 100.000, 0.983, 0.404, 
[795] Train acc: 1.0000, Constr acc: 0.9375, CE loss: 0.028, DL2 loss: 0.584
7, 199, 0.0284, 0.0005, 100.000, 100.000, 0.981, 0.484, 
[810] Train acc: 0.9688, Constr acc: 0.9688, CE loss: 0.081, DL2 loss: 0.419
7, 198, 0.0812, 0.0005, 96.875, 100.000, 0.982, 0.483, 
[825] Train acc: 1.0000, Constr acc: 0.8750, CE loss: 0.041, DL2 loss: 1.170
7, 197, 0.0408, 0.0005, 100.000, 100.000, 0.980, 0.512, 
[840] Train acc: 1.0000, Constr acc: 0.9062, CE loss: 0.047, DL2 loss: 0.785
7, 196, 0.0473, 0.0006, 100.000, 100.000, 0.980, 0.572, 
[855] Train acc: 1.0000, Constr acc: 0.8438, CE loss: 0.034, DL2 loss: 2.341
7, 195, 0.0342, 0.0005, 100.000, 100.000, 0.976, 0.466, 
[870] Train acc: 0.9844, Constr acc: 0.9688, CE loss: 0.022, DL2 loss: 0.136
7, 194, 0.0223, 0.0004, 98.438, 100.000, 0.984, 0.426, 
[885] Train acc: 1.0000, Constr acc: 0.8750, CE loss: 0.038, DL2 loss: 2.841
7, 193, 0.0377, 0.0004, 100.000, 100.000, 0.984, 0.426, 
[900] Train acc: 0.9688, Constr acc: 0.9375, CE loss: 0.052, DL2 loss: 0.638
7, 192, 0.0518, 0.0004, 96.875, 100.000, 0.984, 0.414, 
[915] Train acc: 0.9844, Constr acc: 0.8438, CE loss: 0.076, DL2 loss: 1.630
7, 191, 0.0762, 0.0005, 98.438, 100.000, 0.982, 0.490, 
[930] Train acc: 0.9688, Constr acc: 0.8438, CE loss: 0.130, DL2 loss: 0.715
7, 190, 0.1295, 0.0005, 96.875, 100.000, 0.978, 0.502, 
[0] Train acc: 1.0000, Constr acc: 0.8750, CE loss: 0.024, DL2 loss: 2.308
8, 190, 0.0238, 0.0005, 100.000, 100.000, 0.969, 0.513, 
[15] Train acc: 1.0000, Constr acc: 0.9375, CE loss: 0.038, DL2 loss: 0.172
8, 189, 0.0381, 0.0005, 100.000, 100.000, 0.982, 0.486, 
[30] Train acc: 1.0000, Constr acc: 0.9062, CE loss: 0.035, DL2 loss: 1.344
8, 188, 0.0348, 0.0005, 100.000, 100.000, 0.984, 0.453, 
[45] Train acc: 0.9844, Constr acc: 0.8750, CE loss: 0.048, DL2 loss: 2.455
8, 187, 0.0480, 0.0005, 98.438, 100.000, 0.984, 0.449, 
[60] Train acc: 0.9062, Constr acc: 0.8438, CE loss: 0.269, DL2 loss: 1.019
8, 186, 0.2694, 0.0005, 90.625, 100.000, 0.972, 0.483, 
[75] Train acc: 1.0000, Constr acc: 0.8125, CE loss: 0.026, DL2 loss: 1.430
8, 185, 0.0257, 0.0004, 100.000, 100.000, 0.981, 0.436, 
[90] Train acc: 0.9688, Constr acc: 0.8438, CE loss: 0.080, DL2 loss: 1.310
8, 184, 0.0802, 0.0005, 96.875, 100.000, 0.985, 0.465, 
[105] Train acc: 1.0000, Constr acc: 0.8438, CE loss: 0.021, DL2 loss: 1.258
8, 183, 0.0210, 0.0005, 100.000, 100.000, 0.983, 0.444, 
[120] Train acc: 0.9844, Constr acc: 1.0000, CE loss: 0.053, DL2 loss: 0.000
8, 182, 0.0526, 0.0005, 98.438, 100.000, 0.984, 0.458, 
[135] Train acc: 1.0000, Constr acc: 0.9375, CE loss: 0.014, DL2 loss: 0.925
8, 181, 0.0140, 0.0004, 100.000, 100.000, 0.986, 0.371, 
[150] Train acc: 0.9844, Constr acc: 0.9375, CE loss: 0.064, DL2 loss: 0.928
8, 180, 0.0639, 0.0004, 98.438, 100.000, 0.984, 0.373, 
[165] Train acc: 0.9844, Constr acc: 0.8438, CE loss: 0.037, DL2 loss: 1.538
8, 179, 0.0372, 0.0005, 98.438, 100.000, 0.970, 0.457, 
[180] Train acc: 0.9844, Constr acc: 0.9688, CE loss: 0.041, DL2 loss: 0.885
8, 178, 0.0408, 0.0004, 98.438, 100.000, 0.984, 0.399, 
[195] Train acc: 0.9844, Constr acc: 0.9375, CE loss: 0.092, DL2 loss: 0.627
8, 177, 0.0916, 0.0004, 98.438, 100.000, 0.984, 0.394, 
[210] Train acc: 1.0000, Constr acc: 0.8438, CE loss: 0.029, DL2 loss: 1.817
8, 176, 0.0286, 0.0004, 100.000, 100.000, 0.984, 0.388, 
[225] Train acc: 1.0000, Constr acc: 0.9062, CE loss: 0.013, DL2 loss: 0.414
8, 175, 0.0134, 0.0004, 100.000, 100.000, 0.983, 0.404, 
[240] Train acc: 0.9844, Constr acc: 0.8438, CE loss: 0.090, DL2 loss: 1.555
8, 174, 0.0900, 0.0004, 98.438, 100.000, 0.982, 0.379, 
[255] Train acc: 0.9844, Constr acc: 0.9062, CE loss: 0.056, DL2 loss: 1.674
8, 173, 0.0556, 0.0004, 98.438, 100.000, 0.981, 0.384, 
[270] Train acc: 0.9688, Constr acc: 0.9375, CE loss: 0.061, DL2 loss: 0.457
8, 172, 0.0610, 0.0005, 96.875, 100.000, 0.980, 0.425, 
[285] Train acc: 0.9844, Constr acc: 0.9375, CE loss: 0.060, DL2 loss: 0.400
8, 171, 0.0603, 0.0005, 98.438, 100.000, 0.985, 0.443, 
[300] Train acc: 0.9688, Constr acc: 0.9375, CE loss: 0.065, DL2 loss: 0.308
8, 170, 0.0655, 0.0004, 96.875, 100.000, 0.984, 0.423, 
[315] Train acc: 0.9531, Constr acc: 0.9062, CE loss: 0.086, DL2 loss: 0.938
8, 169, 0.0863, 0.0005, 95.312, 100.000, 0.981, 0.459, 
[330] Train acc: 1.0000, Constr acc: 0.9688, CE loss: 0.025, DL2 loss: 0.010
8, 168, 0.0255, 0.0005, 100.000, 100.000, 0.985, 0.436, 
[345] Train acc: 1.0000, Constr acc: 0.9062, CE loss: 0.024, DL2 loss: 1.300
8, 167, 0.0235, 0.0005, 100.000, 100.000, 0.972, 0.460, 
[360] Train acc: 0.9375, Constr acc: 0.8750, CE loss: 0.270, DL2 loss: 0.951
8, 166, 0.2695, 0.0005, 93.750, 100.000, 0.981, 0.501, 
[375] Train acc: 0.9688, Constr acc: 0.9688, CE loss: 0.056, DL2 loss: 0.556
8, 165, 0.0557, 0.0005, 96.875, 100.000, 0.985, 0.458, 
[390] Train acc: 0.9844, Constr acc: 0.9375, CE loss: 0.044, DL2 loss: 0.454
8, 164, 0.0443, 0.0004, 98.438, 100.000, 0.983, 0.428, 
[405] Train acc: 1.0000, Constr acc: 0.9375, CE loss: 0.030, DL2 loss: 0.600
8, 163, 0.0303, 0.0005, 100.000, 100.000, 0.979, 0.437, 
[420] Train acc: 1.0000, Constr acc: 0.9062, CE loss: 0.026, DL2 loss: 1.017
8, 162, 0.0259, 0.0005, 100.000, 100.000, 0.983, 0.453, 
[435] Train acc: 0.9531, Constr acc: 0.9062, CE loss: 0.217, DL2 loss: 1.246
8, 161, 0.2167, 0.0005, 95.312, 100.000, 0.983, 0.544, 
[450] Train acc: 0.9844, Constr acc: 0.8750, CE loss: 0.054, DL2 loss: 1.750
8, 160, 0.0541, 0.0005, 98.438, 100.000, 0.969, 0.534, 
[465] Train acc: 0.9375, Constr acc: 0.9062, CE loss: 0.142, DL2 loss: 0.607
8, 159, 0.1420, 0.0005, 93.750, 100.000, 0.982, 0.518, 
[480] Train acc: 1.0000, Constr acc: 0.8750, CE loss: 0.031, DL2 loss: 1.213
8, 158, 0.0314, 0.0005, 100.000, 100.000, 0.977, 0.506, 
[495] Train acc: 1.0000, Constr acc: 0.9688, CE loss: 0.018, DL2 loss: 0.289
8, 157, 0.0183, 0.0005, 100.000, 100.000, 0.984, 0.492, 
[510] Train acc: 1.0000, Constr acc: 1.0000, CE loss: 0.011, DL2 loss: 0.000
8, 156, 0.0108, 0.0004, 100.000, 100.000, 0.981, 0.429, 
[525] Train acc: 0.9844, Constr acc: 0.9688, CE loss: 0.039, DL2 loss: 0.175
8, 155, 0.0392, 0.0005, 98.438, 100.000, 0.984, 0.437, 
[540] Train acc: 0.9844, Constr acc: 0.8438, CE loss: 0.074, DL2 loss: 1.238
8, 154, 0.0742, 0.0005, 98.438, 100.000, 0.982, 0.437, 
[555] Train acc: 0.9688, Constr acc: 0.9375, CE loss: 0.094, DL2 loss: 0.772
8, 153, 0.0935, 0.0005, 96.875, 100.000, 0.980, 0.447, 
[570] Train acc: 1.0000, Constr acc: 0.9375, CE loss: 0.020, DL2 loss: 1.069
8, 152, 0.0200, 0.0005, 100.000, 100.000, 0.984, 0.489, 
[585] Train acc: 1.0000, Constr acc: 0.9375, CE loss: 0.023, DL2 loss: 0.894
8, 151, 0.0235, 0.0005, 100.000, 100.000, 0.983, 0.470, 
[600] Train acc: 0.9531, Constr acc: 0.9062, CE loss: 0.108, DL2 loss: 0.901
8, 150, 0.1077, 0.0005, 95.312, 100.000, 0.983, 0.426, 
[615] Train acc: 0.9844, Constr acc: 0.9062, CE loss: 0.064, DL2 loss: 0.394
8, 149, 0.0644, 0.0005, 98.438, 100.000, 0.979, 0.432, 
[630] Train acc: 0.9531, Constr acc: 0.8438, CE loss: 0.110, DL2 loss: 2.230
8, 148, 0.1100, 0.0005, 95.312, 100.000, 0.975, 0.478, 
[645] Train acc: 0.9844, Constr acc: 0.9062, CE loss: 0.099, DL2 loss: 1.018
8, 147, 0.0986, 0.0005, 98.438, 100.000, 0.983, 0.466, 
[660] Train acc: 0.9688, Constr acc: 0.8125, CE loss: 0.106, DL2 loss: 1.496
8, 146, 0.1064, 0.0005, 96.875, 100.000, 0.979, 0.526, 
[675] Train acc: 0.9844, Constr acc: 0.9062, CE loss: 0.067, DL2 loss: 1.214
8, 145, 0.0675, 0.0005, 98.438, 100.000, 0.983, 0.558, 
[690] Train acc: 1.0000, Constr acc: 0.8438, CE loss: 0.036, DL2 loss: 2.246
8, 144, 0.0364, 0.0005, 100.000, 100.000, 0.983, 0.485, 
[705] Train acc: 0.9688, Constr acc: 0.9688, CE loss: 0.165, DL2 loss: 0.033
8, 143, 0.1651, 0.0006, 96.875, 100.000, 0.980, 0.588, 
[720] Train acc: 0.9688, Constr acc: 0.9375, CE loss: 0.091, DL2 loss: 0.710
8, 142, 0.0907, 0.0005, 96.875, 100.000, 0.972, 0.535, 
[735] Train acc: 0.9844, Constr acc: 0.9062, CE loss: 0.057, DL2 loss: 1.307
8, 141, 0.0570, 0.0005, 98.438, 100.000, 0.975, 0.544, 
[750] Train acc: 0.9531, Constr acc: 0.9375, CE loss: 0.112, DL2 loss: 0.287
8, 140, 0.1121, 0.0005, 95.312, 100.000, 0.985, 0.502, 
[765] Train acc: 1.0000, Constr acc: 0.7500, CE loss: 0.040, DL2 loss: 1.972
8, 139, 0.0399, 0.0005, 100.000, 100.000, 0.985, 0.472, 
[780] Train acc: 0.9844, Constr acc: 0.8750, CE loss: 0.049, DL2 loss: 0.465
8, 138, 0.0488, 0.0005, 98.438, 100.000, 0.985, 0.507, 
[795] Train acc: 1.0000, Constr acc: 0.8438, CE loss: 0.015, DL2 loss: 2.073
8, 137, 0.0155, 0.0005, 100.000, 100.000, 0.983, 0.486, 
[810] Train acc: 0.9688, Constr acc: 1.0000, CE loss: 0.125, DL2 loss: 0.000
8, 136, 0.1255, 0.0005, 96.875, 100.000, 0.984, 0.529, 
[825] Train acc: 0.9844, Constr acc: 0.9375, CE loss: 0.070, DL2 loss: 0.767
8, 135, 0.0697, 0.0005, 98.438, 100.000, 0.978, 0.501, 
[840] Train acc: 1.0000, Constr acc: 0.9375, CE loss: 0.033, DL2 loss: 0.564
8, 134, 0.0326, 0.0005, 100.000, 100.000, 0.980, 0.547, 
[855] Train acc: 0.9688, Constr acc: 0.8438, CE loss: 0.072, DL2 loss: 2.058
8, 133, 0.0716, 0.0005, 96.875, 100.000, 0.986, 0.460, 
[870] Train acc: 1.0000, Constr acc: 0.8438, CE loss: 0.077, DL2 loss: 1.510
8, 132, 0.0775, 0.0005, 100.000, 100.000, 0.986, 0.490, 
[885] Train acc: 0.9844, Constr acc: 0.8438, CE loss: 0.061, DL2 loss: 1.677
8, 131, 0.0605, 0.0005, 98.438, 100.000, 0.984, 0.473, 
[900] Train acc: 0.9688, Constr acc: 0.9688, CE loss: 0.100, DL2 loss: 0.027
8, 130, 0.0996, 0.0005, 96.875, 98.438, 0.986, 0.451, 
[915] Train acc: 0.9844, Constr acc: 0.8438, CE loss: 0.067, DL2 loss: 1.748
8, 129, 0.0670, 0.0005, 98.438, 100.000, 0.983, 0.540, 
[930] Train acc: 1.0000, Constr acc: 0.9375, CE loss: 0.035, DL2 loss: 0.313
8, 128, 0.0348, 0.0005, 100.000, 100.000, 0.978, 0.488, 
[0] Train acc: 0.9688, Constr acc: 0.8125, CE loss: 0.146, DL2 loss: 2.490
9, 127, 0.1465, 0.0005, 96.875, 100.000, 0.982, 0.530, 
[15] Train acc: 0.9844, Constr acc: 0.8438, CE loss: 0.052, DL2 loss: 2.410
9, 126, 0.0517, 0.0005, 98.438, 100.000, 0.984, 0.515, 
[30] Train acc: 0.9844, Constr acc: 0.8125, CE loss: 0.044, DL2 loss: 2.607
9, 125, 0.0437, 0.0005, 98.438, 100.000, 0.980, 0.561, 
[45] Train acc: 0.9688, Constr acc: 0.9062, CE loss: 0.112, DL2 loss: 0.644
9, 124, 0.1116, 0.0005, 96.875, 100.000, 0.983, 0.495, 
[60] Train acc: 0.9844, Constr acc: 0.9062, CE loss: 0.048, DL2 loss: 0.982
9, 123, 0.0482, 0.0005, 98.438, 100.000, 0.980, 0.591, 
[75] Train acc: 0.9844, Constr acc: 0.9375, CE loss: 0.049, DL2 loss: 0.170
9, 122, 0.0486, 0.0005, 98.438, 100.000, 0.978, 0.496, 
[90] Train acc: 1.0000, Constr acc: 0.8438, CE loss: 0.032, DL2 loss: 0.666
9, 121, 0.0318, 0.0005, 100.000, 100.000, 0.981, 0.570, 
[105] Train acc: 1.0000, Constr acc: 0.9062, CE loss: 0.038, DL2 loss: 1.204
9, 120, 0.0377, 0.0005, 100.000, 100.000, 0.983, 0.521, 
[120] Train acc: 1.0000, Constr acc: 0.9062, CE loss: 0.055, DL2 loss: 1.116
9, 119, 0.0545, 0.0005, 100.000, 100.000, 0.984, 0.480, 
[135] Train acc: 0.9844, Constr acc: 0.8750, CE loss: 0.091, DL2 loss: 0.446
9, 118, 0.0908, 0.0006, 98.438, 100.000, 0.970, 0.637, 
[150] Train acc: 0.9531, Constr acc: 0.9688, CE loss: 0.110, DL2 loss: 0.419
9, 117, 0.1105, 0.0006, 95.312, 100.000, 0.974, 0.639, 
[165] Train acc: 0.9844, Constr acc: 0.9688, CE loss: 0.057, DL2 loss: 0.350
9, 116, 0.0573, 0.0005, 98.438, 100.000, 0.982, 0.540, 
[180] Train acc: 1.0000, Constr acc: 0.9062, CE loss: 0.051, DL2 loss: 1.685
9, 115, 0.0513, 0.0005, 100.000, 100.000, 0.980, 0.564, 
[195] Train acc: 0.9688, Constr acc: 0.9375, CE loss: 0.068, DL2 loss: 0.464
9, 114, 0.0678, 0.0006, 96.875, 100.000, 0.981, 0.608, 
[210] Train acc: 0.9844, Constr acc: 0.8438, CE loss: 0.068, DL2 loss: 1.947
9, 113, 0.0680, 0.0006, 98.438, 100.000, 0.979, 0.578, 
[225] Train acc: 0.8906, Constr acc: 0.9062, CE loss: 0.237, DL2 loss: 0.236
9, 112, 0.2367, 0.0005, 89.062, 100.000, 0.978, 0.548, 
[240] Train acc: 0.9844, Constr acc: 0.9062, CE loss: 0.088, DL2 loss: 0.949
9, 111, 0.0875, 0.0006, 98.438, 100.000, 0.950, 0.603, 
[255] Train acc: 1.0000, Constr acc: 0.9062, CE loss: 0.059, DL2 loss: 0.757
9, 110, 0.0595, 0.0006, 100.000, 100.000, 0.975, 0.641, 
[270] Train acc: 0.9375, Constr acc: 0.9375, CE loss: 0.174, DL2 loss: 0.174
9, 109, 0.1741, 0.0005, 93.750, 100.000, 0.974, 0.544, 
[285] Train acc: 0.9844, Constr acc: 0.8750, CE loss: 0.110, DL2 loss: 1.785
9, 108, 0.1102, 0.0005, 98.438, 100.000, 0.973, 0.468, 
[300] Train acc: 0.9688, Constr acc: 0.9688, CE loss: 0.075, DL2 loss: 0.574
9, 107, 0.0748, 0.0005, 96.875, 100.000, 0.980, 0.538, 
[315] Train acc: 0.9844, Constr acc: 0.8438, CE loss: 0.108, DL2 loss: 2.458
9, 106, 0.1082, 0.0005, 98.438, 100.000, 0.981, 0.526, 
[330] Train acc: 0.9844, Constr acc: 0.8750, CE loss: 0.060, DL2 loss: 0.900
9, 105, 0.0596, 0.0005, 98.438, 100.000, 0.982, 0.501, 
[345] Train acc: 0.9844, Constr acc: 0.9688, CE loss: 0.051, DL2 loss: 0.184
9, 104, 0.0514, 0.0005, 98.438, 100.000, 0.981, 0.567, 
[360] Train acc: 0.9844, Constr acc: 0.9688, CE loss: 0.092, DL2 loss: 0.292
9, 103, 0.0919, 0.0005, 98.438, 100.000, 0.977, 0.550, 
[375] Train acc: 1.0000, Constr acc: 0.9688, CE loss: 0.038, DL2 loss: 0.176
9, 102, 0.0378, 0.0005, 100.000, 100.000, 0.974, 0.514, 
[390] Train acc: 0.9844, Constr acc: 0.8750, CE loss: 0.062, DL2 loss: 1.086
9, 101, 0.0616, 0.0006, 98.438, 100.000, 0.979, 0.598, 
[405] Train acc: 1.0000, Constr acc: 0.7812, CE loss: 0.044, DL2 loss: 1.527
9, 100, 0.0443, 0.0006, 100.000, 100.000, 0.978, 0.578, 
[420] Train acc: 1.0000, Constr acc: 0.9062, CE loss: 0.038, DL2 loss: 0.629
9, 99, 0.0381, 0.0005, 100.000, 100.000, 0.980, 0.515, 
[435] Train acc: 1.0000, Constr acc: 0.9688, CE loss: 0.030, DL2 loss: 0.524
9, 98, 0.0296, 0.0005, 100.000, 100.000, 0.973, 0.507, 
[450] Train acc: 0.9688, Constr acc: 0.9375, CE loss: 0.073, DL2 loss: 0.203
9, 97, 0.0730, 0.0005, 96.875, 100.000, 0.982, 0.515, 
[465] Train acc: 0.9688, Constr acc: 0.9375, CE loss: 0.124, DL2 loss: 0.725
9, 96, 0.1241, 0.0005, 96.875, 100.000, 0.974, 0.533, 
[480] Train acc: 0.9688, Constr acc: 0.8750, CE loss: 0.064, DL2 loss: 1.181
9, 95, 0.0644, 0.0005, 96.875, 100.000, 0.981, 0.563, 
[495] Train acc: 0.9844, Constr acc: 0.8125, CE loss: 0.061, DL2 loss: 1.394
9, 94, 0.0606, 0.0005, 98.438, 100.000, 0.977, 0.549, 
[510] Train acc: 0.9688, Constr acc: 0.8438, CE loss: 0.095, DL2 loss: 2.374
9, 93, 0.0946, 0.0006, 96.875, 100.000, 0.971, 0.597, 
[525] Train acc: 0.9375, Constr acc: 0.8438, CE loss: 0.251, DL2 loss: 2.169
9, 92, 0.2507, 0.0006, 93.750, 98.438, 0.982, 0.602, 
[540] Train acc: 0.9688, Constr acc: 0.8750, CE loss: 0.075, DL2 loss: 2.149
9, 91, 0.0747, 0.0006, 96.875, 100.000, 0.980, 0.619, 
[555] Train acc: 0.9531, Constr acc: 0.9062, CE loss: 0.134, DL2 loss: 0.577
9, 90, 0.1345, 0.0006, 95.312, 100.000, 0.975, 0.644, 
[570] Train acc: 0.9688, Constr acc: 0.9062, CE loss: 0.109, DL2 loss: 0.670
9, 89, 0.1091, 0.0006, 96.875, 100.000, 0.945, 0.549, 
[585] Train acc: 0.9844, Constr acc: 0.8125, CE loss: 0.037, DL2 loss: 1.578
9, 88, 0.0371, 0.0005, 98.438, 100.000, 0.980, 0.532, 
[600] Train acc: 0.9688, Constr acc: 0.8125, CE loss: 0.071, DL2 loss: 2.019
9, 87, 0.0705, 0.0005, 96.875, 100.000, 0.978, 0.525, 
[615] Train acc: 0.9688, Constr acc: 0.9062, CE loss: 0.079, DL2 loss: 1.567
9, 86, 0.0792, 0.0006, 96.875, 100.000, 0.977, 0.633, 
[630] Train acc: 1.0000, Constr acc: 0.7812, CE loss: 0.039, DL2 loss: 2.108
9, 85, 0.0394, 0.0006, 100.000, 100.000, 0.979, 0.590, 
[645] Train acc: 0.9688, Constr acc: 0.9062, CE loss: 0.057, DL2 loss: 1.859
9, 84, 0.0568, 0.0005, 96.875, 100.000, 0.971, 0.563, 
[660] Train acc: 0.9844, Constr acc: 0.8125, CE loss: 0.110, DL2 loss: 3.204
9, 83, 0.1104, 0.0006, 98.438, 100.000, 0.975, 0.625, 
[675] Train acc: 0.9062, Constr acc: 0.9062, CE loss: 0.234, DL2 loss: 0.454
9, 82, 0.2339, 0.0005, 90.625, 100.000, 0.974, 0.578, 
[690] Train acc: 1.0000, Constr acc: 0.9688, CE loss: 0.025, DL2 loss: 0.184
9, 81, 0.0245, 0.0005, 100.000, 100.000, 0.980, 0.570, 
[705] Train acc: 1.0000, Constr acc: 0.9062, CE loss: 0.044, DL2 loss: 1.046
9, 80, 0.0436, 0.0005, 100.000, 100.000, 0.974, 0.581, 
[720] Train acc: 0.9688, Constr acc: 0.9375, CE loss: 0.122, DL2 loss: 0.686
9, 79, 0.1222, 0.0005, 96.875, 100.000, 0.980, 0.505, 
[735] Train acc: 0.9375, Constr acc: 0.9062, CE loss: 0.191, DL2 loss: 1.367
9, 78, 0.1907, 0.0006, 93.750, 100.000, 0.959, 0.629, 
[750] Train acc: 0.9844, Constr acc: 0.8438, CE loss: 0.087, DL2 loss: 1.206
9, 77, 0.0872, 0.0006, 98.438, 100.000, 0.959, 0.540, 
[765] Train acc: 0.9844, Constr acc: 0.8438, CE loss: 0.086, DL2 loss: 1.237
9, 76, 0.0863, 0.0006, 98.438, 100.000, 0.966, 0.586, 
[780] Train acc: 0.9688, Constr acc: 0.9062, CE loss: 0.101, DL2 loss: 0.636
9, 75, 0.1011, 0.0005, 96.875, 100.000, 0.976, 0.540, 
[795] Train acc: 0.9688, Constr acc: 0.9062, CE loss: 0.133, DL2 loss: 1.172
9, 74, 0.1326, 0.0006, 96.875, 100.000, 0.978, 0.614, 
[810] Train acc: 0.9844, Constr acc: 0.9062, CE loss: 0.060, DL2 loss: 0.977
9, 73, 0.0595, 0.0006, 98.438, 100.000, 0.974, 0.612, 
[825] Train acc: 0.9531, Constr acc: 0.9688, CE loss: 0.120, DL2 loss: 0.401
9, 72, 0.1203, 0.0006, 95.312, 100.000, 0.970, 0.552, 
[840] Train acc: 0.9844, Constr acc: 0.8438, CE loss: 0.087, DL2 loss: 1.207
9, 71, 0.0868, 0.0006, 98.438, 100.000, 0.972, 0.632, 
[855] Train acc: 0.9688, Constr acc: 0.9062, CE loss: 0.263, DL2 loss: 0.518
9, 70, 0.2627, 0.0006, 96.875, 98.438, 0.975, 0.606, 
[870] Train acc: 0.9531, Constr acc: 0.8125, CE loss: 0.150, DL2 loss: 1.788
9, 69, 0.1498, 0.0006, 95.312, 100.000, 0.969, 0.675, 
[885] Train acc: 0.9844, Constr acc: 0.8750, CE loss: 0.111, DL2 loss: 1.405
9, 68, 0.1111, 0.0007, 98.438, 100.000, 0.931, 0.771, 
[900] Train acc: 0.9844, Constr acc: 0.9062, CE loss: 0.087, DL2 loss: 1.257
9, 67, 0.0870, 0.0006, 98.438, 100.000, 0.976, 0.642, 
[915] Train acc: 0.9531, Constr acc: 0.8750, CE loss: 0.134, DL2 loss: 0.427
9, 66, 0.1344, 0.0006, 95.312, 100.000, 0.977, 0.642, 
[930] Train acc: 0.9531, Constr acc: 0.8125, CE loss: 0.081, DL2 loss: 1.058
9, 65, 0.0805, 0.0006, 95.312, 100.000, 0.974, 0.600, 
[0] Train acc: 0.9844, Constr acc: 0.9375, CE loss: 0.047, DL2 loss: 0.682
10, 65, 0.0471, 0.0006, 98.438, 100.000, 0.972, 0.605, 
[15] Train acc: 0.8906, Constr acc: 0.8750, CE loss: 0.257, DL2 loss: 1.020
10, 64, 0.2569, 0.0005, 89.062, 98.438, 0.972, 0.557, 
[30] Train acc: 1.0000, Constr acc: 0.9375, CE loss: 0.032, DL2 loss: 0.400
10, 63, 0.0319, 0.0006, 100.000, 100.000, 0.977, 0.578, 
[45] Train acc: 0.9688, Constr acc: 0.8750, CE loss: 0.085, DL2 loss: 1.308
10, 62, 0.0848, 0.0006, 96.875, 100.000, 0.978, 0.584, 
[60] Train acc: 0.9844, Constr acc: 0.8750, CE loss: 0.077, DL2 loss: 0.435
10, 61, 0.0770, 0.0006, 98.438, 100.000, 0.969, 0.619, 
[75] Train acc: 0.9688, Constr acc: 0.8750, CE loss: 0.112, DL2 loss: 1.021
10, 60, 0.1118, 0.0006, 96.875, 100.000, 0.973, 0.605, 
[90] Train acc: 0.9531, Constr acc: 0.8750, CE loss: 0.078, DL2 loss: 1.229
10, 59, 0.0778, 0.0006, 95.312, 100.000, 0.971, 0.638, 
[105] Train acc: 0.9688, Constr acc: 0.9688, CE loss: 0.095, DL2 loss: 0.287
10, 58, 0.0950, 0.0006, 96.875, 100.000, 0.974, 0.652, 
[120] Train acc: 0.9688, Constr acc: 0.9062, CE loss: 0.112, DL2 loss: 0.982
10, 57, 0.1122, 0.0006, 96.875, 100.000, 0.961, 0.631, 
[135] Train acc: 0.9688, Constr acc: 0.8750, CE loss: 0.106, DL2 loss: 0.842
10, 56, 0.1062, 0.0006, 96.875, 100.000, 0.955, 0.672, 
[150] Train acc: 0.9844, Constr acc: 0.8125, CE loss: 0.103, DL2 loss: 1.458
10, 55, 0.1027, 0.0006, 98.438, 100.000, 0.973, 0.600, 
[165] Train acc: 0.9688, Constr acc: 0.9688, CE loss: 0.115, DL2 loss: 0.191
10, 54, 0.1155, 0.0006, 96.875, 100.000, 0.974, 0.582, 
[180] Train acc: 0.9688, Constr acc: 0.8750, CE loss: 0.103, DL2 loss: 1.553
10, 53, 0.1030, 0.0006, 96.875, 100.000, 0.963, 0.612, 
[195] Train acc: 0.9531, Constr acc: 0.9375, CE loss: 0.126, DL2 loss: 0.709
10, 52, 0.1263, 0.0006, 95.312, 100.000, 0.974, 0.640, 
[210] Train acc: 0.9688, Constr acc: 0.7812, CE loss: 0.100, DL2 loss: 0.797
10, 51, 0.0996, 0.0006, 96.875, 100.000, 0.969, 0.685, 
[225] Train acc: 1.0000, Constr acc: 0.9688, CE loss: 0.040, DL2 loss: 0.228
10, 50, 0.0403, 0.0006, 100.000, 100.000, 0.967, 0.695, 
[240] Train acc: 0.9531, Constr acc: 0.9375, CE loss: 0.261, DL2 loss: 0.676
10, 49, 0.2607, 0.0007, 95.312, 100.000, 0.954, 0.684, 
[255] Train acc: 0.9375, Constr acc: 0.8750, CE loss: 0.164, DL2 loss: 2.144
10, 48, 0.1637, 0.0006, 93.750, 100.000, 0.968, 0.640, 
[270] Train acc: 0.9219, Constr acc: 0.8750, CE loss: 0.206, DL2 loss: 1.075
10, 47, 0.2055, 0.0007, 92.188, 100.000, 0.947, 0.691, 
[285] Train acc: 0.9844, Constr acc: 0.7812, CE loss: 0.090, DL2 loss: 2.519
10, 46, 0.0905, 0.0006, 98.438, 100.000, 0.959, 0.680, 
[300] Train acc: 0.9844, Constr acc: 0.9062, CE loss: 0.074, DL2 loss: 0.365
10, 45, 0.0739, 0.0006, 98.438, 100.000, 0.955, 0.634, 
[315] Train acc: 0.9375, Constr acc: 0.8750, CE loss: 0.213, DL2 loss: 1.945
10, 44, 0.2133, 0.0006, 93.750, 100.000, 0.961, 0.633, 
[330] Train acc: 0.9531, Constr acc: 0.9688, CE loss: 0.331, DL2 loss: 0.248
10, 43, 0.3314, 0.0007, 95.312, 98.438, 0.966, 0.673, 
[345] Train acc: 0.9531, Constr acc: 0.9375, CE loss: 0.135, DL2 loss: 0.088
10, 42, 0.1352, 0.0007, 95.312, 100.000, 0.956, 0.679, 
[360] Train acc: 0.9688, Constr acc: 0.9375, CE loss: 0.102, DL2 loss: 0.662
10, 41, 0.1016, 0.0007, 96.875, 100.000, 0.959, 0.695, 
[375] Train acc: 1.0000, Constr acc: 0.7812, CE loss: 0.085, DL2 loss: 2.178
10, 40, 0.0847, 0.0007, 100.000, 100.000, 0.963, 0.735, 
[390] Train acc: 0.9688, Constr acc: 0.8750, CE loss: 0.077, DL2 loss: 1.093
10, 39, 0.0768, 0.0007, 96.875, 100.000, 0.964, 0.703, 
[405] Train acc: 1.0000, Constr acc: 0.8750, CE loss: 0.080, DL2 loss: 1.289
10, 38, 0.0799, 0.0006, 100.000, 100.000, 0.959, 0.656, 
[420] Train acc: 0.9844, Constr acc: 0.8750, CE loss: 0.101, DL2 loss: 0.636
10, 37, 0.1012, 0.0007, 98.438, 100.000, 0.921, 0.718, 
[435] Train acc: 0.9531, Constr acc: 0.9062, CE loss: 0.374, DL2 loss: 0.783
10, 36, 0.3741, 0.0007, 95.312, 100.000, 0.954, 0.736, 
[450] Train acc: 0.9531, Constr acc: 0.8438, CE loss: 0.219, DL2 loss: 1.181
10, 35, 0.2190, 0.0008, 95.312, 100.000, 0.916, 0.785, 
[465] Train acc: 0.8906, Constr acc: 0.9062, CE loss: 0.236, DL2 loss: 0.572
10, 34, 0.2359, 0.0007, 89.062, 100.000, 0.952, 0.724, 
[480] Train acc: 0.9062, Constr acc: 0.7812, CE loss: 0.190, DL2 loss: 1.619
10, 33, 0.1903, 0.0007, 90.625, 100.000, 0.939, 0.740, 
[495] Train acc: 0.9531, Constr acc: 0.8750, CE loss: 0.136, DL2 loss: 2.195
10, 32, 0.1365, 0.0007, 95.312, 100.000, 0.952, 0.741, 
[510] Train acc: 0.9219, Constr acc: 0.9062, CE loss: 0.227, DL2 loss: 1.302
10, 31, 0.2265, 0.0007, 92.188, 100.000, 0.920, 0.673, 
[525] Train acc: 0.9531, Constr acc: 0.9062, CE loss: 0.228, DL2 loss: 0.897
10, 30, 0.2282, 0.0008, 95.312, 100.000, 0.940, 0.723, 
[540] Train acc: 0.8906, Constr acc: 0.8125, CE loss: 0.322, DL2 loss: 0.562
10, 29, 0.3220, 0.0007, 89.062, 98.438, 0.951, 0.646, 
[555] Train acc: 0.9219, Constr acc: 0.9062, CE loss: 0.259, DL2 loss: 1.118
10, 28, 0.2586, 0.0008, 92.188, 100.000, 0.910, 0.728, 
[570] Train acc: 0.8594, Constr acc: 0.9688, CE loss: 0.268, DL2 loss: 0.146
10, 27, 0.2683, 0.0008, 85.938, 100.000, 0.933, 0.744, 
[585] Train acc: 0.8750, Constr acc: 0.9062, CE loss: 0.360, DL2 loss: 0.444
10, 26, 0.3597, 0.0008, 87.500, 100.000, 0.939, 0.782, 
[600] Train acc: 0.9219, Constr acc: 0.8125, CE loss: 0.314, DL2 loss: 1.979
10, 25, 0.3136, 0.0008, 92.188, 100.000, 0.902, 0.769, 
[615] Train acc: 0.8594, Constr acc: 0.7812, CE loss: 0.403, DL2 loss: 1.329
10, 24, 0.4033, 0.0009, 85.938, 98.438, 0.841, 0.828, 
[630] Train acc: 0.9219, Constr acc: 0.9688, CE loss: 0.275, DL2 loss: 0.001
10, 23, 0.2750, 0.0008, 92.188, 100.000, 0.902, 0.732, 
[645] Train acc: 0.8906, Constr acc: 0.8125, CE loss: 0.310, DL2 loss: 1.856
10, 22, 0.3097, 0.0008, 89.062, 100.000, 0.896, 0.660, 
[660] Train acc: 0.9062, Constr acc: 0.9062, CE loss: 0.383, DL2 loss: 1.421
10, 21, 0.3827, 0.0008, 90.625, 98.438, 0.906, 0.759, 
[675] Train acc: 0.8281, Constr acc: 0.8125, CE loss: 0.558, DL2 loss: 1.906
10, 20, 0.5577, 0.0010, 82.812, 100.000, 0.752, 0.756, 
[690] Train acc: 0.9375, Constr acc: 0.8125, CE loss: 0.416, DL2 loss: 1.760
10, 19, 0.4158, 0.0009, 93.750, 100.000, 0.846, 0.742, 
[705] Train acc: 0.7500, Constr acc: 0.8125, CE loss: 0.629, DL2 loss: 1.905
10, 18, 0.6290, 0.0012, 75.000, 100.000, 0.664, 0.803, 
[720] Train acc: 0.8906, Constr acc: 0.8438, CE loss: 0.410, DL2 loss: 0.990
10, 17, 0.4100, 0.0010, 89.062, 100.000, 0.815, 0.725, 
[735] Train acc: 0.7500, Constr acc: 0.7188, CE loss: 0.757, DL2 loss: 2.418
10, 16, 0.7575, 0.0011, 75.000, 98.438, 0.759, 0.804, 
[750] Train acc: 0.6719, Constr acc: 0.8125, CE loss: 0.921, DL2 loss: 0.517
10, 15, 0.9214, 0.0013, 67.188, 95.312, 0.700, 0.857, 
[765] Train acc: 0.5625, Constr acc: 0.4375, CE loss: 1.292, DL2 loss: 3.082
10, 14, 1.2924, 0.0015, 56.250, 82.812, 0.520, 0.891, 
[780] Train acc: 0.3281, Constr acc: 0.3750, CE loss: 1.605, DL2 loss: 6.794
10, 13, 1.6049, 0.0017, 32.812, 87.500, 0.293, 0.946, 
[795] Train acc: 0.2188, Constr acc: 0.3438, CE loss: 2.050, DL2 loss: 8.064
10, 12, 2.0500, 0.0021, 21.875, 78.125, 0.196, 1.000, 
[810] Train acc: 0.1250, Constr acc: 0.2188, CE loss: 2.411, DL2 loss: 6.823
10, 11, 2.4107, 0.0020, 12.500, 84.375, 0.158, 0.955, 
[825] Train acc: 0.2500, Constr acc: 0.3750, CE loss: 2.112, DL2 loss: 5.488
10, 10, 2.1123, 0.0020, 25.000, 84.375, 0.171, 0.967, 
[840] Train acc: 0.1562, Constr acc: 0.2500, CE loss: 2.012, DL2 loss: 11.644
10, 9, 2.0120, 0.0020, 15.625, 92.188, 0.187, 0.976, 
[855] Train acc: 0.1562, Constr acc: 0.2812, CE loss: 2.384, DL2 loss: 8.392
10, 8, 2.3841, 0.0020, 15.625, 92.188, 0.207, 0.979, 
[870] Train acc: 0.1719, Constr acc: 0.3125, CE loss: 2.156, DL2 loss: 9.333
10, 7, 2.1561, 0.0020, 17.188, 90.625, 0.223, 0.987, 
[885] Train acc: 0.3281, Constr acc: 0.1875, CE loss: 2.152, DL2 loss: 6.542
10, 6, 2.1518, 0.0020, 32.812, 87.500, 0.203, 0.999, 
[900] Train acc: 0.2031, Constr acc: 0.1562, CE loss: 2.108, DL2 loss: 8.993
10, 5, 2.1079, 0.0021, 20.312, 90.625, 0.216, 1.000, 
[915] Train acc: 0.1250, Constr acc: 0.0625, CE loss: 2.313, DL2 loss: 15.534
10, 4, 2.3127, 0.0024, 12.500, 54.688, 0.101, 1.000, 
[930] Train acc: 0.1094, Constr acc: 0.0938, CE loss: 2.385, DL2 loss: 12.946
10, 3, 2.3847, 0.0023, 10.938, 43.750, 0.101, 1.000, 
