main_confusion.py --pruning=True --tensorboard=True --log-interval=150 --pruning_config=./configs/mnist_22_15.json --constraint RobustnessT(eps1=7.8, eps2=2.9) --confusion=True --print-conf-after-epoch=6 --print-after-epoch=6
pruning_engine.load_mask(): did not find mask file, will load nothing
epoch, neuron_units, loss, dl2_loss, top1, top5, dl2_p_acc, dl2_constraint_acc
1, 252, 2.2927, 0.0000, 14.062, 59.375, 0.000, 0.000, 
1, 252, 1.3584, 0.0000, 68.750, 95.312, 0.000, 0.000, 
1, 252, 0.4780, 0.0000, 87.500, 100.000, 0.000, 0.000, 
1, 252, 0.3935, 0.0000, 87.500, 100.000, 0.000, 0.000, 
1, 252, 0.4792, 0.0000, 87.500, 98.438, 0.000, 0.000, 
1, 252, 0.1806, 0.0000, 95.312, 100.000, 0.000, 0.000, 
1, 252, 0.2805, 0.0000, 89.062, 100.000, 0.000, 0.000, 
2, 252, 0.3480, 0.0000, 89.062, 98.438, 0.000, 0.000, 
2, 252, 0.4144, 0.0000, 87.500, 98.438, 0.000, 0.000, 
2, 252, 0.3266, 0.0000, 90.625, 100.000, 0.000, 0.000, 
2, 252, 0.2191, 0.0000, 92.188, 100.000, 0.000, 0.000, 
2, 252, 0.4076, 0.0000, 92.188, 98.438, 0.000, 0.000, 
2, 252, 0.1866, 0.0000, 93.750, 100.000, 0.000, 0.000, 
2, 252, 0.3763, 0.0000, 84.375, 100.000, 0.000, 0.000, 
3, 252, 0.3093, 0.0000, 89.062, 100.000, 0.000, 0.000, 
3, 252, 0.2513, 0.0000, 92.188, 98.438, 0.000, 0.000, 
3, 252, 0.2054, 0.0000, 92.188, 100.000, 0.000, 0.000, 
3, 252, 0.2048, 0.0000, 93.750, 100.000, 0.000, 0.000, 
3, 252, 0.2478, 0.0000, 96.875, 98.438, 0.000, 0.000, 
3, 252, 0.0771, 0.0000, 98.438, 100.000, 0.000, 0.000, 
3, 252, 0.1959, 0.0000, 93.750, 100.000, 0.000, 0.000, 
4, 252, 0.1305, 0.0000, 95.312, 100.000, 0.000, 0.000, 
4, 252, 0.2266, 0.0000, 92.188, 100.000, 0.000, 0.000, 
4, 252, 0.1302, 0.0000, 95.312, 100.000, 0.000, 0.000, 
4, 252, 0.0839, 0.0000, 95.312, 100.000, 0.000, 0.000, 
4, 252, 0.0541, 0.0000, 98.438, 100.000, 0.000, 0.000, 
4, 252, 0.0669, 0.0000, 96.875, 100.000, 0.000, 0.000, 
4, 252, 0.2039, 0.0000, 93.750, 100.000, 0.000, 0.000, 
5, 252, 0.0362, 0.0000, 98.438, 100.000, 0.000, 0.000, 
5, 252, 0.1599, 0.0000, 96.875, 100.000, 0.000, 0.000, 
5, 252, 0.0325, 0.0000, 98.438, 100.000, 0.000, 0.000, 
5, 252, 0.2110, 0.0000, 89.062, 100.000, 0.000, 0.000, 
5, 252, 0.1123, 0.0000, 96.875, 100.000, 0.000, 0.000, 
5, 252, 0.0547, 0.0000, 98.438, 100.000, 0.000, 0.000, 
5, 252, 0.1664, 0.0000, 93.750, 100.000, 0.000, 0.000, 
6, 252, 0.0534, 0.0000, 98.438, 100.000, 0.000, 0.000, 
6, 252, 0.0152, 0.0000, 100.000, 100.000, 0.000, 0.000, 
6, 252, 0.0977, 0.0000, 93.750, 100.000, 0.000, 0.000, 
6, 252, 0.0509, 0.0000, 98.438, 100.000, 0.000, 0.000, 
6, 252, 0.1862, 0.0000, 96.875, 100.000, 0.000, 0.000, 
6, 252, 0.0956, 0.0000, 96.875, 100.000, 0.000, 0.000, 
6, 252, 0.1271, 0.0000, 98.438, 100.000, 0.000, 0.000, 
7, 252, 0.1728, 0.0051, 95.312, 100.000, 0.965, 0.997, 
******************************
[[5882    1   26   10   10   17   44   15   21   19]
 [   1 6639   27    1    8    3    7   14   24    6]
 [   2   26 5681   12    4    2    1   31    6    0]
 [   5   27   86 6024    1   78    0   75   60   52]
 [   1    7   12    0 5592    2   16   14    6   20]
 [   3    0    2   19    0 5237   31    2   17   18]
 [   8    4    5    1   14   15 5799    0   13    1]
 [   2    9   25   12    6    0    0 5950    2   18]
 [  10   20   83   25   11   35   20   21 5632   17]
 [   9    9   11   27  196   32    0  143   70 5798]]
7, 241, 0.1391, 0.0052, 98.438, 100.000, 0.966, 0.997, 
******************************
[[5852    1    8    6   11   11   30   10   13   19]
 [   1 6610    8    3   15    3    5   14   12   11]
 [  19   54 5856   51   18    7    3   72   26    0]
 [   3    5   21 5919    2   24    0   19   23   43]
 [   1    6    4    0 5593    1    9   13    3   23]
 [  12    0    0   57    3 5316   47    9   16   46]
 [  12    4    1    1   29   12 5793    0    6    0]
 [   0   13   16   23    6    0    0 6046    2   25]
 [  18   47   38   48   25   33   31   24 5732   38]
 [   5    2    6   23  140   14    0   58   18 5744]]
7, 231, 0.0273, 0.0046, 100.000, 100.000, 0.975, 0.994, 
******************************
[[5830    0    7   10    3   11   27    1   11   14]
 [   3 6668   22    9    7    7    9   21   35   12]
 [  23   38 5856   64    8    6    3   55   31    0]
 [   0    2    9 5852    0   16    0    9   16   14]
 [   2   12    4    1 5728    5   23   19    9   45]
 [   8    1    3   65    0 5300   46    1   18   21]
 [  15    3    2    1    8   11 5792    0   16    0]
 [  12    7   28   24    5    5    0 6095    9   40]
 [  19    9   22   46    6   29   18   12 5651   12]
 [  11    2    5   59   77   31    0   52   55 5791]]
7, 221, 0.0706, 0.0045, 96.875, 100.000, 0.975, 0.994, 
******************************
[[5870    0    9    9    4   14   39    1   19   31]
 [   2 6652   12    4    6    6    9   10   40   10]
 [  16   44 5840   46   10    4    9   25   52    3]
 [   2    5   23 5985    0   59    1    4   64   53]
 [   4   15    4    1 5772    5   29   16   17  107]
 [   2    0    0   20    0 5283   43    1   21   29]
 [   9    3    1    1    7   12 5778    0   22    1]
 [  10   15   58   36   12   10    0 6194   23  125]
 [   6    8   10   15    3   17   10    7 5573   17]
 [   2    0    1   14   28   11    0    7   20 5573]]
7, 211, 0.0679, 0.0042, 96.875, 100.000, 0.978, 0.995, 
******************************
[[5831    0    8    6    4    5   15    4   13   14]
 [   4 6674   22    7   26    8   21   25   44   12]
 [  19   38 5863   51   10    4    4   48   37    1]
 [   0    3   17 5959    1   28    0   19   50   30]
 [   1    6    3    0 5648    3   12   13    7   21]
 [  14    0    3   41    0 5314   32    4   19   25]
 [  24    2    1    1   14   15 5820    0   22    1]
 [   4    9   18   21    8    3    0 6088    4   24]
 [  16    7   17   19    7   20   14   11 5607   11]
 [  10    3    6   26  124   21    0   53   48 5810]]
7, 201, 0.1213, 0.0044, 95.312, 100.000, 0.974, 0.994, 
******************************
[[5855    0   11   11    5    6   16    3   16   17]
 [   2 6662   29    4    5    4    7   11   30    8]
 [   2   31 5775   41    1    3    1   20   15    0]
 [   0    2   18 5879    0   20    0    3    9   18]
 [   5   12   16    2 5784   10   19   21   16  108]
 [   6    0    3   47    0 5260    8    1   11   18]
 [  30    3    3    1    8   28 5844    0   23    1]
 [   6   13   55   38    9    2    0 6176   16   50]
 [  11   18   42   76    4   61   23    9 5697   25]
 [   6    1    6   32   26   27    0   21   18 5704]]
7, 191, 0.0508, 0.0046, 96.875, 100.000, 0.970, 0.995, 
******************************
[[5879    0   10   14    5   18   23   11   26   30]
 [   1 6652   13    7    6    5    5   15   30   10]
 [   7   44 5881   82    7    5    4   59   45    1]
 [   0    2    8 5885    0   25    0    2   11   33]
 [   4   15    9    2 5790    8   18   29   13  164]
 [   5    0    1   34    0 5258    8    2    9   20]
 [  17    3    1    1    9   40 5846    0   28    1]
 [   0   11   21   28    5    1    0 6115    3   40]
 [   7   15   13   58    4   41   14   10 5674   30]
 [   3    0    1   20   16   20    0   22   12 5620]]
8, 189, 0.0509, 0.0046, 98.438, 100.000, 0.975, 0.995, 
******************************
[[5841    0    6    5    5    7   15    6   17   21]
 [   1 6636    3    3   12    4    4   10   29    9]
 [  32   60 5909   95   23    8    5   81   93    4]
 [   4    3   10 5939    2   32    0    4   30   60]
 [   1    7    2    0 5697    2   10   11    6   42]
 [   7    0    0   28    0 5297   13    3   14   31]
 [  27    7    1    1   19   33 5861    0   32    2]
 [   2   16   18   24   11    2    0 6130    7   61]
 [   7   13    8   22    5   25   10    7 5606   24]
 [   1    0    1   14   68   11    0   13   17 5695]]
8, 179, 0.1173, 0.0046, 95.312, 100.000, 0.976, 0.995, 
******************************
[[5836    0   10    3    5    3   16    4   10   11]
 [   5 6668   22    1   26    9   25   14   36    8]
 [   5   28 5784   18    7    4    3   25   19    0]
 [   3   11   62 6012    1   35    0   34   58   34]
 [   2    6    9    0 5636    3   16   14    9   16]
 [  17    0    0   36    0 5288   31    2   22   12]
 [  19    2    1    1    7   14 5807    0   12    1]
 [   3   12   35   17    6    2    0 6098    6   26]
 [  18   11   25   19    4   24   20   11 5622    6]
 [  15    4   10   24  150   39    0   63   57 5835]]
8, 169, 0.1630, 0.0050, 95.312, 100.000, 0.973, 0.997, 
******************************
[[5839    0    8    7    5    4   26    3   11   14]
 [   2 6649   14    1   19    2    5   16   10   11]
 [  12   37 5844   39    8    4    2   58   25    0]
 [   3    5   24 5939    0   14    0   16   26   25]
 [   2    9    6    0 5731    5   13   20    7   57]
 [  24    0    3   60    0 5334   40    5   22   21]
 [  16    3    2    1   16   15 5816    0   17    1]
 [   3   10   21   20    5    1    0 6089    5   24]
 [  13   28   32   31   11   22   16   17 5702   20]
 [   9    1    4   33   47   20    0   41   26 5776]]
8, 159, 0.0430, 0.0050, 98.438, 100.000, 0.977, 0.996, 
******************************
[[5876    0   16   14    9   24   37    2   19   25]
 [   3 6659   17    5   10    5   13    5   44    7]
 [   3   36 5769   40    0    4    1   17   33    0]
 [   2    4   17 5918    0   39    0    2   22   27]
 [   5    8   22    2 5739    7   16   11   13   47]
 [   4    0    0   25    0 5241   11    1   12    9]
 [  11    2    3    1    9   24 5823    0   25    1]
 [  11   25   92   55   15    8    0 6213   35   93]
 [   5    8   18   37    3   29   17    2 5587    9]
 [   3    0    4   34   57   40    0   12   61 5731]]
8, 149, 0.0994, 0.0054, 96.875, 100.000, 0.972, 0.997, 
******************************
[[5857    0   12   12    4   15   16    8   25   25]
 [   3 6687   25   10   26    4    5   23   56   24]
 [   8   29 5849   68    8    7    2   56   50    0]
 [   2    2   19 5903    1   33    0    5   20   49]
 [   2    3    8    0 5742    5   11   15   10  110]
 [   6    0    0   42    0 5263    5    1   15   24]
 [  33    4    3    1   28   43 5872    0   52    3]
 [   1   10   23   31    9    2    0 6134    6   73]
 [   7    7   16   47    4   34    7   10 5603   32]
 [   4    0    3   17   20   15    0   13   14 5609]]
8, 139, 0.0746, 0.0059, 98.438, 100.000, 0.972, 0.998, 
******************************
[[5773    0    3    3    4    2   20    1    5    8]
 [   2 6603    8    1   13    1    6   10   11    8]
 [  20   57 5810   51    9    4    2   35   29    0]
 [   6   11   22 5908    1   27    0    2   20   39]
 [   2    8   10    1 5718    3   13   13    7   49]
 [  28    1    0   51    0 5313   44    2   23   21]
 [  23    4    2    1   14   13 5804    0   14    1]
 [  19   20   45   33   17    5    0 6173   15   63]
 [  37   38   52   53   11   29   29   12 5688   27]
 [  13    0    6   29   55   24    0   17   39 5733]]
8, 129, 0.1456, 0.0067, 95.312, 100.000, 0.952, 0.999, 
******************************
[[5751    0   11    6    3    3    6    3    6   10]
 [   1 6564   50    2    5    1    2   19    9    9]
 [   8   26 5581   30    4    1    0   21    5    1]
 [   2    4   20 5722    0    6    0    3    9   23]
 [  13   24   39    2 5792    7   15   36   11  200]
 [  17    3    3  167    0 5331   16    5   23   49]
 [  84    6   13    3   16   30 5860    0   34    2]
 [   8   10   79   36    4    1    0 6140    9   54]
 [  33  105  158  137    8   28   19   19 5725   61]
 [   6    0    4   26   10   13    0   19   20 5540]]
9, 126, 0.0620, 0.0070, 98.438, 100.000, 0.957, 0.999, 
******************************
[[5861    1   45   15   11   14   21   22   29   22]
 [   0 6552   32    1    3    1    2   20    8    7]
 [   3   35 5671   30    4    1    1   51    8    0]
 [   1    7   28 5868    0   22    0   20   18   13]
 [   1   16   11    0 5607    3   12   30    6    9]
 [   8    1    0   69    0 5272   12    7   18   15]
 [  24   11    6    1   23   31 5849    0   23    3]
 [   1    8   32   10    1    0    0 5869    2   12]
 [  13  107  113   63   11   37   21   23 5638   17]
 [  11    4   20   74  182   40    0  223  101 5851]]
9, 116, 0.2595, 0.0077, 93.750, 100.000, 0.954, 1.000, 
******************************
[[5849    1   20    5   10   14   46    4   12   10]
 [   0 6532   10    1   11    0    4   11    7    6]
 [   7   69 5694   22   10    2    3   43   22    0]
 [   7   19   76 5980    1   49    0   32   33   34]
 [   1    4    5    0 5389    2   12   12    2    4]
 [  10    1    0   37    0 5233   28    3   10   16]
 [   5    6    2    1   17   14 5772    0    8    0]
 [   5   14   67   16   13    0    0 6059    4   22]
 [  30   91   77   37   23   76   53   24 5702   32]
 [   9    5    7   32  368   31    0   77   51 5825]]
9, 106, 0.2204, 0.0079, 92.188, 100.000, 0.962, 0.999, 
******************************
[[5857    0   10   12    5   17   32    9   32   33]
 [   3 6640   27    9   27    5   19   26   39   22]
 [  10   58 5837   99   12    7    4   84   46    2]
 [   1    2   11 5827    0   36    0    7   13   31]
 [   3   10    5    1 5740    6   28   29    7  128]
 [  12    0    0   50    0 5232   18    3   16   22]
 [  14    2    2    1   12   24 5794    0   21    1]
 [   7    7   39   30    5    1    0 6056    7   48]
 [  14   23   25   74   11   61   23   22 5654   64]
 [   2    0    2   28   30   32    0   29   16 5598]]
9, 96, 0.1226, 0.0081, 96.875, 100.000, 0.968, 0.999, 
******************************
[[5814    0   15    4    3   10   11    6   26   17]
 [   7 6678   73    9   34    6   14   47   77   35]
 [  15   38 5727   48    7    3    2   52   33    1]
 [   3    4   32 5955    1   55    0   35   42   54]
 [   4    8   17    0 5726    5   29   30   10   84]
 [  16    0    0   46    0 5251   21    7   30   36]
 [  41    2    5    3   14   34 5829    0   42    2]
 [   6    6   44   17    3    1    0 6002    4   24]
 [  12    6   40   29    4   28   12   13 5555   27]
 [   5    0    5   20   50   28    0   73   32 5669]]
9, 86, 0.1044, 0.0095, 95.312, 100.000, 0.964, 1.000, 
******************************
[[5812    0   13    8    4   18   23    5   20   18]
 [   2 6645   55    6   18    2   14   20   48   11]
 [  15   45 5677   84    3    4    0   30   23    1]
 [   0    1    8 5629    0   16    0    7    8   14]
 [   5    9   56    3 5738    5   45   27   22   80]
 [  17    0    1  146    0 5282   27    2   50   40]
 [  35    2   10    5   12   27 5797    0   31    1]
 [  18   17   84   68    9    7    0 6135   16   92]
 [  14   23   40   95    6   28   12   12 5595   35]
 [   5    0   14   87   52   32    0   27   38 5657]]
9, 76, 0.1206, 0.0109, 98.438, 100.000, 0.957, 1.000, 
******************************
[[5723    0    3    2    6   10   44    3    7   13]
 [   4 6603   30    2   21    3   20   19   35    7]
 [  52   62 5747   68   11   11    3   32   37    1]
 [   7    6   30 5929    2  147    1    9   39   47]
 [   4    5   22    1 5619    2   50   27   13   29]
 [  23    0    0   15    0 5077   64    1   25   18]
 [  17    1    3    0   12   17 5694    0    5    0]
 [  20   12   70   52   11    2    0 6098    8   80]
 [  66   49   47   35   11   65   42   20 5617   30]
 [   7    4    6   27  149   87    0   56   65 5724]]
9, 66, 0.1061, 0.0109, 98.438, 100.000, 0.957, 1.000, 
******************************
[[5817    0   24    7    2   44   34   12   95   30]
 [   5 6626   25    8   19    8   16   13   67    9]
 [  23   72 5749  163   11   14    4   34   91    3]
 [   4    1   24 5709    0   51    0    8  108   32]
 [   7    7   28    3 5703   10   55   26   31  111]
 [   7    0    0   74    0 5154   28    1  284   60]
 [  39    6    9    1   18   40 5778    0  105    3]
 [  14   23   82   63   13    3    0 6141   20  113]
 [   5    7   13   33    1   26    3    6 4945    6]
 [   2    0    4   70   75   71    0   24  105 5582]]
10, 64, 0.1327, 0.0110, 98.438, 100.000, 0.954, 1.000, 
******************************
[[5825    0   21    9    5   34   71   15   51   29]
 [   6 6606   20    9   23    5   26   16   44    7]
 [  27   75 5782  117   15    8    3   90   72    2]
 [   3    0   35 5805    0   69    0   36  102   46]
 [   3    5   15    1 5628    4   44   20   10   37]
 [  11    0    0   54    0 5092   36    2   54   33]
 [  17    5   10    0   17   25 5712    0   26    2]
 [  16   22   42   30   12    2    0 6037    8   87]
 [  12   29   28   61    6   81   26    9 5430   26]
 [   3    0    5   45  136  101    0   40   54 5680]]
10, 54, 0.2356, 0.0124, 92.188, 100.000, 0.947, 1.000, 
******************************
[[5750    0   35   15    4   41   19   35   42   38]
 [   5 6606   18    7   19    3    4   29   39   19]
 [   5   80 5706  144    9    4    1   61   45    3]
 [   0    0   19 5574    0   39    0   12   25   32]
 [   8   13   45    2 5701    6   30   39   21  130]
 [  13    0    1  191    0 5157   20    1   51   53]
 [ 119    9   32    1   35   72 5831    0  137    5]
 [   4   14   49   46    3    2    0 6020    7   46]
 [  15   19   47   90    6   53   13   13 5439   24]
 [   4    1    6   61   65   44    0   55   45 5599]]
10, 44, 0.2226, 0.0140, 92.188, 100.000, 0.925, 1.000, 
******************************
[[5666    0   26   14    8   15   15   28   22   42]
 [   0 6568   38    3   26    0    8   27   35   18]
 [   8   59 5475   87   10    3    0  104   23    4]
 [   5    0   56 5616    0   64    0   20   58   42]
 [   3    7   34    1 5487    3   20   20    4   78]
 [  42    0    1  178    1 5161   44    7   82   63]
 [ 103   24   40    0   95   68 5816    0   65    7]
 [   5   14   47   36   11    1    0 5825    4   90]
 [  87   68  236  179   30   76   15   37 5521   63]
 [   4    2    5   17  174   30    0  197   37 5542]]
10, 34, 0.2885, 0.0158, 95.312, 100.000, 0.934, 1.000, 
******************************
[[5785    0   47    6   28   29  253   23   62   43]
 [   6 6567   44    3   37    1   26   10   56    8]
 [  38   78 5593  305    5   23    1   96   51    8]
 [   1    6   91 5540    3   81    0   20  103   44]
 [   6   10   29    2 5600    4   54   42   11  174]
 [  19    0    0   62    0 4882   42    1   29   15]
 [  20   23   25    1   15   85 5533    0   70    3]
 [  23   33   77   87   20    8    0 6036   26  177]
 [  18   25   48  101    8  225    9    9 5320   50]
 [   7    0    4   24  126   83    0   28  123 5427]]
10, 24, 0.4767, 0.0188, 89.062, 100.000, 0.896, 1.000, 
******************************
[[5762    1   70    4   31   67  100   45   66   40]
 [   6 6521  207    0   56    0   21   14   92    7]
 [  13   57 4882  146    5    9    0   57   40    1]
 [   2    2  120 5178    0   41    0   99   29   45]
 [   4   13   28    1 5322    4   51   31   15  103]
 [  58    4   52  500    0 4710   51    0   94   21]
 [  30   41  118    1   92   75 5687    0  101    5]
 [  10    9  147   37    3    3    0 5424    7   34]
 [  31   93  287  193   87  371    8  145 5279  176]
 [   7    1   47   71  246  141    0  450  128 5517]]
10, 14, 1.4927, 0.0289, 45.312, 92.188, 0.520, 1.000, 
******************************
[[5609  108  714   18 2897  239  582  544 1136 1297]
 [   6 5019  113    1    4   58   86    5  588    1]
 [   3    6  136  180    2   78    0  163  203  236]
 [   4   16  134 5191    3 2191    0  215   95  346]
 [   0    0    2    0   72    3   13    2    1    2]
 [   2   17  147  169  858 1720   39   38  246  852]
 [  16    2   72    1  811   62 4766    2  152    2]
 [ 250   29 3984  441    3   88    1 5098  735  313]
 [  14 1545  455   62  249  540  422   71 2488  422]
 [  19    0  201   68  943  442    9  127  207 2478]]
10, 4, 2.3137, 0.0362, 9.375, 39.062, 0.114, 1.000, 
******************************
[[   0    0    0    0    0    0    0    0    0    0]
 [5923 6742 5958 6131 5842 5421 5918 6265 5851 5949]
 [   0    0    0    0    0    0    0    0    0    0]
 [   0    0    0    0    0    0    0    0    0    0]
 [   0    0    0    0    0    0    0    0    0    0]
 [   0    0    0    0    0    0    0    0    0    0]
 [   0    0    0    0    0    0    0    0    0    0]
 [   0    0    0    0    0    0    0    0    0    0]
 [   0    0    0    0    0    0    0    0    0    0]
 [   0    0    0    0    0    0    0    0    0    0]]
