main_allinputs_dl2.py --pruning=True --tensorboard=True --log-interval=15 --pruning_config=./configs/mnist_22_15.json --constraint RobustnessDandR(eps1=0.078, eps2=2.9) --print-after-epoch=0 --dl2-weight=0.1 --delay=6
pruning_engine.load_mask(): did not find mask file, will load nothing
epoch, neuron_units, loss, dl2_loss, top1, top5, dl2_p_acc, dl2_constraint_acc
[0] Train acc: 0.1406
1, 252, 2.2927, 0.0023, 14.062, 59.375, 0.103, 0.000, 
[15] Train acc: 0.1875
1, 252, 2.2763, 0.0023, 18.750, 68.750, 0.103, 0.000, 
[30] Train acc: 0.3125
1, 252, 2.2343, 0.0023, 31.250, 75.000, 0.205, 0.000, 
[45] Train acc: 0.3594
1, 252, 2.1083, 0.0022, 35.938, 89.062, 0.408, 0.000, 
[60] Train acc: 0.5625
1, 252, 1.8079, 0.0021, 56.250, 90.625, 0.576, 0.000, 
[75] Train acc: 0.6719
1, 252, 1.1560, 0.0017, 67.188, 95.312, 0.646, 0.000, 
[90] Train acc: 0.6250
1, 252, 1.0569, 0.0015, 62.500, 98.438, 0.674, 0.000, 
[105] Train acc: 0.7031
1, 252, 0.8945, 0.0013, 70.312, 95.312, 0.730, 0.000, 
[120] Train acc: 0.8125
1, 252, 0.5999, 0.0011, 81.250, 98.438, 0.806, 0.011, 
[135] Train acc: 0.8594
1, 252, 0.3908, 0.0010, 85.938, 100.000, 0.854, 0.029, 
[150] Train acc: 0.8594
1, 252, 0.5338, 0.0010, 85.938, 100.000, 0.820, 0.024, 
[165] Train acc: 0.8281
1, 252, 0.5438, 0.0010, 82.812, 98.438, 0.764, 0.044, 
[180] Train acc: 0.9062
1, 252, 0.4400, 0.0009, 90.625, 98.438, 0.846, 0.070, 
[195] Train acc: 0.9062
1, 252, 0.2807, 0.0009, 90.625, 100.000, 0.848, 0.086, 
[210] Train acc: 0.9219
1, 252, 0.3626, 0.0009, 92.188, 98.438, 0.857, 0.069, 
[225] Train acc: 0.8750
1, 252, 0.3995, 0.0008, 87.500, 100.000, 0.887, 0.087, 
[240] Train acc: 0.8750
1, 252, 0.4170, 0.0008, 87.500, 98.438, 0.877, 0.123, 
[255] Train acc: 0.8281
1, 252, 0.4295, 0.0008, 82.812, 100.000, 0.851, 0.120, 
[270] Train acc: 0.9219
1, 252, 0.2311, 0.0008, 92.188, 100.000, 0.843, 0.127, 
[285] Train acc: 0.9375
1, 252, 0.2467, 0.0007, 93.750, 100.000, 0.920, 0.171, 
[300] Train acc: 0.9062
1, 252, 0.2694, 0.0007, 90.625, 100.000, 0.911, 0.185, 
[315] Train acc: 0.9219
1, 252, 0.2680, 0.0007, 92.188, 98.438, 0.922, 0.169, 
[330] Train acc: 0.9062
1, 252, 0.3726, 0.0007, 90.625, 98.438, 0.864, 0.172, 
[345] Train acc: 0.8594
1, 252, 0.4701, 0.0007, 85.938, 98.438, 0.908, 0.200, 
[360] Train acc: 0.8750
1, 252, 0.2838, 0.0007, 87.500, 100.000, 0.909, 0.194, 
[375] Train acc: 0.9375
1, 252, 0.1560, 0.0007, 93.750, 100.000, 0.923, 0.202, 
[390] Train acc: 0.9062
1, 252, 0.2070, 0.0006, 90.625, 100.000, 0.915, 0.217, 
[405] Train acc: 0.9375
1, 252, 0.1975, 0.0006, 93.750, 100.000, 0.918, 0.194, 
[420] Train acc: 0.9219
1, 252, 0.2446, 0.0006, 92.188, 100.000, 0.936, 0.235, 
[435] Train acc: 0.9219
1, 252, 0.2261, 0.0006, 92.188, 100.000, 0.935, 0.220, 
[450] Train acc: 0.9219
1, 252, 0.1807, 0.0006, 92.188, 100.000, 0.942, 0.260, 
[465] Train acc: 0.8906
1, 252, 0.3503, 0.0006, 89.062, 100.000, 0.914, 0.254, 
[480] Train acc: 1.0000
1, 252, 0.0762, 0.0006, 100.000, 100.000, 0.934, 0.291, 
[495] Train acc: 0.9531
1, 252, 0.1621, 0.0006, 95.312, 100.000, 0.948, 0.267, 
[510] Train acc: 0.9219
1, 252, 0.1649, 0.0005, 92.188, 100.000, 0.949, 0.279, 
[525] Train acc: 0.9531
1, 252, 0.1392, 0.0006, 95.312, 100.000, 0.945, 0.254, 
[540] Train acc: 0.9531
1, 252, 0.2543, 0.0006, 95.312, 98.438, 0.933, 0.252, 
[555] Train acc: 0.9688
1, 252, 0.1702, 0.0005, 96.875, 98.438, 0.953, 0.303, 
[570] Train acc: 0.9531
1, 252, 0.1492, 0.0005, 95.312, 100.000, 0.925, 0.339, 
[585] Train acc: 0.9844
1, 252, 0.0822, 0.0005, 98.438, 100.000, 0.950, 0.296, 
[600] Train acc: 0.9531
1, 252, 0.1890, 0.0005, 95.312, 100.000, 0.951, 0.313, 
[615] Train acc: 0.9531
1, 252, 0.1561, 0.0005, 95.312, 100.000, 0.951, 0.314, 
[630] Train acc: 0.9375
1, 252, 0.3362, 0.0005, 93.750, 100.000, 0.956, 0.304, 
[645] Train acc: 0.9688
1, 252, 0.1513, 0.0005, 96.875, 100.000, 0.956, 0.308, 
[660] Train acc: 0.9688
1, 252, 0.1354, 0.0005, 96.875, 100.000, 0.956, 0.356, 
[675] Train acc: 0.9375
1, 252, 0.1571, 0.0005, 93.750, 100.000, 0.956, 0.362, 
[690] Train acc: 0.9688
1, 252, 0.1637, 0.0005, 96.875, 98.438, 0.958, 0.309, 
[705] Train acc: 0.8906
1, 252, 0.3415, 0.0005, 89.062, 100.000, 0.953, 0.333, 
[720] Train acc: 1.0000
1, 252, 0.0550, 0.0005, 100.000, 100.000, 0.958, 0.377, 
[735] Train acc: 0.9375
1, 252, 0.1595, 0.0005, 93.750, 100.000, 0.956, 0.322, 
[750] Train acc: 0.9688
1, 252, 0.0683, 0.0005, 96.875, 100.000, 0.950, 0.384, 
[765] Train acc: 0.9062
1, 252, 0.2801, 0.0005, 90.625, 100.000, 0.945, 0.312, 
[780] Train acc: 0.9219
1, 252, 0.1975, 0.0005, 92.188, 100.000, 0.965, 0.293, 
[795] Train acc: 0.9375
1, 252, 0.1232, 0.0005, 93.750, 100.000, 0.960, 0.244, 
[810] Train acc: 1.0000
1, 252, 0.0531, 0.0005, 100.000, 100.000, 0.963, 0.296, 
[825] Train acc: 0.9531
1, 252, 0.1005, 0.0005, 95.312, 100.000, 0.959, 0.294, 
[840] Train acc: 0.9531
1, 252, 0.1271, 0.0005, 95.312, 100.000, 0.969, 0.334, 
[855] Train acc: 0.9375
1, 252, 0.1566, 0.0005, 93.750, 100.000, 0.942, 0.320, 
[870] Train acc: 0.9531
1, 252, 0.1490, 0.0004, 95.312, 100.000, 0.963, 0.353, 
[885] Train acc: 0.9375
1, 252, 0.1344, 0.0005, 93.750, 100.000, 0.959, 0.306, 
[900] Train acc: 0.9531
1, 252, 0.1105, 0.0004, 95.312, 100.000, 0.962, 0.396, 
[915] Train acc: 0.9375
1, 252, 0.1970, 0.0004, 93.750, 100.000, 0.960, 0.396, 
[930] Train acc: 0.9375
1, 252, 0.1600, 0.0004, 93.750, 100.000, 0.965, 0.393, 
[0] Train acc: 0.9531
2, 252, 0.1407, 0.0004, 95.312, 100.000, 0.963, 0.418, 
[15] Train acc: 0.9844
2, 252, 0.0752, 0.0004, 98.438, 100.000, 0.967, 0.442, 
[30] Train acc: 0.9688
2, 252, 0.0801, 0.0004, 96.875, 100.000, 0.955, 0.443, 
[45] Train acc: 0.9688
2, 252, 0.0949, 0.0004, 96.875, 100.000, 0.965, 0.458, 
[60] Train acc: 0.9844
2, 252, 0.0438, 0.0004, 98.438, 100.000, 0.963, 0.415, 
[75] Train acc: 0.9688
2, 252, 0.1399, 0.0004, 96.875, 100.000, 0.966, 0.407, 
[90] Train acc: 0.9375
2, 252, 0.3302, 0.0004, 93.750, 100.000, 0.967, 0.398, 
[105] Train acc: 0.9844
2, 252, 0.0491, 0.0004, 98.438, 100.000, 0.970, 0.366, 
[120] Train acc: 0.9688
2, 252, 0.0914, 0.0004, 96.875, 100.000, 0.970, 0.397, 
[135] Train acc: 0.9688
2, 252, 0.1508, 0.0004, 96.875, 100.000, 0.964, 0.399, 
[150] Train acc: 0.9531
2, 252, 0.0793, 0.0004, 95.312, 100.000, 0.967, 0.442, 
[165] Train acc: 0.9844
2, 252, 0.0713, 0.0004, 98.438, 100.000, 0.969, 0.441, 
[180] Train acc: 0.9531
2, 252, 0.0830, 0.0004, 95.312, 100.000, 0.966, 0.470, 
[195] Train acc: 0.9844
2, 252, 0.0966, 0.0004, 98.438, 100.000, 0.961, 0.435, 
[210] Train acc: 0.9688
2, 252, 0.0620, 0.0004, 96.875, 100.000, 0.973, 0.525, 
[225] Train acc: 0.9531
2, 252, 0.1448, 0.0004, 95.312, 100.000, 0.965, 0.503, 
[240] Train acc: 0.9531
2, 252, 0.1479, 0.0004, 95.312, 100.000, 0.967, 0.420, 
[255] Train acc: 1.0000
2, 252, 0.0279, 0.0004, 100.000, 100.000, 0.968, 0.438, 
[270] Train acc: 0.9844
2, 252, 0.0609, 0.0003, 98.438, 100.000, 0.974, 0.507, 
[285] Train acc: 0.9844
2, 252, 0.0342, 0.0003, 98.438, 100.000, 0.975, 0.543, 
[300] Train acc: 0.9688
2, 252, 0.0782, 0.0004, 96.875, 100.000, 0.969, 0.497, 
[315] Train acc: 0.9375
2, 252, 0.1122, 0.0004, 93.750, 100.000, 0.975, 0.479, 
[330] Train acc: 0.9688
2, 252, 0.0469, 0.0004, 96.875, 100.000, 0.968, 0.474, 
[345] Train acc: 0.9531
2, 252, 0.2345, 0.0004, 95.312, 100.000, 0.977, 0.444, 
[360] Train acc: 0.9688
2, 252, 0.0647, 0.0004, 96.875, 100.000, 0.962, 0.360, 
[375] Train acc: 0.9531
2, 252, 0.1035, 0.0004, 95.312, 100.000, 0.976, 0.404, 
[390] Train acc: 0.9844
2, 252, 0.0274, 0.0004, 98.438, 100.000, 0.974, 0.449, 
[405] Train acc: 0.9844
2, 252, 0.0408, 0.0004, 98.438, 100.000, 0.968, 0.457, 
[420] Train acc: 0.9844
2, 252, 0.0255, 0.0004, 98.438, 100.000, 0.976, 0.493, 
[435] Train acc: 0.9844
2, 252, 0.0391, 0.0004, 98.438, 100.000, 0.977, 0.464, 
[450] Train acc: 0.9844
2, 252, 0.0888, 0.0003, 98.438, 100.000, 0.975, 0.509, 
[465] Train acc: 0.9688
2, 252, 0.0860, 0.0004, 96.875, 100.000, 0.972, 0.467, 
[480] Train acc: 0.9688
2, 252, 0.0826, 0.0004, 96.875, 100.000, 0.969, 0.458, 
[495] Train acc: 0.9375
2, 252, 0.1246, 0.0004, 93.750, 100.000, 0.972, 0.488, 
[510] Train acc: 1.0000
2, 252, 0.0169, 0.0004, 100.000, 100.000, 0.974, 0.434, 
[525] Train acc: 0.9688
2, 252, 0.1215, 0.0004, 96.875, 100.000, 0.977, 0.450, 
[540] Train acc: 0.9844
2, 252, 0.0627, 0.0004, 98.438, 100.000, 0.977, 0.397, 
[555] Train acc: 1.0000
2, 252, 0.0338, 0.0004, 100.000, 100.000, 0.977, 0.433, 
[570] Train acc: 0.9531
2, 252, 0.1980, 0.0004, 95.312, 100.000, 0.972, 0.435, 
[585] Train acc: 1.0000
2, 252, 0.0180, 0.0004, 100.000, 100.000, 0.965, 0.423, 
[600] Train acc: 0.9531
2, 252, 0.1889, 0.0004, 95.312, 100.000, 0.966, 0.463, 
[615] Train acc: 0.9531
2, 252, 0.1996, 0.0004, 95.312, 100.000, 0.972, 0.471, 
[630] Train acc: 0.9844
2, 252, 0.0752, 0.0004, 98.438, 100.000, 0.971, 0.474, 
[645] Train acc: 0.9062
2, 252, 0.2343, 0.0003, 90.625, 100.000, 0.980, 0.515, 
[660] Train acc: 0.9844
2, 252, 0.0542, 0.0003, 98.438, 100.000, 0.978, 0.514, 
[675] Train acc: 0.9844
2, 252, 0.0672, 0.0003, 98.438, 100.000, 0.977, 0.570, 
[690] Train acc: 0.9688
2, 252, 0.0481, 0.0003, 96.875, 100.000, 0.975, 0.569, 
[705] Train acc: 0.9844
2, 252, 0.0961, 0.0003, 98.438, 100.000, 0.970, 0.556, 
[720] Train acc: 0.9688
2, 252, 0.0633, 0.0003, 96.875, 100.000, 0.976, 0.560, 
[735] Train acc: 0.9844
2, 252, 0.0988, 0.0004, 98.438, 100.000, 0.959, 0.560, 
[750] Train acc: 0.9844
2, 252, 0.0208, 0.0003, 98.438, 100.000, 0.978, 0.557, 
[765] Train acc: 0.9688
2, 252, 0.0411, 0.0003, 96.875, 100.000, 0.978, 0.583, 
[780] Train acc: 0.9844
2, 252, 0.0408, 0.0003, 98.438, 100.000, 0.975, 0.593, 
[795] Train acc: 0.9688
2, 252, 0.0842, 0.0003, 96.875, 100.000, 0.976, 0.531, 
[810] Train acc: 0.9688
2, 252, 0.0810, 0.0003, 96.875, 100.000, 0.976, 0.566, 
[825] Train acc: 0.9375
2, 252, 0.2803, 0.0003, 93.750, 100.000, 0.979, 0.553, 
[840] Train acc: 1.0000
2, 252, 0.0204, 0.0003, 100.000, 100.000, 0.974, 0.551, 
[855] Train acc: 1.0000
2, 252, 0.0160, 0.0003, 100.000, 100.000, 0.980, 0.571, 
[870] Train acc: 1.0000
2, 252, 0.0261, 0.0003, 100.000, 100.000, 0.978, 0.564, 
[885] Train acc: 0.9844
2, 252, 0.0547, 0.0003, 98.438, 100.000, 0.977, 0.545, 
[900] Train acc: 0.9375
2, 252, 0.1150, 0.0003, 93.750, 100.000, 0.979, 0.513, 
[915] Train acc: 0.9688
2, 252, 0.0495, 0.0003, 96.875, 100.000, 0.981, 0.581, 
[930] Train acc: 0.9688
2, 252, 0.1090, 0.0003, 96.875, 100.000, 0.971, 0.522, 
[0] Train acc: 0.9688
3, 252, 0.1437, 0.0003, 96.875, 100.000, 0.970, 0.512, 
[15] Train acc: 1.0000
3, 252, 0.0285, 0.0003, 100.000, 100.000, 0.981, 0.554, 
[30] Train acc: 0.9844
3, 252, 0.0529, 0.0003, 98.438, 100.000, 0.978, 0.572, 
[45] Train acc: 0.9688
3, 252, 0.0809, 0.0004, 96.875, 100.000, 0.969, 0.491, 
[60] Train acc: 1.0000
3, 252, 0.0216, 0.0003, 100.000, 100.000, 0.981, 0.574, 
[75] Train acc: 0.9688
3, 252, 0.1329, 0.0003, 96.875, 100.000, 0.969, 0.541, 
[90] Train acc: 0.9844
3, 252, 0.0656, 0.0003, 98.438, 100.000, 0.976, 0.579, 
[105] Train acc: 1.0000
3, 252, 0.0243, 0.0003, 100.000, 100.000, 0.981, 0.557, 
[120] Train acc: 1.0000
3, 252, 0.0218, 0.0003, 100.000, 100.000, 0.979, 0.573, 
[135] Train acc: 0.9531
3, 252, 0.0817, 0.0003, 95.312, 100.000, 0.981, 0.548, 
[150] Train acc: 1.0000
3, 252, 0.0099, 0.0003, 100.000, 100.000, 0.975, 0.517, 
[165] Train acc: 0.9844
3, 252, 0.1767, 0.0003, 98.438, 100.000, 0.981, 0.527, 
[180] Train acc: 0.9531
3, 252, 0.1106, 0.0003, 95.312, 100.000, 0.981, 0.583, 
[195] Train acc: 0.9844
3, 252, 0.0700, 0.0003, 98.438, 100.000, 0.976, 0.565, 
[210] Train acc: 0.9531
3, 252, 0.0754, 0.0003, 95.312, 100.000, 0.972, 0.579, 
[225] Train acc: 1.0000
3, 252, 0.0133, 0.0003, 100.000, 100.000, 0.983, 0.618, 
[240] Train acc: 0.9688
3, 252, 0.0620, 0.0003, 96.875, 100.000, 0.980, 0.631, 
[255] Train acc: 0.9844
3, 252, 0.0525, 0.0003, 98.438, 100.000, 0.972, 0.603, 
[270] Train acc: 0.9688
3, 252, 0.0948, 0.0003, 96.875, 100.000, 0.982, 0.626, 
[285] Train acc: 0.9688
3, 252, 0.0618, 0.0003, 96.875, 100.000, 0.984, 0.601, 
[300] Train acc: 0.9844
3, 252, 0.0618, 0.0003, 98.438, 100.000, 0.981, 0.546, 
[315] Train acc: 0.9688
3, 252, 0.1432, 0.0003, 96.875, 100.000, 0.983, 0.557, 
[330] Train acc: 0.9531
3, 252, 0.1283, 0.0003, 95.312, 100.000, 0.978, 0.576, 
[345] Train acc: 1.0000
3, 252, 0.0156, 0.0003, 100.000, 100.000, 0.982, 0.612, 
[360] Train acc: 0.9844
3, 252, 0.0625, 0.0003, 98.438, 100.000, 0.979, 0.611, 
[375] Train acc: 1.0000
3, 252, 0.0429, 0.0003, 100.000, 100.000, 0.977, 0.632, 
[390] Train acc: 0.9375
3, 252, 0.2170, 0.0003, 93.750, 100.000, 0.966, 0.621, 
[405] Train acc: 0.9844
3, 252, 0.0477, 0.0003, 98.438, 100.000, 0.982, 0.645, 
[420] Train acc: 1.0000
3, 252, 0.0266, 0.0003, 100.000, 100.000, 0.982, 0.631, 
[435] Train acc: 0.9844
3, 252, 0.0296, 0.0003, 98.438, 100.000, 0.972, 0.570, 
[450] Train acc: 0.9844
3, 252, 0.0515, 0.0003, 98.438, 100.000, 0.979, 0.615, 
[465] Train acc: 1.0000
3, 252, 0.0425, 0.0003, 100.000, 100.000, 0.982, 0.594, 
[480] Train acc: 0.9844
3, 252, 0.1283, 0.0003, 98.438, 100.000, 0.981, 0.558, 
[495] Train acc: 0.9688
3, 252, 0.0506, 0.0003, 96.875, 100.000, 0.983, 0.627, 
[510] Train acc: 0.9688
3, 252, 0.0836, 0.0003, 96.875, 100.000, 0.982, 0.602, 
[525] Train acc: 0.9531
3, 252, 0.1020, 0.0003, 95.312, 100.000, 0.984, 0.595, 
[540] Train acc: 1.0000
3, 252, 0.0214, 0.0003, 100.000, 100.000, 0.982, 0.619, 
[555] Train acc: 0.9531
3, 252, 0.1520, 0.0003, 95.312, 100.000, 0.985, 0.499, 
[570] Train acc: 0.9844
3, 252, 0.0536, 0.0003, 98.438, 100.000, 0.978, 0.540, 
[585] Train acc: 1.0000
3, 252, 0.0112, 0.0003, 100.000, 100.000, 0.982, 0.612, 
[600] Train acc: 0.9375
3, 252, 0.1640, 0.0003, 93.750, 100.000, 0.980, 0.534, 
[615] Train acc: 0.9531
3, 252, 0.1815, 0.0003, 95.312, 100.000, 0.982, 0.562, 
[630] Train acc: 1.0000
3, 252, 0.0235, 0.0003, 100.000, 100.000, 0.984, 0.614, 
[645] Train acc: 0.9688
3, 252, 0.2124, 0.0003, 96.875, 100.000, 0.983, 0.601, 
[660] Train acc: 1.0000
3, 252, 0.0341, 0.0003, 100.000, 100.000, 0.983, 0.550, 
[675] Train acc: 1.0000
3, 252, 0.0153, 0.0003, 100.000, 100.000, 0.984, 0.586, 
[690] Train acc: 0.9844
3, 252, 0.0284, 0.0003, 98.438, 100.000, 0.985, 0.593, 
[705] Train acc: 1.0000
3, 252, 0.0274, 0.0003, 100.000, 100.000, 0.983, 0.601, 
[720] Train acc: 0.9844
3, 252, 0.0483, 0.0003, 98.438, 100.000, 0.984, 0.571, 
[735] Train acc: 0.9844
3, 252, 0.0342, 0.0003, 98.438, 100.000, 0.982, 0.592, 
[750] Train acc: 0.9844
3, 252, 0.0250, 0.0003, 98.438, 100.000, 0.986, 0.604, 
[765] Train acc: 1.0000
3, 252, 0.0191, 0.0003, 100.000, 100.000, 0.981, 0.592, 
[780] Train acc: 0.9531
3, 252, 0.1058, 0.0003, 95.312, 100.000, 0.984, 0.627, 
[795] Train acc: 0.9688
3, 252, 0.0497, 0.0003, 96.875, 100.000, 0.982, 0.652, 
[810] Train acc: 1.0000
3, 252, 0.0074, 0.0003, 100.000, 100.000, 0.978, 0.678, 
[825] Train acc: 1.0000
3, 252, 0.0133, 0.0002, 100.000, 100.000, 0.984, 0.669, 
[840] Train acc: 0.9531
3, 252, 0.0715, 0.0003, 95.312, 100.000, 0.981, 0.630, 
[855] Train acc: 1.0000
3, 252, 0.0085, 0.0003, 100.000, 100.000, 0.978, 0.564, 
[870] Train acc: 1.0000
3, 252, 0.0084, 0.0003, 100.000, 100.000, 0.981, 0.605, 
[885] Train acc: 1.0000
3, 252, 0.0144, 0.0003, 100.000, 100.000, 0.983, 0.598, 
[900] Train acc: 0.9844
3, 252, 0.0241, 0.0003, 98.438, 100.000, 0.981, 0.603, 
[915] Train acc: 0.9531
3, 252, 0.2423, 0.0003, 95.312, 100.000, 0.983, 0.593, 
[930] Train acc: 0.9844
3, 252, 0.0708, 0.0003, 98.438, 100.000, 0.987, 0.638, 
[0] Train acc: 0.9844
4, 252, 0.0484, 0.0003, 98.438, 100.000, 0.985, 0.631, 
[15] Train acc: 1.0000
4, 252, 0.0244, 0.0003, 100.000, 100.000, 0.983, 0.629, 
[30] Train acc: 0.9844
4, 252, 0.0416, 0.0003, 98.438, 100.000, 0.981, 0.636, 
[45] Train acc: 1.0000
4, 252, 0.0063, 0.0003, 100.000, 100.000, 0.985, 0.634, 
[60] Train acc: 1.0000
4, 252, 0.0215, 0.0003, 100.000, 100.000, 0.984, 0.618, 
[75] Train acc: 1.0000
4, 252, 0.0432, 0.0003, 100.000, 100.000, 0.972, 0.593, 
[90] Train acc: 0.9844
4, 252, 0.0448, 0.0002, 98.438, 100.000, 0.985, 0.700, 
[105] Train acc: 1.0000
4, 252, 0.0111, 0.0002, 100.000, 100.000, 0.984, 0.678, 
[120] Train acc: 0.9844
4, 252, 0.0530, 0.0003, 98.438, 100.000, 0.982, 0.620, 
[135] Train acc: 0.9844
4, 252, 0.0300, 0.0003, 98.438, 100.000, 0.985, 0.635, 
[150] Train acc: 0.9688
4, 252, 0.0593, 0.0002, 96.875, 100.000, 0.985, 0.669, 
[165] Train acc: 1.0000
4, 252, 0.0173, 0.0003, 100.000, 100.000, 0.982, 0.632, 
[180] Train acc: 0.9844
4, 252, 0.1133, 0.0002, 98.438, 100.000, 0.985, 0.672, 
[195] Train acc: 1.0000
4, 252, 0.0079, 0.0003, 100.000, 100.000, 0.983, 0.668, 
[210] Train acc: 0.9531
4, 252, 0.1191, 0.0003, 95.312, 100.000, 0.980, 0.662, 
[225] Train acc: 1.0000
4, 252, 0.0161, 0.0003, 100.000, 100.000, 0.985, 0.623, 
[240] Train acc: 1.0000
4, 252, 0.0187, 0.0003, 100.000, 100.000, 0.982, 0.637, 
[255] Train acc: 0.9844
4, 252, 0.1243, 0.0003, 98.438, 98.438, 0.983, 0.657, 
[270] Train acc: 1.0000
4, 252, 0.0103, 0.0002, 100.000, 100.000, 0.986, 0.672, 
[285] Train acc: 0.9688
4, 252, 0.0890, 0.0002, 96.875, 100.000, 0.986, 0.697, 
[300] Train acc: 1.0000
4, 252, 0.0147, 0.0003, 100.000, 100.000, 0.981, 0.656, 
[315] Train acc: 1.0000
4, 252, 0.0182, 0.0002, 100.000, 100.000, 0.985, 0.659, 
[330] Train acc: 1.0000
4, 252, 0.0325, 0.0003, 100.000, 100.000, 0.985, 0.645, 
[345] Train acc: 0.9531
4, 252, 0.0922, 0.0003, 95.312, 100.000, 0.983, 0.635, 
[360] Train acc: 0.9688
4, 252, 0.0669, 0.0003, 96.875, 100.000, 0.979, 0.613, 
[375] Train acc: 1.0000
4, 252, 0.0089, 0.0003, 100.000, 100.000, 0.987, 0.619, 
[390] Train acc: 1.0000
4, 252, 0.0179, 0.0003, 100.000, 100.000, 0.985, 0.652, 
[405] Train acc: 1.0000
4, 252, 0.0076, 0.0003, 100.000, 100.000, 0.982, 0.633, 
[420] Train acc: 0.9688
4, 252, 0.0540, 0.0003, 96.875, 100.000, 0.982, 0.655, 
[435] Train acc: 0.9688
4, 252, 0.0744, 0.0003, 96.875, 100.000, 0.984, 0.652, 
[450] Train acc: 1.0000
4, 252, 0.0152, 0.0003, 100.000, 100.000, 0.983, 0.656, 
[465] Train acc: 0.9844
4, 252, 0.0753, 0.0002, 98.438, 100.000, 0.985, 0.654, 
[480] Train acc: 0.9688
4, 252, 0.0678, 0.0002, 96.875, 100.000, 0.984, 0.672, 
[495] Train acc: 0.9844
4, 252, 0.0385, 0.0003, 98.438, 100.000, 0.985, 0.634, 
[510] Train acc: 0.9531
4, 252, 0.0576, 0.0003, 95.312, 100.000, 0.987, 0.653, 
[525] Train acc: 1.0000
4, 252, 0.0055, 0.0002, 100.000, 100.000, 0.985, 0.675, 
[540] Train acc: 1.0000
4, 252, 0.0088, 0.0003, 100.000, 100.000, 0.980, 0.654, 
[555] Train acc: 0.9844
4, 252, 0.0672, 0.0002, 98.438, 100.000, 0.984, 0.683, 
[570] Train acc: 1.0000
4, 252, 0.0215, 0.0003, 100.000, 100.000, 0.982, 0.678, 
[585] Train acc: 0.9531
4, 252, 0.1056, 0.0002, 95.312, 100.000, 0.986, 0.652, 
[600] Train acc: 1.0000
4, 252, 0.0105, 0.0002, 100.000, 100.000, 0.987, 0.677, 
[615] Train acc: 0.9844
4, 252, 0.0304, 0.0002, 98.438, 100.000, 0.986, 0.708, 
[630] Train acc: 0.9531
4, 252, 0.1299, 0.0002, 95.312, 100.000, 0.983, 0.653, 
[645] Train acc: 1.0000
4, 252, 0.0146, 0.0002, 100.000, 100.000, 0.985, 0.700, 
[660] Train acc: 1.0000
4, 252, 0.0169, 0.0002, 100.000, 100.000, 0.987, 0.681, 
[675] Train acc: 0.9688
4, 252, 0.0538, 0.0002, 96.875, 100.000, 0.986, 0.677, 
[690] Train acc: 0.9844
4, 252, 0.0774, 0.0002, 98.438, 100.000, 0.983, 0.687, 
[705] Train acc: 1.0000
4, 252, 0.0300, 0.0002, 100.000, 100.000, 0.986, 0.700, 
[720] Train acc: 0.9844
4, 252, 0.0937, 0.0002, 98.438, 100.000, 0.983, 0.705, 
[735] Train acc: 1.0000
4, 252, 0.0191, 0.0002, 100.000, 100.000, 0.980, 0.705, 
[750] Train acc: 1.0000
4, 252, 0.0044, 0.0002, 100.000, 100.000, 0.983, 0.712, 
[765] Train acc: 0.9531
4, 252, 0.0958, 0.0002, 95.312, 100.000, 0.985, 0.691, 
[780] Train acc: 0.9688
4, 252, 0.0661, 0.0002, 96.875, 100.000, 0.985, 0.703, 
[795] Train acc: 0.9531
4, 252, 0.1070, 0.0002, 95.312, 100.000, 0.983, 0.687, 
[810] Train acc: 1.0000
4, 252, 0.0131, 0.0002, 100.000, 100.000, 0.985, 0.668, 
[825] Train acc: 0.9688
4, 252, 0.0316, 0.0002, 96.875, 100.000, 0.985, 0.684, 
[840] Train acc: 1.0000
4, 252, 0.0235, 0.0002, 100.000, 100.000, 0.986, 0.670, 
[855] Train acc: 1.0000
4, 252, 0.0032, 0.0002, 100.000, 100.000, 0.986, 0.675, 
[870] Train acc: 0.9844
4, 252, 0.0457, 0.0003, 98.438, 100.000, 0.983, 0.643, 
[885] Train acc: 1.0000
4, 252, 0.0180, 0.0002, 100.000, 100.000, 0.983, 0.680, 
[900] Train acc: 0.9844
4, 252, 0.0469, 0.0003, 98.438, 100.000, 0.980, 0.649, 
[915] Train acc: 1.0000
4, 252, 0.0054, 0.0002, 100.000, 100.000, 0.987, 0.717, 
[930] Train acc: 0.9688
4, 252, 0.1351, 0.0002, 96.875, 100.000, 0.988, 0.666, 
[0] Train acc: 0.9531
5, 252, 0.1104, 0.0003, 95.312, 100.000, 0.982, 0.649, 
[15] Train acc: 0.9844
5, 252, 0.0755, 0.0002, 98.438, 100.000, 0.987, 0.660, 
[30] Train acc: 1.0000
5, 252, 0.0264, 0.0002, 100.000, 100.000, 0.988, 0.704, 
[45] Train acc: 0.9531
5, 252, 0.0984, 0.0002, 95.312, 100.000, 0.986, 0.685, 
[60] Train acc: 1.0000
5, 252, 0.0236, 0.0002, 100.000, 100.000, 0.983, 0.708, 
[75] Train acc: 0.9844
5, 252, 0.0256, 0.0002, 98.438, 100.000, 0.988, 0.703, 
[90] Train acc: 0.9531
5, 252, 0.1569, 0.0003, 95.312, 100.000, 0.984, 0.652, 
[105] Train acc: 0.9844
5, 252, 0.0473, 0.0002, 98.438, 100.000, 0.987, 0.671, 
[120] Train acc: 1.0000
5, 252, 0.0015, 0.0002, 100.000, 100.000, 0.986, 0.656, 
[135] Train acc: 0.9844
5, 252, 0.0393, 0.0002, 98.438, 100.000, 0.988, 0.660, 
[150] Train acc: 1.0000
5, 252, 0.0231, 0.0002, 100.000, 100.000, 0.988, 0.696, 
[165] Train acc: 0.9844
5, 252, 0.0324, 0.0002, 98.438, 100.000, 0.984, 0.663, 
[180] Train acc: 0.9844
5, 252, 0.0189, 0.0002, 98.438, 100.000, 0.985, 0.689, 
[195] Train acc: 1.0000
5, 252, 0.0243, 0.0002, 100.000, 100.000, 0.986, 0.699, 
[210] Train acc: 0.9688
5, 252, 0.2014, 0.0002, 96.875, 98.438, 0.986, 0.657, 
[225] Train acc: 0.9688
5, 252, 0.0636, 0.0002, 96.875, 100.000, 0.981, 0.698, 
[240] Train acc: 0.9844
5, 252, 0.0409, 0.0002, 98.438, 100.000, 0.988, 0.696, 
[255] Train acc: 0.9844
5, 252, 0.0414, 0.0002, 98.438, 100.000, 0.985, 0.669, 
[270] Train acc: 1.0000
5, 252, 0.0077, 0.0002, 100.000, 100.000, 0.984, 0.681, 
[285] Train acc: 0.9844
5, 252, 0.0314, 0.0002, 98.438, 100.000, 0.986, 0.663, 
[300] Train acc: 0.9688
5, 252, 0.0770, 0.0002, 96.875, 100.000, 0.987, 0.655, 
[315] Train acc: 0.9688
5, 252, 0.0528, 0.0002, 96.875, 100.000, 0.986, 0.683, 
[330] Train acc: 0.9844
5, 252, 0.0357, 0.0002, 98.438, 100.000, 0.986, 0.689, 
[345] Train acc: 1.0000
5, 252, 0.0078, 0.0002, 100.000, 100.000, 0.986, 0.674, 
[360] Train acc: 1.0000
5, 252, 0.0062, 0.0002, 100.000, 100.000, 0.988, 0.704, 
[375] Train acc: 1.0000
5, 252, 0.0182, 0.0002, 100.000, 100.000, 0.985, 0.716, 
[390] Train acc: 0.9844
5, 252, 0.0347, 0.0002, 98.438, 100.000, 0.986, 0.720, 
[405] Train acc: 0.9844
5, 252, 0.0357, 0.0002, 98.438, 100.000, 0.986, 0.730, 
[420] Train acc: 0.9844
5, 252, 0.0288, 0.0002, 98.438, 100.000, 0.987, 0.746, 
[435] Train acc: 1.0000
5, 252, 0.0384, 0.0002, 100.000, 100.000, 0.987, 0.764, 
[450] Train acc: 0.9688
5, 252, 0.0746, 0.0002, 96.875, 100.000, 0.986, 0.738, 
[465] Train acc: 0.9531
5, 252, 0.2299, 0.0003, 95.312, 100.000, 0.985, 0.657, 
[480] Train acc: 1.0000
5, 252, 0.0095, 0.0002, 100.000, 100.000, 0.985, 0.681, 
[495] Train acc: 0.9688
5, 252, 0.0636, 0.0002, 96.875, 100.000, 0.985, 0.676, 
[510] Train acc: 0.9531
5, 252, 0.0753, 0.0002, 95.312, 100.000, 0.987, 0.702, 
[525] Train acc: 0.9688
5, 252, 0.0763, 0.0002, 96.875, 100.000, 0.988, 0.747, 
[540] Train acc: 0.9688
5, 252, 0.1208, 0.0002, 96.875, 100.000, 0.988, 0.751, 
[555] Train acc: 0.9844
5, 252, 0.0301, 0.0002, 98.438, 100.000, 0.990, 0.728, 
[570] Train acc: 1.0000
5, 252, 0.0098, 0.0002, 100.000, 100.000, 0.986, 0.725, 
[585] Train acc: 1.0000
5, 252, 0.0090, 0.0002, 100.000, 100.000, 0.985, 0.717, 
[600] Train acc: 1.0000
5, 252, 0.0170, 0.0002, 100.000, 100.000, 0.985, 0.701, 
[615] Train acc: 0.9844
5, 252, 0.0246, 0.0002, 98.438, 100.000, 0.988, 0.670, 
[630] Train acc: 0.9219
5, 252, 0.1508, 0.0002, 92.188, 100.000, 0.987, 0.721, 
[645] Train acc: 1.0000
5, 252, 0.0039, 0.0002, 100.000, 100.000, 0.987, 0.727, 
[660] Train acc: 1.0000
5, 252, 0.0033, 0.0002, 100.000, 100.000, 0.987, 0.716, 
[675] Train acc: 1.0000
5, 252, 0.0219, 0.0002, 100.000, 100.000, 0.987, 0.697, 
[690] Train acc: 1.0000
5, 252, 0.0031, 0.0002, 100.000, 100.000, 0.986, 0.705, 
[705] Train acc: 1.0000
5, 252, 0.0078, 0.0002, 100.000, 100.000, 0.988, 0.713, 
[720] Train acc: 0.9844
5, 252, 0.0540, 0.0002, 98.438, 100.000, 0.986, 0.696, 
[735] Train acc: 0.9844
5, 252, 0.0684, 0.0002, 98.438, 100.000, 0.987, 0.716, 
[750] Train acc: 1.0000
5, 252, 0.0082, 0.0002, 100.000, 100.000, 0.986, 0.738, 
[765] Train acc: 1.0000
5, 252, 0.0112, 0.0002, 100.000, 100.000, 0.983, 0.678, 
[780] Train acc: 0.9531
5, 252, 0.2455, 0.0002, 95.312, 100.000, 0.988, 0.676, 
[795] Train acc: 0.9688
5, 252, 0.0589, 0.0002, 96.875, 100.000, 0.988, 0.697, 
[810] Train acc: 0.9844
5, 252, 0.0220, 0.0002, 98.438, 100.000, 0.986, 0.710, 
[825] Train acc: 1.0000
5, 252, 0.0090, 0.0002, 100.000, 100.000, 0.983, 0.725, 
[840] Train acc: 0.9844
5, 252, 0.0306, 0.0002, 98.438, 100.000, 0.987, 0.748, 
[855] Train acc: 1.0000
5, 252, 0.0127, 0.0002, 100.000, 100.000, 0.985, 0.735, 
[870] Train acc: 0.9688
5, 252, 0.1107, 0.0002, 96.875, 100.000, 0.980, 0.752, 
[885] Train acc: 1.0000
5, 252, 0.0024, 0.0002, 100.000, 100.000, 0.987, 0.716, 
[900] Train acc: 1.0000
5, 252, 0.0236, 0.0002, 100.000, 100.000, 0.987, 0.702, 
[915] Train acc: 0.9844
5, 252, 0.0203, 0.0002, 98.438, 100.000, 0.987, 0.683, 
[930] Train acc: 0.9844
5, 252, 0.0435, 0.0002, 98.438, 100.000, 0.986, 0.668, 
[0] Train acc: 1.0000
6, 252, 0.0085, 0.0002, 100.000, 100.000, 0.985, 0.714, 
[15] Train acc: 1.0000
6, 252, 0.0074, 0.0002, 100.000, 100.000, 0.990, 0.705, 
[30] Train acc: 0.9844
6, 252, 0.0378, 0.0002, 98.438, 100.000, 0.986, 0.669, 
[45] Train acc: 1.0000
6, 252, 0.0035, 0.0002, 100.000, 100.000, 0.989, 0.672, 
[60] Train acc: 1.0000
6, 252, 0.0291, 0.0002, 100.000, 100.000, 0.987, 0.697, 
[75] Train acc: 1.0000
6, 252, 0.0240, 0.0002, 100.000, 100.000, 0.986, 0.729, 
[90] Train acc: 1.0000
6, 252, 0.0225, 0.0002, 100.000, 100.000, 0.987, 0.741, 
[105] Train acc: 0.9688
6, 252, 0.0429, 0.0002, 96.875, 100.000, 0.987, 0.739, 
[120] Train acc: 0.9844
6, 252, 0.0526, 0.0002, 98.438, 100.000, 0.988, 0.759, 
[135] Train acc: 1.0000
6, 252, 0.0031, 0.0002, 100.000, 100.000, 0.988, 0.753, 
[150] Train acc: 1.0000
6, 252, 0.0227, 0.0002, 100.000, 100.000, 0.986, 0.737, 
[165] Train acc: 1.0000
6, 252, 0.0111, 0.0002, 100.000, 100.000, 0.986, 0.724, 
[180] Train acc: 1.0000
6, 252, 0.0106, 0.0002, 100.000, 100.000, 0.988, 0.754, 
[195] Train acc: 0.9688
6, 252, 0.0541, 0.0002, 96.875, 100.000, 0.988, 0.733, 
[210] Train acc: 0.9844
6, 252, 0.0496, 0.0002, 98.438, 100.000, 0.987, 0.705, 
[225] Train acc: 0.9688
6, 252, 0.0520, 0.0002, 96.875, 100.000, 0.989, 0.719, 
[240] Train acc: 1.0000
6, 252, 0.0066, 0.0002, 100.000, 100.000, 0.986, 0.710, 
[255] Train acc: 0.9844
6, 252, 0.0878, 0.0002, 98.438, 100.000, 0.987, 0.721, 
[270] Train acc: 1.0000
6, 252, 0.0132, 0.0002, 100.000, 100.000, 0.988, 0.695, 
[285] Train acc: 0.9688
6, 252, 0.0930, 0.0002, 96.875, 100.000, 0.988, 0.720, 
[300] Train acc: 0.9844
6, 252, 0.1033, 0.0002, 98.438, 100.000, 0.985, 0.663, 
[315] Train acc: 1.0000
6, 252, 0.0046, 0.0002, 100.000, 100.000, 0.988, 0.712, 
[330] Train acc: 0.9844
6, 252, 0.0216, 0.0002, 98.438, 100.000, 0.988, 0.700, 
[345] Train acc: 0.9688
6, 252, 0.1465, 0.0002, 96.875, 100.000, 0.989, 0.717, 
[360] Train acc: 0.9844
6, 252, 0.0298, 0.0002, 98.438, 100.000, 0.990, 0.699, 
[375] Train acc: 0.9844
6, 252, 0.0448, 0.0003, 98.438, 100.000, 0.984, 0.656, 
[390] Train acc: 0.9844
6, 252, 0.0541, 0.0002, 98.438, 100.000, 0.987, 0.699, 
[405] Train acc: 1.0000
6, 252, 0.0164, 0.0002, 100.000, 100.000, 0.984, 0.679, 
[420] Train acc: 1.0000
6, 252, 0.0045, 0.0002, 100.000, 100.000, 0.985, 0.711, 
[435] Train acc: 1.0000
6, 252, 0.0035, 0.0002, 100.000, 100.000, 0.988, 0.700, 
[450] Train acc: 1.0000
6, 252, 0.0090, 0.0002, 100.000, 100.000, 0.986, 0.722, 
[465] Train acc: 0.9844
6, 252, 0.0272, 0.0002, 98.438, 100.000, 0.989, 0.692, 
[480] Train acc: 1.0000
6, 252, 0.0067, 0.0002, 100.000, 100.000, 0.988, 0.677, 
[495] Train acc: 1.0000
6, 252, 0.0115, 0.0002, 100.000, 100.000, 0.987, 0.701, 
[510] Train acc: 0.9688
6, 252, 0.1064, 0.0002, 96.875, 100.000, 0.986, 0.714, 
[525] Train acc: 0.9688
6, 252, 0.0514, 0.0002, 96.875, 100.000, 0.991, 0.706, 
[540] Train acc: 0.9844
6, 252, 0.0582, 0.0002, 98.438, 100.000, 0.986, 0.689, 
[555] Train acc: 1.0000
6, 252, 0.0139, 0.0002, 100.000, 100.000, 0.989, 0.737, 
[570] Train acc: 0.9688
6, 252, 0.0436, 0.0002, 96.875, 100.000, 0.989, 0.727, 
[585] Train acc: 0.9844
6, 252, 0.0471, 0.0002, 98.438, 100.000, 0.988, 0.718, 
[600] Train acc: 1.0000
6, 252, 0.0010, 0.0002, 100.000, 100.000, 0.986, 0.718, 
[615] Train acc: 1.0000
6, 252, 0.0274, 0.0002, 100.000, 100.000, 0.989, 0.774, 
[630] Train acc: 0.9844
6, 252, 0.0533, 0.0002, 98.438, 100.000, 0.981, 0.738, 
[645] Train acc: 1.0000
6, 252, 0.0045, 0.0002, 100.000, 100.000, 0.989, 0.776, 
[660] Train acc: 1.0000
6, 252, 0.0103, 0.0002, 100.000, 100.000, 0.988, 0.758, 
[675] Train acc: 1.0000
6, 252, 0.0031, 0.0002, 100.000, 100.000, 0.990, 0.746, 
[690] Train acc: 1.0000
6, 252, 0.0067, 0.0002, 100.000, 100.000, 0.988, 0.757, 
[705] Train acc: 1.0000
6, 252, 0.0077, 0.0002, 100.000, 100.000, 0.986, 0.731, 
[720] Train acc: 0.9844
6, 252, 0.0290, 0.0002, 98.438, 100.000, 0.985, 0.728, 
[735] Train acc: 0.9844
6, 252, 0.0469, 0.0002, 98.438, 100.000, 0.988, 0.758, 
[750] Train acc: 0.9844
6, 252, 0.0277, 0.0002, 98.438, 100.000, 0.990, 0.716, 
[765] Train acc: 1.0000
6, 252, 0.0017, 0.0002, 100.000, 100.000, 0.989, 0.715, 
[780] Train acc: 1.0000
6, 252, 0.0126, 0.0002, 100.000, 100.000, 0.987, 0.714, 
[795] Train acc: 0.9844
6, 252, 0.0272, 0.0002, 98.438, 100.000, 0.988, 0.737, 
[810] Train acc: 1.0000
6, 252, 0.0162, 0.0002, 100.000, 100.000, 0.988, 0.765, 
[825] Train acc: 0.9688
6, 252, 0.0488, 0.0002, 96.875, 100.000, 0.988, 0.716, 
[840] Train acc: 0.9844
6, 252, 0.0506, 0.0002, 98.438, 100.000, 0.987, 0.721, 
[855] Train acc: 1.0000
6, 252, 0.0059, 0.0002, 100.000, 100.000, 0.987, 0.737, 
[870] Train acc: 1.0000
6, 252, 0.0069, 0.0002, 100.000, 100.000, 0.987, 0.760, 
[885] Train acc: 0.9688
6, 252, 0.0715, 0.0002, 96.875, 100.000, 0.987, 0.726, 
[900] Train acc: 1.0000
6, 252, 0.0087, 0.0002, 100.000, 100.000, 0.989, 0.735, 
[915] Train acc: 1.0000
6, 252, 0.0105, 0.0002, 100.000, 100.000, 0.988, 0.727, 
[930] Train acc: 1.0000
6, 252, 0.0081, 0.0002, 100.000, 100.000, 0.987, 0.733, 
[0] Train acc: 1.0000, Constr acc: 0.7812, CE loss: 0.005, DL2 loss: 16.117
7, 252, 0.0049, 0.0013, 100.000, 100.000, 0.648, 0.440, 
[15] Train acc: 1.0000, Constr acc: 0.9375, CE loss: 0.031, DL2 loss: 6.146
7, 251, 0.0309, 0.0004, 100.000, 100.000, 0.964, 0.469, 
[30] Train acc: 0.9531, Constr acc: 0.8750, CE loss: 0.098, DL2 loss: 9.764
7, 250, 0.0984, 0.0004, 95.312, 100.000, 0.909, 0.599, 
[45] Train acc: 0.9844, Constr acc: 0.9062, CE loss: 0.051, DL2 loss: 6.839
7, 249, 0.0506, 0.0003, 98.438, 100.000, 0.983, 0.666, 
[60] Train acc: 0.9844, Constr acc: 0.8125, CE loss: 0.050, DL2 loss: 14.494
7, 248, 0.0500, 0.0004, 98.438, 100.000, 0.957, 0.451, 
[75] Train acc: 0.9062, Constr acc: 0.9375, CE loss: 0.278, DL2 loss: 5.953
7, 247, 0.2778, 0.0005, 90.625, 100.000, 0.911, 0.399, 
[90] Train acc: 0.9531, Constr acc: 0.8750, CE loss: 0.136, DL2 loss: 10.223
7, 246, 0.1362, 0.0004, 95.312, 100.000, 0.960, 0.524, 
[105] Train acc: 1.0000, Constr acc: 0.7812, CE loss: 0.009, DL2 loss: 15.380
7, 245, 0.0089, 0.0004, 100.000, 100.000, 0.968, 0.498, 
[120] Train acc: 1.0000, Constr acc: 0.9062, CE loss: 0.044, DL2 loss: 4.937
7, 244, 0.0445, 0.0004, 100.000, 100.000, 0.966, 0.511, 
[135] Train acc: 1.0000, Constr acc: 0.9375, CE loss: 0.010, DL2 loss: 3.662
7, 243, 0.0101, 0.0003, 100.000, 100.000, 0.975, 0.558, 
[150] Train acc: 0.9844, Constr acc: 0.7500, CE loss: 0.029, DL2 loss: 21.978
7, 242, 0.0287, 0.0004, 98.438, 100.000, 0.961, 0.483, 
[165] Train acc: 0.9844, Constr acc: 0.8750, CE loss: 0.052, DL2 loss: 9.773
7, 241, 0.0519, 0.0004, 98.438, 100.000, 0.966, 0.491, 
[180] Train acc: 0.9531, Constr acc: 0.9375, CE loss: 0.114, DL2 loss: 3.948
7, 240, 0.1143, 0.0003, 95.312, 100.000, 0.963, 0.565, 
[195] Train acc: 0.8750, Constr acc: 0.8125, CE loss: 0.302, DL2 loss: 15.482
7, 239, 0.3016, 0.0004, 87.500, 100.000, 0.952, 0.432, 
[210] Train acc: 0.9844, Constr acc: 0.8750, CE loss: 0.051, DL2 loss: 8.753
7, 238, 0.0507, 0.0005, 98.438, 100.000, 0.961, 0.349, 
[225] Train acc: 0.9219, Constr acc: 0.9062, CE loss: 0.135, DL2 loss: 5.282
7, 237, 0.1354, 0.0005, 92.188, 100.000, 0.914, 0.293, 
[240] Train acc: 0.9844, Constr acc: 0.9062, CE loss: 0.074, DL2 loss: 7.138
7, 236, 0.0741, 0.0004, 98.438, 100.000, 0.973, 0.474, 
[255] Train acc: 1.0000, Constr acc: 0.8750, CE loss: 0.022, DL2 loss: 8.152
7, 235, 0.0223, 0.0004, 100.000, 100.000, 0.969, 0.451, 
[270] Train acc: 0.9844, Constr acc: 0.8750, CE loss: 0.063, DL2 loss: 12.665
7, 234, 0.0630, 0.0004, 98.438, 100.000, 0.952, 0.444, 
[285] Train acc: 0.9375, Constr acc: 0.6875, CE loss: 0.255, DL2 loss: 21.450
7, 233, 0.2554, 0.0005, 93.750, 100.000, 0.915, 0.435, 
[300] Train acc: 0.9844, Constr acc: 0.8750, CE loss: 0.049, DL2 loss: 8.920
7, 232, 0.0489, 0.0004, 98.438, 100.000, 0.975, 0.397, 
[315] Train acc: 1.0000, Constr acc: 0.9375, CE loss: 0.010, DL2 loss: 6.039
7, 231, 0.0102, 0.0003, 100.000, 100.000, 0.970, 0.505, 
[330] Train acc: 0.9688, Constr acc: 0.8438, CE loss: 0.049, DL2 loss: 10.856
7, 230, 0.0487, 0.0004, 96.875, 100.000, 0.967, 0.483, 
[345] Train acc: 0.9531, Constr acc: 0.8750, CE loss: 0.175, DL2 loss: 7.793
7, 229, 0.1753, 0.0003, 95.312, 100.000, 0.974, 0.505, 
[360] Train acc: 0.9375, Constr acc: 0.9062, CE loss: 0.188, DL2 loss: 8.234
7, 228, 0.1882, 0.0003, 93.750, 100.000, 0.968, 0.542, 
[375] Train acc: 0.8906, Constr acc: 0.9688, CE loss: 0.176, DL2 loss: 3.594
7, 227, 0.1759, 0.0003, 89.062, 100.000, 0.976, 0.511, 
[390] Train acc: 0.9688, Constr acc: 0.8750, CE loss: 0.079, DL2 loss: 7.991
7, 226, 0.0786, 0.0003, 96.875, 100.000, 0.974, 0.530, 
[405] Train acc: 0.9688, Constr acc: 0.9062, CE loss: 0.108, DL2 loss: 7.142
7, 225, 0.1084, 0.0004, 96.875, 98.438, 0.973, 0.460, 
[420] Train acc: 0.9531, Constr acc: 0.8750, CE loss: 0.209, DL2 loss: 9.573
7, 224, 0.2087, 0.0004, 95.312, 100.000, 0.973, 0.333, 
[435] Train acc: 1.0000, Constr acc: 0.9375, CE loss: 0.053, DL2 loss: 4.095
7, 223, 0.0532, 0.0005, 100.000, 100.000, 0.967, 0.256, 
[450] Train acc: 0.9844, Constr acc: 0.7812, CE loss: 0.023, DL2 loss: 15.258
7, 222, 0.0231, 0.0004, 98.438, 100.000, 0.980, 0.352, 
[465] Train acc: 0.9531, Constr acc: 0.8125, CE loss: 0.089, DL2 loss: 11.288
7, 221, 0.0889, 0.0004, 95.312, 100.000, 0.938, 0.473, 
[480] Train acc: 0.9219, Constr acc: 0.9062, CE loss: 0.342, DL2 loss: 8.733
7, 220, 0.3418, 0.0003, 92.188, 98.438, 0.968, 0.566, 
[495] Train acc: 0.9531, Constr acc: 0.9688, CE loss: 0.145, DL2 loss: 2.293
7, 219, 0.1454, 0.0003, 95.312, 100.000, 0.963, 0.547, 
[510] Train acc: 0.9844, Constr acc: 0.8438, CE loss: 0.076, DL2 loss: 11.792
7, 218, 0.0761, 0.0004, 98.438, 100.000, 0.954, 0.527, 
[525] Train acc: 0.9062, Constr acc: 0.9688, CE loss: 0.287, DL2 loss: 2.653
7, 217, 0.2865, 0.0004, 90.625, 100.000, 0.970, 0.488, 
[540] Train acc: 0.9688, Constr acc: 0.9375, CE loss: 0.210, DL2 loss: 5.922
7, 216, 0.2096, 0.0005, 96.875, 100.000, 0.902, 0.344, 
[555] Train acc: 0.9531, Constr acc: 0.8438, CE loss: 0.213, DL2 loss: 8.969
7, 215, 0.2135, 0.0004, 95.312, 100.000, 0.946, 0.459, 
[570] Train acc: 0.9688, Constr acc: 0.9688, CE loss: 0.097, DL2 loss: 3.474
7, 214, 0.0973, 0.0004, 96.875, 100.000, 0.963, 0.460, 
[585] Train acc: 0.9688, Constr acc: 0.9375, CE loss: 0.064, DL2 loss: 4.002
7, 213, 0.0643, 0.0003, 96.875, 100.000, 0.977, 0.491, 
[600] Train acc: 0.9531, Constr acc: 0.8750, CE loss: 0.103, DL2 loss: 8.754
7, 212, 0.1034, 0.0004, 95.312, 100.000, 0.970, 0.449, 
[615] Train acc: 0.9688, Constr acc: 0.9062, CE loss: 0.070, DL2 loss: 7.809
7, 211, 0.0699, 0.0004, 96.875, 100.000, 0.958, 0.495, 
[630] Train acc: 0.9219, Constr acc: 0.9062, CE loss: 0.201, DL2 loss: 6.043
7, 210, 0.2010, 0.0004, 92.188, 100.000, 0.963, 0.462, 
[645] Train acc: 0.9531, Constr acc: 0.7500, CE loss: 0.147, DL2 loss: 15.344
7, 209, 0.1468, 0.0004, 95.312, 100.000, 0.952, 0.495, 
[660] Train acc: 0.9844, Constr acc: 0.9062, CE loss: 0.023, DL2 loss: 7.365
7, 208, 0.0233, 0.0004, 98.438, 100.000, 0.972, 0.418, 
[675] Train acc: 0.9688, Constr acc: 0.7500, CE loss: 0.164, DL2 loss: 19.484
7, 207, 0.1636, 0.0004, 96.875, 100.000, 0.941, 0.457, 
[690] Train acc: 0.9688, Constr acc: 0.9062, CE loss: 0.111, DL2 loss: 8.202
7, 206, 0.1111, 0.0004, 96.875, 100.000, 0.962, 0.497, 
[705] Train acc: 0.9375, Constr acc: 0.9062, CE loss: 0.065, DL2 loss: 7.153
7, 205, 0.0649, 0.0004, 93.750, 100.000, 0.974, 0.451, 
[720] Train acc: 0.9844, Constr acc: 0.9375, CE loss: 0.053, DL2 loss: 5.043
7, 204, 0.0530, 0.0004, 98.438, 100.000, 0.977, 0.448, 
[735] Train acc: 0.9688, Constr acc: 0.8750, CE loss: 0.088, DL2 loss: 10.119
7, 203, 0.0879, 0.0004, 96.875, 100.000, 0.979, 0.439, 
[750] Train acc: 0.9844, Constr acc: 0.9062, CE loss: 0.080, DL2 loss: 6.787
7, 202, 0.0798, 0.0004, 98.438, 100.000, 0.977, 0.438, 
[765] Train acc: 0.9844, Constr acc: 0.9688, CE loss: 0.024, DL2 loss: 1.320
7, 201, 0.0237, 0.0003, 98.438, 100.000, 0.979, 0.530, 
[780] Train acc: 0.9688, Constr acc: 1.0000, CE loss: 0.073, DL2 loss: 0.000
7, 200, 0.0733, 0.0003, 96.875, 100.000, 0.982, 0.585, 
[795] Train acc: 1.0000, Constr acc: 0.8750, CE loss: 0.014, DL2 loss: 8.791
7, 199, 0.0143, 0.0003, 100.000, 100.000, 0.982, 0.507, 
[810] Train acc: 0.9531, Constr acc: 0.9375, CE loss: 0.149, DL2 loss: 3.275
7, 198, 0.1486, 0.0005, 95.312, 100.000, 0.929, 0.378, 
[825] Train acc: 0.9531, Constr acc: 0.8750, CE loss: 0.101, DL2 loss: 9.289
7, 197, 0.1007, 0.0005, 95.312, 100.000, 0.934, 0.397, 
[840] Train acc: 0.9688, Constr acc: 0.9688, CE loss: 0.094, DL2 loss: 2.954
7, 196, 0.0939, 0.0003, 96.875, 100.000, 0.979, 0.560, 
[855] Train acc: 0.9844, Constr acc: 0.8438, CE loss: 0.058, DL2 loss: 13.523
7, 195, 0.0580, 0.0003, 98.438, 100.000, 0.968, 0.594, 
[870] Train acc: 1.0000, Constr acc: 0.9688, CE loss: 0.012, DL2 loss: 1.864
7, 194, 0.0115, 0.0003, 100.000, 100.000, 0.979, 0.556, 
[885] Train acc: 1.0000, Constr acc: 0.8750, CE loss: 0.030, DL2 loss: 12.998
7, 193, 0.0295, 0.0003, 100.000, 100.000, 0.975, 0.577, 
[900] Train acc: 0.9531, Constr acc: 0.8750, CE loss: 0.137, DL2 loss: 9.115
7, 192, 0.1373, 0.0004, 95.312, 100.000, 0.955, 0.450, 
[915] Train acc: 0.9688, Constr acc: 0.7812, CE loss: 0.094, DL2 loss: 12.362
7, 191, 0.0938, 0.0004, 96.875, 100.000, 0.969, 0.324, 
[930] Train acc: 0.9688, Constr acc: 0.9375, CE loss: 0.112, DL2 loss: 4.691
7, 190, 0.1119, 0.0004, 96.875, 100.000, 0.972, 0.370, 
[0] Train acc: 0.9844, Constr acc: 0.9062, CE loss: 0.043, DL2 loss: 9.479
8, 190, 0.0427, 0.0004, 98.438, 100.000, 0.956, 0.349, 
[15] Train acc: 0.9688, Constr acc: 0.9062, CE loss: 0.069, DL2 loss: 4.437
8, 189, 0.0686, 0.0003, 96.875, 100.000, 0.972, 0.564, 
[30] Train acc: 0.9688, Constr acc: 0.8750, CE loss: 0.046, DL2 loss: 9.652
8, 188, 0.0458, 0.0004, 96.875, 100.000, 0.971, 0.414, 
[45] Train acc: 0.9531, Constr acc: 0.8125, CE loss: 0.084, DL2 loss: 16.549
8, 187, 0.0839, 0.0004, 95.312, 100.000, 0.971, 0.462, 
[60] Train acc: 0.9219, Constr acc: 0.8438, CE loss: 0.366, DL2 loss: 11.310
8, 186, 0.3663, 0.0004, 92.188, 100.000, 0.949, 0.441, 
[75] Train acc: 0.9688, Constr acc: 0.8125, CE loss: 0.079, DL2 loss: 13.756
8, 185, 0.0792, 0.0004, 96.875, 100.000, 0.949, 0.393, 
[90] Train acc: 0.9688, Constr acc: 0.8750, CE loss: 0.105, DL2 loss: 8.673
8, 184, 0.1051, 0.0004, 96.875, 98.438, 0.961, 0.424, 
[105] Train acc: 0.9531, Constr acc: 0.9688, CE loss: 0.175, DL2 loss: 2.830
8, 183, 0.1752, 0.0004, 95.312, 100.000, 0.961, 0.447, 
[120] Train acc: 0.9375, Constr acc: 1.0000, CE loss: 0.121, DL2 loss: 0.000
8, 182, 0.1214, 0.0003, 93.750, 100.000, 0.980, 0.526, 
[135] Train acc: 1.0000, Constr acc: 0.9062, CE loss: 0.016, DL2 loss: 6.989
8, 181, 0.0162, 0.0003, 100.000, 100.000, 0.976, 0.600, 
[150] Train acc: 0.9219, Constr acc: 0.8750, CE loss: 0.208, DL2 loss: 8.709
8, 180, 0.2080, 0.0004, 92.188, 100.000, 0.947, 0.571, 
[165] Train acc: 0.9688, Constr acc: 0.8438, CE loss: 0.061, DL2 loss: 10.289
8, 179, 0.0608, 0.0004, 96.875, 100.000, 0.964, 0.433, 
[180] Train acc: 0.9688, Constr acc: 0.9688, CE loss: 0.143, DL2 loss: 3.543
8, 178, 0.1428, 0.0004, 96.875, 100.000, 0.961, 0.409, 
[195] Train acc: 0.9531, Constr acc: 0.9062, CE loss: 0.228, DL2 loss: 7.337
8, 177, 0.2281, 0.0004, 95.312, 100.000, 0.961, 0.463, 
[210] Train acc: 0.9688, Constr acc: 0.7812, CE loss: 0.096, DL2 loss: 16.093
8, 176, 0.0956, 0.0004, 96.875, 100.000, 0.965, 0.415, 
[225] Train acc: 0.9844, Constr acc: 0.9375, CE loss: 0.079, DL2 loss: 1.112
8, 175, 0.0794, 0.0004, 98.438, 100.000, 0.944, 0.525, 
[240] Train acc: 0.9375, Constr acc: 0.9375, CE loss: 0.240, DL2 loss: 4.467
8, 174, 0.2401, 0.0003, 93.750, 100.000, 0.960, 0.620, 
[255] Train acc: 0.9375, Constr acc: 0.8750, CE loss: 0.179, DL2 loss: 9.012
8, 173, 0.1790, 0.0004, 93.750, 100.000, 0.957, 0.564, 
[270] Train acc: 0.9062, Constr acc: 0.9688, CE loss: 0.368, DL2 loss: 2.553
8, 172, 0.3680, 0.0004, 90.625, 100.000, 0.938, 0.522, 
[285] Train acc: 0.9844, Constr acc: 0.9688, CE loss: 0.096, DL2 loss: 2.237
8, 171, 0.0958, 0.0003, 98.438, 100.000, 0.976, 0.630, 
[300] Train acc: 0.9531, Constr acc: 0.9375, CE loss: 0.066, DL2 loss: 2.035
8, 170, 0.0665, 0.0003, 95.312, 100.000, 0.975, 0.645, 
[315] Train acc: 0.9219, Constr acc: 0.9062, CE loss: 0.218, DL2 loss: 7.415
8, 169, 0.2182, 0.0003, 92.188, 100.000, 0.975, 0.634, 
[330] Train acc: 0.9531, Constr acc: 0.9688, CE loss: 0.083, DL2 loss: 1.562
8, 168, 0.0832, 0.0003, 95.312, 100.000, 0.971, 0.621, 
[345] Train acc: 0.9688, Constr acc: 0.8438, CE loss: 0.077, DL2 loss: 10.222
8, 167, 0.0768, 0.0003, 96.875, 100.000, 0.960, 0.591, 
[360] Train acc: 0.9375, Constr acc: 0.9062, CE loss: 0.393, DL2 loss: 8.136
8, 166, 0.3929, 0.0003, 93.750, 98.438, 0.966, 0.658, 
[375] Train acc: 1.0000, Constr acc: 0.9688, CE loss: 0.025, DL2 loss: 0.526
8, 165, 0.0248, 0.0004, 100.000, 100.000, 0.963, 0.529, 
[390] Train acc: 0.9844, Constr acc: 0.8750, CE loss: 0.151, DL2 loss: 9.284
8, 164, 0.1511, 0.0003, 98.438, 100.000, 0.976, 0.581, 
[405] Train acc: 0.9844, Constr acc: 0.9688, CE loss: 0.041, DL2 loss: 2.712
8, 163, 0.0412, 0.0004, 98.438, 100.000, 0.954, 0.533, 
[420] Train acc: 0.9688, Constr acc: 0.8438, CE loss: 0.082, DL2 loss: 9.148
8, 162, 0.0818, 0.0003, 96.875, 100.000, 0.977, 0.549, 
[435] Train acc: 0.9375, Constr acc: 0.9062, CE loss: 0.226, DL2 loss: 6.505
8, 161, 0.2263, 0.0003, 93.750, 100.000, 0.959, 0.576, 
[450] Train acc: 0.9375, Constr acc: 0.9062, CE loss: 0.147, DL2 loss: 5.427
8, 160, 0.1467, 0.0004, 93.750, 100.000, 0.961, 0.522, 
[465] Train acc: 0.9531, Constr acc: 0.9062, CE loss: 0.173, DL2 loss: 6.405
8, 159, 0.1729, 0.0004, 95.312, 100.000, 0.957, 0.485, 
[480] Train acc: 0.9844, Constr acc: 0.8750, CE loss: 0.096, DL2 loss: 7.512
8, 158, 0.0959, 0.0004, 98.438, 100.000, 0.965, 0.507, 
[495] Train acc: 0.9844, Constr acc: 0.8750, CE loss: 0.026, DL2 loss: 8.931
8, 157, 0.0257, 0.0004, 98.438, 100.000, 0.968, 0.475, 
[510] Train acc: 0.9531, Constr acc: 0.9688, CE loss: 0.118, DL2 loss: 2.035
8, 156, 0.1175, 0.0004, 95.312, 100.000, 0.962, 0.452, 
[525] Train acc: 0.9688, Constr acc: 0.9688, CE loss: 0.090, DL2 loss: 2.226
8, 155, 0.0904, 0.0004, 96.875, 100.000, 0.971, 0.496, 
[540] Train acc: 0.9531, Constr acc: 0.8438, CE loss: 0.276, DL2 loss: 11.208
8, 154, 0.2755, 0.0004, 95.312, 98.438, 0.967, 0.487, 
[555] Train acc: 0.9688, Constr acc: 0.9375, CE loss: 0.081, DL2 loss: 5.880
8, 153, 0.0814, 0.0003, 96.875, 100.000, 0.972, 0.502, 
[570] Train acc: 0.9688, Constr acc: 0.9688, CE loss: 0.106, DL2 loss: 3.210
8, 152, 0.1064, 0.0004, 96.875, 100.000, 0.959, 0.546, 
[585] Train acc: 1.0000, Constr acc: 0.9062, CE loss: 0.019, DL2 loss: 7.131
8, 151, 0.0187, 0.0003, 100.000, 100.000, 0.969, 0.565, 
[600] Train acc: 0.9531, Constr acc: 0.9062, CE loss: 0.134, DL2 loss: 7.664
8, 150, 0.1342, 0.0003, 95.312, 100.000, 0.976, 0.501, 
[615] Train acc: 0.9531, Constr acc: 0.9062, CE loss: 0.213, DL2 loss: 5.958
8, 149, 0.2129, 0.0004, 95.312, 100.000, 0.950, 0.439, 
[630] Train acc: 0.9375, Constr acc: 0.8750, CE loss: 0.117, DL2 loss: 10.296
8, 148, 0.1172, 0.0003, 93.750, 100.000, 0.975, 0.535, 
[645] Train acc: 0.9062, Constr acc: 0.8750, CE loss: 0.371, DL2 loss: 6.694
8, 147, 0.3706, 0.0004, 90.625, 98.438, 0.964, 0.479, 
[660] Train acc: 0.9375, Constr acc: 0.8438, CE loss: 0.219, DL2 loss: 13.608
8, 146, 0.2188, 0.0004, 93.750, 100.000, 0.966, 0.377, 
[675] Train acc: 1.0000, Constr acc: 0.9062, CE loss: 0.044, DL2 loss: 6.786
8, 145, 0.0442, 0.0004, 100.000, 100.000, 0.973, 0.447, 
[690] Train acc: 0.9531, Constr acc: 0.8125, CE loss: 0.152, DL2 loss: 12.812
8, 144, 0.1518, 0.0003, 95.312, 100.000, 0.977, 0.578, 
[705] Train acc: 0.9531, Constr acc: 0.9375, CE loss: 0.231, DL2 loss: 4.326
8, 143, 0.2310, 0.0003, 95.312, 98.438, 0.975, 0.519, 
[720] Train acc: 0.9531, Constr acc: 0.8750, CE loss: 0.264, DL2 loss: 8.983
8, 142, 0.2638, 0.0004, 95.312, 100.000, 0.947, 0.473, 
[735] Train acc: 0.9844, Constr acc: 0.9062, CE loss: 0.091, DL2 loss: 8.275
8, 141, 0.0907, 0.0005, 98.438, 100.000, 0.914, 0.351, 
[750] Train acc: 0.9531, Constr acc: 0.9062, CE loss: 0.136, DL2 loss: 4.119
8, 140, 0.1355, 0.0004, 95.312, 100.000, 0.959, 0.472, 
[765] Train acc: 0.9844, Constr acc: 0.7188, CE loss: 0.081, DL2 loss: 16.435
8, 139, 0.0813, 0.0004, 98.438, 100.000, 0.955, 0.402, 
[780] Train acc: 0.9844, Constr acc: 0.9688, CE loss: 0.151, DL2 loss: 2.328
8, 138, 0.1511, 0.0003, 98.438, 100.000, 0.976, 0.486, 
[795] Train acc: 0.9531, Constr acc: 0.8125, CE loss: 0.063, DL2 loss: 15.077
8, 137, 0.0634, 0.0004, 95.312, 100.000, 0.955, 0.456, 
[810] Train acc: 0.9688, Constr acc: 1.0000, CE loss: 0.183, DL2 loss: 0.000
8, 136, 0.1828, 0.0003, 96.875, 100.000, 0.971, 0.504, 
[825] Train acc: 0.9688, Constr acc: 0.9375, CE loss: 0.113, DL2 loss: 5.586
8, 135, 0.1131, 0.0003, 96.875, 100.000, 0.970, 0.534, 
[840] Train acc: 0.9844, Constr acc: 0.9062, CE loss: 0.042, DL2 loss: 5.155
8, 134, 0.0419, 0.0004, 98.438, 100.000, 0.976, 0.466, 
[855] Train acc: 0.9531, Constr acc: 0.8750, CE loss: 0.121, DL2 loss: 11.843
8, 133, 0.1212, 0.0004, 95.312, 100.000, 0.967, 0.445, 
[870] Train acc: 0.9375, Constr acc: 0.8750, CE loss: 0.142, DL2 loss: 10.067
8, 132, 0.1416, 0.0004, 93.750, 100.000, 0.975, 0.415, 
[885] Train acc: 0.9531, Constr acc: 0.8750, CE loss: 0.137, DL2 loss: 10.946
8, 131, 0.1369, 0.0004, 95.312, 100.000, 0.969, 0.360, 
[900] Train acc: 0.9688, Constr acc: 0.9062, CE loss: 0.091, DL2 loss: 2.937
8, 130, 0.0910, 0.0004, 96.875, 100.000, 0.974, 0.422, 
[915] Train acc: 0.9688, Constr acc: 0.8750, CE loss: 0.085, DL2 loss: 9.383
8, 129, 0.0846, 0.0004, 96.875, 100.000, 0.937, 0.484, 
[930] Train acc: 1.0000, Constr acc: 0.9375, CE loss: 0.017, DL2 loss: 4.852
8, 128, 0.0171, 0.0004, 100.000, 100.000, 0.969, 0.455, 
[0] Train acc: 0.9219, Constr acc: 0.8125, CE loss: 0.254, DL2 loss: 15.481
9, 127, 0.2537, 0.0004, 92.188, 100.000, 0.962, 0.371, 
[15] Train acc: 1.0000, Constr acc: 0.8438, CE loss: 0.024, DL2 loss: 14.581
9, 126, 0.0239, 0.0004, 100.000, 100.000, 0.968, 0.383, 
[30] Train acc: 0.9844, Constr acc: 0.8125, CE loss: 0.048, DL2 loss: 17.023
9, 125, 0.0481, 0.0004, 98.438, 100.000, 0.975, 0.400, 
[45] Train acc: 0.9375, Constr acc: 0.9062, CE loss: 0.199, DL2 loss: 6.613
9, 124, 0.1990, 0.0004, 93.750, 100.000, 0.972, 0.369, 
[60] Train acc: 0.9688, Constr acc: 0.9375, CE loss: 0.052, DL2 loss: 3.921
9, 123, 0.0521, 0.0004, 96.875, 100.000, 0.959, 0.448, 
[75] Train acc: 0.9531, Constr acc: 1.0000, CE loss: 0.148, DL2 loss: 0.000
9, 122, 0.1476, 0.0004, 95.312, 100.000, 0.976, 0.398, 
[90] Train acc: 0.9688, Constr acc: 0.7500, CE loss: 0.214, DL2 loss: 17.030
9, 121, 0.2138, 0.0004, 96.875, 100.000, 0.957, 0.370, 
[105] Train acc: 1.0000, Constr acc: 0.8750, CE loss: 0.020, DL2 loss: 9.328
9, 120, 0.0195, 0.0004, 100.000, 100.000, 0.956, 0.501, 
[120] Train acc: 0.9375, Constr acc: 0.9375, CE loss: 0.185, DL2 loss: 5.013
9, 119, 0.1854, 0.0003, 93.750, 100.000, 0.977, 0.543, 
[135] Train acc: 0.9844, Constr acc: 0.8750, CE loss: 0.060, DL2 loss: 9.501
9, 118, 0.0604, 0.0004, 98.438, 100.000, 0.972, 0.391, 
[150] Train acc: 0.9844, Constr acc: 0.9375, CE loss: 0.055, DL2 loss: 4.289
9, 117, 0.0546, 0.0004, 98.438, 100.000, 0.973, 0.371, 
[165] Train acc: 0.9531, Constr acc: 0.9062, CE loss: 0.130, DL2 loss: 6.152
9, 116, 0.1303, 0.0004, 95.312, 100.000, 0.974, 0.431, 
[180] Train acc: 0.9844, Constr acc: 0.8438, CE loss: 0.040, DL2 loss: 8.235
9, 115, 0.0404, 0.0004, 98.438, 100.000, 0.953, 0.368, 
[195] Train acc: 1.0000, Constr acc: 0.9375, CE loss: 0.019, DL2 loss: 4.288
9, 114, 0.0188, 0.0004, 100.000, 100.000, 0.975, 0.309, 
[210] Train acc: 0.9688, Constr acc: 0.8750, CE loss: 0.089, DL2 loss: 9.116
9, 113, 0.0888, 0.0004, 96.875, 100.000, 0.974, 0.383, 
[225] Train acc: 0.9375, Constr acc: 0.9375, CE loss: 0.169, DL2 loss: 4.758
9, 112, 0.1693, 0.0004, 93.750, 100.000, 0.966, 0.399, 
[240] Train acc: 0.9844, Constr acc: 0.8750, CE loss: 0.041, DL2 loss: 9.956
9, 111, 0.0415, 0.0004, 98.438, 100.000, 0.975, 0.446, 
[255] Train acc: 1.0000, Constr acc: 0.9062, CE loss: 0.022, DL2 loss: 7.365
9, 110, 0.0223, 0.0004, 100.000, 100.000, 0.974, 0.393, 
[270] Train acc: 0.9531, Constr acc: 0.8750, CE loss: 0.135, DL2 loss: 8.661
9, 109, 0.1355, 0.0004, 95.312, 100.000, 0.975, 0.356, 
[285] Train acc: 0.9688, Constr acc: 0.9062, CE loss: 0.124, DL2 loss: 8.927
9, 108, 0.1240, 0.0003, 96.875, 100.000, 0.976, 0.491, 
[300] Train acc: 0.9844, Constr acc: 0.9375, CE loss: 0.042, DL2 loss: 3.455
9, 107, 0.0417, 0.0004, 98.438, 100.000, 0.974, 0.422, 
[315] Train acc: 0.9531, Constr acc: 0.8125, CE loss: 0.160, DL2 loss: 14.403
9, 106, 0.1602, 0.0004, 95.312, 100.000, 0.968, 0.402, 
[330] Train acc: 0.9844, Constr acc: 0.8750, CE loss: 0.146, DL2 loss: 9.428
9, 105, 0.1463, 0.0004, 98.438, 100.000, 0.974, 0.328, 
[345] Train acc: 0.9844, Constr acc: 0.9375, CE loss: 0.049, DL2 loss: 4.739
9, 104, 0.0494, 0.0004, 98.438, 100.000, 0.978, 0.349, 
[360] Train acc: 0.9688, Constr acc: 0.9062, CE loss: 0.093, DL2 loss: 4.263
9, 103, 0.0927, 0.0004, 96.875, 100.000, 0.969, 0.357, 
[375] Train acc: 0.9844, Constr acc: 0.9062, CE loss: 0.058, DL2 loss: 5.173
9, 102, 0.0582, 0.0005, 98.438, 100.000, 0.953, 0.346, 
[390] Train acc: 0.9844, Constr acc: 0.9375, CE loss: 0.108, DL2 loss: 2.512
9, 101, 0.1082, 0.0004, 98.438, 100.000, 0.968, 0.347, 
[405] Train acc: 0.9844, Constr acc: 0.8125, CE loss: 0.053, DL2 loss: 13.816
9, 100, 0.0534, 0.0004, 98.438, 100.000, 0.971, 0.398, 
[420] Train acc: 0.9688, Constr acc: 0.9062, CE loss: 0.193, DL2 loss: 6.111
9, 99, 0.1926, 0.0004, 96.875, 100.000, 0.956, 0.461, 
[435] Train acc: 0.9844, Constr acc: 0.9688, CE loss: 0.039, DL2 loss: 3.021
9, 98, 0.0386, 0.0004, 98.438, 100.000, 0.976, 0.390, 
[450] Train acc: 0.9531, Constr acc: 0.9062, CE loss: 0.187, DL2 loss: 5.512
9, 97, 0.1872, 0.0004, 95.312, 100.000, 0.977, 0.317, 
[465] Train acc: 0.9688, Constr acc: 0.8750, CE loss: 0.116, DL2 loss: 8.448
9, 96, 0.1158, 0.0005, 96.875, 100.000, 0.969, 0.267, 
[480] Train acc: 0.9688, Constr acc: 0.9062, CE loss: 0.080, DL2 loss: 8.176
9, 95, 0.0800, 0.0004, 96.875, 100.000, 0.975, 0.271, 
[495] Train acc: 1.0000, Constr acc: 0.8125, CE loss: 0.028, DL2 loss: 12.665
9, 94, 0.0277, 0.0004, 100.000, 100.000, 0.971, 0.326, 
[510] Train acc: 1.0000, Constr acc: 0.8750, CE loss: 0.020, DL2 loss: 11.567
9, 93, 0.0205, 0.0005, 100.000, 100.000, 0.977, 0.284, 
[525] Train acc: 0.9219, Constr acc: 0.8750, CE loss: 0.249, DL2 loss: 10.553
9, 92, 0.2489, 0.0005, 92.188, 100.000, 0.966, 0.269, 
[540] Train acc: 0.9688, Constr acc: 0.8750, CE loss: 0.100, DL2 loss: 12.153
9, 91, 0.1002, 0.0005, 96.875, 100.000, 0.973, 0.275, 
[555] Train acc: 0.9688, Constr acc: 0.8438, CE loss: 0.086, DL2 loss: 9.530
9, 90, 0.0858, 0.0005, 96.875, 100.000, 0.964, 0.227, 
[570] Train acc: 0.9062, Constr acc: 0.9062, CE loss: 0.392, DL2 loss: 6.106
9, 89, 0.3922, 0.0008, 90.625, 100.000, 0.796, 0.266, 
[585] Train acc: 0.9844, Constr acc: 0.8438, CE loss: 0.054, DL2 loss: 12.855
9, 88, 0.0543, 0.0005, 98.438, 100.000, 0.970, 0.259, 
[600] Train acc: 0.9375, Constr acc: 0.7500, CE loss: 0.234, DL2 loss: 18.025
9, 87, 0.2339, 0.0005, 93.750, 100.000, 0.948, 0.315, 
[615] Train acc: 0.9688, Constr acc: 0.7500, CE loss: 0.109, DL2 loss: 13.808
9, 86, 0.1095, 0.0005, 96.875, 100.000, 0.954, 0.274, 
[630] Train acc: 1.0000, Constr acc: 0.8125, CE loss: 0.034, DL2 loss: 15.414
9, 85, 0.0337, 0.0004, 100.000, 100.000, 0.968, 0.310, 
[645] Train acc: 0.9688, Constr acc: 0.9062, CE loss: 0.108, DL2 loss: 9.342
9, 84, 0.1084, 0.0004, 96.875, 100.000, 0.966, 0.400, 
[660] Train acc: 0.9844, Constr acc: 0.7812, CE loss: 0.090, DL2 loss: 18.063
9, 83, 0.0899, 0.0005, 98.438, 100.000, 0.952, 0.366, 
[675] Train acc: 0.8750, Constr acc: 0.9375, CE loss: 0.504, DL2 loss: 4.581
9, 82, 0.5043, 0.0005, 87.500, 96.875, 0.961, 0.297, 
[690] Train acc: 1.0000, Constr acc: 1.0000, CE loss: 0.007, DL2 loss: 0.000
9, 81, 0.0067, 0.0004, 100.000, 100.000, 0.974, 0.274, 
[705] Train acc: 0.9531, Constr acc: 0.9688, CE loss: 0.109, DL2 loss: 0.990
9, 80, 0.1092, 0.0005, 95.312, 100.000, 0.971, 0.272, 
[720] Train acc: 0.9375, Constr acc: 0.8438, CE loss: 0.222, DL2 loss: 10.838
9, 79, 0.2224, 0.0005, 93.750, 100.000, 0.959, 0.266, 
[735] Train acc: 0.8906, Constr acc: 0.8750, CE loss: 0.466, DL2 loss: 11.197
9, 78, 0.4664, 0.0005, 89.062, 98.438, 0.929, 0.242, 
[750] Train acc: 1.0000, Constr acc: 0.8438, CE loss: 0.038, DL2 loss: 11.883
9, 77, 0.0376, 0.0005, 100.000, 100.000, 0.966, 0.220, 
[765] Train acc: 0.9531, Constr acc: 0.8750, CE loss: 0.133, DL2 loss: 6.033
9, 76, 0.1331, 0.0005, 95.312, 100.000, 0.958, 0.281, 
[780] Train acc: 0.9531, Constr acc: 0.9375, CE loss: 0.146, DL2 loss: 2.334
9, 75, 0.1457, 0.0004, 95.312, 100.000, 0.953, 0.359, 
[795] Train acc: 0.9375, Constr acc: 0.8438, CE loss: 0.300, DL2 loss: 8.997
9, 74, 0.2999, 0.0005, 93.750, 100.000, 0.957, 0.288, 
[810] Train acc: 0.9531, Constr acc: 0.9062, CE loss: 0.105, DL2 loss: 7.768
9, 73, 0.1055, 0.0005, 95.312, 100.000, 0.959, 0.240, 
[825] Train acc: 0.9531, Constr acc: 0.9375, CE loss: 0.161, DL2 loss: 5.012
9, 72, 0.1613, 0.0005, 95.312, 100.000, 0.946, 0.270, 
[840] Train acc: 0.9062, Constr acc: 0.9375, CE loss: 0.287, DL2 loss: 5.684
9, 71, 0.2874, 0.0005, 90.625, 100.000, 0.964, 0.271, 
[855] Train acc: 0.9375, Constr acc: 0.8750, CE loss: 0.311, DL2 loss: 9.496
9, 70, 0.3110, 0.0005, 93.750, 96.875, 0.966, 0.240, 
[870] Train acc: 0.9531, Constr acc: 0.8125, CE loss: 0.205, DL2 loss: 14.146
9, 69, 0.2049, 0.0005, 95.312, 100.000, 0.951, 0.289, 
[885] Train acc: 0.9375, Constr acc: 0.8750, CE loss: 0.144, DL2 loss: 10.817
9, 68, 0.1441, 0.0006, 93.750, 100.000, 0.932, 0.255, 
[900] Train acc: 0.9375, Constr acc: 0.9062, CE loss: 0.150, DL2 loss: 5.928
9, 67, 0.1499, 0.0005, 93.750, 100.000, 0.969, 0.264, 
[915] Train acc: 0.9219, Constr acc: 0.9375, CE loss: 0.152, DL2 loss: 3.731
9, 66, 0.1518, 0.0005, 92.188, 100.000, 0.953, 0.227, 
[930] Train acc: 0.9688, Constr acc: 0.8750, CE loss: 0.197, DL2 loss: 7.238
9, 65, 0.1969, 0.0005, 96.875, 100.000, 0.959, 0.205, 
[0] Train acc: 0.9375, Constr acc: 0.9375, CE loss: 0.228, DL2 loss: 5.464
10, 65, 0.2280, 0.0005, 93.750, 100.000, 0.951, 0.262, 
[15] Train acc: 0.8594, Constr acc: 0.8750, CE loss: 0.435, DL2 loss: 7.902
10, 64, 0.4350, 0.0005, 85.938, 98.438, 0.956, 0.339, 
[30] Train acc: 1.0000, Constr acc: 0.9375, CE loss: 0.030, DL2 loss: 4.435
10, 63, 0.0296, 0.0005, 100.000, 100.000, 0.954, 0.359, 
[45] Train acc: 0.9688, Constr acc: 0.8750, CE loss: 0.109, DL2 loss: 9.087
10, 62, 0.1092, 0.0004, 96.875, 100.000, 0.960, 0.327, 
[60] Train acc: 0.9688, Constr acc: 0.7812, CE loss: 0.128, DL2 loss: 12.945
10, 61, 0.1276, 0.0005, 96.875, 100.000, 0.943, 0.286, 
[75] Train acc: 0.9688, Constr acc: 0.9062, CE loss: 0.120, DL2 loss: 8.198
10, 60, 0.1198, 0.0006, 96.875, 100.000, 0.958, 0.167, 
[90] Train acc: 0.9688, Constr acc: 0.8750, CE loss: 0.110, DL2 loss: 8.226
10, 59, 0.1097, 0.0005, 96.875, 100.000, 0.951, 0.260, 
[105] Train acc: 0.9375, Constr acc: 0.9062, CE loss: 0.169, DL2 loss: 5.416
10, 58, 0.1691, 0.0005, 93.750, 100.000, 0.954, 0.201, 
[120] Train acc: 0.9844, Constr acc: 0.8750, CE loss: 0.078, DL2 loss: 7.951
10, 57, 0.0782, 0.0006, 98.438, 100.000, 0.953, 0.207, 
[135] Train acc: 0.9062, Constr acc: 0.8750, CE loss: 0.262, DL2 loss: 9.263
10, 56, 0.2616, 0.0007, 90.625, 100.000, 0.911, 0.094, 
[150] Train acc: 0.9531, Constr acc: 0.7812, CE loss: 0.128, DL2 loss: 15.064
10, 55, 0.1281, 0.0006, 95.312, 100.000, 0.950, 0.151, 
[165] Train acc: 0.8906, Constr acc: 0.9688, CE loss: 0.402, DL2 loss: 0.759
10, 54, 0.4020, 0.0006, 89.062, 100.000, 0.936, 0.222, 
[180] Train acc: 0.9531, Constr acc: 0.9688, CE loss: 0.166, DL2 loss: 3.003
10, 53, 0.1659, 0.0005, 95.312, 100.000, 0.964, 0.209, 
[195] Train acc: 0.9531, Constr acc: 0.9375, CE loss: 0.148, DL2 loss: 3.234
10, 52, 0.1479, 0.0006, 95.312, 100.000, 0.938, 0.165, 
[210] Train acc: 0.9375, Constr acc: 0.8438, CE loss: 0.224, DL2 loss: 11.533
10, 51, 0.2236, 0.0006, 93.750, 98.438, 0.953, 0.211, 
[225] Train acc: 0.9844, Constr acc: 0.9062, CE loss: 0.074, DL2 loss: 6.455
10, 50, 0.0737, 0.0005, 98.438, 100.000, 0.956, 0.194, 
[240] Train acc: 0.8906, Constr acc: 0.8438, CE loss: 0.411, DL2 loss: 10.985
10, 49, 0.4113, 0.0005, 89.062, 100.000, 0.962, 0.328, 
[255] Train acc: 0.8750, Constr acc: 0.8750, CE loss: 0.296, DL2 loss: 10.878
10, 48, 0.2963, 0.0005, 87.500, 100.000, 0.946, 0.241, 
[270] Train acc: 0.9375, Constr acc: 0.8750, CE loss: 0.146, DL2 loss: 10.575
10, 47, 0.1458, 0.0006, 93.750, 100.000, 0.950, 0.130, 
[285] Train acc: 0.9375, Constr acc: 0.7500, CE loss: 0.136, DL2 loss: 17.939
10, 46, 0.1355, 0.0006, 93.750, 100.000, 0.955, 0.161, 
[300] Train acc: 0.9531, Constr acc: 0.8438, CE loss: 0.184, DL2 loss: 6.172
10, 45, 0.1843, 0.0006, 95.312, 100.000, 0.940, 0.154, 
[315] Train acc: 0.9688, Constr acc: 0.8125, CE loss: 0.152, DL2 loss: 14.882
10, 44, 0.1520, 0.0005, 96.875, 100.000, 0.948, 0.224, 
[330] Train acc: 0.9219, Constr acc: 0.9062, CE loss: 0.445, DL2 loss: 5.548
10, 43, 0.4445, 0.0006, 92.188, 98.438, 0.933, 0.152, 
[345] Train acc: 0.9375, Constr acc: 0.8438, CE loss: 0.160, DL2 loss: 7.175
10, 42, 0.1596, 0.0006, 93.750, 100.000, 0.932, 0.257, 
[360] Train acc: 0.9531, Constr acc: 0.8438, CE loss: 0.123, DL2 loss: 8.977
10, 41, 0.1226, 0.0005, 95.312, 100.000, 0.951, 0.269, 
[375] Train acc: 0.9688, Constr acc: 0.7500, CE loss: 0.063, DL2 loss: 20.140
10, 40, 0.0629, 0.0006, 96.875, 100.000, 0.954, 0.157, 
[390] Train acc: 1.0000, Constr acc: 0.7500, CE loss: 0.037, DL2 loss: 17.041
10, 39, 0.0367, 0.0005, 100.000, 100.000, 0.946, 0.259, 
[405] Train acc: 0.9688, Constr acc: 0.8438, CE loss: 0.091, DL2 loss: 10.859
10, 38, 0.0908, 0.0006, 96.875, 100.000, 0.926, 0.187, 
[420] Train acc: 0.8125, Constr acc: 0.8125, CE loss: 0.939, DL2 loss: 11.429
10, 37, 0.9390, 0.0007, 81.250, 100.000, 0.909, 0.154, 
[435] Train acc: 0.9219, Constr acc: 0.9688, CE loss: 0.233, DL2 loss: 2.394
10, 36, 0.2333, 0.0007, 92.188, 100.000, 0.922, 0.136, 
[450] Train acc: 0.9375, Constr acc: 0.8438, CE loss: 0.177, DL2 loss: 10.855
10, 35, 0.1770, 0.0006, 93.750, 100.000, 0.942, 0.219, 
[465] Train acc: 0.9375, Constr acc: 0.9062, CE loss: 0.173, DL2 loss: 6.318
10, 34, 0.1725, 0.0006, 93.750, 100.000, 0.925, 0.207, 
[480] Train acc: 0.8906, Constr acc: 0.8125, CE loss: 0.370, DL2 loss: 15.117
10, 33, 0.3702, 0.0007, 89.062, 98.438, 0.936, 0.133, 
[495] Train acc: 0.9531, Constr acc: 0.7812, CE loss: 0.162, DL2 loss: 17.118
10, 32, 0.1624, 0.0006, 95.312, 100.000, 0.925, 0.177, 
[510] Train acc: 0.9062, Constr acc: 0.9062, CE loss: 0.238, DL2 loss: 5.782
10, 31, 0.2381, 0.0007, 90.625, 100.000, 0.922, 0.163, 
[525] Train acc: 0.8750, Constr acc: 0.9062, CE loss: 0.355, DL2 loss: 4.796
10, 30, 0.3550, 0.0007, 87.500, 100.000, 0.917, 0.176, 
[540] Train acc: 0.8906, Constr acc: 0.7812, CE loss: 0.343, DL2 loss: 12.938
10, 29, 0.3432, 0.0006, 89.062, 98.438, 0.924, 0.260, 
[555] Train acc: 0.9062, Constr acc: 0.8750, CE loss: 0.314, DL2 loss: 11.504
10, 28, 0.3139, 0.0007, 90.625, 100.000, 0.913, 0.231, 
[570] Train acc: 0.8906, Constr acc: 0.9062, CE loss: 0.418, DL2 loss: 5.720
10, 27, 0.4178, 0.0006, 89.062, 98.438, 0.925, 0.289, 
[585] Train acc: 0.8281, Constr acc: 0.8438, CE loss: 0.612, DL2 loss: 8.580
10, 26, 0.6118, 0.0007, 82.812, 95.312, 0.852, 0.256, 
[600] Train acc: 0.8125, Constr acc: 0.7500, CE loss: 0.809, DL2 loss: 16.299
10, 25, 0.8091, 0.0008, 81.250, 95.312, 0.832, 0.293, 
[615] Train acc: 0.8594, Constr acc: 0.7188, CE loss: 0.603, DL2 loss: 18.280
10, 24, 0.6028, 0.0008, 85.938, 96.875, 0.881, 0.235, 
[630] Train acc: 0.8125, Constr acc: 0.8750, CE loss: 0.680, DL2 loss: 5.661
10, 23, 0.6803, 0.0008, 81.250, 98.438, 0.820, 0.247, 
[645] Train acc: 0.6875, Constr acc: 0.7188, CE loss: 0.705, DL2 loss: 17.279
10, 22, 0.7050, 0.0009, 68.750, 100.000, 0.739, 0.229, 
[660] Train acc: 0.7656, Constr acc: 0.8438, CE loss: 0.738, DL2 loss: 12.301
10, 21, 0.7381, 0.0009, 76.562, 98.438, 0.761, 0.202, 
[675] Train acc: 0.6719, Constr acc: 0.8438, CE loss: 0.992, DL2 loss: 8.545
10, 20, 0.9916, 0.0010, 67.188, 95.312, 0.682, 0.274, 
[690] Train acc: 0.6094, Constr acc: 0.5312, CE loss: 1.600, DL2 loss: 20.588
10, 19, 1.6001, 0.0011, 60.938, 84.375, 0.629, 0.192, 
[705] Train acc: 0.6719, Constr acc: 0.7500, CE loss: 1.297, DL2 loss: 13.902
10, 18, 1.2974, 0.0010, 67.188, 96.875, 0.684, 0.280, 
[720] Train acc: 0.7500, Constr acc: 0.6875, CE loss: 0.758, DL2 loss: 18.650
10, 17, 0.7575, 0.0011, 75.000, 96.875, 0.688, 0.244, 
[735] Train acc: 0.5781, Constr acc: 0.5625, CE loss: 1.460, DL2 loss: 26.215
10, 16, 1.4599, 0.0011, 57.812, 95.312, 0.658, 0.270, 
[750] Train acc: 0.5625, Constr acc: 0.6875, CE loss: 1.477, DL2 loss: 23.428
10, 15, 1.4765, 0.0013, 56.250, 92.188, 0.596, 0.183, 
[765] Train acc: 0.5625, Constr acc: 0.7188, CE loss: 1.212, DL2 loss: 18.102
10, 14, 1.2124, 0.0011, 56.250, 98.438, 0.632, 0.247, 
[780] Train acc: 0.7188, Constr acc: 0.7188, CE loss: 1.074, DL2 loss: 19.308
10, 13, 1.0742, 0.0012, 71.875, 95.312, 0.578, 0.286, 
[795] Train acc: 0.6719, Constr acc: 0.6250, CE loss: 1.246, DL2 loss: 17.450
10, 12, 1.2458, 0.0012, 67.188, 95.312, 0.615, 0.263, 
[810] Train acc: 0.4219, Constr acc: 0.5938, CE loss: 1.769, DL2 loss: 22.000
10, 11, 1.7689, 0.0012, 42.188, 92.188, 0.603, 0.263, 
[825] Train acc: 0.3281, Constr acc: 0.4688, CE loss: 2.270, DL2 loss: 35.009
10, 10, 2.2703, 0.0015, 32.812, 81.250, 0.474, 0.058, 
[840] Train acc: 0.5000, Constr acc: 0.4688, CE loss: 1.676, DL2 loss: 34.871
10, 9, 1.6763, 0.0017, 50.000, 87.500, 0.395, 0.124, 
[855] Train acc: 0.2656, Constr acc: 0.2812, CE loss: 2.933, DL2 loss: 41.348
10, 8, 2.9332, 0.0017, 26.562, 67.188, 0.368, 0.143, 
[870] Train acc: 0.1250, Constr acc: 0.0000, CE loss: 2.278, DL2 loss: 92.919
10, 7, 2.2779, 0.0023, 12.500, 57.812, 0.101, 0.000, 
[885] Train acc: 0.0781, Constr acc: 0.0000, CE loss: 2.334, DL2 loss: 89.090
10, 6, 2.3340, 0.0023, 7.812, 51.562, 0.101, 0.000, 
[900] Train acc: 0.0938, Constr acc: 0.0000, CE loss: 2.294, DL2 loss: 91.059
10, 5, 2.2941, 0.0023, 9.375, 56.250, 0.101, 0.000, 
[915] Train acc: 0.1094, Constr acc: 0.0000, CE loss: 2.292, DL2 loss: 94.392
10, 4, 2.2918, 0.0023, 10.938, 54.688, 0.101, 0.000, 
[930] Train acc: 0.0781, Constr acc: 0.0000, CE loss: 2.309, DL2 loss: 90.208
10, 3, 2.3094, 0.0023, 7.812, 53.125, 0.101, 0.000, 
