main_allinputs_dl2.py --pruning=True --tensorboard=True --log-interval=15 --pruning_config=./configs/mnist_22_15.json --constraint RobustnessDandR(eps1=10, eps2=8) --print-after-epoch=0 --dl2-weight=0.2 --delay=6
pruning_engine.load_mask(): did not find mask file, will load nothing
epoch, neuron_units, loss, dl2_loss, top1, top5, dl2_p_acc, dl2_constraint_acc
[0] Train acc: 0.1406
1, 252, 2.2927, 0.0023, 14.062, 59.375, 0.103, 0.421, 
[15] Train acc: 0.1875
1, 252, 2.2763, 0.0023, 18.750, 68.750, 0.103, 0.426, 
[30] Train acc: 0.3125
1, 252, 2.2343, 0.0023, 31.250, 75.000, 0.205, 0.428, 
[45] Train acc: 0.3594
1, 252, 2.1083, 0.0022, 35.938, 89.062, 0.408, 0.432, 
[60] Train acc: 0.5625
1, 252, 1.8079, 0.0021, 56.250, 90.625, 0.576, 0.432, 
[75] Train acc: 0.6719
1, 252, 1.1560, 0.0017, 67.188, 95.312, 0.646, 0.432, 
[90] Train acc: 0.6250
1, 252, 1.0569, 0.0015, 62.500, 98.438, 0.674, 0.440, 
[105] Train acc: 0.7031
1, 252, 0.8945, 0.0013, 70.312, 95.312, 0.730, 0.415, 
[120] Train acc: 0.8125
1, 252, 0.5999, 0.0011, 81.250, 98.438, 0.806, 0.425, 
[135] Train acc: 0.8594
1, 252, 0.3908, 0.0010, 85.938, 100.000, 0.854, 0.431, 
[150] Train acc: 0.8594
1, 252, 0.5338, 0.0010, 85.938, 100.000, 0.820, 0.426, 
[165] Train acc: 0.8281
1, 252, 0.5438, 0.0010, 82.812, 98.438, 0.764, 0.426, 
[180] Train acc: 0.9062
1, 252, 0.4400, 0.0009, 90.625, 98.438, 0.846, 0.426, 
[195] Train acc: 0.9062
1, 252, 0.2807, 0.0009, 90.625, 100.000, 0.848, 0.430, 
[210] Train acc: 0.9219
1, 252, 0.3620, 0.0009, 92.188, 98.438, 0.857, 0.427, 
[225] Train acc: 0.8906
1, 252, 0.3961, 0.0008, 89.062, 100.000, 0.886, 0.417, 
[240] Train acc: 0.8750
1, 252, 0.4191, 0.0008, 87.500, 98.438, 0.877, 0.425, 
[255] Train acc: 0.8281
1, 252, 0.4304, 0.0008, 82.812, 100.000, 0.853, 0.431, 
[270] Train acc: 0.9219
1, 252, 0.2301, 0.0008, 92.188, 100.000, 0.844, 0.433, 
[285] Train acc: 0.9375
1, 252, 0.2473, 0.0007, 93.750, 100.000, 0.920, 0.430, 
[300] Train acc: 0.9062
1, 252, 0.2676, 0.0007, 90.625, 100.000, 0.912, 0.440, 
[315] Train acc: 0.9375
1, 252, 0.2680, 0.0007, 93.750, 98.438, 0.920, 0.438, 
[330] Train acc: 0.9062
1, 252, 0.3760, 0.0007, 90.625, 98.438, 0.864, 0.429, 
[345] Train acc: 0.8594
1, 252, 0.4707, 0.0007, 85.938, 98.438, 0.908, 0.435, 
[360] Train acc: 0.8750
1, 252, 0.2857, 0.0007, 87.500, 100.000, 0.908, 0.425, 
[375] Train acc: 0.9375
1, 252, 0.1565, 0.0007, 93.750, 100.000, 0.922, 0.426, 
[390] Train acc: 0.9219
1, 252, 0.2108, 0.0006, 92.188, 100.000, 0.914, 0.418, 
[405] Train acc: 0.9375
1, 252, 0.1969, 0.0006, 93.750, 100.000, 0.917, 0.430, 
[420] Train acc: 0.9219
1, 252, 0.2400, 0.0006, 92.188, 100.000, 0.936, 0.430, 
[435] Train acc: 0.9219
1, 252, 0.2270, 0.0006, 92.188, 100.000, 0.933, 0.437, 
[450] Train acc: 0.9219
1, 252, 0.1798, 0.0006, 92.188, 100.000, 0.942, 0.433, 
[465] Train acc: 0.8906
1, 252, 0.3462, 0.0006, 89.062, 100.000, 0.916, 0.432, 
[480] Train acc: 1.0000
1, 252, 0.0755, 0.0006, 100.000, 100.000, 0.934, 0.430, 
[495] Train acc: 0.9531
1, 252, 0.1632, 0.0006, 95.312, 100.000, 0.947, 0.433, 
[510] Train acc: 0.9219
1, 252, 0.1653, 0.0005, 92.188, 100.000, 0.949, 0.431, 
[525] Train acc: 0.9531
1, 252, 0.1390, 0.0006, 95.312, 100.000, 0.945, 0.436, 
[540] Train acc: 0.9531
1, 252, 0.2509, 0.0006, 95.312, 98.438, 0.934, 0.440, 
[555] Train acc: 0.9531
1, 252, 0.1703, 0.0005, 95.312, 98.438, 0.953, 0.434, 
[570] Train acc: 0.9531
1, 252, 0.1515, 0.0005, 95.312, 100.000, 0.923, 0.429, 
[585] Train acc: 0.9844
1, 252, 0.0830, 0.0005, 98.438, 100.000, 0.950, 0.439, 
[600] Train acc: 0.9531
1, 252, 0.1891, 0.0005, 95.312, 100.000, 0.951, 0.421, 
[615] Train acc: 0.9531
1, 252, 0.1560, 0.0005, 95.312, 100.000, 0.951, 0.425, 
[630] Train acc: 0.9375
1, 252, 0.3314, 0.0005, 93.750, 100.000, 0.956, 0.416, 
[645] Train acc: 0.9688
1, 252, 0.1526, 0.0005, 96.875, 100.000, 0.956, 0.434, 
[660] Train acc: 0.9688
1, 252, 0.1363, 0.0005, 96.875, 100.000, 0.955, 0.430, 
[675] Train acc: 0.9219
1, 252, 0.1621, 0.0005, 92.188, 100.000, 0.956, 0.426, 
[690] Train acc: 0.9688
1, 252, 0.1655, 0.0005, 96.875, 98.438, 0.958, 0.443, 
[705] Train acc: 0.8906
1, 252, 0.3465, 0.0005, 89.062, 100.000, 0.951, 0.429, 
[720] Train acc: 1.0000
1, 252, 0.0519, 0.0005, 100.000, 100.000, 0.958, 0.426, 
[735] Train acc: 0.9375
1, 252, 0.1611, 0.0005, 93.750, 100.000, 0.956, 0.433, 
[750] Train acc: 0.9688
1, 252, 0.0681, 0.0005, 96.875, 100.000, 0.951, 0.430, 
[765] Train acc: 0.9062
1, 252, 0.2858, 0.0005, 90.625, 100.000, 0.946, 0.424, 
[780] Train acc: 0.9219
1, 252, 0.1961, 0.0005, 92.188, 100.000, 0.964, 0.427, 
[795] Train acc: 0.9375
1, 252, 0.1240, 0.0005, 93.750, 100.000, 0.959, 0.433, 
[810] Train acc: 1.0000
1, 252, 0.0541, 0.0005, 100.000, 100.000, 0.963, 0.442, 
[825] Train acc: 0.9531
1, 252, 0.1063, 0.0005, 95.312, 100.000, 0.961, 0.421, 
[840] Train acc: 0.9531
1, 252, 0.1269, 0.0005, 95.312, 100.000, 0.969, 0.435, 
[855] Train acc: 0.9375
1, 252, 0.1498, 0.0005, 93.750, 100.000, 0.944, 0.435, 
[870] Train acc: 0.9531
1, 252, 0.1492, 0.0004, 95.312, 100.000, 0.964, 0.427, 
[885] Train acc: 0.9375
1, 252, 0.1354, 0.0005, 93.750, 100.000, 0.960, 0.429, 
[900] Train acc: 0.9531
1, 252, 0.1045, 0.0004, 95.312, 100.000, 0.963, 0.423, 
[915] Train acc: 0.9375
1, 252, 0.1984, 0.0004, 93.750, 100.000, 0.960, 0.425, 
[930] Train acc: 0.9375
1, 252, 0.1602, 0.0004, 93.750, 100.000, 0.964, 0.436, 
[0] Train acc: 0.9531
2, 252, 0.1422, 0.0004, 95.312, 100.000, 0.963, 0.432, 
[15] Train acc: 0.9844
2, 252, 0.0743, 0.0004, 98.438, 100.000, 0.967, 0.420, 
[30] Train acc: 0.9688
2, 252, 0.0818, 0.0004, 96.875, 100.000, 0.955, 0.428, 
[45] Train acc: 0.9688
2, 252, 0.0931, 0.0004, 96.875, 100.000, 0.966, 0.425, 
[60] Train acc: 0.9844
2, 252, 0.0457, 0.0004, 98.438, 100.000, 0.963, 0.426, 
[75] Train acc: 0.9688
2, 252, 0.1403, 0.0004, 96.875, 100.000, 0.966, 0.421, 
[90] Train acc: 0.9375
2, 252, 0.3260, 0.0004, 93.750, 100.000, 0.968, 0.429, 
[105] Train acc: 0.9844
2, 252, 0.0472, 0.0004, 98.438, 100.000, 0.969, 0.445, 
[120] Train acc: 0.9844
2, 252, 0.0902, 0.0004, 98.438, 100.000, 0.970, 0.435, 
[135] Train acc: 0.9688
2, 252, 0.1529, 0.0004, 96.875, 100.000, 0.963, 0.426, 
[150] Train acc: 0.9531
2, 252, 0.0850, 0.0004, 95.312, 100.000, 0.967, 0.420, 
[165] Train acc: 0.9844
2, 252, 0.0711, 0.0004, 98.438, 100.000, 0.968, 0.443, 
[180] Train acc: 0.9531
2, 252, 0.0894, 0.0004, 95.312, 100.000, 0.967, 0.443, 
[195] Train acc: 0.9688
2, 252, 0.0980, 0.0004, 96.875, 100.000, 0.961, 0.424, 
[210] Train acc: 0.9688
2, 252, 0.0667, 0.0004, 96.875, 100.000, 0.973, 0.426, 
[225] Train acc: 0.9531
2, 252, 0.1516, 0.0004, 95.312, 100.000, 0.965, 0.424, 
[240] Train acc: 0.9531
2, 252, 0.1471, 0.0004, 95.312, 100.000, 0.966, 0.425, 
[255] Train acc: 1.0000
2, 252, 0.0243, 0.0004, 100.000, 100.000, 0.968, 0.433, 
[270] Train acc: 0.9844
2, 252, 0.0624, 0.0003, 98.438, 100.000, 0.973, 0.438, 
[285] Train acc: 0.9844
2, 252, 0.0390, 0.0003, 98.438, 100.000, 0.975, 0.428, 
[300] Train acc: 0.9688
2, 252, 0.0785, 0.0004, 96.875, 100.000, 0.969, 0.428, 
[315] Train acc: 0.9375
2, 252, 0.1171, 0.0004, 93.750, 100.000, 0.976, 0.426, 
[330] Train acc: 0.9688
2, 252, 0.0509, 0.0004, 96.875, 100.000, 0.970, 0.429, 
[345] Train acc: 0.9531
2, 252, 0.2349, 0.0004, 95.312, 100.000, 0.977, 0.437, 
[360] Train acc: 0.9688
2, 252, 0.0656, 0.0004, 96.875, 100.000, 0.962, 0.437, 
[375] Train acc: 0.9531
2, 252, 0.1001, 0.0004, 95.312, 100.000, 0.976, 0.438, 
[390] Train acc: 0.9844
2, 252, 0.0292, 0.0004, 98.438, 100.000, 0.973, 0.424, 
[405] Train acc: 0.9844
2, 252, 0.0423, 0.0004, 98.438, 100.000, 0.969, 0.450, 
[420] Train acc: 0.9844
2, 252, 0.0240, 0.0003, 98.438, 100.000, 0.976, 0.438, 
[435] Train acc: 0.9844
2, 252, 0.0399, 0.0004, 98.438, 100.000, 0.977, 0.417, 
[450] Train acc: 0.9844
2, 252, 0.0881, 0.0004, 98.438, 100.000, 0.974, 0.419, 
[465] Train acc: 0.9688
2, 252, 0.0881, 0.0004, 96.875, 100.000, 0.974, 0.423, 
[480] Train acc: 0.9688
2, 252, 0.0879, 0.0004, 96.875, 100.000, 0.969, 0.438, 
[495] Train acc: 0.9375
2, 252, 0.1214, 0.0004, 93.750, 100.000, 0.972, 0.428, 
[510] Train acc: 1.0000
2, 252, 0.0172, 0.0004, 100.000, 100.000, 0.974, 0.432, 
[525] Train acc: 0.9688
2, 252, 0.1268, 0.0004, 96.875, 100.000, 0.978, 0.428, 
[540] Train acc: 0.9688
2, 252, 0.0655, 0.0004, 96.875, 100.000, 0.978, 0.431, 
[555] Train acc: 1.0000
2, 252, 0.0348, 0.0004, 100.000, 100.000, 0.977, 0.434, 
[570] Train acc: 0.9375
2, 252, 0.1934, 0.0004, 93.750, 100.000, 0.972, 0.440, 
[585] Train acc: 1.0000
2, 252, 0.0182, 0.0004, 100.000, 100.000, 0.966, 0.438, 
[600] Train acc: 0.9531
2, 252, 0.1915, 0.0004, 95.312, 100.000, 0.964, 0.426, 
[615] Train acc: 0.9531
2, 252, 0.1949, 0.0004, 95.312, 100.000, 0.973, 0.438, 
[630] Train acc: 0.9844
2, 252, 0.0737, 0.0004, 98.438, 100.000, 0.972, 0.433, 
[645] Train acc: 0.9062
2, 252, 0.2306, 0.0003, 90.625, 100.000, 0.980, 0.432, 
[660] Train acc: 0.9844
2, 252, 0.0522, 0.0003, 98.438, 100.000, 0.977, 0.439, 
[675] Train acc: 0.9844
2, 252, 0.0637, 0.0003, 98.438, 100.000, 0.978, 0.419, 
[690] Train acc: 0.9688
2, 252, 0.0455, 0.0003, 96.875, 100.000, 0.974, 0.440, 
[705] Train acc: 0.9844
2, 252, 0.0957, 0.0003, 98.438, 100.000, 0.970, 0.441, 
[720] Train acc: 0.9688
2, 252, 0.0663, 0.0003, 96.875, 100.000, 0.976, 0.441, 
[735] Train acc: 0.9844
2, 252, 0.1004, 0.0003, 98.438, 100.000, 0.960, 0.439, 
[750] Train acc: 1.0000
2, 252, 0.0186, 0.0003, 100.000, 100.000, 0.978, 0.428, 
[765] Train acc: 0.9844
2, 252, 0.0402, 0.0003, 98.438, 100.000, 0.978, 0.435, 
[780] Train acc: 0.9844
2, 252, 0.0377, 0.0003, 98.438, 100.000, 0.974, 0.426, 
[795] Train acc: 0.9688
2, 252, 0.0857, 0.0003, 96.875, 100.000, 0.977, 0.442, 
[810] Train acc: 0.9688
2, 252, 0.0765, 0.0003, 96.875, 100.000, 0.976, 0.433, 
[825] Train acc: 0.9375
2, 252, 0.2790, 0.0003, 93.750, 100.000, 0.979, 0.433, 
[840] Train acc: 1.0000
2, 252, 0.0193, 0.0003, 100.000, 100.000, 0.974, 0.429, 
[855] Train acc: 1.0000
2, 252, 0.0162, 0.0003, 100.000, 100.000, 0.980, 0.436, 
[870] Train acc: 0.9844
2, 252, 0.0265, 0.0003, 98.438, 100.000, 0.978, 0.430, 
[885] Train acc: 0.9844
2, 252, 0.0532, 0.0003, 98.438, 100.000, 0.977, 0.429, 
[900] Train acc: 0.9375
2, 252, 0.1047, 0.0003, 93.750, 100.000, 0.979, 0.427, 
[915] Train acc: 0.9844
2, 252, 0.0519, 0.0003, 98.438, 100.000, 0.981, 0.437, 
[930] Train acc: 0.9688
2, 252, 0.1086, 0.0003, 96.875, 100.000, 0.971, 0.423, 
[0] Train acc: 0.9688
3, 252, 0.1501, 0.0003, 96.875, 100.000, 0.970, 0.432, 
[15] Train acc: 1.0000
3, 252, 0.0251, 0.0003, 100.000, 100.000, 0.981, 0.435, 
[30] Train acc: 0.9844
3, 252, 0.0499, 0.0003, 98.438, 100.000, 0.977, 0.423, 
[45] Train acc: 0.9688
3, 252, 0.0734, 0.0004, 96.875, 100.000, 0.970, 0.437, 
[60] Train acc: 1.0000
3, 252, 0.0208, 0.0003, 100.000, 100.000, 0.980, 0.426, 
[75] Train acc: 0.9688
3, 252, 0.1420, 0.0003, 96.875, 100.000, 0.967, 0.439, 
[90] Train acc: 0.9688
3, 252, 0.0717, 0.0003, 96.875, 100.000, 0.974, 0.435, 
[105] Train acc: 1.0000
3, 252, 0.0252, 0.0003, 100.000, 100.000, 0.981, 0.441, 
[120] Train acc: 1.0000
3, 252, 0.0197, 0.0003, 100.000, 100.000, 0.979, 0.414, 
[135] Train acc: 0.9531
3, 252, 0.0737, 0.0003, 95.312, 100.000, 0.981, 0.441, 
[150] Train acc: 1.0000
3, 252, 0.0099, 0.0003, 100.000, 100.000, 0.976, 0.430, 
[165] Train acc: 0.9688
3, 252, 0.1759, 0.0003, 96.875, 100.000, 0.981, 0.432, 
[180] Train acc: 0.9531
3, 252, 0.1120, 0.0003, 95.312, 100.000, 0.981, 0.425, 
[195] Train acc: 0.9844
3, 252, 0.0655, 0.0003, 98.438, 100.000, 0.977, 0.425, 
[210] Train acc: 0.9531
3, 252, 0.0744, 0.0003, 95.312, 100.000, 0.971, 0.436, 
[225] Train acc: 1.0000
3, 252, 0.0150, 0.0003, 100.000, 100.000, 0.982, 0.432, 
[240] Train acc: 0.9844
3, 252, 0.0536, 0.0003, 98.438, 100.000, 0.980, 0.439, 
[255] Train acc: 0.9844
3, 252, 0.0566, 0.0003, 98.438, 100.000, 0.973, 0.436, 
[270] Train acc: 0.9688
3, 252, 0.1104, 0.0003, 96.875, 100.000, 0.981, 0.441, 
[285] Train acc: 0.9688
3, 252, 0.0566, 0.0003, 96.875, 100.000, 0.984, 0.443, 
[300] Train acc: 0.9844
3, 252, 0.0678, 0.0003, 98.438, 100.000, 0.981, 0.435, 
[315] Train acc: 0.9688
3, 252, 0.1390, 0.0003, 96.875, 100.000, 0.983, 0.435, 
[330] Train acc: 0.9531
3, 252, 0.1307, 0.0003, 95.312, 100.000, 0.979, 0.445, 
[345] Train acc: 1.0000
3, 252, 0.0148, 0.0003, 100.000, 100.000, 0.982, 0.440, 
[360] Train acc: 0.9844
3, 252, 0.0636, 0.0003, 98.438, 100.000, 0.979, 0.433, 
[375] Train acc: 1.0000
3, 252, 0.0416, 0.0003, 100.000, 100.000, 0.976, 0.432, 
[390] Train acc: 0.9375
3, 252, 0.2297, 0.0003, 93.750, 100.000, 0.965, 0.432, 
[405] Train acc: 0.9844
3, 252, 0.0452, 0.0003, 98.438, 100.000, 0.982, 0.438, 
[420] Train acc: 1.0000
3, 252, 0.0281, 0.0003, 100.000, 100.000, 0.983, 0.443, 
[435] Train acc: 0.9844
3, 252, 0.0278, 0.0003, 98.438, 100.000, 0.974, 0.430, 
[450] Train acc: 0.9844
3, 252, 0.0485, 0.0003, 98.438, 100.000, 0.979, 0.441, 
[465] Train acc: 1.0000
3, 252, 0.0423, 0.0003, 100.000, 100.000, 0.982, 0.439, 
[480] Train acc: 0.9844
3, 252, 0.1305, 0.0003, 98.438, 100.000, 0.981, 0.432, 
[495] Train acc: 0.9688
3, 252, 0.0578, 0.0003, 96.875, 100.000, 0.982, 0.433, 
[510] Train acc: 0.9688
3, 252, 0.0865, 0.0003, 96.875, 100.000, 0.982, 0.443, 
[525] Train acc: 0.9531
3, 252, 0.1020, 0.0003, 95.312, 100.000, 0.983, 0.442, 
[540] Train acc: 1.0000
3, 252, 0.0191, 0.0003, 100.000, 100.000, 0.983, 0.426, 
[555] Train acc: 0.9531
3, 252, 0.1622, 0.0003, 95.312, 100.000, 0.985, 0.434, 
[570] Train acc: 0.9844
3, 252, 0.0546, 0.0003, 98.438, 100.000, 0.978, 0.429, 
[585] Train acc: 1.0000
3, 252, 0.0108, 0.0003, 100.000, 100.000, 0.983, 0.438, 
[600] Train acc: 0.9531
3, 252, 0.1549, 0.0003, 95.312, 100.000, 0.981, 0.426, 
[615] Train acc: 0.9531
3, 252, 0.1733, 0.0003, 95.312, 100.000, 0.983, 0.440, 
[630] Train acc: 1.0000
3, 252, 0.0238, 0.0003, 100.000, 100.000, 0.984, 0.435, 
[645] Train acc: 0.9688
3, 252, 0.2059, 0.0003, 96.875, 100.000, 0.982, 0.430, 
[660] Train acc: 1.0000
3, 252, 0.0328, 0.0003, 100.000, 100.000, 0.983, 0.423, 
[675] Train acc: 1.0000
3, 252, 0.0158, 0.0003, 100.000, 100.000, 0.984, 0.421, 
[690] Train acc: 0.9844
3, 252, 0.0297, 0.0003, 98.438, 100.000, 0.984, 0.432, 
[705] Train acc: 1.0000
3, 252, 0.0261, 0.0003, 100.000, 100.000, 0.983, 0.426, 
[720] Train acc: 0.9844
3, 252, 0.0484, 0.0003, 98.438, 100.000, 0.984, 0.433, 
[735] Train acc: 0.9844
3, 252, 0.0383, 0.0003, 98.438, 100.000, 0.981, 0.431, 
[750] Train acc: 1.0000
3, 252, 0.0242, 0.0003, 100.000, 100.000, 0.985, 0.420, 
[765] Train acc: 1.0000
3, 252, 0.0230, 0.0003, 100.000, 100.000, 0.981, 0.436, 
[780] Train acc: 0.9688
3, 252, 0.1031, 0.0003, 96.875, 100.000, 0.984, 0.436, 
[795] Train acc: 0.9688
3, 252, 0.0400, 0.0003, 96.875, 100.000, 0.983, 0.427, 
[810] Train acc: 1.0000
3, 252, 0.0077, 0.0003, 100.000, 100.000, 0.977, 0.432, 
[825] Train acc: 1.0000
3, 252, 0.0114, 0.0002, 100.000, 100.000, 0.983, 0.443, 
[840] Train acc: 0.9531
3, 252, 0.0659, 0.0003, 95.312, 100.000, 0.981, 0.432, 
[855] Train acc: 1.0000
3, 252, 0.0088, 0.0003, 100.000, 100.000, 0.978, 0.437, 
[870] Train acc: 1.0000
3, 252, 0.0065, 0.0003, 100.000, 100.000, 0.982, 0.436, 
[885] Train acc: 1.0000
3, 252, 0.0153, 0.0003, 100.000, 100.000, 0.983, 0.430, 
[900] Train acc: 0.9844
3, 252, 0.0251, 0.0003, 98.438, 100.000, 0.981, 0.416, 
[915] Train acc: 0.9531
3, 252, 0.2445, 0.0003, 95.312, 100.000, 0.984, 0.435, 
[930] Train acc: 0.9844
3, 252, 0.0619, 0.0003, 98.438, 100.000, 0.987, 0.436, 
[0] Train acc: 0.9844
4, 252, 0.0490, 0.0003, 98.438, 100.000, 0.986, 0.417, 
[15] Train acc: 1.0000
4, 252, 0.0256, 0.0003, 100.000, 100.000, 0.984, 0.441, 
[30] Train acc: 0.9844
4, 252, 0.0464, 0.0003, 98.438, 100.000, 0.980, 0.434, 
[45] Train acc: 1.0000
4, 252, 0.0067, 0.0003, 100.000, 100.000, 0.985, 0.434, 
[60] Train acc: 1.0000
4, 252, 0.0234, 0.0003, 100.000, 100.000, 0.985, 0.442, 
[75] Train acc: 0.9844
4, 252, 0.0512, 0.0003, 98.438, 100.000, 0.973, 0.448, 
[90] Train acc: 0.9844
4, 252, 0.0420, 0.0002, 98.438, 100.000, 0.986, 0.441, 
[105] Train acc: 1.0000
4, 252, 0.0132, 0.0003, 100.000, 100.000, 0.984, 0.438, 
[120] Train acc: 0.9844
4, 252, 0.0523, 0.0003, 98.438, 100.000, 0.984, 0.417, 
[135] Train acc: 0.9844
4, 252, 0.0351, 0.0003, 98.438, 100.000, 0.986, 0.438, 
[150] Train acc: 0.9688
4, 252, 0.0495, 0.0003, 96.875, 100.000, 0.986, 0.441, 
[165] Train acc: 1.0000
4, 252, 0.0170, 0.0003, 100.000, 100.000, 0.982, 0.440, 
[180] Train acc: 0.9844
4, 252, 0.1124, 0.0002, 98.438, 100.000, 0.985, 0.433, 
[195] Train acc: 1.0000
4, 252, 0.0074, 0.0002, 100.000, 100.000, 0.983, 0.438, 
[210] Train acc: 0.9688
4, 252, 0.1098, 0.0003, 96.875, 100.000, 0.980, 0.443, 
[225] Train acc: 0.9844
4, 252, 0.0262, 0.0003, 98.438, 100.000, 0.985, 0.429, 
[240] Train acc: 1.0000
4, 252, 0.0203, 0.0003, 100.000, 100.000, 0.982, 0.437, 
[255] Train acc: 0.9844
4, 252, 0.1230, 0.0003, 98.438, 98.438, 0.984, 0.426, 
[270] Train acc: 1.0000
4, 252, 0.0095, 0.0002, 100.000, 100.000, 0.985, 0.442, 
[285] Train acc: 0.9844
4, 252, 0.0919, 0.0002, 98.438, 100.000, 0.986, 0.446, 
[300] Train acc: 1.0000
4, 252, 0.0137, 0.0003, 100.000, 100.000, 0.981, 0.426, 
[315] Train acc: 1.0000
4, 252, 0.0170, 0.0002, 100.000, 100.000, 0.985, 0.448, 
[330] Train acc: 0.9688
4, 252, 0.0415, 0.0003, 96.875, 100.000, 0.985, 0.440, 
[345] Train acc: 0.9531
4, 252, 0.0926, 0.0003, 95.312, 100.000, 0.983, 0.431, 
[360] Train acc: 0.9688
4, 252, 0.0735, 0.0003, 96.875, 100.000, 0.979, 0.434, 
[375] Train acc: 1.0000
4, 252, 0.0085, 0.0003, 100.000, 100.000, 0.987, 0.440, 
[390] Train acc: 1.0000
4, 252, 0.0141, 0.0003, 100.000, 100.000, 0.985, 0.441, 
[405] Train acc: 1.0000
4, 252, 0.0082, 0.0003, 100.000, 100.000, 0.983, 0.446, 
[420] Train acc: 0.9688
4, 252, 0.0491, 0.0003, 96.875, 100.000, 0.982, 0.441, 
[435] Train acc: 0.9844
4, 252, 0.0682, 0.0003, 98.438, 100.000, 0.985, 0.443, 
[450] Train acc: 1.0000
4, 252, 0.0189, 0.0003, 100.000, 100.000, 0.983, 0.424, 
[465] Train acc: 0.9844
4, 252, 0.0690, 0.0003, 98.438, 100.000, 0.985, 0.453, 
[480] Train acc: 0.9688
4, 252, 0.0650, 0.0002, 96.875, 100.000, 0.984, 0.436, 
[495] Train acc: 0.9844
4, 252, 0.0433, 0.0003, 98.438, 100.000, 0.986, 0.452, 
[510] Train acc: 0.9688
4, 252, 0.0584, 0.0003, 96.875, 100.000, 0.986, 0.440, 
[525] Train acc: 1.0000
4, 252, 0.0049, 0.0002, 100.000, 100.000, 0.985, 0.436, 
[540] Train acc: 1.0000
4, 252, 0.0088, 0.0003, 100.000, 100.000, 0.980, 0.445, 
[555] Train acc: 0.9844
4, 252, 0.0660, 0.0002, 98.438, 100.000, 0.985, 0.432, 
[570] Train acc: 1.0000
4, 252, 0.0238, 0.0003, 100.000, 100.000, 0.982, 0.434, 
[585] Train acc: 0.9531
4, 252, 0.1068, 0.0003, 95.312, 100.000, 0.986, 0.447, 
[600] Train acc: 1.0000
4, 252, 0.0131, 0.0002, 100.000, 100.000, 0.987, 0.440, 
[615] Train acc: 0.9844
4, 252, 0.0329, 0.0002, 98.438, 100.000, 0.985, 0.442, 
[630] Train acc: 0.9531
4, 252, 0.1284, 0.0002, 95.312, 100.000, 0.982, 0.439, 
[645] Train acc: 1.0000
4, 252, 0.0141, 0.0002, 100.000, 100.000, 0.984, 0.437, 
[660] Train acc: 1.0000
4, 252, 0.0164, 0.0002, 100.000, 100.000, 0.987, 0.432, 
[675] Train acc: 0.9531
4, 252, 0.0542, 0.0002, 95.312, 100.000, 0.986, 0.436, 
[690] Train acc: 0.9844
4, 252, 0.0741, 0.0002, 98.438, 100.000, 0.984, 0.427, 
[705] Train acc: 0.9844
4, 252, 0.0347, 0.0002, 98.438, 100.000, 0.986, 0.449, 
[720] Train acc: 0.9844
4, 252, 0.0883, 0.0002, 98.438, 100.000, 0.983, 0.444, 
[735] Train acc: 1.0000
4, 252, 0.0180, 0.0002, 100.000, 100.000, 0.982, 0.444, 
[750] Train acc: 1.0000
4, 252, 0.0037, 0.0002, 100.000, 100.000, 0.983, 0.440, 
[765] Train acc: 0.9375
4, 252, 0.1026, 0.0002, 93.750, 100.000, 0.983, 0.440, 
[780] Train acc: 0.9688
4, 252, 0.0618, 0.0002, 96.875, 100.000, 0.986, 0.448, 
[795] Train acc: 0.9531
4, 252, 0.1134, 0.0002, 95.312, 100.000, 0.984, 0.445, 
[810] Train acc: 0.9844
4, 252, 0.0255, 0.0002, 98.438, 100.000, 0.985, 0.445, 
[825] Train acc: 0.9688
4, 252, 0.0317, 0.0002, 96.875, 100.000, 0.985, 0.442, 
[840] Train acc: 1.0000
4, 252, 0.0205, 0.0002, 100.000, 100.000, 0.986, 0.420, 
[855] Train acc: 1.0000
4, 252, 0.0028, 0.0002, 100.000, 100.000, 0.986, 0.435, 
[870] Train acc: 0.9844
4, 252, 0.0441, 0.0003, 98.438, 100.000, 0.982, 0.440, 
[885] Train acc: 1.0000
4, 252, 0.0189, 0.0002, 100.000, 100.000, 0.983, 0.441, 
[900] Train acc: 0.9844
4, 252, 0.0483, 0.0003, 98.438, 100.000, 0.981, 0.444, 
[915] Train acc: 1.0000
4, 252, 0.0061, 0.0002, 100.000, 100.000, 0.988, 0.434, 
[930] Train acc: 0.9688
4, 252, 0.1484, 0.0002, 96.875, 100.000, 0.988, 0.433, 
[0] Train acc: 0.9531
5, 252, 0.1111, 0.0003, 95.312, 100.000, 0.983, 0.447, 
[15] Train acc: 0.9844
5, 252, 0.0725, 0.0002, 98.438, 100.000, 0.987, 0.446, 
[30] Train acc: 1.0000
5, 252, 0.0307, 0.0002, 100.000, 100.000, 0.988, 0.461, 
[45] Train acc: 0.9531
5, 252, 0.0974, 0.0002, 95.312, 100.000, 0.987, 0.444, 
[60] Train acc: 1.0000
5, 252, 0.0257, 0.0002, 100.000, 100.000, 0.983, 0.450, 
[75] Train acc: 0.9844
5, 252, 0.0265, 0.0002, 98.438, 100.000, 0.987, 0.459, 
[90] Train acc: 0.9531
5, 252, 0.1579, 0.0003, 95.312, 100.000, 0.984, 0.429, 
[105] Train acc: 0.9844
5, 252, 0.0386, 0.0002, 98.438, 100.000, 0.986, 0.457, 
[120] Train acc: 1.0000
5, 252, 0.0017, 0.0002, 100.000, 100.000, 0.986, 0.441, 
[135] Train acc: 0.9844
5, 252, 0.0378, 0.0002, 98.438, 100.000, 0.988, 0.422, 
[150] Train acc: 1.0000
5, 252, 0.0248, 0.0002, 100.000, 100.000, 0.988, 0.442, 
[165] Train acc: 0.9844
5, 252, 0.0313, 0.0002, 98.438, 100.000, 0.984, 0.434, 
[180] Train acc: 1.0000
5, 252, 0.0177, 0.0002, 100.000, 100.000, 0.986, 0.438, 
[195] Train acc: 0.9844
5, 252, 0.0261, 0.0002, 98.438, 100.000, 0.986, 0.441, 
[210] Train acc: 0.9688
5, 252, 0.2018, 0.0002, 96.875, 98.438, 0.986, 0.445, 
[225] Train acc: 0.9688
5, 252, 0.0630, 0.0002, 96.875, 100.000, 0.982, 0.446, 
[240] Train acc: 0.9844
5, 252, 0.0421, 0.0002, 98.438, 100.000, 0.987, 0.446, 
[255] Train acc: 0.9844
5, 252, 0.0400, 0.0002, 98.438, 100.000, 0.986, 0.443, 
[270] Train acc: 1.0000
5, 252, 0.0125, 0.0003, 100.000, 100.000, 0.983, 0.448, 
[285] Train acc: 0.9844
5, 252, 0.0382, 0.0002, 98.438, 100.000, 0.986, 0.442, 
[300] Train acc: 0.9844
5, 252, 0.0596, 0.0002, 98.438, 100.000, 0.988, 0.446, 
[315] Train acc: 0.9688
5, 252, 0.0619, 0.0002, 96.875, 100.000, 0.985, 0.437, 
[330] Train acc: 0.9688
5, 252, 0.0354, 0.0002, 96.875, 100.000, 0.986, 0.444, 
[345] Train acc: 1.0000
5, 252, 0.0056, 0.0002, 100.000, 100.000, 0.985, 0.446, 
[360] Train acc: 1.0000
5, 252, 0.0058, 0.0002, 100.000, 100.000, 0.987, 0.423, 
[375] Train acc: 1.0000
5, 252, 0.0171, 0.0002, 100.000, 100.000, 0.984, 0.450, 
[390] Train acc: 0.9844
5, 252, 0.0335, 0.0002, 98.438, 100.000, 0.987, 0.451, 
[405] Train acc: 0.9688
5, 252, 0.0375, 0.0002, 96.875, 100.000, 0.986, 0.451, 
[420] Train acc: 0.9844
5, 252, 0.0315, 0.0002, 98.438, 100.000, 0.987, 0.452, 
[435] Train acc: 0.9844
5, 252, 0.0440, 0.0002, 98.438, 100.000, 0.986, 0.448, 
[450] Train acc: 0.9688
5, 252, 0.0599, 0.0002, 96.875, 100.000, 0.987, 0.447, 
[465] Train acc: 0.9531
5, 252, 0.2102, 0.0002, 95.312, 100.000, 0.986, 0.451, 
[480] Train acc: 1.0000
5, 252, 0.0091, 0.0002, 100.000, 100.000, 0.985, 0.439, 
[495] Train acc: 0.9688
5, 252, 0.0673, 0.0002, 96.875, 100.000, 0.985, 0.427, 
[510] Train acc: 0.9531
5, 252, 0.0763, 0.0002, 95.312, 100.000, 0.988, 0.436, 
[525] Train acc: 0.9688
5, 252, 0.0685, 0.0002, 96.875, 100.000, 0.988, 0.441, 
[540] Train acc: 0.9688
5, 252, 0.1217, 0.0002, 96.875, 100.000, 0.988, 0.440, 
[555] Train acc: 0.9844
5, 252, 0.0280, 0.0002, 98.438, 100.000, 0.989, 0.431, 
[570] Train acc: 1.0000
5, 252, 0.0093, 0.0002, 100.000, 100.000, 0.987, 0.449, 
[585] Train acc: 1.0000
5, 252, 0.0100, 0.0002, 100.000, 100.000, 0.985, 0.451, 
[600] Train acc: 1.0000
5, 252, 0.0176, 0.0002, 100.000, 100.000, 0.985, 0.446, 
[615] Train acc: 0.9844
5, 252, 0.0287, 0.0002, 98.438, 100.000, 0.988, 0.440, 
[630] Train acc: 0.9219
5, 252, 0.1512, 0.0002, 92.188, 100.000, 0.987, 0.429, 
[645] Train acc: 1.0000
5, 252, 0.0033, 0.0002, 100.000, 100.000, 0.987, 0.443, 
[660] Train acc: 1.0000
5, 252, 0.0050, 0.0002, 100.000, 100.000, 0.987, 0.451, 
[675] Train acc: 1.0000
5, 252, 0.0227, 0.0002, 100.000, 100.000, 0.988, 0.431, 
[690] Train acc: 1.0000
5, 252, 0.0036, 0.0002, 100.000, 100.000, 0.987, 0.451, 
[705] Train acc: 1.0000
5, 252, 0.0076, 0.0002, 100.000, 100.000, 0.988, 0.437, 
[720] Train acc: 0.9844
5, 252, 0.0513, 0.0002, 98.438, 100.000, 0.987, 0.442, 
[735] Train acc: 0.9844
5, 252, 0.0698, 0.0002, 98.438, 100.000, 0.987, 0.443, 
[750] Train acc: 1.0000
5, 252, 0.0060, 0.0002, 100.000, 100.000, 0.986, 0.445, 
[765] Train acc: 0.9844
5, 252, 0.0171, 0.0003, 98.438, 100.000, 0.983, 0.448, 
[780] Train acc: 0.9531
5, 252, 0.2504, 0.0002, 95.312, 100.000, 0.987, 0.447, 
[795] Train acc: 0.9688
5, 252, 0.0540, 0.0002, 96.875, 100.000, 0.987, 0.443, 
[810] Train acc: 0.9844
5, 252, 0.0298, 0.0002, 98.438, 100.000, 0.986, 0.431, 
[825] Train acc: 1.0000
5, 252, 0.0093, 0.0002, 100.000, 100.000, 0.984, 0.428, 
[840] Train acc: 0.9844
5, 252, 0.0289, 0.0002, 98.438, 100.000, 0.988, 0.453, 
[855] Train acc: 1.0000
5, 252, 0.0141, 0.0002, 100.000, 100.000, 0.985, 0.444, 
[870] Train acc: 0.9688
5, 252, 0.1173, 0.0002, 96.875, 100.000, 0.982, 0.441, 
[885] Train acc: 1.0000
5, 252, 0.0029, 0.0002, 100.000, 100.000, 0.986, 0.431, 
[900] Train acc: 1.0000
5, 252, 0.0236, 0.0002, 100.000, 100.000, 0.987, 0.442, 
[915] Train acc: 1.0000
5, 252, 0.0157, 0.0002, 100.000, 100.000, 0.987, 0.435, 
[930] Train acc: 0.9844
5, 252, 0.0355, 0.0003, 98.438, 100.000, 0.985, 0.440, 
[0] Train acc: 1.0000
6, 252, 0.0077, 0.0002, 100.000, 100.000, 0.986, 0.435, 
[15] Train acc: 1.0000
6, 252, 0.0069, 0.0002, 100.000, 100.000, 0.990, 0.444, 
[30] Train acc: 1.0000
6, 252, 0.0320, 0.0002, 100.000, 100.000, 0.987, 0.441, 
[45] Train acc: 1.0000
6, 252, 0.0037, 0.0002, 100.000, 100.000, 0.989, 0.440, 
[60] Train acc: 0.9844
6, 252, 0.0310, 0.0002, 98.438, 100.000, 0.988, 0.423, 
[75] Train acc: 0.9844
6, 252, 0.0252, 0.0002, 98.438, 100.000, 0.987, 0.445, 
[90] Train acc: 1.0000
6, 252, 0.0226, 0.0002, 100.000, 100.000, 0.987, 0.440, 
[105] Train acc: 0.9688
6, 252, 0.0455, 0.0002, 96.875, 100.000, 0.987, 0.445, 
[120] Train acc: 0.9844
6, 252, 0.0428, 0.0002, 98.438, 100.000, 0.988, 0.449, 
[135] Train acc: 1.0000
6, 252, 0.0032, 0.0002, 100.000, 100.000, 0.988, 0.448, 
[150] Train acc: 1.0000
6, 252, 0.0162, 0.0002, 100.000, 100.000, 0.985, 0.442, 
[165] Train acc: 1.0000
6, 252, 0.0108, 0.0002, 100.000, 100.000, 0.986, 0.439, 
[180] Train acc: 1.0000
6, 252, 0.0093, 0.0002, 100.000, 100.000, 0.988, 0.455, 
[195] Train acc: 0.9531
6, 252, 0.0641, 0.0002, 95.312, 100.000, 0.988, 0.455, 
[210] Train acc: 0.9844
6, 252, 0.0510, 0.0002, 98.438, 100.000, 0.988, 0.449, 
[225] Train acc: 0.9688
6, 252, 0.0479, 0.0002, 96.875, 100.000, 0.989, 0.447, 
[240] Train acc: 1.0000
6, 252, 0.0071, 0.0002, 100.000, 100.000, 0.986, 0.440, 
[255] Train acc: 0.9844
6, 252, 0.0890, 0.0002, 98.438, 100.000, 0.987, 0.444, 
[270] Train acc: 1.0000
6, 252, 0.0099, 0.0002, 100.000, 100.000, 0.988, 0.438, 
[285] Train acc: 0.9688
6, 252, 0.1037, 0.0002, 96.875, 100.000, 0.988, 0.437, 
[300] Train acc: 0.9844
6, 252, 0.0990, 0.0002, 98.438, 100.000, 0.985, 0.458, 
[315] Train acc: 1.0000
6, 252, 0.0039, 0.0002, 100.000, 100.000, 0.988, 0.445, 
[330] Train acc: 1.0000
6, 252, 0.0165, 0.0002, 100.000, 100.000, 0.988, 0.445, 
[345] Train acc: 0.9688
6, 252, 0.1460, 0.0002, 96.875, 100.000, 0.988, 0.438, 
[360] Train acc: 0.9844
6, 252, 0.0293, 0.0002, 98.438, 100.000, 0.989, 0.437, 
[375] Train acc: 0.9844
6, 252, 0.0530, 0.0003, 98.438, 100.000, 0.985, 0.436, 
[390] Train acc: 0.9844
6, 252, 0.0525, 0.0002, 98.438, 100.000, 0.987, 0.447, 
[405] Train acc: 0.9844
6, 252, 0.0208, 0.0002, 98.438, 100.000, 0.985, 0.444, 
[420] Train acc: 1.0000
6, 252, 0.0034, 0.0002, 100.000, 100.000, 0.985, 0.443, 
[435] Train acc: 1.0000
6, 252, 0.0031, 0.0002, 100.000, 100.000, 0.988, 0.446, 
[450] Train acc: 1.0000
6, 252, 0.0083, 0.0002, 100.000, 100.000, 0.987, 0.446, 
[465] Train acc: 0.9844
6, 252, 0.0316, 0.0002, 98.438, 100.000, 0.989, 0.446, 
[480] Train acc: 1.0000
6, 252, 0.0076, 0.0002, 100.000, 100.000, 0.988, 0.452, 
[495] Train acc: 1.0000
6, 252, 0.0132, 0.0002, 100.000, 100.000, 0.987, 0.443, 
[510] Train acc: 0.9688
6, 252, 0.1074, 0.0002, 96.875, 100.000, 0.986, 0.447, 
[525] Train acc: 0.9688
6, 252, 0.0541, 0.0002, 96.875, 100.000, 0.991, 0.449, 
[540] Train acc: 0.9688
6, 252, 0.0622, 0.0002, 96.875, 100.000, 0.985, 0.451, 
[555] Train acc: 1.0000
6, 252, 0.0138, 0.0002, 100.000, 100.000, 0.989, 0.451, 
[570] Train acc: 0.9844
6, 252, 0.0553, 0.0002, 98.438, 100.000, 0.989, 0.459, 
[585] Train acc: 0.9844
6, 252, 0.0454, 0.0002, 98.438, 100.000, 0.988, 0.445, 
[600] Train acc: 1.0000
6, 252, 0.0010, 0.0002, 100.000, 100.000, 0.986, 0.430, 
[615] Train acc: 0.9844
6, 252, 0.0376, 0.0002, 98.438, 100.000, 0.988, 0.450, 
[630] Train acc: 0.9844
6, 252, 0.0523, 0.0002, 98.438, 100.000, 0.982, 0.459, 
[645] Train acc: 1.0000
6, 252, 0.0097, 0.0002, 100.000, 100.000, 0.989, 0.440, 
[660] Train acc: 1.0000
6, 252, 0.0105, 0.0002, 100.000, 100.000, 0.989, 0.445, 
[675] Train acc: 1.0000
6, 252, 0.0029, 0.0002, 100.000, 100.000, 0.989, 0.441, 
[690] Train acc: 1.0000
6, 252, 0.0066, 0.0002, 100.000, 100.000, 0.987, 0.449, 
[705] Train acc: 1.0000
6, 252, 0.0072, 0.0002, 100.000, 100.000, 0.986, 0.456, 
[720] Train acc: 0.9844
6, 252, 0.0383, 0.0002, 98.438, 100.000, 0.985, 0.435, 
[735] Train acc: 0.9844
6, 252, 0.0485, 0.0002, 98.438, 100.000, 0.988, 0.446, 
[750] Train acc: 0.9844
6, 252, 0.0240, 0.0002, 98.438, 100.000, 0.989, 0.452, 
[765] Train acc: 1.0000
6, 252, 0.0020, 0.0002, 100.000, 100.000, 0.988, 0.437, 
[780] Train acc: 1.0000
6, 252, 0.0093, 0.0002, 100.000, 100.000, 0.988, 0.442, 
[795] Train acc: 0.9844
6, 252, 0.0299, 0.0002, 98.438, 100.000, 0.988, 0.438, 
[810] Train acc: 1.0000
6, 252, 0.0196, 0.0002, 100.000, 100.000, 0.988, 0.435, 
[825] Train acc: 0.9688
6, 252, 0.0554, 0.0002, 96.875, 100.000, 0.988, 0.451, 
[840] Train acc: 0.9844
6, 252, 0.0489, 0.0002, 98.438, 100.000, 0.987, 0.434, 
[855] Train acc: 1.0000
6, 252, 0.0058, 0.0002, 100.000, 100.000, 0.987, 0.454, 
[870] Train acc: 1.0000
6, 252, 0.0059, 0.0002, 100.000, 100.000, 0.988, 0.442, 
[885] Train acc: 0.9688
6, 252, 0.0620, 0.0002, 96.875, 100.000, 0.987, 0.451, 
[900] Train acc: 1.0000
6, 252, 0.0079, 0.0002, 100.000, 100.000, 0.987, 0.436, 
[915] Train acc: 1.0000
6, 252, 0.0101, 0.0002, 100.000, 100.000, 0.988, 0.453, 
[930] Train acc: 1.0000
6, 252, 0.0074, 0.0002, 100.000, 100.000, 0.988, 0.450, 
[0] Train acc: 1.0000, Constr acc: 0.7188, CE loss: 0.005, DL2 loss: 34.292
7, 252, 0.0048, 0.0016, 100.000, 100.000, 0.577, 0.445, 
[15] Train acc: 0.4531, Constr acc: 0.4062, CE loss: 4.554, DL2 loss: 68.737
7, 251, 4.5537, 0.0019, 45.312, 71.875, 0.524, 0.453, 
[30] Train acc: 0.3594, Constr acc: 0.3750, CE loss: 4.462, DL2 loss: 74.256
7, 250, 4.4625, 0.0023, 35.938, 68.750, 0.412, 0.525, 
[45] Train acc: 0.3906, Constr acc: 0.5938, CE loss: 11.101, DL2 loss: 54.683
7, 249, 11.1013, 0.0021, 39.062, 84.375, 0.538, 0.535, 
[60] Train acc: 0.4375, Constr acc: 0.6562, CE loss: 8.534, DL2 loss: 56.348
7, 248, 8.5339, 0.0016, 43.750, 82.812, 0.644, 0.544, 
[75] Train acc: 0.6406, Constr acc: 0.7500, CE loss: 4.334, DL2 loss: 32.218
7, 247, 4.3339, 0.0010, 64.062, 92.188, 0.710, 0.533, 
[90] Train acc: 0.7031, Constr acc: 0.6875, CE loss: 1.323, DL2 loss: 29.391
7, 246, 1.3230, 0.0008, 70.312, 98.438, 0.760, 0.572, 
[105] Train acc: 0.8125, Constr acc: 0.7812, CE loss: 1.515, DL2 loss: 31.433
7, 245, 1.5149, 0.0014, 81.250, 100.000, 0.606, 0.568, 
[120] Train acc: 0.6875, Constr acc: 0.7500, CE loss: 3.162, DL2 loss: 21.607
7, 244, 3.1620, 0.0006, 68.750, 98.438, 0.841, 0.594, 
[135] Train acc: 0.8438, Constr acc: 0.8750, CE loss: 0.795, DL2 loss: 12.746
7, 243, 0.7950, 0.0006, 84.375, 98.438, 0.810, 0.565, 
[150] Train acc: 0.7656, Constr acc: 0.6875, CE loss: 1.908, DL2 loss: 44.566
7, 242, 1.9080, 0.0006, 76.562, 98.438, 0.823, 0.536, 
[165] Train acc: 0.8438, Constr acc: 0.8438, CE loss: 1.109, DL2 loss: 11.367
7, 241, 1.1091, 0.0007, 84.375, 95.312, 0.787, 0.526, 
[180] Train acc: 0.6562, Constr acc: 0.8125, CE loss: 3.012, DL2 loss: 20.475
7, 240, 3.0122, 0.0008, 65.625, 95.312, 0.801, 0.502, 
[195] Train acc: 0.7969, Constr acc: 0.7812, CE loss: 1.605, DL2 loss: 26.741
7, 239, 1.6047, 0.0007, 79.688, 100.000, 0.808, 0.569, 
[210] Train acc: 0.8750, Constr acc: 0.8125, CE loss: 0.914, DL2 loss: 27.740
7, 238, 0.9144, 0.0004, 87.500, 100.000, 0.876, 0.585, 
[225] Train acc: 0.8281, Constr acc: 0.7500, CE loss: 1.714, DL2 loss: 37.089
7, 237, 1.7136, 0.0019, 82.812, 95.312, 0.607, 0.550, 
[240] Train acc: 0.7344, Constr acc: 0.7812, CE loss: 4.014, DL2 loss: 23.581
7, 236, 4.0143, 0.0013, 73.438, 87.500, 0.685, 0.584, 
[255] Train acc: 0.7500, Constr acc: 0.6250, CE loss: 1.915, DL2 loss: 40.465
7, 235, 1.9151, 0.0008, 75.000, 85.938, 0.761, 0.566, 
[270] Train acc: 0.0000, Constr acc: 0.0000, CE loss: 2.329, DL2 loss: 193.753
7, 234, 2.3295, 0.0023, 0.000, 59.375, 0.094, 0.429, 
[285] Train acc: 0.0781, Constr acc: 0.0938, CE loss: 8.878, DL2 loss: 129.766
7, 233, 8.8781, 0.0023, 7.812, 56.250, 0.097, 0.416, 
[300] Train acc: 0.1875, Constr acc: 0.4375, CE loss: 9.022, DL2 loss: 65.992
7, 232, 9.0219, 0.0024, 18.750, 81.250, 0.097, 0.422, 
[315] Train acc: 0.3438, Constr acc: 0.5625, CE loss: 5.706, DL2 loss: 61.512
7, 231, 5.7062, 0.0024, 34.375, 85.938, 0.098, 0.430, 
[330] Train acc: 0.4062, Constr acc: 0.5312, CE loss: 5.486, DL2 loss: 49.558
7, 230, 5.4856, 0.0024, 40.625, 81.250, 0.098, 0.445, 
[345] Train acc: 0.1875, Constr acc: 0.4062, CE loss: 4.991, DL2 loss: 66.902
7, 229, 4.9907, 0.0023, 18.750, 79.688, 0.155, 0.422, 
[360] Train acc: 0.3438, Constr acc: 0.4688, CE loss: 4.866, DL2 loss: 61.391
7, 228, 4.8656, 0.0023, 34.375, 89.062, 0.140, 0.433, 
[375] Train acc: 0.3906, Constr acc: 0.5625, CE loss: 3.631, DL2 loss: 56.099
7, 227, 3.6310, 0.0022, 39.062, 87.500, 0.280, 0.421, 
[390] Train acc: 0.3281, Constr acc: 0.5000, CE loss: 3.997, DL2 loss: 57.694
7, 226, 3.9973, 0.0023, 32.812, 87.500, 0.173, 0.428, 
[405] Train acc: 0.4531, Constr acc: 0.3438, CE loss: 5.245, DL2 loss: 71.510
7, 225, 5.2450, 0.0023, 45.312, 84.375, 0.193, 0.436, 
[420] Train acc: 0.4531, Constr acc: 0.6250, CE loss: 4.878, DL2 loss: 37.649
7, 224, 4.8777, 0.0023, 45.312, 87.500, 0.193, 0.422, 
[435] Train acc: 0.3281, Constr acc: 0.5625, CE loss: 14.160, DL2 loss: 65.231
7, 223, 14.1598, 0.0024, 32.812, 82.812, 0.132, 0.420, 
[450] Train acc: 0.6250, Constr acc: 0.6250, CE loss: 3.297, DL2 loss: 44.054
7, 222, 3.2971, 0.0024, 62.500, 95.312, 0.167, 0.419, 
[465] Train acc: 0.5312, Constr acc: 0.6562, CE loss: 10.055, DL2 loss: 56.054
7, 221, 10.0554, 0.0023, 53.125, 95.312, 0.209, 0.429, 
[480] Train acc: 0.6406, Constr acc: 0.8438, CE loss: 3.104, DL2 loss: 19.205
7, 220, 3.1042, 0.0025, 64.062, 98.438, 0.218, 0.420, 
[495] Train acc: 0.6094, Constr acc: 0.8125, CE loss: 3.126, DL2 loss: 16.539
7, 219, 3.1256, 0.0023, 60.938, 96.875, 0.157, 0.428, 
[510] Train acc: 0.5625, Constr acc: 0.6250, CE loss: 4.186, DL2 loss: 37.423
7, 218, 4.1861, 0.0022, 56.250, 93.750, 0.251, 0.424, 
[525] Train acc: 0.6875, Constr acc: 0.6875, CE loss: 1.765, DL2 loss: 42.190
7, 217, 1.7653, 0.0021, 68.750, 96.875, 0.260, 0.429, 
[540] Train acc: 0.6562, Constr acc: 0.7812, CE loss: 3.115, DL2 loss: 25.059
7, 216, 3.1148, 0.0022, 65.625, 93.750, 0.252, 0.439, 
[555] Train acc: 0.6719, Constr acc: 0.7500, CE loss: 2.563, DL2 loss: 22.879
7, 215, 2.5627, 0.0022, 67.188, 93.750, 0.214, 0.418, 
[570] Train acc: 0.8594, Constr acc: 0.9062, CE loss: 0.906, DL2 loss: 18.022
7, 214, 0.9063, 0.0022, 85.938, 100.000, 0.227, 0.425, 
[585] Train acc: 0.7031, Constr acc: 0.7500, CE loss: 2.627, DL2 loss: 23.553
7, 213, 2.6268, 0.0020, 70.312, 95.312, 0.302, 0.428, 
[600] Train acc: 0.7656, Constr acc: 0.8438, CE loss: 2.132, DL2 loss: 12.657
7, 212, 2.1317, 0.0020, 76.562, 96.875, 0.312, 0.418, 
[615] Train acc: 0.7812, Constr acc: 0.7812, CE loss: 2.576, DL2 loss: 25.940
7, 211, 2.5764, 0.0020, 78.125, 100.000, 0.250, 0.428, 
[630] Train acc: 0.7188, Constr acc: 0.7500, CE loss: 2.331, DL2 loss: 25.629
7, 210, 2.3314, 0.0018, 71.875, 95.312, 0.397, 0.437, 
[645] Train acc: 0.7812, Constr acc: 0.7188, CE loss: 2.303, DL2 loss: 29.199
7, 209, 2.3031, 0.0022, 78.125, 95.312, 0.192, 0.436, 
[660] Train acc: 0.6875, Constr acc: 0.7812, CE loss: 1.953, DL2 loss: 26.779
7, 208, 1.9533, 0.0022, 68.750, 93.750, 0.271, 0.426, 
[675] Train acc: 0.8906, Constr acc: 0.6875, CE loss: 1.276, DL2 loss: 35.052
7, 207, 1.2759, 0.0021, 89.062, 95.312, 0.258, 0.440, 
[690] Train acc: 0.7969, Constr acc: 0.7812, CE loss: 2.715, DL2 loss: 34.228
7, 206, 2.7154, 0.0021, 79.688, 96.875, 0.271, 0.435, 
[705] Train acc: 0.7031, Constr acc: 0.7500, CE loss: 2.611, DL2 loss: 30.949
7, 205, 2.6108, 0.0018, 70.312, 95.312, 0.340, 0.429, 
[720] Train acc: 0.7969, Constr acc: 0.9062, CE loss: 1.815, DL2 loss: 13.088
7, 204, 1.8152, 0.0019, 79.688, 96.875, 0.356, 0.426, 
[735] Train acc: 0.8125, Constr acc: 0.7812, CE loss: 2.019, DL2 loss: 25.149
7, 203, 2.0187, 0.0020, 81.250, 95.312, 0.258, 0.437, 
[750] Train acc: 0.8281, Constr acc: 0.8125, CE loss: 1.600, DL2 loss: 18.342
7, 202, 1.6004, 0.0021, 82.812, 96.875, 0.275, 0.433, 
[765] Train acc: 0.8125, Constr acc: 0.8750, CE loss: 1.603, DL2 loss: 7.947
7, 201, 1.6030, 0.0024, 81.250, 98.438, 0.165, 0.433, 
[780] Train acc: 0.6875, Constr acc: 0.7500, CE loss: 2.524, DL2 loss: 24.034
7, 200, 2.5238, 0.0024, 68.750, 90.625, 0.177, 0.431, 
[795] Train acc: 0.7188, Constr acc: 0.9062, CE loss: 2.117, DL2 loss: 10.187
7, 199, 2.1175, 0.0021, 71.875, 98.438, 0.363, 0.429, 
[810] Train acc: 0.7031, Constr acc: 0.7500, CE loss: 2.318, DL2 loss: 24.909
7, 198, 2.3184, 0.0021, 70.312, 96.875, 0.325, 0.419, 
[825] Train acc: 0.8594, Constr acc: 0.7812, CE loss: 1.630, DL2 loss: 28.102
7, 197, 1.6304, 0.0016, 85.938, 96.875, 0.448, 0.418, 
[840] Train acc: 0.7812, Constr acc: 0.9062, CE loss: 2.139, DL2 loss: 12.585
7, 196, 2.1389, 0.0017, 78.125, 100.000, 0.445, 0.422, 
[855] Train acc: 0.7031, Constr acc: 0.7812, CE loss: 2.577, DL2 loss: 26.578
7, 195, 2.5773, 0.0019, 70.312, 96.875, 0.344, 0.429, 
[870] Train acc: 0.7969, Constr acc: 0.7812, CE loss: 1.226, DL2 loss: 9.423
7, 194, 1.2263, 0.0015, 79.688, 100.000, 0.504, 0.427, 
[885] Train acc: 0.7812, Constr acc: 0.9062, CE loss: 2.315, DL2 loss: 19.089
7, 193, 2.3154, 0.0016, 78.125, 96.875, 0.504, 0.443, 
[900] Train acc: 0.8125, Constr acc: 0.8438, CE loss: 1.758, DL2 loss: 26.621
7, 192, 1.7580, 0.0015, 81.250, 96.875, 0.538, 0.435, 
[915] Train acc: 0.7500, Constr acc: 0.8438, CE loss: 2.140, DL2 loss: 23.658
7, 191, 2.1399, 0.0015, 75.000, 98.438, 0.524, 0.432, 
[930] Train acc: 0.7656, Constr acc: 0.8438, CE loss: 3.201, DL2 loss: 12.019
7, 190, 3.2012, 0.0018, 76.562, 93.750, 0.365, 0.428, 
[0] Train acc: 0.8750, Constr acc: 0.7812, CE loss: 0.939, DL2 loss: 31.316
8, 190, 0.9389, 0.0019, 87.500, 98.438, 0.378, 0.438, 
[15] Train acc: 0.7812, Constr acc: 0.7500, CE loss: 1.827, DL2 loss: 25.764
8, 189, 1.8268, 0.0021, 78.125, 98.438, 0.258, 0.433, 
[30] Train acc: 0.7969, Constr acc: 0.7812, CE loss: 1.491, DL2 loss: 23.319
8, 188, 1.4910, 0.0022, 79.688, 96.875, 0.208, 0.438, 
[45] Train acc: 0.8281, Constr acc: 0.7188, CE loss: 0.848, DL2 loss: 35.192
8, 187, 0.8479, 0.0020, 82.812, 98.438, 0.376, 0.428, 
[60] Train acc: 0.7969, Constr acc: 0.8438, CE loss: 2.035, DL2 loss: 14.715
8, 186, 2.0347, 0.0019, 79.688, 96.875, 0.385, 0.441, 
[75] Train acc: 0.8281, Constr acc: 0.6875, CE loss: 1.371, DL2 loss: 45.058
8, 185, 1.3714, 0.0022, 82.812, 100.000, 0.244, 0.436, 
[90] Train acc: 0.7812, Constr acc: 0.8750, CE loss: 3.272, DL2 loss: 12.197
8, 184, 3.2718, 0.0019, 78.125, 95.312, 0.402, 0.440, 
[105] Train acc: 0.7969, Constr acc: 0.8750, CE loss: 1.862, DL2 loss: 19.333
8, 183, 1.8623, 0.0019, 79.688, 100.000, 0.421, 0.436, 
[120] Train acc: 0.8594, Constr acc: 0.9688, CE loss: 0.849, DL2 loss: 3.630
8, 182, 0.8488, 0.0019, 85.938, 98.438, 0.370, 0.435, 
[135] Train acc: 0.8594, Constr acc: 0.8750, CE loss: 0.655, DL2 loss: 18.037
8, 181, 0.6548, 0.0019, 85.938, 98.438, 0.391, 0.433, 
[150] Train acc: 0.8594, Constr acc: 0.8438, CE loss: 1.544, DL2 loss: 17.506
8, 180, 1.5437, 0.0021, 85.938, 96.875, 0.274, 0.433, 
[165] Train acc: 0.8750, Constr acc: 0.7812, CE loss: 1.525, DL2 loss: 23.783
8, 179, 1.5248, 0.0020, 87.500, 98.438, 0.364, 0.434, 
[180] Train acc: 0.6719, Constr acc: 0.8438, CE loss: 2.030, DL2 loss: 20.960
8, 178, 2.0303, 0.0021, 67.188, 95.312, 0.281, 0.440, 
[195] Train acc: 0.9062, Constr acc: 0.9375, CE loss: 0.510, DL2 loss: 10.021
8, 177, 0.5103, 0.0020, 90.625, 100.000, 0.372, 0.445, 
[210] Train acc: 0.8438, Constr acc: 0.7500, CE loss: 1.230, DL2 loss: 28.674
8, 176, 1.2300, 0.0019, 84.375, 98.438, 0.356, 0.447, 
[225] Train acc: 0.8750, Constr acc: 1.0000, CE loss: 0.947, DL2 loss: 0.000
8, 175, 0.9471, 0.0021, 87.500, 100.000, 0.296, 0.427, 
[240] Train acc: 0.8281, Constr acc: 0.8438, CE loss: 1.458, DL2 loss: 23.488
8, 174, 1.4582, 0.0020, 82.812, 100.000, 0.230, 0.430, 
[255] Train acc: 0.8125, Constr acc: 0.7812, CE loss: 2.033, DL2 loss: 28.954
8, 173, 2.0328, 0.0021, 81.250, 98.438, 0.236, 0.428, 
[270] Train acc: 0.8281, Constr acc: 0.9375, CE loss: 0.926, DL2 loss: 7.212
8, 172, 0.9257, 0.0021, 82.812, 96.875, 0.213, 0.427, 
[285] Train acc: 0.8281, Constr acc: 0.9688, CE loss: 1.912, DL2 loss: 2.785
8, 171, 1.9124, 0.0020, 82.812, 98.438, 0.348, 0.434, 
[300] Train acc: 0.8750, Constr acc: 0.9062, CE loss: 0.888, DL2 loss: 10.411
8, 170, 0.8883, 0.0020, 87.500, 100.000, 0.305, 0.421, 
[315] Train acc: 0.7188, Constr acc: 0.7812, CE loss: 3.303, DL2 loss: 31.697
8, 169, 3.3033, 0.0025, 71.875, 96.875, 0.304, 0.434, 
[330] Train acc: 0.8594, Constr acc: 0.9375, CE loss: 0.711, DL2 loss: 3.606
8, 168, 0.7107, 0.0020, 85.938, 98.438, 0.297, 0.430, 
[345] Train acc: 0.8594, Constr acc: 0.8125, CE loss: 1.310, DL2 loss: 25.392
8, 167, 1.3096, 0.0023, 85.938, 96.875, 0.200, 0.436, 
[360] Train acc: 0.8906, Constr acc: 0.8125, CE loss: 1.100, DL2 loss: 20.202
8, 166, 1.0999, 0.0020, 89.062, 98.438, 0.345, 0.438, 
[375] Train acc: 0.8906, Constr acc: 0.9375, CE loss: 1.179, DL2 loss: 10.933
8, 165, 1.1789, 0.0019, 89.062, 98.438, 0.349, 0.426, 
[390] Train acc: 0.8750, Constr acc: 0.8750, CE loss: 1.621, DL2 loss: 15.134
8, 164, 1.6206, 0.0021, 87.500, 98.438, 0.294, 0.436, 
[405] Train acc: 0.8750, Constr acc: 0.9375, CE loss: 0.855, DL2 loss: 10.212
8, 163, 0.8551, 0.0020, 87.500, 98.438, 0.267, 0.419, 
[420] Train acc: 0.9219, Constr acc: 0.8438, CE loss: 0.514, DL2 loss: 17.412
8, 162, 0.5144, 0.0020, 92.188, 100.000, 0.288, 0.420, 
[435] Train acc: 0.9062, Constr acc: 0.8438, CE loss: 0.722, DL2 loss: 8.857
8, 161, 0.7221, 0.0018, 90.625, 96.875, 0.361, 0.435, 
[450] Train acc: 0.7969, Constr acc: 0.8438, CE loss: 2.641, DL2 loss: 25.475
8, 160, 2.6410, 0.0018, 79.688, 96.875, 0.374, 0.437, 
[465] Train acc: 0.8906, Constr acc: 0.8125, CE loss: 0.892, DL2 loss: 17.104
8, 159, 0.8915, 0.0017, 89.062, 98.438, 0.411, 0.438, 
[480] Train acc: 0.8750, Constr acc: 0.7812, CE loss: 0.949, DL2 loss: 37.149
8, 158, 0.9486, 0.0018, 87.500, 100.000, 0.378, 0.440, 
[495] Train acc: 0.9688, Constr acc: 0.8750, CE loss: 0.689, DL2 loss: 14.756
8, 157, 0.6889, 0.0019, 96.875, 98.438, 0.357, 0.435, 
[510] Train acc: 0.8906, Constr acc: 0.9375, CE loss: 0.646, DL2 loss: 5.590
8, 156, 0.6460, 0.0019, 89.062, 100.000, 0.336, 0.444, 
[525] Train acc: 0.8125, Constr acc: 0.8750, CE loss: 1.378, DL2 loss: 13.585
8, 155, 1.3783, 0.0026, 81.250, 100.000, 0.294, 0.431, 
[540] Train acc: 0.8906, Constr acc: 0.8125, CE loss: 0.568, DL2 loss: 21.539
8, 154, 0.5679, 0.0019, 89.062, 98.438, 0.349, 0.414, 
[555] Train acc: 0.8594, Constr acc: 0.7812, CE loss: 0.902, DL2 loss: 25.745
8, 153, 0.9024, 0.0019, 85.938, 100.000, 0.386, 0.437, 
[570] Train acc: 0.9062, Constr acc: 0.8750, CE loss: 0.821, DL2 loss: 17.492
8, 152, 0.8212, 0.0020, 90.625, 100.000, 0.295, 0.438, 
[585] Train acc: 0.9375, Constr acc: 0.9062, CE loss: 0.715, DL2 loss: 13.080
8, 151, 0.7150, 0.0021, 93.750, 98.438, 0.304, 0.420, 
[600] Train acc: 0.8281, Constr acc: 0.8750, CE loss: 1.780, DL2 loss: 12.802
8, 150, 1.7805, 0.0020, 82.812, 95.312, 0.255, 0.436, 
[615] Train acc: 0.8438, Constr acc: 0.9062, CE loss: 1.863, DL2 loss: 10.024
8, 149, 1.8629, 0.0022, 84.375, 95.312, 0.229, 0.431, 
[630] Train acc: 0.8906, Constr acc: 0.9062, CE loss: 0.895, DL2 loss: 18.538
8, 148, 0.8951, 0.0020, 89.062, 100.000, 0.341, 0.429, 
[645] Train acc: 0.7969, Constr acc: 0.7812, CE loss: 2.571, DL2 loss: 24.749
8, 147, 2.5714, 0.0018, 79.688, 100.000, 0.390, 0.417, 
[660] Train acc: 0.8750, Constr acc: 0.8438, CE loss: 1.189, DL2 loss: 23.263
8, 146, 1.1892, 0.0020, 87.500, 100.000, 0.328, 0.430, 
[675] Train acc: 0.9062, Constr acc: 0.7500, CE loss: 0.445, DL2 loss: 25.809
8, 145, 0.4451, 0.0019, 90.625, 100.000, 0.370, 0.434, 
[690] Train acc: 0.9062, Constr acc: 0.7812, CE loss: 0.550, DL2 loss: 36.384
8, 144, 0.5495, 0.0019, 90.625, 100.000, 0.294, 0.437, 
[705] Train acc: 0.8594, Constr acc: 0.9375, CE loss: 1.147, DL2 loss: 4.681
8, 143, 1.1466, 0.0021, 85.938, 98.438, 0.229, 0.428, 
[720] Train acc: 0.9375, Constr acc: 0.8438, CE loss: 0.539, DL2 loss: 22.726
8, 142, 0.5390, 0.0016, 93.750, 98.438, 0.438, 0.428, 
[735] Train acc: 0.9531, Constr acc: 0.8750, CE loss: 0.393, DL2 loss: 14.857
8, 141, 0.3926, 0.0016, 95.312, 100.000, 0.445, 0.433, 
[750] Train acc: 0.5938, Constr acc: 0.7812, CE loss: 5.120, DL2 loss: 22.068
8, 140, 5.1203, 0.0016, 59.375, 85.938, 0.480, 0.426, 
[765] Train acc: 0.8750, Constr acc: 0.7188, CE loss: 0.899, DL2 loss: 31.852
8, 139, 0.8987, 0.0016, 87.500, 100.000, 0.453, 0.427, 
[780] Train acc: 0.8750, Constr acc: 0.9375, CE loss: 0.864, DL2 loss: 8.583
8, 138, 0.8638, 0.0018, 87.500, 100.000, 0.325, 0.432, 
[795] Train acc: 0.8906, Constr acc: 0.8438, CE loss: 0.561, DL2 loss: 27.040
8, 137, 0.5613, 0.0020, 89.062, 100.000, 0.220, 0.427, 
[810] Train acc: 0.9219, Constr acc: 0.9062, CE loss: 1.070, DL2 loss: 7.040
8, 136, 1.0702, 0.0018, 92.188, 98.438, 0.303, 0.432, 
[825] Train acc: 0.8906, Constr acc: 0.9062, CE loss: 1.187, DL2 loss: 10.961
8, 135, 1.1874, 0.0019, 89.062, 98.438, 0.275, 0.421, 
[840] Train acc: 0.8906, Constr acc: 0.8750, CE loss: 0.720, DL2 loss: 13.715
8, 134, 0.7199, 0.0019, 89.062, 98.438, 0.327, 0.428, 
[855] Train acc: 0.8438, Constr acc: 0.7500, CE loss: 1.415, DL2 loss: 31.841
8, 133, 1.4151, 0.0020, 84.375, 100.000, 0.277, 0.428, 
[870] Train acc: 0.8281, Constr acc: 0.7812, CE loss: 1.149, DL2 loss: 26.150
8, 132, 1.1492, 0.0019, 82.812, 98.438, 0.338, 0.430, 
[885] Train acc: 0.8906, Constr acc: 0.9062, CE loss: 1.069, DL2 loss: 12.991
8, 131, 1.0690, 0.0017, 89.062, 100.000, 0.423, 0.440, 
[900] Train acc: 0.9375, Constr acc: 0.9062, CE loss: 0.492, DL2 loss: 7.555
8, 130, 0.4918, 0.0018, 93.750, 98.438, 0.373, 0.435, 
[915] Train acc: 0.9531, Constr acc: 0.8438, CE loss: 0.478, DL2 loss: 25.812
8, 129, 0.4785, 0.0020, 95.312, 98.438, 0.242, 0.424, 
[930] Train acc: 0.9375, Constr acc: 0.9062, CE loss: 0.308, DL2 loss: 11.601
8, 128, 0.3075, 0.0016, 93.750, 100.000, 0.384, 0.425, 
[0] Train acc: 0.8594, Constr acc: 0.8438, CE loss: 1.221, DL2 loss: 24.151
9, 127, 1.2208, 0.0017, 85.938, 100.000, 0.408, 0.416, 
[15] Train acc: 0.8906, Constr acc: 0.7812, CE loss: 0.957, DL2 loss: 33.728
9, 126, 0.9571, 0.0016, 89.062, 100.000, 0.432, 0.434, 
[30] Train acc: 0.9062, Constr acc: 0.8438, CE loss: 0.903, DL2 loss: 23.942
9, 125, 0.9033, 0.0016, 90.625, 100.000, 0.446, 0.436, 
[45] Train acc: 0.7969, Constr acc: 0.8750, CE loss: 2.103, DL2 loss: 18.769
9, 124, 2.1033, 0.0018, 79.688, 98.438, 0.310, 0.421, 
[60] Train acc: 0.9219, Constr acc: 0.9688, CE loss: 0.394, DL2 loss: 5.450
9, 123, 0.3942, 0.0021, 92.188, 100.000, 0.202, 0.433, 
[75] Train acc: 0.9219, Constr acc: 0.9688, CE loss: 0.620, DL2 loss: 5.737
9, 122, 0.6202, 0.0022, 92.188, 98.438, 0.158, 0.437, 
[90] Train acc: 0.9219, Constr acc: 0.7500, CE loss: 1.072, DL2 loss: 32.843
9, 121, 1.0719, 0.0027, 92.188, 98.438, 0.116, 0.432, 
[105] Train acc: 0.9375, Constr acc: 0.9062, CE loss: 0.483, DL2 loss: 15.202
9, 120, 0.4826, 0.0025, 93.750, 100.000, 0.127, 0.419, 
[120] Train acc: 0.9062, Constr acc: 0.9062, CE loss: 0.565, DL2 loss: 12.907
9, 119, 0.5645, 0.0028, 90.625, 100.000, 0.123, 0.418, 
[135] Train acc: 0.9062, Constr acc: 0.7812, CE loss: 0.975, DL2 loss: 25.258
9, 118, 0.9751, 0.0021, 90.625, 96.875, 0.167, 0.424, 
[150] Train acc: 0.9531, Constr acc: 0.8750, CE loss: 0.408, DL2 loss: 7.962
9, 117, 0.4080, 0.0024, 95.312, 100.000, 0.162, 0.432, 
[165] Train acc: 0.8750, Constr acc: 0.9375, CE loss: 1.107, DL2 loss: 8.290
9, 116, 1.1068, 0.0020, 87.500, 100.000, 0.238, 0.424, 
[180] Train acc: 0.9375, Constr acc: 0.8438, CE loss: 0.623, DL2 loss: 18.473
9, 115, 0.6234, 0.0021, 93.750, 98.438, 0.210, 0.440, 
[195] Train acc: 0.7344, Constr acc: 0.8438, CE loss: 1.979, DL2 loss: 15.993
9, 114, 1.9787, 0.0020, 73.438, 93.750, 0.254, 0.434, 
[210] Train acc: 0.8906, Constr acc: 0.8750, CE loss: 0.886, DL2 loss: 20.046
9, 113, 0.8862, 0.0020, 89.062, 100.000, 0.229, 0.430, 
[225] Train acc: 0.8594, Constr acc: 0.8750, CE loss: 1.400, DL2 loss: 10.788
9, 112, 1.4002, 0.0020, 85.938, 100.000, 0.294, 0.426, 
[240] Train acc: 0.8438, Constr acc: 0.8438, CE loss: 0.700, DL2 loss: 16.055
9, 111, 0.7000, 0.0024, 84.375, 98.438, 0.222, 0.434, 
[255] Train acc: 0.9375, Constr acc: 0.8438, CE loss: 0.452, DL2 loss: 19.881
9, 110, 0.4523, 0.0026, 93.750, 100.000, 0.186, 0.429, 
[270] Train acc: 0.8750, Constr acc: 0.8750, CE loss: 1.578, DL2 loss: 12.583
9, 109, 1.5779, 0.0024, 87.500, 96.875, 0.202, 0.440, 
[285] Train acc: 0.9219, Constr acc: 0.8750, CE loss: 0.570, DL2 loss: 20.408
9, 108, 0.5697, 0.0023, 92.188, 100.000, 0.231, 0.426, 
[300] Train acc: 0.9062, Constr acc: 0.8438, CE loss: 0.950, DL2 loss: 18.634
9, 107, 0.9503, 0.0025, 90.625, 100.000, 0.191, 0.431, 
[315] Train acc: 0.8750, Constr acc: 0.7812, CE loss: 1.109, DL2 loss: 28.664
9, 106, 1.1091, 0.0025, 87.500, 98.438, 0.193, 0.426, 
[330] Train acc: 0.9219, Constr acc: 0.8750, CE loss: 0.823, DL2 loss: 18.482
9, 105, 0.8228, 0.0024, 92.188, 100.000, 0.201, 0.441, 
[345] Train acc: 0.9062, Constr acc: 0.8438, CE loss: 1.030, DL2 loss: 18.507
9, 104, 1.0302, 0.0025, 90.625, 98.438, 0.203, 0.433, 
[360] Train acc: 0.8750, Constr acc: 0.9375, CE loss: 0.899, DL2 loss: 6.453
9, 103, 0.8986, 0.0018, 87.500, 100.000, 0.392, 0.420, 
[375] Train acc: 0.8750, Constr acc: 0.8125, CE loss: 0.980, DL2 loss: 18.864
9, 102, 0.9798, 0.0019, 87.500, 100.000, 0.343, 0.420, 
[390] Train acc: 0.9375, Constr acc: 0.9062, CE loss: 0.478, DL2 loss: 13.605
9, 101, 0.4784, 0.0017, 93.750, 100.000, 0.431, 0.430, 
[405] Train acc: 0.7656, Constr acc: 0.7812, CE loss: 2.317, DL2 loss: 33.067
9, 100, 2.3172, 0.0024, 76.562, 98.438, 0.192, 0.422, 
[420] Train acc: 0.8906, Constr acc: 0.9375, CE loss: 0.831, DL2 loss: 9.777
9, 99, 0.8311, 0.0023, 89.062, 100.000, 0.213, 0.420, 
[435] Train acc: 0.8906, Constr acc: 0.9375, CE loss: 0.703, DL2 loss: 10.889
9, 98, 0.7027, 0.0021, 89.062, 100.000, 0.260, 0.417, 
[450] Train acc: 0.8750, Constr acc: 0.9062, CE loss: 1.234, DL2 loss: 12.500
9, 97, 1.2337, 0.0023, 87.500, 96.875, 0.228, 0.424, 
[465] Train acc: 0.8438, Constr acc: 0.7812, CE loss: 0.816, DL2 loss: 26.661
9, 96, 0.8156, 0.0020, 84.375, 100.000, 0.313, 0.432, 
[480] Train acc: 0.8750, Constr acc: 0.9062, CE loss: 1.070, DL2 loss: 15.627
9, 95, 1.0702, 0.0024, 87.500, 100.000, 0.132, 0.426, 
[495] Train acc: 0.9062, Constr acc: 0.8438, CE loss: 1.261, DL2 loss: 22.277
9, 94, 1.2605, 0.0024, 90.625, 98.438, 0.131, 0.436, 
[510] Train acc: 0.8750, Constr acc: 0.8438, CE loss: 1.228, DL2 loss: 19.842
9, 93, 1.2284, 0.0026, 87.500, 100.000, 0.149, 0.431, 
[525] Train acc: 0.9219, Constr acc: 0.8438, CE loss: 1.007, DL2 loss: 20.917
9, 92, 1.0071, 0.0023, 92.188, 96.875, 0.208, 0.430, 
[540] Train acc: 0.8750, Constr acc: 0.8125, CE loss: 0.795, DL2 loss: 32.113
9, 91, 0.7952, 0.0024, 87.500, 98.438, 0.210, 0.429, 
[555] Train acc: 0.9062, Constr acc: 0.8438, CE loss: 1.142, DL2 loss: 16.101
9, 90, 1.1425, 0.0024, 90.625, 100.000, 0.142, 0.434, 
[570] Train acc: 0.9062, Constr acc: 0.8750, CE loss: 0.440, DL2 loss: 18.914
9, 89, 0.4398, 0.0025, 90.625, 100.000, 0.174, 0.421, 
[585] Train acc: 0.9219, Constr acc: 0.8438, CE loss: 0.263, DL2 loss: 20.619
9, 88, 0.2633, 0.0025, 92.188, 100.000, 0.179, 0.432, 
[600] Train acc: 0.8438, Constr acc: 0.7812, CE loss: 1.316, DL2 loss: 32.145
9, 87, 1.3163, 0.0025, 84.375, 98.438, 0.169, 0.425, 
[615] Train acc: 0.9688, Constr acc: 0.7812, CE loss: 0.225, DL2 loss: 24.746
9, 86, 0.2254, 0.0023, 96.875, 100.000, 0.194, 0.437, 
[630] Train acc: 0.9375, Constr acc: 0.7812, CE loss: 0.633, DL2 loss: 30.356
9, 85, 0.6328, 0.0023, 93.750, 98.438, 0.208, 0.421, 
[645] Train acc: 0.9062, Constr acc: 0.9062, CE loss: 0.820, DL2 loss: 19.086
9, 84, 0.8195, 0.0022, 90.625, 100.000, 0.205, 0.430, 
[660] Train acc: 0.9531, Constr acc: 0.7500, CE loss: 0.704, DL2 loss: 40.456
9, 83, 0.7042, 0.0022, 95.312, 100.000, 0.221, 0.428, 
[675] Train acc: 0.8750, Constr acc: 0.9062, CE loss: 1.293, DL2 loss: 11.088
9, 82, 1.2928, 0.0023, 87.500, 100.000, 0.228, 0.427, 
[690] Train acc: 0.8906, Constr acc: 0.9062, CE loss: 1.098, DL2 loss: 13.865
9, 81, 1.0976, 0.0025, 89.062, 100.000, 0.262, 0.430, 
[705] Train acc: 0.9219, Constr acc: 0.9688, CE loss: 0.784, DL2 loss: 0.065
9, 80, 0.7838, 0.0025, 92.188, 100.000, 0.157, 0.450, 
[720] Train acc: 0.8438, Constr acc: 0.7812, CE loss: 1.248, DL2 loss: 19.863
9, 79, 1.2477, 0.0023, 84.375, 98.438, 0.173, 0.430, 
[735] Train acc: 0.8125, Constr acc: 0.9062, CE loss: 4.027, DL2 loss: 18.166
9, 78, 4.0265, 0.0022, 81.250, 98.438, 0.168, 0.424, 
[750] Train acc: 0.8594, Constr acc: 0.8750, CE loss: 1.395, DL2 loss: 11.399
9, 77, 1.3955, 0.0022, 85.938, 98.438, 0.237, 0.436, 
[765] Train acc: 0.9062, Constr acc: 0.8125, CE loss: 0.925, DL2 loss: 21.907
9, 76, 0.9246, 0.0023, 90.625, 98.438, 0.194, 0.424, 
[780] Train acc: 0.8281, Constr acc: 0.8750, CE loss: 2.409, DL2 loss: 7.255
9, 75, 2.4094, 0.0020, 82.812, 98.438, 0.262, 0.427, 
[795] Train acc: 0.8750, Constr acc: 0.9062, CE loss: 1.471, DL2 loss: 15.962
9, 74, 1.4709, 0.0020, 87.500, 100.000, 0.274, 0.425, 
[810] Train acc: 0.9062, Constr acc: 0.8750, CE loss: 1.298, DL2 loss: 13.464
9, 73, 1.2978, 0.0018, 90.625, 100.000, 0.409, 0.439, 
[825] Train acc: 0.8906, Constr acc: 0.9375, CE loss: 1.176, DL2 loss: 8.268
9, 72, 1.1760, 0.0018, 89.062, 95.312, 0.414, 0.441, 
[840] Train acc: 0.8125, Constr acc: 0.9375, CE loss: 2.191, DL2 loss: 6.047
9, 71, 2.1908, 0.0020, 81.250, 98.438, 0.319, 0.426, 
[855] Train acc: 0.8438, Constr acc: 0.8438, CE loss: 1.281, DL2 loss: 18.219
9, 70, 1.2807, 0.0020, 84.375, 98.438, 0.321, 0.438, 
[870] Train acc: 0.9219, Constr acc: 0.8438, CE loss: 0.789, DL2 loss: 19.213
9, 69, 0.7892, 0.0023, 92.188, 100.000, 0.175, 0.430, 
[885] Train acc: 0.9375, Constr acc: 0.9062, CE loss: 0.261, DL2 loss: 16.208
9, 68, 0.2614, 0.0021, 93.750, 100.000, 0.256, 0.433, 
[900] Train acc: 0.9219, Constr acc: 0.9062, CE loss: 0.868, DL2 loss: 16.692
9, 67, 0.8677, 0.0019, 92.188, 100.000, 0.259, 0.442, 
[915] Train acc: 0.8906, Constr acc: 0.9062, CE loss: 1.393, DL2 loss: 11.694
9, 66, 1.3929, 0.0019, 89.062, 100.000, 0.318, 0.427, 
[930] Train acc: 0.8750, Constr acc: 0.8750, CE loss: 0.521, DL2 loss: 15.248
9, 65, 0.5212, 0.0019, 87.500, 100.000, 0.379, 0.437, 
[0] Train acc: 0.8594, Constr acc: 0.9062, CE loss: 0.742, DL2 loss: 11.077
10, 65, 0.7418, 0.0020, 85.938, 98.438, 0.312, 0.431, 
[15] Train acc: 0.8750, Constr acc: 0.8438, CE loss: 1.022, DL2 loss: 16.785
10, 64, 1.0218, 0.0024, 87.500, 100.000, 0.144, 0.427, 
[30] Train acc: 0.9219, Constr acc: 0.9062, CE loss: 0.637, DL2 loss: 14.069
10, 63, 0.6369, 0.0025, 92.188, 100.000, 0.151, 0.432, 
[45] Train acc: 0.9062, Constr acc: 0.9062, CE loss: 0.631, DL2 loss: 10.382
10, 62, 0.6314, 0.0024, 90.625, 100.000, 0.120, 0.424, 
[60] Train acc: 0.9375, Constr acc: 0.7500, CE loss: 0.261, DL2 loss: 25.198
10, 61, 0.2613, 0.0024, 93.750, 100.000, 0.132, 0.436, 
[75] Train acc: 0.9375, Constr acc: 0.9375, CE loss: 0.580, DL2 loss: 9.407
10, 60, 0.5804, 0.0024, 93.750, 100.000, 0.140, 0.424, 
[90] Train acc: 0.8594, Constr acc: 0.9062, CE loss: 1.642, DL2 loss: 16.354
10, 59, 1.6423, 0.0025, 85.938, 100.000, 0.126, 0.424, 
[105] Train acc: 0.7969, Constr acc: 0.8438, CE loss: 1.290, DL2 loss: 13.430
10, 58, 1.2903, 0.0023, 79.688, 98.438, 0.162, 0.435, 
[120] Train acc: 0.8281, Constr acc: 0.7812, CE loss: 1.326, DL2 loss: 20.063
10, 57, 1.3260, 0.0025, 82.812, 98.438, 0.139, 0.428, 
[135] Train acc: 0.9531, Constr acc: 0.7500, CE loss: 0.232, DL2 loss: 23.436
10, 56, 0.2325, 0.0025, 95.312, 100.000, 0.115, 0.426, 
[150] Train acc: 0.9375, Constr acc: 0.7500, CE loss: 0.393, DL2 loss: 28.285
10, 55, 0.3934, 0.0024, 93.750, 100.000, 0.121, 0.440, 
[165] Train acc: 0.8750, Constr acc: 0.9375, CE loss: 0.981, DL2 loss: 6.273
10, 54, 0.9807, 0.0023, 87.500, 98.438, 0.185, 0.425, 
[180] Train acc: 0.9531, Constr acc: 0.9375, CE loss: 0.636, DL2 loss: 10.303
10, 53, 0.6359, 0.0023, 95.312, 98.438, 0.205, 0.437, 
[195] Train acc: 0.8438, Constr acc: 0.9062, CE loss: 1.094, DL2 loss: 13.370
10, 52, 1.0942, 0.0022, 84.375, 98.438, 0.253, 0.423, 
[210] Train acc: 0.8594, Constr acc: 0.8125, CE loss: 1.170, DL2 loss: 21.073
10, 51, 1.1698, 0.0023, 85.938, 100.000, 0.204, 0.421, 
[225] Train acc: 0.9531, Constr acc: 0.9062, CE loss: 0.392, DL2 loss: 10.378
10, 50, 0.3924, 0.0024, 95.312, 100.000, 0.178, 0.435, 
[240] Train acc: 0.8594, Constr acc: 0.9375, CE loss: 1.066, DL2 loss: 10.991
10, 49, 1.0660, 0.0023, 85.938, 98.438, 0.197, 0.439, 
[255] Train acc: 0.8906, Constr acc: 0.8438, CE loss: 1.273, DL2 loss: 22.716
10, 48, 1.2734, 0.0021, 89.062, 100.000, 0.274, 0.425, 
[270] Train acc: 0.9375, Constr acc: 0.8750, CE loss: 0.479, DL2 loss: 15.139
10, 47, 0.4792, 0.0022, 93.750, 100.000, 0.220, 0.434, 
[285] Train acc: 0.8125, Constr acc: 0.7500, CE loss: 1.789, DL2 loss: 37.809
10, 46, 1.7887, 0.0020, 81.250, 100.000, 0.317, 0.426, 
[300] Train acc: 0.8906, Constr acc: 0.8750, CE loss: 0.603, DL2 loss: 11.043
10, 45, 0.6033, 0.0019, 89.062, 100.000, 0.357, 0.434, 
[315] Train acc: 0.8438, Constr acc: 0.8125, CE loss: 2.228, DL2 loss: 28.518
10, 44, 2.2285, 0.0021, 84.375, 98.438, 0.254, 0.416, 
[330] Train acc: 0.8750, Constr acc: 0.8750, CE loss: 2.042, DL2 loss: 10.357
10, 43, 2.0422, 0.0021, 87.500, 100.000, 0.225, 0.431, 
[345] Train acc: 0.9531, Constr acc: 0.8438, CE loss: 0.103, DL2 loss: 10.796
10, 42, 0.1030, 0.0021, 95.312, 100.000, 0.247, 0.424, 
[360] Train acc: 0.9062, Constr acc: 0.8125, CE loss: 0.952, DL2 loss: 22.267
10, 41, 0.9522, 0.0019, 90.625, 98.438, 0.316, 0.421, 
[375] Train acc: 0.9688, Constr acc: 0.6875, CE loss: 0.314, DL2 loss: 41.077
10, 40, 0.3143, 0.0017, 96.875, 98.438, 0.420, 0.432, 
[390] Train acc: 0.9375, Constr acc: 0.8438, CE loss: 0.343, DL2 loss: 19.822
10, 39, 0.3429, 0.0020, 93.750, 100.000, 0.347, 0.430, 
[405] Train acc: 0.8906, Constr acc: 0.7812, CE loss: 0.796, DL2 loss: 21.893
10, 38, 0.7959, 0.0021, 89.062, 95.312, 0.263, 0.427, 
[420] Train acc: 0.8750, Constr acc: 0.7188, CE loss: 1.570, DL2 loss: 25.572
10, 37, 1.5699, 0.0021, 87.500, 96.875, 0.287, 0.435, 
[435] Train acc: 0.7656, Constr acc: 0.9375, CE loss: 4.233, DL2 loss: 10.991
10, 36, 4.2331, 0.0021, 76.562, 93.750, 0.229, 0.422, 
[450] Train acc: 0.8750, Constr acc: 0.8750, CE loss: 1.581, DL2 loss: 19.136
10, 35, 1.5811, 0.0022, 87.500, 100.000, 0.179, 0.419, 
[465] Train acc: 0.8438, Constr acc: 0.8438, CE loss: 1.725, DL2 loss: 13.160
10, 34, 1.7248, 0.0020, 84.375, 93.750, 0.302, 0.424, 
[480] Train acc: 0.9062, Constr acc: 0.8125, CE loss: 0.510, DL2 loss: 25.199
10, 33, 0.5096, 0.0020, 90.625, 100.000, 0.333, 0.436, 
[495] Train acc: 0.8438, Constr acc: 0.8750, CE loss: 2.013, DL2 loss: 22.046
10, 32, 2.0126, 0.0017, 84.375, 98.438, 0.517, 0.445, 
[510] Train acc: 0.7812, Constr acc: 0.8750, CE loss: 1.622, DL2 loss: 14.946
10, 31, 1.6220, 0.0020, 78.125, 98.438, 0.361, 0.437, 
[525] Train acc: 0.7812, Constr acc: 0.7500, CE loss: 1.475, DL2 loss: 34.099
10, 30, 1.4754, 0.0025, 78.125, 98.438, 0.120, 0.439, 
[540] Train acc: 0.8750, Constr acc: 0.7500, CE loss: 1.351, DL2 loss: 26.513
10, 29, 1.3511, 0.0026, 87.500, 95.312, 0.115, 0.434, 
[555] Train acc: 0.7812, Constr acc: 0.8125, CE loss: 2.806, DL2 loss: 30.569
10, 28, 2.8065, 0.0026, 78.125, 96.875, 0.114, 0.425, 
[570] Train acc: 0.8125, Constr acc: 0.8125, CE loss: 3.419, DL2 loss: 9.988
10, 27, 3.4188, 0.0028, 81.250, 96.875, 0.113, 0.426, 
[585] Train acc: 0.6562, Constr acc: 0.6875, CE loss: 1.765, DL2 loss: 22.486
10, 26, 1.7645, 0.0026, 65.625, 100.000, 0.115, 0.445, 
[600] Train acc: 0.7656, Constr acc: 0.7500, CE loss: 1.629, DL2 loss: 27.150
10, 25, 1.6289, 0.0028, 76.562, 98.438, 0.117, 0.430, 
[615] Train acc: 0.6719, Constr acc: 0.6562, CE loss: 11.219, DL2 loss: 48.784
10, 24, 11.2187, 0.0032, 67.188, 93.750, 0.117, 0.429, 
[630] Train acc: 0.6562, Constr acc: 0.7188, CE loss: 2.545, DL2 loss: 28.709
10, 23, 2.5455, 0.0029, 65.625, 95.312, 0.114, 0.423, 
[645] Train acc: 0.6250, Constr acc: 0.6875, CE loss: 3.298, DL2 loss: 31.495
10, 22, 3.2979, 0.0026, 62.500, 92.188, 0.123, 0.428, 
[660] Train acc: 0.6719, Constr acc: 0.6875, CE loss: 2.030, DL2 loss: 39.993
10, 21, 2.0302, 0.0025, 67.188, 93.750, 0.178, 0.434, 
[675] Train acc: 0.5625, Constr acc: 0.8438, CE loss: 4.004, DL2 loss: 29.500
10, 20, 4.0037, 0.0026, 56.250, 92.188, 0.171, 0.445, 
[690] Train acc: 0.5625, Constr acc: 0.7812, CE loss: 6.295, DL2 loss: 34.462
10, 19, 6.2952, 0.0026, 56.250, 96.875, 0.174, 0.422, 
[705] Train acc: 0.6094, Constr acc: 0.7188, CE loss: 1.752, DL2 loss: 36.480
10, 18, 1.7519, 0.0029, 60.938, 92.188, 0.099, 0.440, 
[720] Train acc: 0.6094, Constr acc: 0.5938, CE loss: 1.897, DL2 loss: 54.330
10, 17, 1.8971, 0.0027, 60.938, 92.188, 0.097, 0.415, 
[735] Train acc: 0.3750, Constr acc: 0.4688, CE loss: 3.731, DL2 loss: 69.190
10, 16, 3.7311, 0.0027, 37.500, 81.250, 0.089, 0.445, 
[750] Train acc: 0.4062, Constr acc: 0.7188, CE loss: 4.699, DL2 loss: 52.083
10, 15, 4.6988, 0.0028, 40.625, 92.188, 0.114, 0.429, 
[765] Train acc: 0.3125, Constr acc: 0.4062, CE loss: 5.181, DL2 loss: 84.473
10, 14, 5.1806, 0.0026, 31.250, 84.375, 0.089, 0.424, 
[780] Train acc: 0.2031, Constr acc: 0.3125, CE loss: 4.668, DL2 loss: 86.409
10, 13, 4.6683, 0.0026, 20.312, 84.375, 0.114, 0.433, 
[795] Train acc: 0.2031, Constr acc: 0.3125, CE loss: 3.858, DL2 loss: 81.757
10, 12, 3.8580, 0.0030, 20.312, 73.438, 0.114, 0.435, 
[810] Train acc: 0.2031, Constr acc: 0.4688, CE loss: 4.955, DL2 loss: 69.171
10, 11, 4.9553, 0.0026, 20.312, 81.250, 0.089, 0.428, 
[825] Train acc: 0.2656, Constr acc: 0.5625, CE loss: 3.623, DL2 loss: 51.964
10, 10, 3.6225, 0.0026, 26.562, 85.938, 0.114, 0.430, 
[840] Train acc: 0.3125, Constr acc: 0.3750, CE loss: 4.343, DL2 loss: 94.702
10, 9, 4.3427, 0.0027, 31.250, 90.625, 0.114, 0.434, 
[855] Train acc: 0.2812, Constr acc: 0.4375, CE loss: 4.265, DL2 loss: 63.666
10, 8, 4.2649, 0.0027, 28.125, 89.062, 0.114, 0.417, 
[870] Train acc: 0.1562, Constr acc: 0.5000, CE loss: 7.440, DL2 loss: 53.397
10, 7, 7.4397, 0.0027, 15.625, 81.250, 0.114, 0.422, 
[885] Train acc: 0.2031, Constr acc: 0.3125, CE loss: 3.688, DL2 loss: 81.977
10, 6, 3.6878, 0.0027, 20.312, 81.250, 0.114, 0.419, 
[900] Train acc: 0.1406, Constr acc: 0.1250, CE loss: 3.604, DL2 loss: 129.472
10, 5, 3.6036, 0.0028, 14.062, 76.562, 0.114, 0.433, 
[915] Train acc: 0.1250, Constr acc: 0.0000, CE loss: 2.813, DL2 loss: 181.016
10, 4, 2.8128, 0.0027, 12.500, 46.875, 0.114, 0.435, 
[930] Train acc: 0.1250, Constr acc: 0.0000, CE loss: 2.606, DL2 loss: 169.475
10, 3, 2.6059, 0.0027, 12.500, 54.688, 0.114, 0.423, 
