main_allinputs_dl2.py --pruning=True --tensorboard=True --log-interval=15 --pruning_config=./configs/mnist_22_15.json --constraint RobustnessAND(eps1=7.8, eps2=2.9) --print-after-epoch=0 --dl2-weight=0.2 --delay=6
pruning_engine.load_mask(): did not find mask file, will load nothing
epoch, neuron_units, loss, dl2_loss, top1, top5, dl2_p_acc, dl2_constraint_acc
[0] Train acc: 0.1406
1, 252, 2.2927, 0.0023, 14.062, 59.375, 0.103, 0.050, 
[15] Train acc: 0.1875
1, 252, 2.2763, 0.0023, 18.750, 68.750, 0.103, 0.055, 
[30] Train acc: 0.3125
1, 252, 2.2343, 0.0023, 31.250, 75.000, 0.205, 0.052, 
[45] Train acc: 0.3594
1, 252, 2.1083, 0.0022, 35.938, 89.062, 0.408, 0.049, 
[60] Train acc: 0.5625
1, 252, 1.8079, 0.0021, 56.250, 90.625, 0.576, 0.050, 
[75] Train acc: 0.6719
1, 252, 1.1560, 0.0017, 67.188, 95.312, 0.646, 0.053, 
[90] Train acc: 0.6250
1, 252, 1.0569, 0.0015, 62.500, 98.438, 0.674, 0.052, 
[105] Train acc: 0.7031
1, 252, 0.8945, 0.0013, 70.312, 95.312, 0.730, 0.054, 
[120] Train acc: 0.8125
1, 252, 0.5999, 0.0011, 81.250, 98.438, 0.806, 0.049, 
[135] Train acc: 0.8594
1, 252, 0.3908, 0.0010, 85.938, 100.000, 0.854, 0.046, 
[150] Train acc: 0.8594
1, 252, 0.5338, 0.0010, 85.938, 100.000, 0.820, 0.046, 
[165] Train acc: 0.8281
1, 252, 0.5438, 0.0010, 82.812, 98.438, 0.764, 0.047, 
[180] Train acc: 0.9062
1, 252, 0.4400, 0.0009, 90.625, 98.438, 0.846, 0.056, 
[195] Train acc: 0.9062
1, 252, 0.2807, 0.0009, 90.625, 100.000, 0.848, 0.048, 
[210] Train acc: 0.9219
1, 252, 0.3626, 0.0009, 92.188, 98.438, 0.857, 0.047, 
[225] Train acc: 0.8750
1, 252, 0.3995, 0.0008, 87.500, 100.000, 0.887, 0.045, 
[240] Train acc: 0.8750
1, 252, 0.4170, 0.0008, 87.500, 98.438, 0.877, 0.047, 
[255] Train acc: 0.8281
1, 252, 0.4295, 0.0008, 82.812, 100.000, 0.851, 0.052, 
[270] Train acc: 0.9219
1, 252, 0.2311, 0.0008, 92.188, 100.000, 0.843, 0.049, 
[285] Train acc: 0.9375
1, 252, 0.2467, 0.0007, 93.750, 100.000, 0.920, 0.049, 
[300] Train acc: 0.9062
1, 252, 0.2694, 0.0007, 90.625, 100.000, 0.911, 0.053, 
[315] Train acc: 0.9219
1, 252, 0.2680, 0.0007, 92.188, 98.438, 0.922, 0.056, 
[330] Train acc: 0.9062
1, 252, 0.3726, 0.0007, 90.625, 98.438, 0.864, 0.049, 
[345] Train acc: 0.8594
1, 252, 0.4701, 0.0007, 85.938, 98.438, 0.908, 0.052, 
[360] Train acc: 0.8750
1, 252, 0.2838, 0.0007, 87.500, 100.000, 0.909, 0.049, 
[375] Train acc: 0.9375
1, 252, 0.1560, 0.0007, 93.750, 100.000, 0.923, 0.053, 
[390] Train acc: 0.9062
1, 252, 0.2070, 0.0006, 90.625, 100.000, 0.915, 0.051, 
[405] Train acc: 0.9375
1, 252, 0.1975, 0.0006, 93.750, 100.000, 0.918, 0.049, 
[420] Train acc: 0.9219
1, 252, 0.2446, 0.0006, 92.188, 100.000, 0.936, 0.050, 
[435] Train acc: 0.9219
1, 252, 0.2261, 0.0006, 92.188, 100.000, 0.935, 0.050, 
[450] Train acc: 0.9219
1, 252, 0.1807, 0.0006, 92.188, 100.000, 0.942, 0.056, 
[465] Train acc: 0.8906
1, 252, 0.3503, 0.0006, 89.062, 100.000, 0.914, 0.055, 
[480] Train acc: 1.0000
1, 252, 0.0762, 0.0006, 100.000, 100.000, 0.934, 0.049, 
[495] Train acc: 0.9531
1, 252, 0.1621, 0.0006, 95.312, 100.000, 0.948, 0.048, 
[510] Train acc: 0.9219
1, 252, 0.1649, 0.0005, 92.188, 100.000, 0.949, 0.050, 
[525] Train acc: 0.9531
1, 252, 0.1392, 0.0006, 95.312, 100.000, 0.945, 0.048, 
[540] Train acc: 0.9531
1, 252, 0.2543, 0.0006, 95.312, 98.438, 0.933, 0.049, 
[555] Train acc: 0.9688
1, 252, 0.1702, 0.0005, 96.875, 98.438, 0.953, 0.053, 
[570] Train acc: 0.9531
1, 252, 0.1492, 0.0005, 95.312, 100.000, 0.925, 0.046, 
[585] Train acc: 0.9844
1, 252, 0.0822, 0.0005, 98.438, 100.000, 0.950, 0.048, 
[600] Train acc: 0.9531
1, 252, 0.1890, 0.0005, 95.312, 100.000, 0.951, 0.051, 
[615] Train acc: 0.9531
1, 252, 0.1561, 0.0005, 95.312, 100.000, 0.951, 0.048, 
[630] Train acc: 0.9375
1, 252, 0.3362, 0.0005, 93.750, 100.000, 0.956, 0.048, 
[645] Train acc: 0.9688
1, 252, 0.1513, 0.0005, 96.875, 100.000, 0.956, 0.050, 
[660] Train acc: 0.9688
1, 252, 0.1354, 0.0005, 96.875, 100.000, 0.956, 0.047, 
[675] Train acc: 0.9375
1, 252, 0.1571, 0.0005, 93.750, 100.000, 0.956, 0.044, 
[690] Train acc: 0.9688
1, 252, 0.1637, 0.0005, 96.875, 98.438, 0.958, 0.049, 
[705] Train acc: 0.8906
1, 252, 0.3415, 0.0005, 89.062, 100.000, 0.953, 0.049, 
[720] Train acc: 1.0000
1, 252, 0.0550, 0.0005, 100.000, 100.000, 0.958, 0.045, 
[735] Train acc: 0.9375
1, 252, 0.1595, 0.0005, 93.750, 100.000, 0.956, 0.055, 
[750] Train acc: 0.9688
1, 252, 0.0683, 0.0005, 96.875, 100.000, 0.950, 0.051, 
[765] Train acc: 0.9062
1, 252, 0.2801, 0.0005, 90.625, 100.000, 0.945, 0.051, 
[780] Train acc: 0.9219
1, 252, 0.1975, 0.0005, 92.188, 100.000, 0.965, 0.046, 
[795] Train acc: 0.9375
1, 252, 0.1232, 0.0005, 93.750, 100.000, 0.960, 0.049, 
[810] Train acc: 1.0000
1, 252, 0.0531, 0.0005, 100.000, 100.000, 0.963, 0.048, 
[825] Train acc: 0.9531
1, 252, 0.1005, 0.0005, 95.312, 100.000, 0.959, 0.048, 
[840] Train acc: 0.9531
1, 252, 0.1271, 0.0005, 95.312, 100.000, 0.969, 0.049, 
[855] Train acc: 0.9375
1, 252, 0.1566, 0.0005, 93.750, 100.000, 0.942, 0.054, 
[870] Train acc: 0.9531
1, 252, 0.1490, 0.0004, 95.312, 100.000, 0.963, 0.048, 
[885] Train acc: 0.9375
1, 252, 0.1344, 0.0005, 93.750, 100.000, 0.959, 0.049, 
[900] Train acc: 0.9531
1, 252, 0.1105, 0.0004, 95.312, 100.000, 0.962, 0.049, 
[915] Train acc: 0.9375
1, 252, 0.1970, 0.0004, 93.750, 100.000, 0.960, 0.048, 
[930] Train acc: 0.9375
1, 252, 0.1600, 0.0004, 93.750, 100.000, 0.965, 0.053, 
[0] Train acc: 0.9531
2, 252, 0.1407, 0.0004, 95.312, 100.000, 0.963, 0.048, 
[15] Train acc: 0.9844
2, 252, 0.0752, 0.0004, 98.438, 100.000, 0.967, 0.046, 
[30] Train acc: 0.9688
2, 252, 0.0801, 0.0004, 96.875, 100.000, 0.955, 0.050, 
[45] Train acc: 0.9688
2, 252, 0.0949, 0.0004, 96.875, 100.000, 0.965, 0.048, 
[60] Train acc: 0.9844
2, 252, 0.0438, 0.0004, 98.438, 100.000, 0.963, 0.050, 
[75] Train acc: 0.9688
2, 252, 0.1399, 0.0004, 96.875, 100.000, 0.966, 0.051, 
[90] Train acc: 0.9375
2, 252, 0.3302, 0.0004, 93.750, 100.000, 0.967, 0.050, 
[105] Train acc: 0.9844
2, 252, 0.0491, 0.0004, 98.438, 100.000, 0.970, 0.051, 
[120] Train acc: 0.9688
2, 252, 0.0914, 0.0004, 96.875, 100.000, 0.970, 0.053, 
[135] Train acc: 0.9688
2, 252, 0.1508, 0.0004, 96.875, 100.000, 0.964, 0.047, 
[150] Train acc: 0.9531
2, 252, 0.0793, 0.0004, 95.312, 100.000, 0.967, 0.050, 
[165] Train acc: 0.9844
2, 252, 0.0713, 0.0004, 98.438, 100.000, 0.969, 0.053, 
[180] Train acc: 0.9531
2, 252, 0.0830, 0.0004, 95.312, 100.000, 0.966, 0.050, 
[195] Train acc: 0.9844
2, 252, 0.0966, 0.0004, 98.438, 100.000, 0.961, 0.047, 
[210] Train acc: 0.9688
2, 252, 0.0620, 0.0004, 96.875, 100.000, 0.973, 0.047, 
[225] Train acc: 0.9531
2, 252, 0.1448, 0.0004, 95.312, 100.000, 0.965, 0.048, 
[240] Train acc: 0.9531
2, 252, 0.1479, 0.0004, 95.312, 100.000, 0.967, 0.047, 
[255] Train acc: 1.0000
2, 252, 0.0279, 0.0004, 100.000, 100.000, 0.968, 0.047, 
[270] Train acc: 0.9844
2, 252, 0.0609, 0.0003, 98.438, 100.000, 0.974, 0.047, 
[285] Train acc: 0.9844
2, 252, 0.0342, 0.0003, 98.438, 100.000, 0.975, 0.049, 
[300] Train acc: 0.9688
2, 252, 0.0782, 0.0004, 96.875, 100.000, 0.969, 0.047, 
[315] Train acc: 0.9375
2, 252, 0.1122, 0.0004, 93.750, 100.000, 0.975, 0.047, 
[330] Train acc: 0.9688
2, 252, 0.0469, 0.0004, 96.875, 100.000, 0.968, 0.046, 
[345] Train acc: 0.9531
2, 252, 0.2345, 0.0004, 95.312, 100.000, 0.977, 0.048, 
[360] Train acc: 0.9688
2, 252, 0.0647, 0.0004, 96.875, 100.000, 0.962, 0.050, 
[375] Train acc: 0.9531
2, 252, 0.1035, 0.0004, 95.312, 100.000, 0.976, 0.050, 
[390] Train acc: 0.9844
2, 252, 0.0274, 0.0004, 98.438, 100.000, 0.974, 0.049, 
[405] Train acc: 0.9844
2, 252, 0.0408, 0.0004, 98.438, 100.000, 0.968, 0.053, 
[420] Train acc: 0.9844
2, 252, 0.0255, 0.0004, 98.438, 100.000, 0.976, 0.046, 
[435] Train acc: 0.9844
2, 252, 0.0391, 0.0004, 98.438, 100.000, 0.977, 0.043, 
[450] Train acc: 0.9844
2, 252, 0.0888, 0.0003, 98.438, 100.000, 0.975, 0.047, 
[465] Train acc: 0.9688
2, 252, 0.0860, 0.0004, 96.875, 100.000, 0.972, 0.048, 
[480] Train acc: 0.9688
2, 252, 0.0826, 0.0004, 96.875, 100.000, 0.969, 0.044, 
[495] Train acc: 0.9375
2, 252, 0.1246, 0.0004, 93.750, 100.000, 0.972, 0.047, 
[510] Train acc: 1.0000
2, 252, 0.0169, 0.0004, 100.000, 100.000, 0.974, 0.047, 
[525] Train acc: 0.9688
2, 252, 0.1215, 0.0004, 96.875, 100.000, 0.977, 0.047, 
[540] Train acc: 0.9844
2, 252, 0.0627, 0.0004, 98.438, 100.000, 0.977, 0.047, 
[555] Train acc: 1.0000
2, 252, 0.0338, 0.0004, 100.000, 100.000, 0.977, 0.050, 
[570] Train acc: 0.9531
2, 252, 0.1980, 0.0004, 95.312, 100.000, 0.972, 0.051, 
[585] Train acc: 1.0000
2, 252, 0.0180, 0.0004, 100.000, 100.000, 0.965, 0.050, 
[600] Train acc: 0.9531
2, 252, 0.1889, 0.0004, 95.312, 100.000, 0.966, 0.046, 
[615] Train acc: 0.9531
2, 252, 0.1996, 0.0004, 95.312, 100.000, 0.972, 0.049, 
[630] Train acc: 0.9844
2, 252, 0.0752, 0.0004, 98.438, 100.000, 0.971, 0.045, 
[645] Train acc: 0.9062
2, 252, 0.2343, 0.0003, 90.625, 100.000, 0.980, 0.049, 
[660] Train acc: 0.9844
2, 252, 0.0542, 0.0003, 98.438, 100.000, 0.978, 0.052, 
[675] Train acc: 0.9844
2, 252, 0.0672, 0.0003, 98.438, 100.000, 0.977, 0.043, 
[690] Train acc: 0.9688
2, 252, 0.0481, 0.0003, 96.875, 100.000, 0.975, 0.049, 
[705] Train acc: 0.9844
2, 252, 0.0961, 0.0003, 98.438, 100.000, 0.970, 0.046, 
[720] Train acc: 0.9688
2, 252, 0.0633, 0.0003, 96.875, 100.000, 0.976, 0.052, 
[735] Train acc: 0.9844
2, 252, 0.0988, 0.0004, 98.438, 100.000, 0.959, 0.046, 
[750] Train acc: 0.9844
2, 252, 0.0208, 0.0003, 98.438, 100.000, 0.978, 0.047, 
[765] Train acc: 0.9688
2, 252, 0.0411, 0.0003, 96.875, 100.000, 0.978, 0.042, 
[780] Train acc: 0.9844
2, 252, 0.0408, 0.0003, 98.438, 100.000, 0.975, 0.047, 
[795] Train acc: 0.9688
2, 252, 0.0842, 0.0003, 96.875, 100.000, 0.976, 0.047, 
[810] Train acc: 0.9688
2, 252, 0.0810, 0.0003, 96.875, 100.000, 0.976, 0.044, 
[825] Train acc: 0.9375
2, 252, 0.2803, 0.0003, 93.750, 100.000, 0.979, 0.048, 
[840] Train acc: 1.0000
2, 252, 0.0204, 0.0003, 100.000, 100.000, 0.974, 0.042, 
[855] Train acc: 1.0000
2, 252, 0.0160, 0.0003, 100.000, 100.000, 0.980, 0.040, 
[870] Train acc: 1.0000
2, 252, 0.0261, 0.0003, 100.000, 100.000, 0.978, 0.044, 
[885] Train acc: 0.9844
2, 252, 0.0547, 0.0003, 98.438, 100.000, 0.977, 0.052, 
[900] Train acc: 0.9375
2, 252, 0.1150, 0.0003, 93.750, 100.000, 0.979, 0.048, 
[915] Train acc: 0.9688
2, 252, 0.0495, 0.0003, 96.875, 100.000, 0.981, 0.042, 
[930] Train acc: 0.9688
2, 252, 0.1090, 0.0003, 96.875, 100.000, 0.971, 0.046, 
[0] Train acc: 0.9688
3, 252, 0.1437, 0.0003, 96.875, 100.000, 0.970, 0.040, 
[15] Train acc: 1.0000
3, 252, 0.0285, 0.0003, 100.000, 100.000, 0.981, 0.043, 
[30] Train acc: 0.9844
3, 252, 0.0529, 0.0003, 98.438, 100.000, 0.978, 0.039, 
[45] Train acc: 0.9688
3, 252, 0.0809, 0.0004, 96.875, 100.000, 0.969, 0.045, 
[60] Train acc: 1.0000
3, 252, 0.0216, 0.0003, 100.000, 100.000, 0.981, 0.047, 
[75] Train acc: 0.9688
3, 252, 0.1329, 0.0003, 96.875, 100.000, 0.969, 0.040, 
[90] Train acc: 0.9844
3, 252, 0.0656, 0.0003, 98.438, 100.000, 0.976, 0.041, 
[105] Train acc: 1.0000
3, 252, 0.0243, 0.0003, 100.000, 100.000, 0.981, 0.044, 
[120] Train acc: 1.0000
3, 252, 0.0218, 0.0003, 100.000, 100.000, 0.979, 0.044, 
[135] Train acc: 0.9531
3, 252, 0.0817, 0.0003, 95.312, 100.000, 0.981, 0.046, 
[150] Train acc: 1.0000
3, 252, 0.0099, 0.0003, 100.000, 100.000, 0.975, 0.049, 
[165] Train acc: 0.9844
3, 252, 0.1767, 0.0003, 98.438, 100.000, 0.981, 0.043, 
[180] Train acc: 0.9531
3, 252, 0.1106, 0.0003, 95.312, 100.000, 0.981, 0.049, 
[195] Train acc: 0.9844
3, 252, 0.0700, 0.0003, 98.438, 100.000, 0.976, 0.040, 
[210] Train acc: 0.9531
3, 252, 0.0754, 0.0003, 95.312, 100.000, 0.972, 0.051, 
[225] Train acc: 1.0000
3, 252, 0.0133, 0.0003, 100.000, 100.000, 0.983, 0.041, 
[240] Train acc: 0.9688
3, 252, 0.0620, 0.0003, 96.875, 100.000, 0.980, 0.044, 
[255] Train acc: 0.9844
3, 252, 0.0525, 0.0003, 98.438, 100.000, 0.972, 0.041, 
[270] Train acc: 0.9688
3, 252, 0.0948, 0.0003, 96.875, 100.000, 0.982, 0.043, 
[285] Train acc: 0.9688
3, 252, 0.0618, 0.0003, 96.875, 100.000, 0.984, 0.039, 
[300] Train acc: 0.9844
3, 252, 0.0618, 0.0003, 98.438, 100.000, 0.981, 0.045, 
[315] Train acc: 0.9688
3, 252, 0.1432, 0.0003, 96.875, 100.000, 0.983, 0.046, 
[330] Train acc: 0.9531
3, 252, 0.1283, 0.0003, 95.312, 100.000, 0.978, 0.046, 
[345] Train acc: 1.0000
3, 252, 0.0156, 0.0003, 100.000, 100.000, 0.982, 0.043, 
[360] Train acc: 0.9844
3, 252, 0.0625, 0.0003, 98.438, 100.000, 0.979, 0.041, 
[375] Train acc: 1.0000
3, 252, 0.0429, 0.0003, 100.000, 100.000, 0.977, 0.046, 
[390] Train acc: 0.9375
3, 252, 0.2170, 0.0003, 93.750, 100.000, 0.966, 0.042, 
[405] Train acc: 0.9844
3, 252, 0.0477, 0.0003, 98.438, 100.000, 0.982, 0.043, 
[420] Train acc: 1.0000
3, 252, 0.0266, 0.0003, 100.000, 100.000, 0.982, 0.045, 
[435] Train acc: 0.9844
3, 252, 0.0296, 0.0003, 98.438, 100.000, 0.972, 0.043, 
[450] Train acc: 0.9844
3, 252, 0.0515, 0.0003, 98.438, 100.000, 0.979, 0.045, 
[465] Train acc: 1.0000
3, 252, 0.0425, 0.0003, 100.000, 100.000, 0.982, 0.045, 
[480] Train acc: 0.9844
3, 252, 0.1283, 0.0003, 98.438, 100.000, 0.981, 0.044, 
[495] Train acc: 0.9688
3, 252, 0.0506, 0.0003, 96.875, 100.000, 0.983, 0.043, 
[510] Train acc: 0.9688
3, 252, 0.0836, 0.0003, 96.875, 100.000, 0.982, 0.044, 
[525] Train acc: 0.9531
3, 252, 0.1020, 0.0003, 95.312, 100.000, 0.984, 0.044, 
[540] Train acc: 1.0000
3, 252, 0.0214, 0.0003, 100.000, 100.000, 0.982, 0.041, 
[555] Train acc: 0.9531
3, 252, 0.1520, 0.0003, 95.312, 100.000, 0.985, 0.054, 
[570] Train acc: 0.9844
3, 252, 0.0536, 0.0003, 98.438, 100.000, 0.978, 0.047, 
[585] Train acc: 1.0000
3, 252, 0.0112, 0.0003, 100.000, 100.000, 0.982, 0.046, 
[600] Train acc: 0.9375
3, 252, 0.1640, 0.0003, 93.750, 100.000, 0.980, 0.044, 
[615] Train acc: 0.9531
3, 252, 0.1815, 0.0003, 95.312, 100.000, 0.982, 0.046, 
[630] Train acc: 1.0000
3, 252, 0.0235, 0.0003, 100.000, 100.000, 0.984, 0.040, 
[645] Train acc: 0.9688
3, 252, 0.2124, 0.0003, 96.875, 100.000, 0.983, 0.037, 
[660] Train acc: 1.0000
3, 252, 0.0341, 0.0003, 100.000, 100.000, 0.983, 0.048, 
[675] Train acc: 1.0000
3, 252, 0.0153, 0.0003, 100.000, 100.000, 0.984, 0.044, 
[690] Train acc: 0.9844
3, 252, 0.0284, 0.0003, 98.438, 100.000, 0.985, 0.042, 
[705] Train acc: 1.0000
3, 252, 0.0274, 0.0003, 100.000, 100.000, 0.983, 0.044, 
[720] Train acc: 0.9844
3, 252, 0.0483, 0.0003, 98.438, 100.000, 0.984, 0.050, 
[735] Train acc: 0.9844
3, 252, 0.0342, 0.0003, 98.438, 100.000, 0.982, 0.043, 
[750] Train acc: 0.9844
3, 252, 0.0250, 0.0003, 98.438, 100.000, 0.986, 0.039, 
[765] Train acc: 1.0000
3, 252, 0.0191, 0.0003, 100.000, 100.000, 0.981, 0.046, 
[780] Train acc: 0.9531
3, 252, 0.1058, 0.0003, 95.312, 100.000, 0.984, 0.046, 
[795] Train acc: 0.9688
3, 252, 0.0497, 0.0003, 96.875, 100.000, 0.982, 0.034, 
[810] Train acc: 1.0000
3, 252, 0.0074, 0.0003, 100.000, 100.000, 0.978, 0.042, 
[825] Train acc: 1.0000
3, 252, 0.0133, 0.0002, 100.000, 100.000, 0.984, 0.042, 
[840] Train acc: 0.9531
3, 252, 0.0715, 0.0003, 95.312, 100.000, 0.981, 0.045, 
[855] Train acc: 1.0000
3, 252, 0.0085, 0.0003, 100.000, 100.000, 0.978, 0.043, 
[870] Train acc: 1.0000
3, 252, 0.0084, 0.0003, 100.000, 100.000, 0.981, 0.048, 
[885] Train acc: 1.0000
3, 252, 0.0144, 0.0003, 100.000, 100.000, 0.983, 0.049, 
[900] Train acc: 0.9844
3, 252, 0.0241, 0.0003, 98.438, 100.000, 0.981, 0.041, 
[915] Train acc: 0.9531
3, 252, 0.2423, 0.0003, 95.312, 100.000, 0.983, 0.046, 
[930] Train acc: 0.9844
3, 252, 0.0708, 0.0003, 98.438, 100.000, 0.987, 0.044, 
[0] Train acc: 0.9844
4, 252, 0.0484, 0.0003, 98.438, 100.000, 0.985, 0.041, 
[15] Train acc: 1.0000
4, 252, 0.0244, 0.0003, 100.000, 100.000, 0.983, 0.042, 
[30] Train acc: 0.9844
4, 252, 0.0416, 0.0003, 98.438, 100.000, 0.981, 0.046, 
[45] Train acc: 1.0000
4, 252, 0.0063, 0.0003, 100.000, 100.000, 0.985, 0.041, 
[60] Train acc: 1.0000
4, 252, 0.0215, 0.0003, 100.000, 100.000, 0.984, 0.045, 
[75] Train acc: 1.0000
4, 252, 0.0432, 0.0003, 100.000, 100.000, 0.972, 0.045, 
[90] Train acc: 0.9844
4, 252, 0.0448, 0.0002, 98.438, 100.000, 0.985, 0.042, 
[105] Train acc: 1.0000
4, 252, 0.0111, 0.0002, 100.000, 100.000, 0.984, 0.038, 
[120] Train acc: 0.9844
4, 252, 0.0530, 0.0003, 98.438, 100.000, 0.982, 0.046, 
[135] Train acc: 0.9844
4, 252, 0.0300, 0.0003, 98.438, 100.000, 0.985, 0.044, 
[150] Train acc: 0.9688
4, 252, 0.0593, 0.0002, 96.875, 100.000, 0.985, 0.039, 
[165] Train acc: 1.0000
4, 252, 0.0173, 0.0003, 100.000, 100.000, 0.982, 0.035, 
[180] Train acc: 0.9844
4, 252, 0.1133, 0.0002, 98.438, 100.000, 0.985, 0.040, 
[195] Train acc: 1.0000
4, 252, 0.0079, 0.0003, 100.000, 100.000, 0.983, 0.040, 
[210] Train acc: 0.9531
4, 252, 0.1191, 0.0003, 95.312, 100.000, 0.980, 0.039, 
[225] Train acc: 1.0000
4, 252, 0.0161, 0.0003, 100.000, 100.000, 0.985, 0.043, 
[240] Train acc: 1.0000
4, 252, 0.0187, 0.0003, 100.000, 100.000, 0.982, 0.039, 
[255] Train acc: 0.9844
4, 252, 0.1243, 0.0003, 98.438, 98.438, 0.983, 0.039, 
[270] Train acc: 1.0000
4, 252, 0.0103, 0.0002, 100.000, 100.000, 0.986, 0.046, 
[285] Train acc: 0.9688
4, 252, 0.0890, 0.0002, 96.875, 100.000, 0.986, 0.043, 
[300] Train acc: 1.0000
4, 252, 0.0147, 0.0003, 100.000, 100.000, 0.981, 0.041, 
[315] Train acc: 1.0000
4, 252, 0.0182, 0.0002, 100.000, 100.000, 0.985, 0.046, 
[330] Train acc: 1.0000
4, 252, 0.0325, 0.0003, 100.000, 100.000, 0.985, 0.038, 
[345] Train acc: 0.9531
4, 252, 0.0922, 0.0003, 95.312, 100.000, 0.983, 0.042, 
[360] Train acc: 0.9688
4, 252, 0.0669, 0.0003, 96.875, 100.000, 0.979, 0.044, 
[375] Train acc: 1.0000
4, 252, 0.0089, 0.0003, 100.000, 100.000, 0.987, 0.042, 
[390] Train acc: 1.0000
4, 252, 0.0179, 0.0003, 100.000, 100.000, 0.985, 0.043, 
[405] Train acc: 1.0000
4, 252, 0.0076, 0.0003, 100.000, 100.000, 0.982, 0.045, 
[420] Train acc: 0.9688
4, 252, 0.0540, 0.0003, 96.875, 100.000, 0.982, 0.043, 
[435] Train acc: 0.9688
4, 252, 0.0744, 0.0003, 96.875, 100.000, 0.984, 0.042, 
[450] Train acc: 1.0000
4, 252, 0.0152, 0.0003, 100.000, 100.000, 0.983, 0.044, 
[465] Train acc: 0.9844
4, 252, 0.0753, 0.0002, 98.438, 100.000, 0.985, 0.040, 
[480] Train acc: 0.9688
4, 252, 0.0678, 0.0002, 96.875, 100.000, 0.984, 0.043, 
[495] Train acc: 0.9844
4, 252, 0.0385, 0.0003, 98.438, 100.000, 0.985, 0.041, 
[510] Train acc: 0.9531
4, 252, 0.0576, 0.0003, 95.312, 100.000, 0.987, 0.044, 
[525] Train acc: 1.0000
4, 252, 0.0055, 0.0002, 100.000, 100.000, 0.985, 0.040, 
[540] Train acc: 1.0000
4, 252, 0.0088, 0.0003, 100.000, 100.000, 0.980, 0.039, 
[555] Train acc: 0.9844
4, 252, 0.0672, 0.0002, 98.438, 100.000, 0.984, 0.040, 
[570] Train acc: 1.0000
4, 252, 0.0215, 0.0003, 100.000, 100.000, 0.982, 0.043, 
[585] Train acc: 0.9531
4, 252, 0.1056, 0.0002, 95.312, 100.000, 0.986, 0.044, 
[600] Train acc: 1.0000
4, 252, 0.0105, 0.0002, 100.000, 100.000, 0.987, 0.045, 
[615] Train acc: 0.9844
4, 252, 0.0304, 0.0002, 98.438, 100.000, 0.986, 0.040, 
[630] Train acc: 0.9531
4, 252, 0.1299, 0.0002, 95.312, 100.000, 0.983, 0.042, 
[645] Train acc: 1.0000
4, 252, 0.0146, 0.0002, 100.000, 100.000, 0.985, 0.037, 
[660] Train acc: 1.0000
4, 252, 0.0169, 0.0002, 100.000, 100.000, 0.987, 0.043, 
[675] Train acc: 0.9688
4, 252, 0.0538, 0.0002, 96.875, 100.000, 0.986, 0.037, 
[690] Train acc: 0.9844
4, 252, 0.0774, 0.0002, 98.438, 100.000, 0.983, 0.043, 
[705] Train acc: 1.0000
4, 252, 0.0300, 0.0002, 100.000, 100.000, 0.986, 0.045, 
[720] Train acc: 0.9844
4, 252, 0.0937, 0.0002, 98.438, 100.000, 0.983, 0.040, 
[735] Train acc: 1.0000
4, 252, 0.0191, 0.0002, 100.000, 100.000, 0.980, 0.040, 
[750] Train acc: 1.0000
4, 252, 0.0044, 0.0002, 100.000, 100.000, 0.983, 0.042, 
[765] Train acc: 0.9531
4, 252, 0.0958, 0.0002, 95.312, 100.000, 0.985, 0.041, 
[780] Train acc: 0.9688
4, 252, 0.0661, 0.0002, 96.875, 100.000, 0.985, 0.043, 
[795] Train acc: 0.9531
4, 252, 0.1070, 0.0002, 95.312, 100.000, 0.983, 0.039, 
[810] Train acc: 1.0000
4, 252, 0.0131, 0.0002, 100.000, 100.000, 0.985, 0.043, 
[825] Train acc: 0.9688
4, 252, 0.0316, 0.0002, 96.875, 100.000, 0.985, 0.046, 
[840] Train acc: 1.0000
4, 252, 0.0235, 0.0002, 100.000, 100.000, 0.986, 0.041, 
[855] Train acc: 1.0000
4, 252, 0.0032, 0.0002, 100.000, 100.000, 0.986, 0.039, 
[870] Train acc: 0.9844
4, 252, 0.0457, 0.0003, 98.438, 100.000, 0.983, 0.047, 
[885] Train acc: 1.0000
4, 252, 0.0180, 0.0002, 100.000, 100.000, 0.983, 0.045, 
[900] Train acc: 0.9844
4, 252, 0.0469, 0.0003, 98.438, 100.000, 0.980, 0.044, 
[915] Train acc: 1.0000
4, 252, 0.0054, 0.0002, 100.000, 100.000, 0.987, 0.037, 
[930] Train acc: 0.9688
4, 252, 0.1351, 0.0002, 96.875, 100.000, 0.988, 0.041, 
[0] Train acc: 0.9531
5, 252, 0.1104, 0.0003, 95.312, 100.000, 0.982, 0.039, 
[15] Train acc: 0.9844
5, 252, 0.0755, 0.0002, 98.438, 100.000, 0.987, 0.049, 
[30] Train acc: 1.0000
5, 252, 0.0264, 0.0002, 100.000, 100.000, 0.988, 0.039, 
[45] Train acc: 0.9531
5, 252, 0.0984, 0.0002, 95.312, 100.000, 0.986, 0.043, 
[60] Train acc: 1.0000
5, 252, 0.0236, 0.0002, 100.000, 100.000, 0.983, 0.041, 
[75] Train acc: 0.9844
5, 252, 0.0256, 0.0002, 98.438, 100.000, 0.988, 0.045, 
[90] Train acc: 0.9531
5, 252, 0.1569, 0.0003, 95.312, 100.000, 0.984, 0.043, 
[105] Train acc: 0.9844
5, 252, 0.0473, 0.0002, 98.438, 100.000, 0.987, 0.039, 
[120] Train acc: 1.0000
5, 252, 0.0015, 0.0002, 100.000, 100.000, 0.986, 0.036, 
[135] Train acc: 0.9844
5, 252, 0.0393, 0.0002, 98.438, 100.000, 0.988, 0.043, 
[150] Train acc: 1.0000
5, 252, 0.0231, 0.0002, 100.000, 100.000, 0.988, 0.040, 
[165] Train acc: 0.9844
5, 252, 0.0324, 0.0002, 98.438, 100.000, 0.984, 0.042, 
[180] Train acc: 0.9844
5, 252, 0.0189, 0.0002, 98.438, 100.000, 0.985, 0.036, 
[195] Train acc: 1.0000
5, 252, 0.0243, 0.0002, 100.000, 100.000, 0.986, 0.039, 
[210] Train acc: 0.9688
5, 252, 0.2014, 0.0002, 96.875, 98.438, 0.986, 0.046, 
[225] Train acc: 0.9688
5, 252, 0.0636, 0.0002, 96.875, 100.000, 0.981, 0.045, 
[240] Train acc: 0.9844
5, 252, 0.0409, 0.0002, 98.438, 100.000, 0.988, 0.042, 
[255] Train acc: 0.9844
5, 252, 0.0414, 0.0002, 98.438, 100.000, 0.985, 0.047, 
[270] Train acc: 1.0000
5, 252, 0.0077, 0.0002, 100.000, 100.000, 0.984, 0.043, 
[285] Train acc: 0.9844
5, 252, 0.0314, 0.0002, 98.438, 100.000, 0.986, 0.038, 
[300] Train acc: 0.9688
5, 252, 0.0770, 0.0002, 96.875, 100.000, 0.987, 0.044, 
[315] Train acc: 0.9688
5, 252, 0.0528, 0.0002, 96.875, 100.000, 0.986, 0.042, 
[330] Train acc: 0.9844
5, 252, 0.0357, 0.0002, 98.438, 100.000, 0.986, 0.045, 
[345] Train acc: 1.0000
5, 252, 0.0078, 0.0002, 100.000, 100.000, 0.986, 0.044, 
[360] Train acc: 1.0000
5, 252, 0.0062, 0.0002, 100.000, 100.000, 0.988, 0.041, 
[375] Train acc: 1.0000
5, 252, 0.0182, 0.0002, 100.000, 100.000, 0.985, 0.042, 
[390] Train acc: 0.9844
5, 252, 0.0347, 0.0002, 98.438, 100.000, 0.986, 0.040, 
[405] Train acc: 0.9844
5, 252, 0.0357, 0.0002, 98.438, 100.000, 0.986, 0.038, 
[420] Train acc: 0.9844
5, 252, 0.0288, 0.0002, 98.438, 100.000, 0.987, 0.039, 
[435] Train acc: 1.0000
5, 252, 0.0384, 0.0002, 100.000, 100.000, 0.987, 0.038, 
[450] Train acc: 0.9688
5, 252, 0.0746, 0.0002, 96.875, 100.000, 0.986, 0.036, 
[465] Train acc: 0.9531
5, 252, 0.2299, 0.0003, 95.312, 100.000, 0.985, 0.042, 
[480] Train acc: 1.0000
5, 252, 0.0095, 0.0002, 100.000, 100.000, 0.985, 0.039, 
[495] Train acc: 0.9688
5, 252, 0.0636, 0.0002, 96.875, 100.000, 0.985, 0.042, 
[510] Train acc: 0.9531
5, 252, 0.0753, 0.0002, 95.312, 100.000, 0.987, 0.038, 
[525] Train acc: 0.9688
5, 252, 0.0763, 0.0002, 96.875, 100.000, 0.988, 0.037, 
[540] Train acc: 0.9688
5, 252, 0.1208, 0.0002, 96.875, 100.000, 0.988, 0.036, 
[555] Train acc: 0.9844
5, 252, 0.0301, 0.0002, 98.438, 100.000, 0.990, 0.038, 
[570] Train acc: 1.0000
5, 252, 0.0098, 0.0002, 100.000, 100.000, 0.986, 0.043, 
[585] Train acc: 1.0000
5, 252, 0.0090, 0.0002, 100.000, 100.000, 0.985, 0.041, 
[600] Train acc: 1.0000
5, 252, 0.0170, 0.0002, 100.000, 100.000, 0.985, 0.041, 
[615] Train acc: 0.9844
5, 252, 0.0246, 0.0002, 98.438, 100.000, 0.988, 0.049, 
[630] Train acc: 0.9219
5, 252, 0.1508, 0.0002, 92.188, 100.000, 0.987, 0.037, 
[645] Train acc: 1.0000
5, 252, 0.0039, 0.0002, 100.000, 100.000, 0.987, 0.040, 
[660] Train acc: 1.0000
5, 252, 0.0033, 0.0002, 100.000, 100.000, 0.987, 0.039, 
[675] Train acc: 1.0000
5, 252, 0.0219, 0.0002, 100.000, 100.000, 0.987, 0.041, 
[690] Train acc: 1.0000
5, 252, 0.0031, 0.0002, 100.000, 100.000, 0.986, 0.040, 
[705] Train acc: 1.0000
5, 252, 0.0078, 0.0002, 100.000, 100.000, 0.988, 0.035, 
[720] Train acc: 0.9844
5, 252, 0.0540, 0.0002, 98.438, 100.000, 0.986, 0.039, 
[735] Train acc: 0.9844
5, 252, 0.0684, 0.0002, 98.438, 100.000, 0.987, 0.034, 
[750] Train acc: 1.0000
5, 252, 0.0082, 0.0002, 100.000, 100.000, 0.986, 0.037, 
[765] Train acc: 1.0000
5, 252, 0.0112, 0.0002, 100.000, 100.000, 0.983, 0.046, 
[780] Train acc: 0.9531
5, 252, 0.2455, 0.0002, 95.312, 100.000, 0.988, 0.039, 
[795] Train acc: 0.9688
5, 252, 0.0589, 0.0002, 96.875, 100.000, 0.988, 0.041, 
[810] Train acc: 0.9844
5, 252, 0.0220, 0.0002, 98.438, 100.000, 0.986, 0.038, 
[825] Train acc: 1.0000
5, 252, 0.0090, 0.0002, 100.000, 100.000, 0.983, 0.039, 
[840] Train acc: 0.9844
5, 252, 0.0306, 0.0002, 98.438, 100.000, 0.987, 0.035, 
[855] Train acc: 1.0000
5, 252, 0.0127, 0.0002, 100.000, 100.000, 0.985, 0.044, 
[870] Train acc: 0.9688
5, 252, 0.1107, 0.0002, 96.875, 100.000, 0.980, 0.037, 
[885] Train acc: 1.0000
5, 252, 0.0024, 0.0002, 100.000, 100.000, 0.987, 0.037, 
[900] Train acc: 1.0000
5, 252, 0.0236, 0.0002, 100.000, 100.000, 0.987, 0.040, 
[915] Train acc: 0.9844
5, 252, 0.0203, 0.0002, 98.438, 100.000, 0.987, 0.043, 
[930] Train acc: 0.9844
5, 252, 0.0435, 0.0002, 98.438, 100.000, 0.986, 0.041, 
[0] Train acc: 1.0000
6, 252, 0.0085, 0.0002, 100.000, 100.000, 0.985, 0.040, 
[15] Train acc: 1.0000
6, 252, 0.0074, 0.0002, 100.000, 100.000, 0.990, 0.040, 
[30] Train acc: 0.9844
6, 252, 0.0378, 0.0002, 98.438, 100.000, 0.986, 0.040, 
[45] Train acc: 1.0000
6, 252, 0.0035, 0.0002, 100.000, 100.000, 0.989, 0.041, 
[60] Train acc: 1.0000
6, 252, 0.0291, 0.0002, 100.000, 100.000, 0.987, 0.041, 
[75] Train acc: 1.0000
6, 252, 0.0240, 0.0002, 100.000, 100.000, 0.986, 0.039, 
[90] Train acc: 1.0000
6, 252, 0.0225, 0.0002, 100.000, 100.000, 0.987, 0.041, 
[105] Train acc: 0.9688
6, 252, 0.0429, 0.0002, 96.875, 100.000, 0.987, 0.037, 
[120] Train acc: 0.9844
6, 252, 0.0526, 0.0002, 98.438, 100.000, 0.988, 0.039, 
[135] Train acc: 1.0000
6, 252, 0.0031, 0.0002, 100.000, 100.000, 0.988, 0.041, 
[150] Train acc: 1.0000
6, 252, 0.0227, 0.0002, 100.000, 100.000, 0.986, 0.034, 
[165] Train acc: 1.0000
6, 252, 0.0111, 0.0002, 100.000, 100.000, 0.986, 0.039, 
[180] Train acc: 1.0000
6, 252, 0.0106, 0.0002, 100.000, 100.000, 0.988, 0.037, 
[195] Train acc: 0.9688
6, 252, 0.0541, 0.0002, 96.875, 100.000, 0.988, 0.039, 
[210] Train acc: 0.9844
6, 252, 0.0496, 0.0002, 98.438, 100.000, 0.987, 0.040, 
[225] Train acc: 0.9688
6, 252, 0.0520, 0.0002, 96.875, 100.000, 0.989, 0.037, 
[240] Train acc: 1.0000
6, 252, 0.0066, 0.0002, 100.000, 100.000, 0.986, 0.046, 
[255] Train acc: 0.9844
6, 252, 0.0878, 0.0002, 98.438, 100.000, 0.987, 0.039, 
[270] Train acc: 1.0000
6, 252, 0.0132, 0.0002, 100.000, 100.000, 0.988, 0.045, 
[285] Train acc: 0.9688
6, 252, 0.0930, 0.0002, 96.875, 100.000, 0.988, 0.043, 
[300] Train acc: 0.9844
6, 252, 0.1033, 0.0002, 98.438, 100.000, 0.985, 0.046, 
[315] Train acc: 1.0000
6, 252, 0.0046, 0.0002, 100.000, 100.000, 0.988, 0.041, 
[330] Train acc: 0.9844
6, 252, 0.0216, 0.0002, 98.438, 100.000, 0.988, 0.039, 
[345] Train acc: 0.9688
6, 252, 0.1465, 0.0002, 96.875, 100.000, 0.989, 0.038, 
[360] Train acc: 0.9844
6, 252, 0.0298, 0.0002, 98.438, 100.000, 0.990, 0.041, 
[375] Train acc: 0.9844
6, 252, 0.0448, 0.0003, 98.438, 100.000, 0.984, 0.040, 
[390] Train acc: 0.9844
6, 252, 0.0541, 0.0002, 98.438, 100.000, 0.987, 0.043, 
[405] Train acc: 1.0000
6, 252, 0.0164, 0.0002, 100.000, 100.000, 0.984, 0.041, 
[420] Train acc: 1.0000
6, 252, 0.0045, 0.0002, 100.000, 100.000, 0.985, 0.040, 
[435] Train acc: 1.0000
6, 252, 0.0035, 0.0002, 100.000, 100.000, 0.988, 0.038, 
[450] Train acc: 1.0000
6, 252, 0.0090, 0.0002, 100.000, 100.000, 0.986, 0.038, 
[465] Train acc: 0.9844
6, 252, 0.0272, 0.0002, 98.438, 100.000, 0.989, 0.037, 
[480] Train acc: 1.0000
6, 252, 0.0067, 0.0002, 100.000, 100.000, 0.988, 0.045, 
[495] Train acc: 1.0000
6, 252, 0.0115, 0.0002, 100.000, 100.000, 0.987, 0.039, 
[510] Train acc: 0.9688
6, 252, 0.1064, 0.0002, 96.875, 100.000, 0.986, 0.041, 
[525] Train acc: 0.9688
6, 252, 0.0514, 0.0002, 96.875, 100.000, 0.991, 0.043, 
[540] Train acc: 0.9844
6, 252, 0.0582, 0.0002, 98.438, 100.000, 0.986, 0.040, 
[555] Train acc: 1.0000
6, 252, 0.0139, 0.0002, 100.000, 100.000, 0.989, 0.045, 
[570] Train acc: 0.9688
6, 252, 0.0436, 0.0002, 96.875, 100.000, 0.989, 0.038, 
[585] Train acc: 0.9844
6, 252, 0.0471, 0.0002, 98.438, 100.000, 0.988, 0.036, 
[600] Train acc: 1.0000
6, 252, 0.0010, 0.0002, 100.000, 100.000, 0.986, 0.036, 
[615] Train acc: 1.0000
6, 252, 0.0274, 0.0002, 100.000, 100.000, 0.989, 0.033, 
[630] Train acc: 0.9844
6, 252, 0.0533, 0.0002, 98.438, 100.000, 0.981, 0.036, 
[645] Train acc: 1.0000
6, 252, 0.0045, 0.0002, 100.000, 100.000, 0.989, 0.038, 
[660] Train acc: 1.0000
6, 252, 0.0103, 0.0002, 100.000, 100.000, 0.988, 0.038, 
[675] Train acc: 1.0000
6, 252, 0.0031, 0.0002, 100.000, 100.000, 0.990, 0.039, 
[690] Train acc: 1.0000
6, 252, 0.0067, 0.0002, 100.000, 100.000, 0.988, 0.034, 
[705] Train acc: 1.0000
6, 252, 0.0077, 0.0002, 100.000, 100.000, 0.986, 0.043, 
[720] Train acc: 0.9844
6, 252, 0.0290, 0.0002, 98.438, 100.000, 0.985, 0.040, 
[735] Train acc: 0.9844
6, 252, 0.0469, 0.0002, 98.438, 100.000, 0.988, 0.033, 
[750] Train acc: 0.9844
6, 252, 0.0277, 0.0002, 98.438, 100.000, 0.990, 0.035, 
[765] Train acc: 1.0000
6, 252, 0.0017, 0.0002, 100.000, 100.000, 0.989, 0.037, 
[780] Train acc: 1.0000
6, 252, 0.0126, 0.0002, 100.000, 100.000, 0.987, 0.040, 
[795] Train acc: 0.9844
6, 252, 0.0272, 0.0002, 98.438, 100.000, 0.988, 0.039, 
[810] Train acc: 1.0000
6, 252, 0.0162, 0.0002, 100.000, 100.000, 0.988, 0.036, 
[825] Train acc: 0.9688
6, 252, 0.0488, 0.0002, 96.875, 100.000, 0.988, 0.036, 
[840] Train acc: 0.9844
6, 252, 0.0506, 0.0002, 98.438, 100.000, 0.987, 0.034, 
[855] Train acc: 1.0000
6, 252, 0.0059, 0.0002, 100.000, 100.000, 0.987, 0.035, 
[870] Train acc: 1.0000
6, 252, 0.0069, 0.0002, 100.000, 100.000, 0.987, 0.038, 
[885] Train acc: 0.9688
6, 252, 0.0715, 0.0002, 96.875, 100.000, 0.987, 0.040, 
[900] Train acc: 1.0000
6, 252, 0.0087, 0.0002, 100.000, 100.000, 0.989, 0.042, 
[915] Train acc: 1.0000
6, 252, 0.0105, 0.0002, 100.000, 100.000, 0.988, 0.044, 
[930] Train acc: 1.0000
6, 252, 0.0081, 0.0002, 100.000, 100.000, 0.987, 0.035, 
[0] Train acc: 1.0000, Constr acc: 0.0000, CE loss: 0.005, DL2 loss: 34.702
7, 252, 0.0049, 0.0003, 100.000, 100.000, 0.986, 0.046, 
[15] Train acc: 0.9688, Constr acc: 0.0000, CE loss: 0.322, DL2 loss: 24.377
7, 251, 0.3224, 0.0013, 96.875, 100.000, 0.972, 0.045, 
[30] Train acc: 1.0000, Constr acc: 0.0000, CE loss: 0.268, DL2 loss: 26.472
7, 250, 0.2678, 0.0014, 100.000, 100.000, 0.976, 0.047, 
[45] Train acc: 0.9844, Constr acc: 0.0000, CE loss: 0.298, DL2 loss: 25.151
7, 249, 0.2975, 0.0014, 98.438, 100.000, 0.982, 0.048, 
[60] Train acc: 0.9844, Constr acc: 0.0000, CE loss: 0.288, DL2 loss: 27.228
7, 248, 0.2880, 0.0014, 98.438, 100.000, 0.984, 0.051, 
[75] Train acc: 0.9844, Constr acc: 0.0000, CE loss: 0.265, DL2 loss: 25.856
7, 247, 0.2651, 0.0013, 98.438, 100.000, 0.984, 0.051, 
[90] Train acc: 1.0000, Constr acc: 0.0000, CE loss: 0.239, DL2 loss: 25.293
7, 246, 0.2393, 0.0014, 100.000, 100.000, 0.985, 0.050, 
[105] Train acc: 1.0000, Constr acc: 0.0000, CE loss: 0.227, DL2 loss: 24.658
7, 245, 0.2269, 0.0014, 100.000, 100.000, 0.983, 0.051, 
[120] Train acc: 1.0000, Constr acc: 0.0000, CE loss: 0.241, DL2 loss: 25.538
7, 244, 0.2415, 0.0014, 100.000, 100.000, 0.985, 0.051, 
[135] Train acc: 1.0000, Constr acc: 0.0000, CE loss: 0.231, DL2 loss: 24.365
7, 243, 0.2309, 0.0014, 100.000, 100.000, 0.985, 0.048, 
[150] Train acc: 1.0000, Constr acc: 0.0000, CE loss: 0.303, DL2 loss: 25.170
7, 242, 0.3034, 0.0014, 100.000, 100.000, 0.985, 0.051, 
[165] Train acc: 1.0000, Constr acc: 0.0000, CE loss: 0.233, DL2 loss: 26.270
7, 241, 0.2327, 0.0014, 100.000, 100.000, 0.988, 0.054, 
[180] Train acc: 0.9844, Constr acc: 0.0000, CE loss: 0.216, DL2 loss: 26.183
7, 240, 0.2156, 0.0014, 98.438, 100.000, 0.985, 0.050, 
[195] Train acc: 1.0000, Constr acc: 0.0000, CE loss: 0.261, DL2 loss: 25.296
7, 239, 0.2607, 0.0013, 100.000, 100.000, 0.987, 0.048, 
[210] Train acc: 0.9844, Constr acc: 0.0000, CE loss: 0.309, DL2 loss: 25.221
7, 238, 0.3090, 0.0013, 98.438, 100.000, 0.987, 0.053, 
[225] Train acc: 1.0000, Constr acc: 0.0000, CE loss: 0.285, DL2 loss: 26.540
7, 237, 0.2848, 0.0014, 100.000, 100.000, 0.987, 0.049, 
[240] Train acc: 1.0000, Constr acc: 0.0000, CE loss: 0.225, DL2 loss: 24.095
7, 236, 0.2251, 0.0013, 100.000, 100.000, 0.987, 0.052, 
[255] Train acc: 1.0000, Constr acc: 0.0000, CE loss: 0.250, DL2 loss: 23.501
7, 235, 0.2498, 0.0014, 100.000, 100.000, 0.987, 0.050, 
[270] Train acc: 1.0000, Constr acc: 0.0000, CE loss: 0.235, DL2 loss: 27.066
7, 234, 0.2348, 0.0014, 100.000, 100.000, 0.984, 0.052, 
[285] Train acc: 0.9844, Constr acc: 0.0000, CE loss: 0.272, DL2 loss: 25.206
7, 233, 0.2722, 0.0014, 98.438, 100.000, 0.986, 0.051, 
[300] Train acc: 1.0000, Constr acc: 0.0000, CE loss: 0.276, DL2 loss: 24.373
7, 232, 0.2760, 0.0014, 100.000, 100.000, 0.987, 0.049, 
[315] Train acc: 1.0000, Constr acc: 0.0000, CE loss: 0.237, DL2 loss: 26.305
7, 231, 0.2369, 0.0014, 100.000, 100.000, 0.986, 0.052, 
[330] Train acc: 0.9844, Constr acc: 0.0000, CE loss: 0.230, DL2 loss: 24.206
7, 230, 0.2300, 0.0014, 98.438, 100.000, 0.986, 0.053, 
[345] Train acc: 0.9688, Constr acc: 0.0000, CE loss: 0.332, DL2 loss: 26.332
7, 229, 0.3319, 0.0014, 96.875, 100.000, 0.987, 0.049, 
[360] Train acc: 1.0000, Constr acc: 0.0000, CE loss: 0.338, DL2 loss: 25.571
7, 228, 0.3380, 0.0014, 100.000, 100.000, 0.986, 0.049, 
[375] Train acc: 0.9844, Constr acc: 0.0000, CE loss: 0.275, DL2 loss: 27.613
7, 227, 0.2754, 0.0014, 98.438, 100.000, 0.985, 0.047, 
[390] Train acc: 1.0000, Constr acc: 0.0000, CE loss: 0.268, DL2 loss: 24.805
7, 226, 0.2680, 0.0013, 100.000, 100.000, 0.988, 0.051, 
[405] Train acc: 0.9688, Constr acc: 0.0000, CE loss: 0.304, DL2 loss: 24.279
7, 225, 0.3038, 0.0013, 96.875, 100.000, 0.987, 0.051, 
[420] Train acc: 0.9688, Constr acc: 0.0000, CE loss: 0.269, DL2 loss: 25.803
7, 224, 0.2687, 0.0014, 96.875, 100.000, 0.986, 0.048, 
[435] Train acc: 0.9688, Constr acc: 0.0000, CE loss: 0.246, DL2 loss: 25.263
7, 223, 0.2458, 0.0014, 96.875, 100.000, 0.986, 0.051, 
[450] Train acc: 1.0000, Constr acc: 0.0000, CE loss: 0.227, DL2 loss: 24.064
7, 222, 0.2266, 0.0013, 100.000, 100.000, 0.989, 0.051, 
[465] Train acc: 1.0000, Constr acc: 0.0000, CE loss: 0.224, DL2 loss: 25.751
7, 221, 0.2237, 0.0014, 100.000, 100.000, 0.988, 0.052, 
[480] Train acc: 0.9844, Constr acc: 0.0000, CE loss: 0.307, DL2 loss: 26.360
7, 220, 0.3068, 0.0014, 98.438, 100.000, 0.988, 0.048, 
[495] Train acc: 1.0000, Constr acc: 0.0000, CE loss: 0.191, DL2 loss: 27.525
7, 219, 0.1909, 0.0014, 100.000, 100.000, 0.987, 0.053, 
[510] Train acc: 1.0000, Constr acc: 0.0000, CE loss: 0.290, DL2 loss: 24.050
7, 218, 0.2901, 0.0014, 100.000, 100.000, 0.989, 0.044, 
[525] Train acc: 1.0000, Constr acc: 0.0000, CE loss: 0.240, DL2 loss: 26.980
7, 217, 0.2404, 0.0014, 100.000, 100.000, 0.988, 0.051, 
[540] Train acc: 1.0000, Constr acc: 0.0000, CE loss: 0.204, DL2 loss: 25.351
7, 216, 0.2039, 0.0014, 100.000, 100.000, 0.987, 0.055, 
[555] Train acc: 0.9844, Constr acc: 0.0000, CE loss: 0.319, DL2 loss: 25.155
7, 215, 0.3194, 0.0014, 98.438, 100.000, 0.989, 0.051, 
[570] Train acc: 1.0000, Constr acc: 0.0000, CE loss: 0.210, DL2 loss: 26.218
7, 214, 0.2103, 0.0013, 100.000, 100.000, 0.988, 0.050, 
[585] Train acc: 0.9844, Constr acc: 0.0000, CE loss: 0.237, DL2 loss: 26.193
7, 213, 0.2374, 0.0013, 98.438, 100.000, 0.988, 0.048, 
[600] Train acc: 1.0000, Constr acc: 0.0000, CE loss: 0.213, DL2 loss: 24.444
7, 212, 0.2132, 0.0013, 100.000, 100.000, 0.987, 0.046, 
[615] Train acc: 1.0000, Constr acc: 0.0000, CE loss: 0.189, DL2 loss: 25.973
7, 211, 0.1888, 0.0014, 100.000, 100.000, 0.986, 0.046, 
[630] Train acc: 0.9844, Constr acc: 0.0000, CE loss: 0.301, DL2 loss: 25.691
7, 210, 0.3008, 0.0014, 98.438, 100.000, 0.987, 0.052, 
[645] Train acc: 0.9531, Constr acc: 0.0000, CE loss: 0.310, DL2 loss: 24.164
7, 209, 0.3096, 0.0013, 95.312, 100.000, 0.988, 0.048, 
[660] Train acc: 1.0000, Constr acc: 0.0000, CE loss: 0.199, DL2 loss: 28.093
7, 208, 0.1994, 0.0014, 100.000, 100.000, 0.987, 0.053, 
[675] Train acc: 1.0000, Constr acc: 0.0000, CE loss: 0.228, DL2 loss: 25.321
7, 207, 0.2279, 0.0013, 100.000, 100.000, 0.989, 0.056, 
[690] Train acc: 1.0000, Constr acc: 0.0000, CE loss: 0.250, DL2 loss: 24.967
7, 206, 0.2499, 0.0014, 100.000, 100.000, 0.989, 0.047, 
[705] Train acc: 1.0000, Constr acc: 0.0000, CE loss: 0.262, DL2 loss: 25.714
7, 205, 0.2624, 0.0014, 100.000, 100.000, 0.988, 0.051, 
[720] Train acc: 1.0000, Constr acc: 0.0000, CE loss: 0.199, DL2 loss: 26.177
7, 204, 0.1987, 0.0014, 100.000, 100.000, 0.988, 0.047, 
[735] Train acc: 1.0000, Constr acc: 0.0000, CE loss: 0.242, DL2 loss: 25.959
7, 203, 0.2416, 0.0014, 100.000, 100.000, 0.986, 0.055, 
[750] Train acc: 1.0000, Constr acc: 0.0000, CE loss: 0.223, DL2 loss: 25.826
7, 202, 0.2228, 0.0014, 100.000, 100.000, 0.988, 0.048, 
[765] Train acc: 1.0000, Constr acc: 0.0000, CE loss: 0.228, DL2 loss: 25.854
7, 201, 0.2276, 0.0014, 100.000, 100.000, 0.984, 0.053, 
[780] Train acc: 1.0000, Constr acc: 0.0000, CE loss: 0.243, DL2 loss: 25.054
7, 200, 0.2425, 0.0014, 100.000, 100.000, 0.988, 0.051, 
[795] Train acc: 1.0000, Constr acc: 0.0000, CE loss: 0.254, DL2 loss: 24.952
7, 199, 0.2542, 0.0014, 100.000, 100.000, 0.987, 0.051, 
[810] Train acc: 0.9844, Constr acc: 0.0000, CE loss: 0.282, DL2 loss: 25.716
7, 198, 0.2824, 0.0014, 98.438, 100.000, 0.989, 0.044, 
[825] Train acc: 0.9844, Constr acc: 0.0000, CE loss: 0.235, DL2 loss: 25.511
7, 197, 0.2350, 0.0014, 98.438, 100.000, 0.989, 0.047, 
[840] Train acc: 0.9844, Constr acc: 0.0000, CE loss: 0.242, DL2 loss: 26.230
7, 196, 0.2417, 0.0014, 98.438, 100.000, 0.988, 0.051, 
[855] Train acc: 1.0000, Constr acc: 0.0000, CE loss: 0.242, DL2 loss: 26.475
7, 195, 0.2417, 0.0013, 100.000, 100.000, 0.988, 0.050, 
[870] Train acc: 1.0000, Constr acc: 0.0000, CE loss: 0.223, DL2 loss: 25.012
7, 194, 0.2229, 0.0013, 100.000, 100.000, 0.988, 0.048, 
[885] Train acc: 1.0000, Constr acc: 0.0000, CE loss: 0.252, DL2 loss: 26.482
7, 193, 0.2521, 0.0013, 100.000, 100.000, 0.989, 0.058, 
[900] Train acc: 1.0000, Constr acc: 0.0000, CE loss: 0.242, DL2 loss: 26.892
7, 192, 0.2417, 0.0014, 100.000, 100.000, 0.988, 0.054, 
[915] Train acc: 0.9844, Constr acc: 0.0000, CE loss: 0.257, DL2 loss: 24.646
7, 191, 0.2568, 0.0013, 98.438, 100.000, 0.989, 0.049, 
[930] Train acc: 0.9688, Constr acc: 0.0000, CE loss: 0.290, DL2 loss: 22.914
7, 190, 0.2896, 0.0013, 96.875, 100.000, 0.988, 0.049, 
[0] Train acc: 1.0000, Constr acc: 0.0000, CE loss: 0.225, DL2 loss: 27.142
8, 190, 0.2252, 0.0014, 100.000, 100.000, 0.989, 0.051, 
[15] Train acc: 1.0000, Constr acc: 0.0000, CE loss: 0.200, DL2 loss: 26.422
8, 189, 0.2002, 0.0013, 100.000, 100.000, 0.988, 0.047, 
[30] Train acc: 1.0000, Constr acc: 0.0000, CE loss: 0.275, DL2 loss: 25.778
8, 188, 0.2745, 0.0013, 100.000, 100.000, 0.988, 0.053, 
[45] Train acc: 0.9844, Constr acc: 0.0000, CE loss: 0.279, DL2 loss: 23.614
8, 187, 0.2789, 0.0013, 98.438, 100.000, 0.988, 0.051, 
[60] Train acc: 0.9375, Constr acc: 0.0000, CE loss: 0.343, DL2 loss: 25.313
8, 186, 0.3431, 0.0013, 93.750, 100.000, 0.989, 0.059, 
[75] Train acc: 1.0000, Constr acc: 0.0000, CE loss: 0.223, DL2 loss: 24.458
8, 185, 0.2227, 0.0013, 100.000, 100.000, 0.987, 0.054, 
[90] Train acc: 0.9688, Constr acc: 0.0000, CE loss: 0.276, DL2 loss: 24.322
8, 184, 0.2762, 0.0013, 96.875, 100.000, 0.989, 0.050, 
[105] Train acc: 1.0000, Constr acc: 0.0000, CE loss: 0.242, DL2 loss: 24.561
8, 183, 0.2421, 0.0013, 100.000, 100.000, 0.988, 0.051, 
[120] Train acc: 0.9688, Constr acc: 0.0000, CE loss: 0.231, DL2 loss: 26.483
8, 182, 0.2314, 0.0014, 96.875, 100.000, 0.987, 0.050, 
[135] Train acc: 1.0000, Constr acc: 0.0000, CE loss: 0.196, DL2 loss: 25.919
8, 181, 0.1962, 0.0014, 100.000, 100.000, 0.988, 0.051, 
[150] Train acc: 0.9844, Constr acc: 0.0000, CE loss: 0.259, DL2 loss: 24.630
8, 180, 0.2587, 0.0013, 98.438, 100.000, 0.988, 0.055, 
[165] Train acc: 1.0000, Constr acc: 0.0000, CE loss: 0.233, DL2 loss: 23.077
8, 179, 0.2331, 0.0014, 100.000, 100.000, 0.988, 0.055, 
[180] Train acc: 1.0000, Constr acc: 0.0000, CE loss: 0.196, DL2 loss: 27.752
8, 178, 0.1963, 0.0014, 100.000, 100.000, 0.987, 0.051, 
[195] Train acc: 0.9688, Constr acc: 0.0000, CE loss: 0.229, DL2 loss: 25.892
8, 177, 0.2293, 0.0013, 96.875, 100.000, 0.988, 0.051, 
[210] Train acc: 0.9844, Constr acc: 0.0000, CE loss: 0.273, DL2 loss: 24.144
8, 176, 0.2725, 0.0013, 98.438, 100.000, 0.988, 0.050, 
[225] Train acc: 1.0000, Constr acc: 0.0000, CE loss: 0.212, DL2 loss: 25.601
8, 175, 0.2119, 0.0014, 100.000, 100.000, 0.985, 0.052, 
[240] Train acc: 0.9688, Constr acc: 0.0000, CE loss: 0.276, DL2 loss: 25.914
8, 174, 0.2763, 0.0013, 96.875, 100.000, 0.988, 0.049, 
[255] Train acc: 0.9688, Constr acc: 0.0000, CE loss: 0.243, DL2 loss: 25.765
8, 173, 0.2430, 0.0014, 96.875, 100.000, 0.988, 0.051, 
[270] Train acc: 0.9688, Constr acc: 0.0000, CE loss: 0.279, DL2 loss: 26.477
8, 172, 0.2787, 0.0014, 96.875, 100.000, 0.986, 0.056, 
[285] Train acc: 0.9844, Constr acc: 0.0000, CE loss: 0.260, DL2 loss: 25.176
8, 171, 0.2598, 0.0013, 98.438, 100.000, 0.988, 0.051, 
[300] Train acc: 1.0000, Constr acc: 0.0000, CE loss: 0.254, DL2 loss: 23.775
8, 170, 0.2543, 0.0013, 100.000, 100.000, 0.987, 0.048, 
[315] Train acc: 1.0000, Constr acc: 0.0000, CE loss: 0.256, DL2 loss: 26.296
8, 169, 0.2557, 0.0013, 100.000, 100.000, 0.987, 0.053, 
[330] Train acc: 1.0000, Constr acc: 0.0000, CE loss: 0.242, DL2 loss: 26.270
8, 168, 0.2416, 0.0013, 100.000, 100.000, 0.988, 0.054, 
[345] Train acc: 0.9844, Constr acc: 0.0000, CE loss: 0.317, DL2 loss: 26.817
8, 167, 0.3172, 0.0013, 98.438, 100.000, 0.988, 0.052, 
[360] Train acc: 0.9844, Constr acc: 0.0000, CE loss: 0.308, DL2 loss: 25.601
8, 166, 0.3079, 0.0013, 98.438, 100.000, 0.988, 0.047, 
[375] Train acc: 1.0000, Constr acc: 0.0000, CE loss: 0.239, DL2 loss: 26.504
8, 165, 0.2394, 0.0013, 100.000, 100.000, 0.988, 0.052, 
[390] Train acc: 1.0000, Constr acc: 0.0000, CE loss: 0.212, DL2 loss: 26.213
8, 164, 0.2123, 0.0013, 100.000, 100.000, 0.987, 0.046, 
[405] Train acc: 1.0000, Constr acc: 0.0000, CE loss: 0.251, DL2 loss: 27.500
8, 163, 0.2514, 0.0014, 100.000, 100.000, 0.988, 0.042, 
[420] Train acc: 1.0000, Constr acc: 0.0000, CE loss: 0.222, DL2 loss: 24.504
8, 162, 0.2215, 0.0014, 100.000, 100.000, 0.988, 0.048, 
[435] Train acc: 0.9688, Constr acc: 0.0000, CE loss: 0.313, DL2 loss: 24.253
8, 161, 0.3131, 0.0013, 96.875, 100.000, 0.987, 0.051, 
[450] Train acc: 1.0000, Constr acc: 0.0000, CE loss: 0.258, DL2 loss: 24.927
8, 160, 0.2579, 0.0013, 100.000, 100.000, 0.987, 0.056, 
[465] Train acc: 0.9375, Constr acc: 0.0000, CE loss: 0.355, DL2 loss: 25.097
8, 159, 0.3548, 0.0013, 93.750, 100.000, 0.987, 0.049, 
[480] Train acc: 1.0000, Constr acc: 0.0000, CE loss: 0.231, DL2 loss: 25.227
8, 158, 0.2309, 0.0014, 100.000, 100.000, 0.987, 0.052, 
[495] Train acc: 1.0000, Constr acc: 0.0000, CE loss: 0.227, DL2 loss: 25.117
8, 157, 0.2271, 0.0013, 100.000, 100.000, 0.987, 0.054, 
[510] Train acc: 1.0000, Constr acc: 0.0000, CE loss: 0.243, DL2 loss: 26.715
8, 156, 0.2435, 0.0014, 100.000, 100.000, 0.987, 0.051, 
[525] Train acc: 1.0000, Constr acc: 0.0000, CE loss: 0.246, DL2 loss: 25.806
8, 155, 0.2459, 0.0014, 100.000, 100.000, 0.988, 0.051, 
[540] Train acc: 0.9688, Constr acc: 0.0000, CE loss: 0.268, DL2 loss: 24.788
8, 154, 0.2682, 0.0013, 96.875, 100.000, 0.987, 0.053, 
[555] Train acc: 0.9844, Constr acc: 0.0000, CE loss: 0.252, DL2 loss: 26.525
8, 153, 0.2515, 0.0013, 98.438, 100.000, 0.986, 0.054, 
[570] Train acc: 1.0000, Constr acc: 0.0000, CE loss: 0.206, DL2 loss: 26.285
8, 152, 0.2059, 0.0013, 100.000, 100.000, 0.987, 0.057, 
[585] Train acc: 1.0000, Constr acc: 0.0000, CE loss: 0.208, DL2 loss: 24.194
8, 151, 0.2081, 0.0013, 100.000, 100.000, 0.987, 0.050, 
[600] Train acc: 0.9688, Constr acc: 0.0000, CE loss: 0.287, DL2 loss: 23.176
8, 150, 0.2874, 0.0014, 96.875, 100.000, 0.988, 0.046, 
[615] Train acc: 1.0000, Constr acc: 0.0000, CE loss: 0.259, DL2 loss: 24.089
8, 149, 0.2587, 0.0013, 100.000, 100.000, 0.987, 0.048, 
[630] Train acc: 0.9844, Constr acc: 0.0000, CE loss: 0.217, DL2 loss: 25.967
8, 148, 0.2171, 0.0013, 98.438, 100.000, 0.987, 0.050, 
[645] Train acc: 1.0000, Constr acc: 0.0000, CE loss: 0.239, DL2 loss: 25.023
8, 147, 0.2394, 0.0013, 100.000, 100.000, 0.985, 0.048, 
[660] Train acc: 0.9531, Constr acc: 0.0000, CE loss: 0.297, DL2 loss: 25.945
8, 146, 0.2970, 0.0013, 95.312, 100.000, 0.988, 0.050, 
[675] Train acc: 1.0000, Constr acc: 0.0000, CE loss: 0.261, DL2 loss: 26.729
8, 145, 0.2607, 0.0013, 100.000, 100.000, 0.988, 0.054, 
[690] Train acc: 1.0000, Constr acc: 0.0000, CE loss: 0.271, DL2 loss: 25.358
8, 144, 0.2711, 0.0013, 100.000, 100.000, 0.988, 0.051, 
[705] Train acc: 0.9688, Constr acc: 0.0000, CE loss: 0.297, DL2 loss: 26.917
8, 143, 0.2974, 0.0013, 96.875, 100.000, 0.989, 0.049, 
[720] Train acc: 1.0000, Constr acc: 0.0000, CE loss: 0.240, DL2 loss: 24.600
8, 142, 0.2395, 0.0013, 100.000, 100.000, 0.987, 0.053, 
[735] Train acc: 1.0000, Constr acc: 0.0000, CE loss: 0.232, DL2 loss: 26.195
8, 141, 0.2318, 0.0014, 100.000, 100.000, 0.984, 0.049, 
[750] Train acc: 0.9531, Constr acc: 0.0000, CE loss: 0.307, DL2 loss: 26.240
8, 140, 0.3075, 0.0013, 95.312, 100.000, 0.989, 0.048, 
[765] Train acc: 0.9688, Constr acc: 0.0000, CE loss: 0.247, DL2 loss: 22.522
8, 139, 0.2475, 0.0013, 96.875, 100.000, 0.988, 0.053, 
[780] Train acc: 0.9844, Constr acc: 0.0000, CE loss: 0.266, DL2 loss: 25.609
8, 138, 0.2661, 0.0013, 98.438, 100.000, 0.987, 0.054, 
[795] Train acc: 1.0000, Constr acc: 0.0000, CE loss: 0.204, DL2 loss: 26.235
8, 137, 0.2042, 0.0014, 100.000, 100.000, 0.989, 0.049, 
[810] Train acc: 1.0000, Constr acc: 0.0000, CE loss: 0.244, DL2 loss: 26.949
8, 136, 0.2443, 0.0013, 100.000, 100.000, 0.987, 0.051, 
[825] Train acc: 0.9844, Constr acc: 0.0000, CE loss: 0.270, DL2 loss: 25.950
8, 135, 0.2703, 0.0013, 98.438, 100.000, 0.988, 0.052, 
[840] Train acc: 0.9844, Constr acc: 0.0000, CE loss: 0.275, DL2 loss: 24.486
8, 134, 0.2753, 0.0013, 98.438, 100.000, 0.988, 0.052, 
[855] Train acc: 0.9844, Constr acc: 0.0000, CE loss: 0.300, DL2 loss: 26.466
8, 133, 0.2996, 0.0013, 98.438, 100.000, 0.986, 0.047, 
[870] Train acc: 1.0000, Constr acc: 0.0000, CE loss: 0.287, DL2 loss: 24.602
8, 132, 0.2872, 0.0013, 100.000, 100.000, 0.988, 0.051, 
[885] Train acc: 0.9844, Constr acc: 0.0000, CE loss: 0.233, DL2 loss: 26.976
8, 131, 0.2328, 0.0013, 98.438, 100.000, 0.988, 0.054, 
[900] Train acc: 0.9688, Constr acc: 0.0000, CE loss: 0.316, DL2 loss: 26.051
8, 130, 0.3156, 0.0013, 96.875, 98.438, 0.986, 0.049, 
[915] Train acc: 0.9844, Constr acc: 0.0000, CE loss: 0.265, DL2 loss: 25.197
8, 129, 0.2653, 0.0013, 98.438, 100.000, 0.989, 0.046, 
[930] Train acc: 1.0000, Constr acc: 0.0000, CE loss: 0.190, DL2 loss: 26.682
8, 128, 0.1903, 0.0014, 100.000, 100.000, 0.986, 0.052, 
[0] Train acc: 0.9688, Constr acc: 0.0000, CE loss: 0.284, DL2 loss: 26.102
9, 127, 0.2842, 0.0013, 96.875, 100.000, 0.986, 0.047, 
[15] Train acc: 1.0000, Constr acc: 0.0000, CE loss: 0.246, DL2 loss: 28.777
9, 126, 0.2462, 0.0013, 100.000, 100.000, 0.986, 0.053, 
[30] Train acc: 1.0000, Constr acc: 0.0000, CE loss: 0.236, DL2 loss: 26.484
9, 125, 0.2364, 0.0013, 100.000, 100.000, 0.987, 0.050, 
[45] Train acc: 0.9531, Constr acc: 0.0000, CE loss: 0.294, DL2 loss: 24.072
9, 124, 0.2939, 0.0013, 95.312, 100.000, 0.988, 0.046, 
[60] Train acc: 1.0000, Constr acc: 0.0000, CE loss: 0.206, DL2 loss: 25.619
9, 123, 0.2057, 0.0013, 100.000, 100.000, 0.984, 0.051, 
[75] Train acc: 1.0000, Constr acc: 0.0000, CE loss: 0.238, DL2 loss: 25.679
9, 122, 0.2380, 0.0013, 100.000, 100.000, 0.986, 0.052, 
[90] Train acc: 0.9688, Constr acc: 0.0000, CE loss: 0.253, DL2 loss: 26.476
9, 121, 0.2528, 0.0014, 96.875, 100.000, 0.987, 0.046, 
[105] Train acc: 1.0000, Constr acc: 0.0000, CE loss: 0.226, DL2 loss: 26.013
9, 120, 0.2260, 0.0013, 100.000, 100.000, 0.986, 0.051, 
[120] Train acc: 1.0000, Constr acc: 0.0000, CE loss: 0.268, DL2 loss: 26.775
9, 119, 0.2681, 0.0013, 100.000, 100.000, 0.988, 0.051, 
[135] Train acc: 0.9844, Constr acc: 0.0000, CE loss: 0.276, DL2 loss: 25.056
9, 118, 0.2764, 0.0013, 98.438, 100.000, 0.987, 0.052, 
[150] Train acc: 0.9688, Constr acc: 0.0000, CE loss: 0.219, DL2 loss: 26.778
9, 117, 0.2187, 0.0013, 96.875, 100.000, 0.987, 0.055, 
[165] Train acc: 0.9844, Constr acc: 0.0000, CE loss: 0.276, DL2 loss: 25.337
9, 116, 0.2758, 0.0013, 98.438, 100.000, 0.986, 0.047, 
[180] Train acc: 1.0000, Constr acc: 0.0000, CE loss: 0.233, DL2 loss: 24.527
9, 115, 0.2328, 0.0013, 100.000, 100.000, 0.987, 0.055, 
[195] Train acc: 0.9688, Constr acc: 0.0000, CE loss: 0.250, DL2 loss: 25.221
9, 114, 0.2497, 0.0013, 96.875, 100.000, 0.985, 0.045, 
[210] Train acc: 0.9844, Constr acc: 0.0000, CE loss: 0.240, DL2 loss: 25.750
9, 113, 0.2404, 0.0013, 98.438, 100.000, 0.986, 0.045, 
[225] Train acc: 0.9844, Constr acc: 0.0000, CE loss: 0.224, DL2 loss: 24.572
9, 112, 0.2242, 0.0013, 98.438, 100.000, 0.984, 0.050, 
[240] Train acc: 0.9844, Constr acc: 0.0000, CE loss: 0.268, DL2 loss: 24.356
9, 111, 0.2678, 0.0013, 98.438, 100.000, 0.985, 0.050, 
[255] Train acc: 1.0000, Constr acc: 0.0000, CE loss: 0.222, DL2 loss: 26.540
9, 110, 0.2216, 0.0013, 100.000, 100.000, 0.986, 0.054, 
[270] Train acc: 0.9688, Constr acc: 0.0000, CE loss: 0.305, DL2 loss: 23.600
9, 109, 0.3047, 0.0013, 96.875, 100.000, 0.985, 0.046, 
[285] Train acc: 0.9844, Constr acc: 0.0000, CE loss: 0.286, DL2 loss: 25.605
9, 108, 0.2864, 0.0013, 98.438, 100.000, 0.985, 0.047, 
[300] Train acc: 0.9844, Constr acc: 0.0000, CE loss: 0.281, DL2 loss: 26.191
9, 107, 0.2810, 0.0013, 98.438, 100.000, 0.984, 0.053, 
[315] Train acc: 0.9844, Constr acc: 0.0000, CE loss: 0.340, DL2 loss: 25.216
9, 106, 0.3401, 0.0013, 98.438, 100.000, 0.985, 0.052, 
[330] Train acc: 0.9844, Constr acc: 0.0000, CE loss: 0.247, DL2 loss: 24.798
9, 105, 0.2465, 0.0013, 98.438, 100.000, 0.985, 0.049, 
[345] Train acc: 1.0000, Constr acc: 0.0000, CE loss: 0.248, DL2 loss: 26.344
9, 104, 0.2483, 0.0014, 100.000, 100.000, 0.985, 0.047, 
[360] Train acc: 0.9844, Constr acc: 0.0000, CE loss: 0.263, DL2 loss: 27.498
9, 103, 0.2633, 0.0013, 98.438, 100.000, 0.985, 0.046, 
[375] Train acc: 0.9844, Constr acc: 0.0000, CE loss: 0.224, DL2 loss: 24.652
9, 102, 0.2244, 0.0013, 98.438, 100.000, 0.983, 0.052, 
[390] Train acc: 1.0000, Constr acc: 0.0000, CE loss: 0.225, DL2 loss: 26.740
9, 101, 0.2252, 0.0013, 100.000, 100.000, 0.986, 0.055, 
[405] Train acc: 1.0000, Constr acc: 0.0000, CE loss: 0.217, DL2 loss: 25.058
9, 100, 0.2167, 0.0013, 100.000, 100.000, 0.986, 0.056, 
[420] Train acc: 0.9844, Constr acc: 0.0000, CE loss: 0.257, DL2 loss: 26.102
9, 99, 0.2569, 0.0014, 98.438, 100.000, 0.983, 0.048, 
[435] Train acc: 0.9688, Constr acc: 0.0000, CE loss: 0.251, DL2 loss: 26.322
9, 98, 0.2512, 0.0013, 96.875, 100.000, 0.985, 0.048, 
[450] Train acc: 0.9688, Constr acc: 0.0000, CE loss: 0.255, DL2 loss: 25.912
9, 97, 0.2548, 0.0013, 96.875, 100.000, 0.985, 0.054, 
[465] Train acc: 1.0000, Constr acc: 0.0000, CE loss: 0.297, DL2 loss: 24.213
9, 96, 0.2967, 0.0013, 100.000, 100.000, 0.985, 0.051, 
[480] Train acc: 0.9844, Constr acc: 0.0000, CE loss: 0.295, DL2 loss: 25.309
9, 95, 0.2951, 0.0014, 98.438, 100.000, 0.984, 0.053, 
[495] Train acc: 0.9844, Constr acc: 0.0000, CE loss: 0.288, DL2 loss: 23.864
9, 94, 0.2883, 0.0013, 98.438, 100.000, 0.985, 0.050, 
[510] Train acc: 1.0000, Constr acc: 0.0000, CE loss: 0.215, DL2 loss: 24.414
9, 93, 0.2153, 0.0013, 100.000, 100.000, 0.984, 0.048, 
[525] Train acc: 0.9531, Constr acc: 0.0000, CE loss: 0.343, DL2 loss: 24.482
9, 92, 0.3429, 0.0013, 95.312, 100.000, 0.983, 0.049, 
[540] Train acc: 0.9531, Constr acc: 0.0000, CE loss: 0.257, DL2 loss: 26.079
9, 91, 0.2575, 0.0013, 95.312, 100.000, 0.984, 0.050, 
[555] Train acc: 0.9688, Constr acc: 0.0000, CE loss: 0.216, DL2 loss: 25.782
9, 90, 0.2162, 0.0013, 96.875, 100.000, 0.982, 0.053, 
[570] Train acc: 1.0000, Constr acc: 0.0000, CE loss: 0.186, DL2 loss: 26.069
9, 89, 0.1862, 0.0013, 100.000, 100.000, 0.981, 0.044, 
[585] Train acc: 0.9844, Constr acc: 0.0000, CE loss: 0.227, DL2 loss: 25.810
9, 88, 0.2271, 0.0013, 98.438, 100.000, 0.984, 0.053, 
[600] Train acc: 1.0000, Constr acc: 0.0000, CE loss: 0.278, DL2 loss: 24.876
9, 87, 0.2779, 0.0013, 100.000, 100.000, 0.983, 0.049, 
[615] Train acc: 0.9844, Constr acc: 0.0000, CE loss: 0.236, DL2 loss: 24.638
9, 86, 0.2356, 0.0013, 98.438, 100.000, 0.983, 0.055, 
[630] Train acc: 1.0000, Constr acc: 0.0000, CE loss: 0.235, DL2 loss: 24.805
9, 85, 0.2348, 0.0013, 100.000, 100.000, 0.984, 0.046, 
[645] Train acc: 0.9688, Constr acc: 0.0000, CE loss: 0.287, DL2 loss: 27.524
9, 84, 0.2870, 0.0013, 96.875, 100.000, 0.985, 0.050, 
[660] Train acc: 0.9844, Constr acc: 0.0000, CE loss: 0.275, DL2 loss: 25.799
9, 83, 0.2745, 0.0013, 98.438, 100.000, 0.985, 0.048, 
[675] Train acc: 0.9219, Constr acc: 0.0000, CE loss: 0.345, DL2 loss: 24.787
9, 82, 0.3453, 0.0013, 92.188, 98.438, 0.981, 0.053, 
[690] Train acc: 1.0000, Constr acc: 0.0000, CE loss: 0.222, DL2 loss: 26.882
9, 81, 0.2222, 0.0013, 100.000, 100.000, 0.983, 0.050, 
[705] Train acc: 1.0000, Constr acc: 0.0000, CE loss: 0.257, DL2 loss: 25.991
9, 80, 0.2570, 0.0013, 100.000, 100.000, 0.983, 0.052, 
[720] Train acc: 0.9844, Constr acc: 0.0000, CE loss: 0.263, DL2 loss: 24.991
9, 79, 0.2626, 0.0013, 98.438, 100.000, 0.982, 0.051, 
[735] Train acc: 0.9531, Constr acc: 0.0000, CE loss: 0.337, DL2 loss: 26.119
9, 78, 0.3368, 0.0013, 95.312, 100.000, 0.983, 0.046, 
[750] Train acc: 1.0000, Constr acc: 0.0000, CE loss: 0.226, DL2 loss: 24.795
9, 77, 0.2262, 0.0013, 100.000, 100.000, 0.979, 0.052, 
[765] Train acc: 0.9844, Constr acc: 0.0000, CE loss: 0.297, DL2 loss: 23.990
9, 76, 0.2975, 0.0013, 98.438, 100.000, 0.982, 0.053, 
[780] Train acc: 0.9688, Constr acc: 0.0000, CE loss: 0.325, DL2 loss: 24.957
9, 75, 0.3245, 0.0013, 96.875, 100.000, 0.984, 0.048, 
[795] Train acc: 1.0000, Constr acc: 0.0000, CE loss: 0.261, DL2 loss: 25.498
9, 74, 0.2605, 0.0013, 100.000, 100.000, 0.981, 0.049, 
[810] Train acc: 0.9844, Constr acc: 0.0000, CE loss: 0.314, DL2 loss: 27.489
9, 73, 0.3145, 0.0013, 98.438, 100.000, 0.982, 0.049, 
[825] Train acc: 0.9688, Constr acc: 0.0000, CE loss: 0.314, DL2 loss: 24.163
9, 72, 0.3135, 0.0013, 96.875, 98.438, 0.981, 0.053, 
[840] Train acc: 0.9688, Constr acc: 0.0000, CE loss: 0.287, DL2 loss: 26.999
9, 71, 0.2871, 0.0013, 96.875, 100.000, 0.981, 0.051, 
[855] Train acc: 0.9531, Constr acc: 0.0000, CE loss: 0.328, DL2 loss: 25.592
9, 70, 0.3281, 0.0013, 95.312, 98.438, 0.982, 0.049, 
[870] Train acc: 0.9531, Constr acc: 0.0000, CE loss: 0.365, DL2 loss: 25.367
9, 69, 0.3653, 0.0013, 95.312, 100.000, 0.979, 0.053, 
[885] Train acc: 0.9688, Constr acc: 0.0000, CE loss: 0.288, DL2 loss: 26.522
9, 68, 0.2877, 0.0013, 96.875, 100.000, 0.980, 0.052, 
[900] Train acc: 0.9844, Constr acc: 0.0000, CE loss: 0.245, DL2 loss: 26.612
9, 67, 0.2451, 0.0013, 98.438, 100.000, 0.981, 0.052, 
[915] Train acc: 0.9688, Constr acc: 0.0000, CE loss: 0.264, DL2 loss: 24.894
9, 66, 0.2644, 0.0013, 96.875, 100.000, 0.981, 0.047, 
[930] Train acc: 0.9688, Constr acc: 0.0000, CE loss: 0.248, DL2 loss: 24.501
9, 65, 0.2477, 0.0013, 96.875, 100.000, 0.974, 0.054, 
[0] Train acc: 0.9844, Constr acc: 0.0000, CE loss: 0.241, DL2 loss: 27.339
10, 65, 0.2414, 0.0013, 98.438, 100.000, 0.977, 0.050, 
[15] Train acc: 0.9531, Constr acc: 0.0000, CE loss: 0.396, DL2 loss: 26.158
10, 64, 0.3959, 0.0012, 95.312, 100.000, 0.981, 0.053, 
[30] Train acc: 1.0000, Constr acc: 0.0000, CE loss: 0.238, DL2 loss: 24.382
10, 63, 0.2380, 0.0013, 100.000, 100.000, 0.979, 0.051, 
[45] Train acc: 0.9531, Constr acc: 0.0312, CE loss: 0.296, DL2 loss: 24.888
10, 62, 0.2959, 0.0013, 95.312, 100.000, 0.982, 0.052, 
[60] Train acc: 0.9844, Constr acc: 0.0000, CE loss: 0.225, DL2 loss: 22.611
10, 61, 0.2249, 0.0012, 98.438, 100.000, 0.980, 0.052, 
[75] Train acc: 0.9844, Constr acc: 0.0000, CE loss: 0.288, DL2 loss: 26.028
10, 60, 0.2879, 0.0013, 98.438, 100.000, 0.979, 0.046, 
[90] Train acc: 0.9844, Constr acc: 0.0000, CE loss: 0.288, DL2 loss: 24.045
10, 59, 0.2882, 0.0013, 98.438, 100.000, 0.977, 0.046, 
[105] Train acc: 0.9688, Constr acc: 0.0000, CE loss: 0.311, DL2 loss: 24.120
10, 58, 0.3114, 0.0013, 96.875, 100.000, 0.980, 0.049, 
[120] Train acc: 0.9531, Constr acc: 0.0000, CE loss: 0.289, DL2 loss: 26.198
10, 57, 0.2893, 0.0013, 95.312, 100.000, 0.979, 0.050, 
[135] Train acc: 0.9531, Constr acc: 0.0000, CE loss: 0.290, DL2 loss: 25.276
10, 56, 0.2905, 0.0013, 95.312, 100.000, 0.978, 0.046, 
[150] Train acc: 0.9844, Constr acc: 0.0000, CE loss: 0.262, DL2 loss: 23.967
10, 55, 0.2618, 0.0013, 98.438, 100.000, 0.979, 0.053, 
[165] Train acc: 0.9688, Constr acc: 0.0000, CE loss: 0.297, DL2 loss: 25.697
10, 54, 0.2968, 0.0013, 96.875, 100.000, 0.979, 0.052, 
[180] Train acc: 0.9844, Constr acc: 0.0000, CE loss: 0.256, DL2 loss: 25.983
10, 53, 0.2557, 0.0013, 98.438, 100.000, 0.977, 0.050, 
[195] Train acc: 0.9688, Constr acc: 0.0000, CE loss: 0.279, DL2 loss: 25.839
10, 52, 0.2786, 0.0013, 96.875, 100.000, 0.977, 0.055, 
[210] Train acc: 1.0000, Constr acc: 0.0000, CE loss: 0.258, DL2 loss: 23.728
10, 51, 0.2576, 0.0013, 100.000, 100.000, 0.979, 0.051, 
[225] Train acc: 0.9844, Constr acc: 0.0000, CE loss: 0.245, DL2 loss: 26.089
10, 50, 0.2452, 0.0013, 98.438, 100.000, 0.976, 0.056, 
[240] Train acc: 0.9531, Constr acc: 0.0000, CE loss: 0.382, DL2 loss: 27.556
10, 49, 0.3818, 0.0013, 95.312, 100.000, 0.971, 0.049, 
[255] Train acc: 0.9688, Constr acc: 0.0000, CE loss: 0.351, DL2 loss: 26.562
10, 48, 0.3515, 0.0013, 96.875, 100.000, 0.968, 0.055, 
[270] Train acc: 0.9375, Constr acc: 0.0000, CE loss: 0.286, DL2 loss: 25.814
10, 47, 0.2860, 0.0013, 93.750, 100.000, 0.977, 0.054, 
[285] Train acc: 0.9688, Constr acc: 0.0000, CE loss: 0.311, DL2 loss: 23.838
10, 46, 0.3109, 0.0013, 96.875, 100.000, 0.976, 0.052, 
[300] Train acc: 0.9688, Constr acc: 0.0000, CE loss: 0.343, DL2 loss: 23.895
10, 45, 0.3431, 0.0013, 96.875, 100.000, 0.976, 0.050, 
[315] Train acc: 1.0000, Constr acc: 0.0000, CE loss: 0.288, DL2 loss: 26.547
10, 44, 0.2885, 0.0013, 100.000, 100.000, 0.971, 0.047, 
[330] Train acc: 0.9531, Constr acc: 0.0000, CE loss: 0.380, DL2 loss: 24.882
10, 43, 0.3797, 0.0013, 95.312, 98.438, 0.967, 0.050, 
[345] Train acc: 0.9844, Constr acc: 0.0000, CE loss: 0.273, DL2 loss: 25.643
10, 42, 0.2725, 0.0013, 98.438, 100.000, 0.973, 0.046, 
[360] Train acc: 0.9844, Constr acc: 0.0000, CE loss: 0.231, DL2 loss: 25.821
10, 41, 0.2310, 0.0013, 98.438, 100.000, 0.949, 0.054, 
[375] Train acc: 1.0000, Constr acc: 0.0000, CE loss: 0.243, DL2 loss: 23.717
10, 40, 0.2431, 0.0013, 100.000, 100.000, 0.972, 0.051, 
[390] Train acc: 0.9844, Constr acc: 0.0000, CE loss: 0.243, DL2 loss: 26.226
10, 39, 0.2432, 0.0013, 98.438, 100.000, 0.971, 0.050, 
[405] Train acc: 0.9844, Constr acc: 0.0000, CE loss: 0.265, DL2 loss: 25.615
10, 38, 0.2651, 0.0013, 98.438, 100.000, 0.972, 0.049, 
[420] Train acc: 0.9688, Constr acc: 0.0000, CE loss: 0.288, DL2 loss: 25.385
10, 37, 0.2876, 0.0013, 96.875, 100.000, 0.964, 0.053, 
[435] Train acc: 0.9375, Constr acc: 0.0000, CE loss: 0.381, DL2 loss: 25.427
10, 36, 0.3814, 0.0013, 93.750, 100.000, 0.970, 0.051, 
[450] Train acc: 0.9531, Constr acc: 0.0000, CE loss: 0.330, DL2 loss: 25.089
10, 35, 0.3299, 0.0013, 95.312, 100.000, 0.963, 0.051, 
[465] Train acc: 0.8906, Constr acc: 0.0000, CE loss: 0.436, DL2 loss: 26.140
10, 34, 0.4359, 0.0013, 89.062, 100.000, 0.958, 0.046, 
[480] Train acc: 0.9375, Constr acc: 0.0000, CE loss: 0.343, DL2 loss: 25.511
10, 33, 0.3428, 0.0013, 93.750, 100.000, 0.954, 0.053, 
[495] Train acc: 0.9844, Constr acc: 0.0000, CE loss: 0.305, DL2 loss: 26.766
10, 32, 0.3051, 0.0013, 98.438, 100.000, 0.949, 0.057, 
[510] Train acc: 0.9688, Constr acc: 0.0000, CE loss: 0.397, DL2 loss: 25.997
10, 31, 0.3966, 0.0013, 96.875, 100.000, 0.953, 0.047, 
[525] Train acc: 0.9062, Constr acc: 0.0000, CE loss: 0.496, DL2 loss: 24.195
10, 30, 0.4956, 0.0014, 90.625, 100.000, 0.940, 0.048, 
[540] Train acc: 0.8906, Constr acc: 0.0000, CE loss: 0.533, DL2 loss: 23.963
10, 29, 0.5331, 0.0014, 89.062, 98.438, 0.930, 0.055, 
[555] Train acc: 0.8594, Constr acc: 0.0000, CE loss: 0.588, DL2 loss: 27.474
10, 28, 0.5877, 0.0014, 85.938, 98.438, 0.949, 0.049, 
[570] Train acc: 0.8281, Constr acc: 0.0000, CE loss: 0.618, DL2 loss: 25.399
10, 27, 0.6182, 0.0014, 82.812, 98.438, 0.890, 0.049, 
[585] Train acc: 0.8594, Constr acc: 0.0000, CE loss: 0.637, DL2 loss: 24.577
10, 26, 0.6368, 0.0014, 85.938, 98.438, 0.902, 0.048, 
[600] Train acc: 0.9062, Constr acc: 0.0000, CE loss: 0.503, DL2 loss: 25.209
10, 25, 0.5032, 0.0014, 90.625, 100.000, 0.913, 0.046, 
[615] Train acc: 0.8750, Constr acc: 0.0000, CE loss: 0.612, DL2 loss: 25.458
10, 24, 0.6119, 0.0014, 87.500, 100.000, 0.913, 0.051, 
[630] Train acc: 0.7969, Constr acc: 0.0000, CE loss: 0.656, DL2 loss: 24.995
10, 23, 0.6563, 0.0014, 79.688, 100.000, 0.858, 0.055, 
[645] Train acc: 0.7656, Constr acc: 0.0000, CE loss: 0.850, DL2 loss: 26.313
10, 22, 0.8505, 0.0015, 76.562, 100.000, 0.770, 0.051, 
[660] Train acc: 0.7188, Constr acc: 0.0000, CE loss: 0.817, DL2 loss: 27.525
10, 21, 0.8172, 0.0015, 71.875, 96.875, 0.798, 0.051, 
[675] Train acc: 0.7188, Constr acc: 0.0000, CE loss: 0.888, DL2 loss: 26.300
10, 20, 0.8875, 0.0015, 71.875, 100.000, 0.801, 0.049, 
[690] Train acc: 0.7344, Constr acc: 0.0000, CE loss: 0.955, DL2 loss: 26.490
10, 19, 0.9545, 0.0016, 73.438, 100.000, 0.750, 0.053, 
[705] Train acc: 0.5781, Constr acc: 0.0000, CE loss: 1.221, DL2 loss: 26.735
10, 18, 1.2210, 0.0017, 57.812, 90.625, 0.551, 0.053, 
[720] Train acc: 0.6250, Constr acc: 0.0000, CE loss: 1.175, DL2 loss: 25.544
10, 17, 1.1747, 0.0017, 62.500, 95.312, 0.663, 0.049, 
[735] Train acc: 0.6094, Constr acc: 0.0000, CE loss: 1.134, DL2 loss: 25.399
10, 16, 1.1335, 0.0017, 60.938, 100.000, 0.599, 0.054, 
[750] Train acc: 0.4844, Constr acc: 0.0000, CE loss: 1.228, DL2 loss: 25.666
10, 15, 1.2276, 0.0017, 48.438, 96.875, 0.497, 0.050, 
[765] Train acc: 0.5781, Constr acc: 0.0000, CE loss: 1.267, DL2 loss: 24.009
10, 14, 1.2669, 0.0017, 57.812, 93.750, 0.548, 0.052, 
[780] Train acc: 0.6562, Constr acc: 0.0000, CE loss: 1.025, DL2 loss: 26.080
10, 13, 1.0251, 0.0016, 65.625, 98.438, 0.611, 0.050, 
[795] Train acc: 0.6250, Constr acc: 0.0000, CE loss: 1.173, DL2 loss: 23.561
10, 12, 1.1730, 0.0016, 62.500, 96.875, 0.618, 0.046, 
[810] Train acc: 0.5625, Constr acc: 0.0000, CE loss: 1.309, DL2 loss: 25.000
10, 11, 1.3086, 0.0018, 56.250, 93.750, 0.519, 0.052, 
[825] Train acc: 0.3594, Constr acc: 0.0000, CE loss: 1.664, DL2 loss: 25.042
10, 10, 1.6641, 0.0018, 35.938, 84.375, 0.484, 0.051, 
[840] Train acc: 0.2188, Constr acc: 0.0000, CE loss: 1.746, DL2 loss: 25.111
10, 9, 1.7460, 0.0019, 21.875, 84.375, 0.324, 0.049, 
[855] Train acc: 0.3281, Constr acc: 0.0000, CE loss: 1.725, DL2 loss: 24.893
10, 8, 1.7251, 0.0020, 32.812, 87.500, 0.297, 0.048, 
[870] Train acc: 0.2812, Constr acc: 0.0000, CE loss: 1.998, DL2 loss: 24.319
10, 7, 1.9978, 0.0021, 28.125, 68.750, 0.206, 0.055, 
[885] Train acc: 0.1250, Constr acc: 0.0000, CE loss: 2.320, DL2 loss: 22.999
10, 6, 2.3204, 0.0023, 12.500, 40.625, 0.114, 0.054, 
[900] Train acc: 0.0938, Constr acc: 0.0000, CE loss: 2.317, DL2 loss: 23.678
10, 5, 2.3165, 0.0023, 9.375, 46.875, 0.114, 0.057, 
[915] Train acc: 0.1250, Constr acc: 0.0000, CE loss: 2.310, DL2 loss: 24.827
10, 4, 2.3100, 0.0023, 12.500, 46.875, 0.114, 0.049, 
[930] Train acc: 0.1250, Constr acc: 0.0000, CE loss: 2.304, DL2 loss: 23.384
10, 3, 2.3041, 0.0023, 12.500, 43.750, 0.114, 0.046, 
