epoch, neuron_units, loss, dl2_loss, top1, top5, dl2_p_acc, dl2_constraint_acc
1, 7552, 7.6654, 708.4305, 0.000, 6.250, 0.010, 0.024, 1.0000, 0.8571, 1.0000, 1.0000, 0.8333, 1.0000, 100, 572.4368875026703 
1, 7452, 4.4682, 25.6660, 0.000, 6.250, 0.010, 0.420, 0.8889, 0.8000, 0.8333, 0.8000, 0.8889, 1.0000, 200, 1280.3829481601715 
1, 7352, 4.3202, 2.7647, 6.250, 6.250, 0.018, 0.495, 0.7000, 0.7000, 0.7273, 0.5714, 0.4000, 0.7000, 300, 1995.7626721858978 
1, 7252, 6.0030, 9.1169, 0.000, 6.250, 0.009, 0.589, 0.8571, 1.0000, 0.7500, 0.9091, 0.0000, 1.0000, 400, 2702.0213963985443 
1, 7152, 6.2321, 4.9745, 0.000, 6.250, 0.012, 0.629, 0.5556, 0.8750, 0.8571, 0.8750, 0.2857, 0.4000, 500, 3416.0999286174774 
1, 7052, 5.0517, 0.9099, 6.250, 6.250, 0.013, 0.316, 0.5455, 0.8333, 0.4286, 0.5000, 0.7500, 0.7500, 600, 4127.768965005875 
1, 6952, 7.3339, 2.5346, 6.250, 12.500, 0.013, 0.505, 0.7143, 0.8333, 0.3333, 0.7500, 0.7500, 0.5714, 700, 4839.411745786667 
1, 6852, 5.5684, 1.5658, 0.000, 12.500, 0.016, 0.663, 0.5455, 0.4545, 0.5000, 0.7000, 0.4545, 0.2500, 800, 5557.311658382416 
1, 6752, 7.1316, 1.4869, 0.000, 6.250, 0.013, 0.547, 0.6250, 0.6667, 0.5714, 0.8333, 0.8333, 0.5000, 900, 6272.101046323776 
1, 6652, 12.2949, 1.2903, 0.000, 6.250, 0.012, 0.653, 0.1429, 0.1667, 0.2000, 0.1250, 0.1429, 0.2000, 1000, 6986.965066432953 
1, 6552, 9.2254, 1.9261, 0.000, 6.250, 0.014, 0.635, 0.5000, 0.6364, 0.5000, 0.3636, 0.6667, 0.0000, 1100, 7707.995158433914 
1, 6452, 13.0737, 0.8277, 0.000, 0.000, 0.014, 0.591, 0.4444, 0.5385, 0.7500, 0.6000, 0.4000, 0.4444, 1200, 8434.798861980438 
1, 6352, 5.1592, 1.2479, 0.000, 6.250, 0.018, 0.636, 0.5333, 0.5455, 0.2222, 0.7333, 0.3077, 0.7273, 1300, 9164.765352010727 
1, 6252, 15.3616, 3.6327, 6.250, 12.500, 0.009, 0.531, 1.0000, 0.5000, 0.7500, 0.6667, 0.5000, 0.0000, 1400, 9875.502589464188 
1, 6152, 5.7667, 0.8928, 6.250, 6.250, 0.014, 0.605, 0.2857, 0.0000, 0.2000, 0.4444, 0.0000, 0.4545, 1500, 10597.759746074677 
1, 6052, 5.8184, 0.8014, 0.000, 0.000, 0.012, 0.656, 0.5000, 0.3333, 0.2500, 0.5000, 0.5000, 0.1000, 1600, 11321.421031236649 
1, 5952, 6.1717, 0.6175, 0.000, 0.000, 0.009, 0.616, 0.2000, 0.2000, 0.5000, 0.3750, 0.2500, 0.1667, 1700, 12040.40148305893 
1, 5852, 4.8475, 0.8459, 6.250, 12.500, 0.013, 0.657, 0.3750, 0.4286, 0.4286, 0.2143, 0.1429, 0.3333, 1800, 12763.298333883286 
1, 5752, 7.3027, 0.9250, 6.250, 6.250, 0.014, 0.688, 0.4286, 0.6667, 0.4444, 0.3333, 0.1000, 0.1538, 1900, 13485.379298448563 
1, 5652, 5.5843, 0.7504, 0.000, 6.250, 0.019, 0.622, 0.5333, 0.1429, 0.4167, 0.6000, 0.2222, 0.2000, 2000, 14214.425507307053 
1, 5552, 9.9916, 1.3252, 0.000, 6.250, 0.019, 0.709, 0.4375, 0.4000, 0.4667, 0.3636, 0.3158, 0.1111, 2100, 14947.533936738968 
1, 5452, 5.9523, 0.7494, 6.250, 6.250, 0.019, 0.629, 0.2500, 0.1818, 0.3158, 0.4286, 0.2500, 0.1818, 2200, 15678.00952076912 
1, 5352, 5.9828, 0.7962, 6.250, 6.250, 0.021, 0.697, 0.3810, 0.1667, 0.2222, 0.3000, 0.2222, 0.4000, 2300, 16414.872612714767 
1, 5252, 5.8445, 0.8998, 6.250, 6.250, 0.020, 0.709, 0.4167, 0.2500, 0.6000, 0.1667, 0.1667, 0.1429, 2400, 17147.854442596436 
1, 5152, 5.7365, 0.6145, 0.000, 0.000, 0.020, 0.640, 0.1429, 0.2143, 0.2500, 0.4118, 0.4286, 0.1538, 2500, 17879.074899435043 
1, 5052, 28.2102, 1.3699, 0.000, 6.250, 0.017, 0.650, 0.4286, 0.5714, 0.5833, 0.6154, 0.3000, 0.2500, 2600, 18611.8756775856 
1, 4952, 19.1797, 1.0020, 0.000, 0.000, 0.011, 0.622, 0.7500, 0.5000, 0.1667, 0.0000, 0.4000, 0.1818, 2700, 19336.209496974945 
1, 4852, 7.6969, 0.8553, 0.000, 0.000, 0.017, 0.725, 0.4167, 0.5000, 0.5385, 0.2857, 0.3333, 0.3636, 2800, 20069.410698652267 
1, 4752, 14.9234, 0.8967, 0.000, 0.000, 0.015, 0.617, 0.3750, 0.1667, 0.2000, 0.2857, 0.0000, 0.1538, 2900, 20798.044801950455 
1, 4652, 9.8440, 0.6990, 6.250, 12.500, 0.015, 0.727, 0.1111, 0.2500, 0.1429, 0.2500, 0.2500, 0.1538, 3000, 21525.634370803833 
1, 4552, 5.9209, 0.7491, 6.250, 18.750, 0.016, 0.697, 0.0769, 0.1250, 0.2222, 0.1818, 0.1250, 0.2500, 3100, 22262.279756069183 
2, 4452, 10.9624, 1.0505, 0.000, 18.750, 0.017, 0.717, 0.4286, 0.5000, 0.6667, 0.4000, 0.3333, 0.4000, 3200, 23055.560868024826 
2, 4352, 10.7006, 0.9884, 0.000, 6.250, 0.014, 0.724, 0.5000, 0.2000, 0.4444, 0.6667, 0.3333, 0.5556, 3300, 23788.53105688095 
2, 4252, 9.3497, 0.9568, 0.000, 18.750, 0.017, 0.730, 0.2727, 0.4444, 0.6000, 0.5000, 0.4167, 0.4286, 3400, 24527.568440437317 
2, 4152, 9.6608, 1.2301, 0.000, 6.250, 0.019, 0.689, 0.5556, 0.5000, 0.3333, 0.3333, 0.5000, 0.2222, 3500, 25266.18722963333 
2, 4052, 8.3822, 1.2919, 0.000, 0.000, 0.014, 0.705, 0.4286, 0.3077, 0.3333, 0.2727, 0.3333, 0.1667, 3600, 26002.38106584549 
2, 3952, 7.4296, 0.8809, 0.000, 12.500, 0.011, 0.632, 0.3333, 0.4000, 0.5000, 0.4444, 0.1667, 0.3333, 3700, 26732.672677516937 
2, 3852, 6.9244, 0.8755, 0.000, 0.000, 0.015, 0.658, 0.2500, 0.0000, 0.2143, 0.3333, 0.2727, 0.1667, 3800, 27471.7716960907 
2, 3752, 8.3842, 0.6916, 0.000, 12.500, 0.012, 0.744, 0.2222, 0.2857, 1.0000, 0.0000, 0.5000, 0.1429, 3900, 28204.45499944687 
2, 3652, 17.5009, 1.3052, 0.000, 0.000, 0.015, 0.611, 0.3077, 0.6250, 0.6250, 0.5556, 0.7143, 0.2727, 4000, 28943.500026226044 
2, 3552, 6.2085, 0.5705, 6.250, 12.500, 0.016, 0.666, 0.3333, 0.0000, 0.0000, 0.2222, 0.2000, 0.3750, 4100, 29685.407066583633 
2, 3452, 9.5435, 1.0499, 0.000, 6.250, 0.019, 0.743, 0.2500, 0.2857, 0.2000, 0.2727, 0.2222, 0.1818, 4200, 30426.55743789673 
2, 3352, 8.6006, 0.7111, 0.000, 0.000, 0.019, 0.685, 0.2000, 0.0000, 0.0000, 0.0667, 0.0952, 0.0000, 4300, 31177.12884759903 
2, 3252, 7.2088, 1.0008, 0.000, 0.000, 0.017, 0.751, 0.5556, 0.2941, 0.2500, 0.3333, 0.1250, 0.1538, 4400, 31922.003087997437 
2, 3152, 7.1806, 0.7775, 0.000, 0.000, 0.017, 0.782, 0.1250, 0.3333, 0.3333, 0.0000, 0.0000, 0.0000, 4500, 32664.648028612137 
2, 3052, 6.9604, 0.6792, 6.250, 6.250, 0.016, 0.781, 0.3529, 0.1429, 0.0000, 0.2667, 0.2222, 0.1667, 4600, 33409.137088537216 
2, 2952, 5.4228, 1.2775, 0.000, 6.250, 0.012, 0.638, 0.6667, 0.0000, 0.3333, 0.2500, 0.4286, 0.0000, 4700, 34148.56652379036 
2, 2852, 6.7024, 1.2673, 0.000, 12.500, 0.017, 0.754, 0.5556, 0.1667, 0.4286, 0.4000, 0.0909, 0.0000, 4800, 34890.93936896324 
2, 2752, 6.4603, 1.6432, 0.000, 6.250, 0.017, 0.738, 0.5000, 0.4000, 0.2308, 0.2857, 0.3333, 0.1538, 4900, 35637.89358687401 
2, 2652, 9.7121, 1.0462, 0.000, 0.000, 0.014, 0.719, 0.1429, 0.2000, 0.2500, 0.2500, 0.5000, 0.0000, 5000, 36375.86663603783 
2, 2552, 11.4769, 1.2510, 0.000, 6.250, 0.015, 0.704, 0.4545, 0.4286, 0.4000, 0.3636, 0.5833, 0.5000, 5100, 37124.57289266586 
2, 2452, 5.4398, 0.7336, 0.000, 12.500, 0.020, 0.665, 0.2105, 0.3571, 0.2222, 0.0000, 0.1000, 0.1429, 5200, 37879.72242259979 
2, 2352, 5.7045, 2.2616, 0.000, 6.250, 0.016, 0.696, 0.2727, 0.4000, 0.4286, 0.2500, 0.2857, 0.3333, 5300, 38625.944038152695 
2, 2252, 9.3809, 2.9014, 0.000, 12.500, 0.015, 0.620, 0.4545, 0.5000, 0.6364, 0.2727, 0.3333, 0.2500, 5400, 39372.91101694107 
2, 2152, 9.0700, 0.7725, 0.000, 0.000, 0.016, 0.720, 0.0000, 0.1333, 0.3333, 0.1429, 0.2857, 0.0000, 5500, 40119.84191560745 
2, 2052, 17.2873, 24.1031, 6.250, 12.500, 0.010, 0.000, 1.0000, 1.0000, 1.0000, 1.0000, 1.0000, 1.0000, 5600, 40864.345155239105 
2, 1952, 7.4544, 1.8675, 0.000, 6.250, 0.014, 0.184, 0.6364, 1.0000, 1.0000, 0.7778, 0.7143, 0.8571, 5700, 41611.4173078537 
2, 1852, 9.1302, 2.4840, 0.000, 12.500, 0.018, 0.693, 0.4000, 0.7500, 0.2857, 0.5556, 0.5333, 0.2500, 5800, 42361.45619750023 
2, 1752, 14.3150, 3.2258, 0.000, 6.250, 0.015, 0.669, 0.3000, 0.1429, 0.4000, 0.2500, 0.3077, 0.2222, 5900, 43111.25364303589 
2, 1652, 10.3646, 0.7821, 6.250, 6.250, 0.015, 0.660, 0.3333, 0.4167, 0.2500, 0.2500, 0.4000, 0.1111, 6000, 43861.64877867699 
2, 1552, 9.0434, 4.2194, 0.000, 12.500, 0.017, 0.323, 0.4000, 0.3636, 0.6000, 0.8000, 0.6000, 0.5000, 6100, 44615.237456321716 
2, 1452, 14.6206, 0.8937, 0.000, 6.250, 0.016, 0.679, 0.1818, 0.3636, 0.4286, 0.5000, 0.2727, 0.3333, 6200, 45364.49700331688 
3, 1352, 12.0659, 1.2172, 6.250, 6.250, 0.015, 0.687, 0.3333, 0.2000, 0.3750, 0.5714, 0.3750, 0.6667, 9400, 46124.41960811615 
3, 1252, 5.1383, 1.0091, 0.000, 6.250, 0.022, 0.795, 0.0667, 0.2105, 0.0000, 0.2727, 0.0909, 0.1250, 9500, 46884.595041036606 
3, 1152, 7.2254, 3.4883, 6.250, 18.750, 0.016, 0.653, 0.3000, 0.2500, 0.3636, 0.3333, 0.0714, 0.4167, 9600, 47637.92431950569 
3, 1052, 10.2123, 1.0892, 0.000, 12.500, 0.013, 0.684, 0.2857, 0.7273, 0.3000, 0.1429, 0.6667, 0.1667, 9700, 48386.54235506058 
3, 952, 11.1104, 1.1618, 0.000, 12.500, 0.017, 0.788, 0.1667, 0.0833, 0.2500, 0.2000, 0.4000, 0.5000, 9800, 49145.6373193264 
3, 852, 7.5312, 0.8764, 0.000, 0.000, 0.013, 0.734, 0.1111, 0.0000, 0.1111, 0.0000, 0.0000, 0.1000, 9900, 49896.41539025307 
3, 752, 8.2778, 1.7274, 0.000, 12.500, 0.010, 0.343, 0.2500, 0.7143, 0.0000, 0.2000, 0.8333, 0.5714, 10000, 50644.133717536926 
3, 652, 7.7179, 0.8478, 0.000, 6.250, 0.016, 0.757, 0.2308, 0.1333, 0.3333, 0.0833, 0.0769, 0.1429, 10100, 51404.475482940674 
3, 552, 7.7019, 1.3442, 6.250, 18.750, 0.014, 0.710, 0.1429, 0.5000, 0.1000, 0.2500, 0.1818, 0.3750, 10200, 52158.48537874222 
3, 452, 9.6055, 8.9707, 6.250, 12.500, 0.011, 0.043, 0.8000, 0.7778, 0.8333, 1.0000, 0.8750, 1.0000, 10300, 52910.0696413517 
3, 352, 12.9750, 3.2874, 0.000, 0.000, 0.012, 0.062, 1.0000, 1.0000, 0.7500, 1.0000, 0.8571, 0.5714, 10400, 53663.99212932587 
3, 252, 13.3247, 2.3792, 6.250, 6.250, 0.013, 0.464, 0.5714, 0.8000, 0.7500, 0.7778, 0.8333, 0.6250, 10500, 54419.309921979904 
3, 152, 7.9559, 26.7605, 0.000, 0.000, 0.010, 0.000, 1.0000, 1.0000, 1.0000, 1.0000, 1.0000, 1.0000, 10600, 55169.20038771629 
3, 52, 6.3228, 8.9886, 0.000, 6.250, 0.010, 0.000, 1.0000, 1.0000, 1.0000, 1.0000, 1.0000, 1.0000, 10700, 55919.26273345947 
3, 0, 4.9132, 115.4640, 0.000, 12.500, 0.010, 0.000, 1.0000, 1.0000, 1.0000, 1.0000, 1.0000, 1.0000, 10800, 56667.40105366707 
