epoch, neuron_units, loss, dl2_loss, top1, top5, dl2_p_acc, dl2_constraint_acc
1, 252, 0.2608, 0.0007, 93.750, 100.000, 0.843, 0.394, 0.8891, 0.7241, 0.5206, 0.3204, 0.1459, 0.0543, 
1, 250, 0.0648, 0.0006, 98.438, 100.000, 0.931, 0.475, 0.9292, 0.8042, 0.6362, 0.4556, 0.2793, 0.1298, 
1, 249, 0.3404, 0.0006, 92.188, 98.438, 0.929, 0.532, 0.9231, 0.8049, 0.6415, 0.4661, 0.2871, 0.1272, 
1, 248, 0.2754, 0.0006, 93.750, 100.000, 0.952, 0.446, 0.9376, 0.8379, 0.6651, 0.4547, 0.2493, 0.0904, 
1, 247, 0.5985, 0.0007, 85.938, 100.000, 0.883, 0.374, 0.9240, 0.8011, 0.6260, 0.4191, 0.2089, 0.0661, 
1, 246, 0.1309, 0.0005, 96.875, 100.000, 0.958, 0.497, 0.9502, 0.8473, 0.6864, 0.4696, 0.2521, 0.0979, 
1, 245, 0.2218, 0.0005, 93.750, 100.000, 0.951, 0.510, 0.9469, 0.8516, 0.7117, 0.5167, 0.2926, 0.1138, 
1, 244, 0.1994, 0.0007, 95.312, 100.000, 0.946, 0.320, 0.9370, 0.8159, 0.6158, 0.3553, 0.1439, 0.0378, 
1, 243, 0.2300, 0.0006, 93.750, 100.000, 0.931, 0.493, 0.9347, 0.8343, 0.6726, 0.4594, 0.2351, 0.0877, 
1, 242, 0.2229, 0.0005, 95.312, 98.438, 0.945, 0.560, 0.9310, 0.8149, 0.6600, 0.4494, 0.2455, 0.0943, 
1, 241, 0.2222, 0.0006, 93.750, 100.000, 0.933, 0.396, 0.9330, 0.8201, 0.6527, 0.4401, 0.2440, 0.1101, 
1, 240, 0.1680, 0.0006, 93.750, 100.000, 0.949, 0.444, 0.9435, 0.8392, 0.6669, 0.4242, 0.1904, 0.0642, 
1, 239, 0.0758, 0.0005, 98.438, 100.000, 0.956, 0.530, 0.9521, 0.8601, 0.7110, 0.5019, 0.2634, 0.0904, 
1, 238, 0.0993, 0.0006, 93.750, 100.000, 0.962, 0.466, 0.9509, 0.8574, 0.7011, 0.4891, 0.2671, 0.1025, 
1, 237, 0.3378, 0.0006, 89.062, 100.000, 0.937, 0.452, 0.9268, 0.8131, 0.6601, 0.4629, 0.2572, 0.1022, 
1, 236, 0.1472, 0.0005, 93.750, 100.000, 0.951, 0.551, 0.9451, 0.8467, 0.6900, 0.4752, 0.2502, 0.0958, 
1, 235, 0.1445, 0.0005, 95.312, 100.000, 0.930, 0.596, 0.9342, 0.8294, 0.6841, 0.4827, 0.2932, 0.1367, 
1, 234, 0.0662, 0.0006, 98.438, 100.000, 0.947, 0.361, 0.9380, 0.8264, 0.6526, 0.4487, 0.2414, 0.1049, 
1, 233, 0.2367, 0.0006, 95.312, 100.000, 0.932, 0.421, 0.9225, 0.7827, 0.5755, 0.3475, 0.1690, 0.0650, 
1, 232, 0.1345, 0.0005, 93.750, 100.000, 0.955, 0.496, 0.9467, 0.8444, 0.6793, 0.4603, 0.2396, 0.0775, 
1, 231, 0.1318, 0.0005, 95.312, 100.000, 0.959, 0.627, 0.9519, 0.8552, 0.6978, 0.4859, 0.2562, 0.0987, 
1, 230, 0.0437, 0.0005, 98.438, 100.000, 0.954, 0.484, 0.9456, 0.8431, 0.6736, 0.4296, 0.1980, 0.0670, 
1, 229, 0.3080, 0.0006, 89.062, 100.000, 0.961, 0.438, 0.9422, 0.8398, 0.6955, 0.5197, 0.3379, 0.1850, 
1, 228, 0.1463, 0.0006, 95.312, 100.000, 0.944, 0.439, 0.9404, 0.8379, 0.6894, 0.5072, 0.3145, 0.1472, 
1, 227, 0.2155, 0.0005, 92.188, 100.000, 0.953, 0.597, 0.9444, 0.8496, 0.7100, 0.5159, 0.3176, 0.1636, 
1, 226, 0.1410, 0.0005, 93.750, 100.000, 0.960, 0.455, 0.9490, 0.8523, 0.6970, 0.4956, 0.2991, 0.1366, 
1, 225, 0.2377, 0.0006, 98.438, 100.000, 0.955, 0.408, 0.9461, 0.8427, 0.6629, 0.4135, 0.1971, 0.0656, 
1, 224, 0.0619, 0.0006, 98.438, 100.000, 0.959, 0.440, 0.9455, 0.8501, 0.6978, 0.4901, 0.2868, 0.1457, 
1, 223, 0.1913, 0.0005, 95.312, 100.000, 0.967, 0.480, 0.9583, 0.8751, 0.7310, 0.5268, 0.2935, 0.1202, 
1, 222, 0.1408, 0.0005, 96.875, 100.000, 0.960, 0.476, 0.9487, 0.8607, 0.7183, 0.5197, 0.3152, 0.1437, 
1, 221, 0.2227, 0.0005, 92.188, 100.000, 0.914, 0.601, 0.9239, 0.8003, 0.6361, 0.4505, 0.2860, 0.1583, 
2, 220, 0.0994, 0.0005, 96.875, 100.000, 0.954, 0.538, 0.9472, 0.8544, 0.7078, 0.5085, 0.2960, 0.1342, 
2, 219, 0.1643, 0.0005, 92.188, 100.000, 0.926, 0.628, 0.9220, 0.8044, 0.6392, 0.4460, 0.2537, 0.1120, 
2, 218, 0.1705, 0.0005, 93.750, 100.000, 0.965, 0.548, 0.9514, 0.8598, 0.6882, 0.4649, 0.2445, 0.0873, 
2, 217, 0.1418, 0.0005, 93.750, 100.000, 0.963, 0.517, 0.9485, 0.8520, 0.6855, 0.4667, 0.2589, 0.1115, 
2, 216, 0.1964, 0.0006, 93.750, 100.000, 0.956, 0.340, 0.9380, 0.8230, 0.6387, 0.4130, 0.2135, 0.0942, 
2, 215, 0.1420, 0.0005, 95.312, 100.000, 0.955, 0.496, 0.9463, 0.8424, 0.6737, 0.4560, 0.2495, 0.1084, 
2, 214, 0.0907, 0.0005, 95.312, 100.000, 0.945, 0.540, 0.9384, 0.8217, 0.6342, 0.4060, 0.2180, 0.0893, 
2, 213, 0.0687, 0.0005, 98.438, 100.000, 0.966, 0.609, 0.9525, 0.8617, 0.7092, 0.4906, 0.2754, 0.1163, 
2, 212, 0.1050, 0.0004, 98.438, 100.000, 0.965, 0.700, 0.9500, 0.8593, 0.7017, 0.4800, 0.2588, 0.1073, 
2, 211, 0.1183, 0.0004, 96.875, 100.000, 0.961, 0.679, 0.9547, 0.8682, 0.7307, 0.5355, 0.3271, 0.1567, 
2, 210, 0.2057, 0.0004, 95.312, 100.000, 0.968, 0.700, 0.9586, 0.8788, 0.7340, 0.5300, 0.2971, 0.1232, 
2, 209, 0.2139, 0.0004, 92.188, 100.000, 0.958, 0.711, 0.9518, 0.8598, 0.7105, 0.5030, 0.2933, 0.1332, 
2, 208, 0.1708, 0.0005, 95.312, 100.000, 0.962, 0.583, 0.9549, 0.8678, 0.7158, 0.4845, 0.2533, 0.0998, 
2, 207, 0.1244, 0.0005, 92.188, 100.000, 0.965, 0.459, 0.9496, 0.8519, 0.6838, 0.4331, 0.1985, 0.0668, 
2, 206, 0.0802, 0.0005, 96.875, 100.000, 0.964, 0.503, 0.9588, 0.8787, 0.7481, 0.5443, 0.3158, 0.1326, 
2, 205, 0.0372, 0.0004, 98.438, 100.000, 0.966, 0.623, 0.9619, 0.8818, 0.7560, 0.5684, 0.3507, 0.1667, 
2, 204, 0.0706, 0.0005, 98.438, 100.000, 0.961, 0.486, 0.9464, 0.8436, 0.6870, 0.4743, 0.2559, 0.1175, 
2, 203, 0.1671, 0.0006, 93.750, 100.000, 0.954, 0.417, 0.9439, 0.8378, 0.6712, 0.4599, 0.2482, 0.1046, 
2, 202, 0.1222, 0.0006, 96.875, 98.438, 0.945, 0.443, 0.9398, 0.8354, 0.6878, 0.4850, 0.2827, 0.1298, 
2, 201, 0.0859, 0.0006, 96.875, 100.000, 0.963, 0.426, 0.9536, 0.8635, 0.7094, 0.4927, 0.2572, 0.0890, 
2, 200, 0.2638, 0.0006, 90.625, 100.000, 0.954, 0.457, 0.9446, 0.8433, 0.6833, 0.4771, 0.2662, 0.1012, 
2, 199, 0.0897, 0.0005, 95.312, 100.000, 0.963, 0.540, 0.9559, 0.8695, 0.7241, 0.5273, 0.3171, 0.1468, 
2, 198, 0.1211, 0.0005, 95.312, 100.000, 0.971, 0.446, 0.9582, 0.8738, 0.7310, 0.5231, 0.3032, 0.1387, 
2, 197, 0.1478, 0.0005, 95.312, 100.000, 0.964, 0.516, 0.9537, 0.8543, 0.7119, 0.5152, 0.3044, 0.1401, 
2, 196, 0.2604, 0.0006, 93.750, 100.000, 0.959, 0.397, 0.9431, 0.8322, 0.6712, 0.4697, 0.2600, 0.1111, 
2, 195, 0.1793, 0.0005, 95.312, 100.000, 0.955, 0.541, 0.9380, 0.8225, 0.6620, 0.4812, 0.2987, 0.1571, 
2, 194, 0.0539, 0.0005, 96.875, 100.000, 0.959, 0.517, 0.9400, 0.8348, 0.6880, 0.4989, 0.2974, 0.1362, 
2, 193, 0.1061, 0.0005, 96.875, 100.000, 0.930, 0.640, 0.9481, 0.8543, 0.7204, 0.5477, 0.3484, 0.1824, 
2, 192, 0.0539, 0.0005, 100.000, 100.000, 0.970, 0.524, 0.9603, 0.8843, 0.7457, 0.5410, 0.3065, 0.1180, 
2, 191, 0.1398, 0.0005, 95.312, 100.000, 0.968, 0.469, 0.9591, 0.8763, 0.7390, 0.5307, 0.2936, 0.1202, 
2, 190, 0.1109, 0.0005, 96.875, 100.000, 0.966, 0.480, 0.9571, 0.8724, 0.7242, 0.5127, 0.2815, 0.1001, 
3, 189, 0.1065, 0.0006, 96.875, 100.000, 0.962, 0.434, 0.9509, 0.8552, 0.6987, 0.5074, 0.3114, 0.1581, 
3, 188, 0.0304, 0.0006, 100.000, 100.000, 0.971, 0.420, 0.9605, 0.8725, 0.7198, 0.5041, 0.2931, 0.1298, 
3, 187, 0.2266, 0.0005, 93.750, 100.000, 0.971, 0.470, 0.9542, 0.8573, 0.6958, 0.4851, 0.2817, 0.1338, 
3, 186, 0.1266, 0.0005, 95.312, 98.438, 0.971, 0.463, 0.9580, 0.8754, 0.7295, 0.5296, 0.3233, 0.1611, 
3, 185, 0.0225, 0.0005, 100.000, 100.000, 0.974, 0.543, 0.9590, 0.8636, 0.7089, 0.5156, 0.3179, 0.1721, 
3, 184, 0.0469, 0.0005, 100.000, 100.000, 0.972, 0.417, 0.9603, 0.8728, 0.7364, 0.5354, 0.3171, 0.1421, 
3, 183, 0.1137, 0.0006, 96.875, 100.000, 0.938, 0.341, 0.9243, 0.8066, 0.6422, 0.4219, 0.2017, 0.0641, 
3, 182, 0.0965, 0.0005, 96.875, 100.000, 0.971, 0.564, 0.9616, 0.8799, 0.7450, 0.5635, 0.3610, 0.1923, 
3, 181, 0.3061, 0.0005, 92.188, 98.438, 0.967, 0.519, 0.9518, 0.8622, 0.7155, 0.5190, 0.3130, 0.1509, 
3, 180, 0.1487, 0.0006, 93.750, 100.000, 0.958, 0.374, 0.9460, 0.8284, 0.6325, 0.3878, 0.1638, 0.0531, 
3, 179, 0.2358, 0.0005, 89.062, 100.000, 0.969, 0.585, 0.9568, 0.8680, 0.7136, 0.5241, 0.3277, 0.1712, 
3, 178, 0.1036, 0.0005, 96.875, 100.000, 0.953, 0.474, 0.9410, 0.8222, 0.6441, 0.4370, 0.2362, 0.1029, 
3, 177, 0.1348, 0.0004, 95.312, 100.000, 0.975, 0.643, 0.9623, 0.8828, 0.7452, 0.5425, 0.3195, 0.1394, 
3, 176, 0.3267, 0.0005, 90.625, 98.438, 0.969, 0.581, 0.9553, 0.8639, 0.7204, 0.5138, 0.3245, 0.1583, 
3, 175, 0.1841, 0.0004, 92.188, 100.000, 0.955, 0.716, 0.9391, 0.8225, 0.6566, 0.4507, 0.2668, 0.1326, 
3, 174, 0.2886, 0.0005, 89.062, 100.000, 0.945, 0.577, 0.9369, 0.8264, 0.6463, 0.4342, 0.2231, 0.0802, 
3, 173, 0.0644, 0.0005, 98.438, 100.000, 0.964, 0.540, 0.9479, 0.8433, 0.6683, 0.4293, 0.2036, 0.0633, 
3, 172, 0.2909, 0.0005, 96.875, 98.438, 0.968, 0.437, 0.9533, 0.8546, 0.6909, 0.4520, 0.2195, 0.0756, 
3, 171, 0.1387, 0.0005, 95.312, 100.000, 0.969, 0.556, 0.9543, 0.8669, 0.7242, 0.5381, 0.3280, 0.1586, 
3, 170, 0.1433, 0.0005, 95.312, 100.000, 0.967, 0.446, 0.9564, 0.8593, 0.7077, 0.5018, 0.2814, 0.1227, 
3, 169, 0.0799, 0.0004, 95.312, 100.000, 0.975, 0.634, 0.9597, 0.8820, 0.7530, 0.5707, 0.3598, 0.1691, 
3, 168, 0.0852, 0.0005, 96.875, 100.000, 0.968, 0.551, 0.9572, 0.8769, 0.7413, 0.5547, 0.3497, 0.1574, 
3, 167, 0.0867, 0.0004, 96.875, 100.000, 0.971, 0.616, 0.9617, 0.8802, 0.7421, 0.5474, 0.3149, 0.1224, 
3, 166, 0.3421, 0.0006, 89.062, 100.000, 0.936, 0.468, 0.9379, 0.8244, 0.6557, 0.4473, 0.2318, 0.0899, 
3, 165, 0.0335, 0.0005, 100.000, 100.000, 0.972, 0.583, 0.9605, 0.8777, 0.7394, 0.5376, 0.3044, 0.1354, 
3, 164, 0.0722, 0.0005, 98.438, 100.000, 0.973, 0.566, 0.9604, 0.8832, 0.7450, 0.5568, 0.3470, 0.1535, 
3, 163, 0.0294, 0.0006, 100.000, 100.000, 0.949, 0.440, 0.9420, 0.8394, 0.6889, 0.4955, 0.2938, 0.1319, 
3, 162, 0.1896, 0.0006, 96.875, 100.000, 0.969, 0.368, 0.9548, 0.8662, 0.7161, 0.5125, 0.2816, 0.1135, 
3, 161, 0.1087, 0.0007, 98.438, 100.000, 0.908, 0.336, 0.9024, 0.7447, 0.5254, 0.3032, 0.1494, 0.0641, 
3, 160, 0.1383, 0.0005, 95.312, 100.000, 0.967, 0.460, 0.9546, 0.8727, 0.7400, 0.5472, 0.3315, 0.1596, 
3, 159, 0.1274, 0.0005, 95.312, 100.000, 0.947, 0.553, 0.9384, 0.8267, 0.6599, 0.4384, 0.2329, 0.1052, 
3, 158, 0.1060, 0.0005, 96.875, 100.000, 0.965, 0.463, 0.9536, 0.8639, 0.7271, 0.5234, 0.2899, 0.1151, 
4, 158, 0.0481, 0.0005, 98.438, 100.000, 0.970, 0.576, 0.9600, 0.8837, 0.7487, 0.5703, 0.3639, 0.1732, 
4, 157, 0.1854, 0.0006, 92.188, 98.438, 0.955, 0.460, 0.9466, 0.8495, 0.7015, 0.5037, 0.2804, 0.1211, 
4, 156, 0.1398, 0.0005, 96.875, 100.000, 0.954, 0.533, 0.9440, 0.8465, 0.6933, 0.5001, 0.3041, 0.1449, 
4, 155, 0.0683, 0.0005, 98.438, 100.000, 0.958, 0.616, 0.9410, 0.8442, 0.6884, 0.4847, 0.2697, 0.1213, 
4, 154, 0.0680, 0.0005, 96.875, 100.000, 0.948, 0.613, 0.9443, 0.8449, 0.7087, 0.5244, 0.3193, 0.1620, 
4, 153, 0.0910, 0.0005, 96.875, 100.000, 0.956, 0.633, 0.9384, 0.8353, 0.6844, 0.4833, 0.2742, 0.1211, 
4, 152, 0.0347, 0.0005, 98.438, 100.000, 0.971, 0.557, 0.9580, 0.8782, 0.7434, 0.5473, 0.3363, 0.1551, 
4, 151, 0.0766, 0.0005, 98.438, 100.000, 0.969, 0.501, 0.9539, 0.8701, 0.7383, 0.5414, 0.3329, 0.1717, 
4, 150, 0.1239, 0.0005, 96.875, 100.000, 0.957, 0.561, 0.9437, 0.8471, 0.7041, 0.5292, 0.3381, 0.1856, 
4, 149, 0.0475, 0.0005, 98.438, 100.000, 0.966, 0.519, 0.9519, 0.8574, 0.7071, 0.5234, 0.3166, 0.1558, 
4, 148, 0.0563, 0.0005, 98.438, 100.000, 0.972, 0.561, 0.9614, 0.8778, 0.7431, 0.5584, 0.3454, 0.1769, 
4, 147, 0.0305, 0.0005, 100.000, 100.000, 0.972, 0.509, 0.9591, 0.8735, 0.7269, 0.5223, 0.2897, 0.1192, 
4, 146, 0.0427, 0.0005, 98.438, 100.000, 0.967, 0.540, 0.9550, 0.8694, 0.7256, 0.5211, 0.2935, 0.1433, 
4, 145, 0.0943, 0.0005, 96.875, 100.000, 0.968, 0.491, 0.9556, 0.8667, 0.7196, 0.5306, 0.3259, 0.1686, 
4, 144, 0.1872, 0.0006, 93.750, 100.000, 0.958, 0.403, 0.9408, 0.8377, 0.6935, 0.5241, 0.3451, 0.1953, 
4, 143, 0.1251, 0.0006, 96.875, 100.000, 0.963, 0.411, 0.9454, 0.8469, 0.7060, 0.5175, 0.3240, 0.1720, 
4, 142, 0.0474, 0.0005, 100.000, 100.000, 0.969, 0.568, 0.9558, 0.8696, 0.7395, 0.5550, 0.3630, 0.2106, 
4, 141, 0.1286, 0.0005, 95.312, 100.000, 0.958, 0.583, 0.9446, 0.8474, 0.7004, 0.5277, 0.3460, 0.1994, 
4, 140, 0.1847, 0.0005, 93.750, 100.000, 0.971, 0.542, 0.9585, 0.8692, 0.7276, 0.5320, 0.3209, 0.1674, 
4, 139, 0.0705, 0.0005, 98.438, 100.000, 0.971, 0.469, 0.9555, 0.8674, 0.7280, 0.5431, 0.3421, 0.1816, 
4, 138, 0.0375, 0.0005, 100.000, 100.000, 0.969, 0.556, 0.9527, 0.8650, 0.7155, 0.5085, 0.2950, 0.1331, 
4, 137, 0.0927, 0.0005, 96.875, 100.000, 0.973, 0.581, 0.9550, 0.8675, 0.7253, 0.5322, 0.3152, 0.1471, 
4, 136, 0.1071, 0.0004, 98.438, 100.000, 0.972, 0.611, 0.9599, 0.8821, 0.7577, 0.5860, 0.3926, 0.2098, 
4, 135, 0.1272, 0.0005, 93.750, 100.000, 0.967, 0.549, 0.9559, 0.8710, 0.7345, 0.5443, 0.3542, 0.1941, 
4, 134, 0.0399, 0.0005, 98.438, 100.000, 0.967, 0.548, 0.9559, 0.8689, 0.7302, 0.5480, 0.3640, 0.1988, 
4, 133, 0.2659, 0.0006, 92.188, 98.438, 0.915, 0.391, 0.9132, 0.7719, 0.5721, 0.3641, 0.2003, 0.1092, 
4, 132, 0.0861, 0.0005, 96.875, 100.000, 0.960, 0.511, 0.9540, 0.8619, 0.7091, 0.5097, 0.3011, 0.1363, 
4, 131, 0.1095, 0.0005, 95.312, 100.000, 0.975, 0.483, 0.9630, 0.8849, 0.7556, 0.5606, 0.3354, 0.1516, 
4, 130, 0.1419, 0.0005, 96.875, 100.000, 0.966, 0.503, 0.9601, 0.8764, 0.7308, 0.5295, 0.3086, 0.1365, 
4, 129, 0.0214, 0.0005, 100.000, 100.000, 0.976, 0.520, 0.9633, 0.8879, 0.7457, 0.5458, 0.3213, 0.1550, 
4, 128, 0.0975, 0.0006, 98.438, 100.000, 0.965, 0.387, 0.9528, 0.8707, 0.7171, 0.4962, 0.2682, 0.1171, 
4, 127, 0.0856, 0.0005, 98.438, 100.000, 0.972, 0.585, 0.9629, 0.8902, 0.7427, 0.5391, 0.3148, 0.1398, 
5, 125, 0.0578, 0.0005, 96.875, 100.000, 0.966, 0.492, 0.9572, 0.8692, 0.7140, 0.4951, 0.2653, 0.1141, 
5, 124, 0.1113, 0.0005, 98.438, 100.000, 0.941, 0.562, 0.9290, 0.8154, 0.6629, 0.4845, 0.3151, 0.1951, 
5, 123, 0.1796, 0.0005, 96.875, 100.000, 0.951, 0.641, 0.9373, 0.8350, 0.6831, 0.5077, 0.3376, 0.1980, 
5, 122, 0.1029, 0.0005, 95.312, 100.000, 0.971, 0.578, 0.9589, 0.8825, 0.7450, 0.5462, 0.3272, 0.1487, 
5, 121, 0.1743, 0.0005, 92.188, 100.000, 0.972, 0.520, 0.9617, 0.8861, 0.7511, 0.5585, 0.3406, 0.1649, 
5, 120, 0.1895, 0.0006, 96.875, 100.000, 0.963, 0.445, 0.9542, 0.8676, 0.7383, 0.5580, 0.3465, 0.1710, 
5, 119, 0.1104, 0.0006, 96.875, 100.000, 0.969, 0.413, 0.9553, 0.8719, 0.7394, 0.5573, 0.3470, 0.1648, 
5, 118, 0.0434, 0.0005, 98.438, 100.000, 0.971, 0.503, 0.9566, 0.8726, 0.7243, 0.5297, 0.3165, 0.1486, 
5, 117, 0.0950, 0.0005, 96.875, 100.000, 0.973, 0.610, 0.9650, 0.8918, 0.7622, 0.5673, 0.3375, 0.1553, 
5, 116, 0.0589, 0.0004, 98.438, 100.000, 0.974, 0.635, 0.9622, 0.8826, 0.7521, 0.5754, 0.3721, 0.1856, 
5, 115, 0.0931, 0.0005, 96.875, 100.000, 0.967, 0.561, 0.9500, 0.8568, 0.7113, 0.5098, 0.3139, 0.1583, 
5, 114, 0.0656, 0.0006, 98.438, 100.000, 0.967, 0.399, 0.9472, 0.8494, 0.6584, 0.4041, 0.1893, 0.0742, 
5, 113, 0.2269, 0.0006, 93.750, 98.438, 0.950, 0.454, 0.9469, 0.8527, 0.7106, 0.4924, 0.2598, 0.1178, 
5, 112, 0.0357, 0.0005, 100.000, 100.000, 0.971, 0.581, 0.9603, 0.8699, 0.7160, 0.5114, 0.2949, 0.1442, 
5, 111, 0.2074, 0.0004, 95.312, 100.000, 0.970, 0.623, 0.9575, 0.8787, 0.7531, 0.5692, 0.3643, 0.1668, 
5, 110, 0.1296, 0.0005, 93.750, 100.000, 0.972, 0.589, 0.9637, 0.8862, 0.7503, 0.5515, 0.3256, 0.1540, 
5, 109, 0.0634, 0.0005, 98.438, 100.000, 0.974, 0.569, 0.9629, 0.8886, 0.7565, 0.5577, 0.3351, 0.1625, 
5, 108, 0.0912, 0.0004, 98.438, 100.000, 0.973, 0.636, 0.9592, 0.8810, 0.7370, 0.5373, 0.3065, 0.1276, 
5, 107, 0.1448, 0.0004, 95.312, 100.000, 0.967, 0.623, 0.9589, 0.8766, 0.7267, 0.5167, 0.2906, 0.1269, 
5, 106, 0.0778, 0.0005, 98.438, 100.000, 0.963, 0.523, 0.9497, 0.8438, 0.6593, 0.4249, 0.2236, 0.0962, 
5, 105, 0.0974, 0.0005, 96.875, 100.000, 0.961, 0.558, 0.9442, 0.8455, 0.6725, 0.4571, 0.2590, 0.1210, 
5, 104, 0.0577, 0.0005, 98.438, 100.000, 0.968, 0.616, 0.9654, 0.8950, 0.7696, 0.5782, 0.3362, 0.1323, 
5, 103, 0.2640, 0.0005, 92.188, 100.000, 0.914, 0.580, 0.9340, 0.8423, 0.7261, 0.5657, 0.3509, 0.1677, 
5, 102, 0.2051, 0.0006, 93.750, 98.438, 0.941, 0.466, 0.9344, 0.8268, 0.6581, 0.4526, 0.2679, 0.1431, 
5, 101, 0.3247, 0.0006, 87.500, 100.000, 0.945, 0.387, 0.9377, 0.8374, 0.6633, 0.4241, 0.2274, 0.1103, 
5, 100, 0.0874, 0.0006, 98.438, 100.000, 0.926, 0.473, 0.9359, 0.8373, 0.6838, 0.4883, 0.2822, 0.1187, 
5, 99, 0.2366, 0.0006, 90.625, 100.000, 0.963, 0.391, 0.9543, 0.8667, 0.7204, 0.5158, 0.3011, 0.1313, 
5, 98, 0.1646, 0.0006, 95.312, 100.000, 0.969, 0.421, 0.9549, 0.8763, 0.7282, 0.5136, 0.2917, 0.1200, 
5, 97, 0.0545, 0.0005, 100.000, 100.000, 0.954, 0.516, 0.9528, 0.8655, 0.7176, 0.5080, 0.3029, 0.1444, 
5, 96, 0.1300, 0.0006, 98.438, 100.000, 0.963, 0.490, 0.9469, 0.8549, 0.6971, 0.4805, 0.2783, 0.1367, 
5, 95, 0.1042, 0.0005, 96.875, 100.000, 0.962, 0.586, 0.9541, 0.8742, 0.7392, 0.5507, 0.3407, 0.1640, 
6, 94, 0.0734, 0.0005, 96.875, 100.000, 0.971, 0.595, 0.9588, 0.8785, 0.7278, 0.5219, 0.3042, 0.1470, 
6, 93, 0.1406, 0.0005, 96.875, 100.000, 0.967, 0.606, 0.9547, 0.8771, 0.7388, 0.5339, 0.3070, 0.1424, 
6, 92, 0.2428, 0.0006, 93.750, 100.000, 0.945, 0.451, 0.9379, 0.8335, 0.6768, 0.4764, 0.2703, 0.1360, 
6, 91, 0.0602, 0.0004, 96.875, 100.000, 0.974, 0.645, 0.9610, 0.8907, 0.7673, 0.5918, 0.3876, 0.1999, 
6, 90, 0.0736, 0.0005, 98.438, 100.000, 0.973, 0.596, 0.9617, 0.8785, 0.7293, 0.5192, 0.3002, 0.1366, 
6, 89, 0.0739, 0.0005, 98.438, 100.000, 0.964, 0.543, 0.9537, 0.8690, 0.7302, 0.5435, 0.3228, 0.1395, 
6, 88, 0.3137, 0.0005, 93.750, 100.000, 0.934, 0.573, 0.9215, 0.8060, 0.6467, 0.4541, 0.2601, 0.1010, 
6, 87, 0.0534, 0.0005, 98.438, 100.000, 0.965, 0.518, 0.9529, 0.8618, 0.7093, 0.5014, 0.2924, 0.1396, 
6, 86, 0.1399, 0.0005, 95.312, 100.000, 0.964, 0.486, 0.9479, 0.8486, 0.6857, 0.4760, 0.2626, 0.1106, 
6, 85, 0.3335, 0.0005, 90.625, 100.000, 0.946, 0.621, 0.9385, 0.8290, 0.6488, 0.4227, 0.2228, 0.0964, 
6, 84, 0.2261, 0.0006, 90.625, 100.000, 0.940, 0.493, 0.9265, 0.8033, 0.6150, 0.4051, 0.2255, 0.0985, 
6, 83, 0.1185, 0.0005, 95.312, 100.000, 0.960, 0.536, 0.9533, 0.8677, 0.7221, 0.5158, 0.2970, 0.1406, 
6, 82, 0.0756, 0.0005, 96.875, 100.000, 0.972, 0.508, 0.9576, 0.8777, 0.7421, 0.5295, 0.3015, 0.1287, 
6, 81, 0.0994, 0.0005, 95.312, 100.000, 0.969, 0.531, 0.9585, 0.8837, 0.7515, 0.5409, 0.2991, 0.1217, 
6, 80, 0.2937, 0.0006, 90.625, 100.000, 0.962, 0.460, 0.9527, 0.8620, 0.7205, 0.5242, 0.3060, 0.1351, 
6, 79, 0.0986, 0.0006, 96.875, 100.000, 0.962, 0.411, 0.9476, 0.8583, 0.7253, 0.5489, 0.3411, 0.1557, 
6, 78, 0.0610, 0.0006, 98.438, 100.000, 0.970, 0.449, 0.9564, 0.8692, 0.7139, 0.4908, 0.2698, 0.1122, 
6, 77, 0.1982, 0.0005, 93.750, 98.438, 0.967, 0.573, 0.9537, 0.8617, 0.7166, 0.5255, 0.3171, 0.1439, 
6, 76, 0.0799, 0.0006, 96.875, 100.000, 0.945, 0.542, 0.9364, 0.8224, 0.6533, 0.4416, 0.2377, 0.1175, 
6, 75, 0.0521, 0.0005, 100.000, 100.000, 0.970, 0.581, 0.9541, 0.8694, 0.7278, 0.5215, 0.2881, 0.1259, 
6, 74, 0.0561, 0.0005, 100.000, 100.000, 0.964, 0.602, 0.9534, 0.8717, 0.7340, 0.5535, 0.3482, 0.1676, 
6, 73, 0.2080, 0.0006, 92.188, 100.000, 0.926, 0.540, 0.9270, 0.8123, 0.6422, 0.4227, 0.2271, 0.1176, 
6, 72, 0.2397, 0.0005, 90.625, 100.000, 0.959, 0.536, 0.9451, 0.8491, 0.7056, 0.4968, 0.2715, 0.1150, 
6, 71, 0.1172, 0.0005, 96.875, 100.000, 0.972, 0.548, 0.9517, 0.8515, 0.6757, 0.4513, 0.2625, 0.1201, 
6, 70, 0.0981, 0.0005, 96.875, 100.000, 0.962, 0.546, 0.9546, 0.8569, 0.6796, 0.4559, 0.2574, 0.1272, 
6, 69, 0.0988, 0.0005, 95.312, 100.000, 0.968, 0.588, 0.9476, 0.8552, 0.7038, 0.4827, 0.2656, 0.1191, 
6, 68, 0.1857, 0.0005, 95.312, 98.438, 0.970, 0.551, 0.9552, 0.8655, 0.7240, 0.5298, 0.3227, 0.1416, 
6, 67, 0.2018, 0.0006, 93.750, 100.000, 0.964, 0.429, 0.9507, 0.8576, 0.7025, 0.4888, 0.2676, 0.1093, 
6, 66, 0.1890, 0.0006, 93.750, 100.000, 0.948, 0.383, 0.9347, 0.8221, 0.6551, 0.4420, 0.2226, 0.0893, 
6, 65, 0.0683, 0.0006, 98.438, 100.000, 0.958, 0.414, 0.9405, 0.8265, 0.6458, 0.4152, 0.1971, 0.0810, 
6, 64, 0.0845, 0.0007, 98.438, 100.000, 0.941, 0.395, 0.9241, 0.8095, 0.6304, 0.4213, 0.2180, 0.0936, 
7, 64, 0.0948, 0.0006, 98.438, 100.000, 0.958, 0.399, 0.9372, 0.8212, 0.6403, 0.3981, 0.1918, 0.0820, 
7, 63, 0.2437, 0.0005, 92.188, 100.000, 0.961, 0.627, 0.9399, 0.8376, 0.6820, 0.4868, 0.2762, 0.1207, 
7, 62, 0.2039, 0.0006, 92.188, 100.000, 0.914, 0.484, 0.9284, 0.8120, 0.6345, 0.4349, 0.2405, 0.1178, 
7, 61, 0.0808, 0.0005, 95.312, 100.000, 0.968, 0.615, 0.9525, 0.8620, 0.7224, 0.5323, 0.3288, 0.1477, 
7, 60, 0.3816, 0.0005, 92.188, 98.438, 0.945, 0.562, 0.9362, 0.8333, 0.6723, 0.4487, 0.2238, 0.0911, 
7, 59, 0.1402, 0.0006, 93.750, 100.000, 0.962, 0.445, 0.9468, 0.8544, 0.6931, 0.4776, 0.2748, 0.1431, 
7, 58, 0.1282, 0.0007, 96.875, 100.000, 0.912, 0.381, 0.9102, 0.7767, 0.5941, 0.3765, 0.1931, 0.0944, 
7, 57, 0.2205, 0.0005, 93.750, 100.000, 0.959, 0.517, 0.9438, 0.8472, 0.7044, 0.5086, 0.3010, 0.1235, 
7, 56, 0.1447, 0.0006, 95.312, 100.000, 0.959, 0.433, 0.9452, 0.8439, 0.6845, 0.4660, 0.2564, 0.1133, 
7, 55, 0.1616, 0.0006, 93.750, 100.000, 0.971, 0.438, 0.9483, 0.8539, 0.7005, 0.4984, 0.2879, 0.1164, 
7, 54, 0.0573, 0.0006, 98.438, 100.000, 0.964, 0.405, 0.9451, 0.8483, 0.7059, 0.5273, 0.3242, 0.1479, 
7, 53, 0.0328, 0.0006, 100.000, 100.000, 0.967, 0.437, 0.9547, 0.8674, 0.7279, 0.5390, 0.3208, 0.1522, 
7, 52, 0.1333, 0.0006, 95.312, 100.000, 0.963, 0.473, 0.9491, 0.8524, 0.6961, 0.5049, 0.3024, 0.1349, 
7, 51, 0.0638, 0.0006, 98.438, 100.000, 0.956, 0.507, 0.9446, 0.8407, 0.6880, 0.4904, 0.2867, 0.1385, 
7, 50, 0.1325, 0.0005, 95.312, 100.000, 0.962, 0.504, 0.9435, 0.8314, 0.6632, 0.4539, 0.2436, 0.0979, 
7, 49, 0.1111, 0.0006, 95.312, 100.000, 0.964, 0.486, 0.9452, 0.8434, 0.6936, 0.4734, 0.2525, 0.1135, 
7, 48, 0.1478, 0.0006, 95.312, 100.000, 0.962, 0.425, 0.9385, 0.8206, 0.6302, 0.3996, 0.1963, 0.0765, 
7, 47, 0.0834, 0.0006, 96.875, 100.000, 0.965, 0.459, 0.9472, 0.8430, 0.6847, 0.4707, 0.2574, 0.1041, 
7, 46, 0.1131, 0.0006, 96.875, 100.000, 0.969, 0.461, 0.9470, 0.8411, 0.6810, 0.4667, 0.2534, 0.0961, 
7, 45, 0.1616, 0.0006, 96.875, 100.000, 0.951, 0.325, 0.9303, 0.8039, 0.6050, 0.3670, 0.1754, 0.0689, 
7, 44, 0.2220, 0.0006, 90.625, 98.438, 0.945, 0.529, 0.9275, 0.7810, 0.5438, 0.3254, 0.1729, 0.0874, 
7, 43, 0.3385, 0.0006, 87.500, 98.438, 0.931, 0.413, 0.9039, 0.7307, 0.5088, 0.3081, 0.1394, 0.0549, 
7, 42, 0.1482, 0.0006, 95.312, 100.000, 0.945, 0.403, 0.9143, 0.7574, 0.5442, 0.3312, 0.1659, 0.0786, 
7, 41, 0.0707, 0.0005, 96.875, 100.000, 0.963, 0.505, 0.9386, 0.8146, 0.6203, 0.3957, 0.1974, 0.0823, 
7, 40, 0.2023, 0.0006, 90.625, 100.000, 0.956, 0.427, 0.9356, 0.8180, 0.6431, 0.4065, 0.1979, 0.0680, 
7, 39, 0.0532, 0.0005, 98.438, 100.000, 0.955, 0.542, 0.9313, 0.8019, 0.6186, 0.4114, 0.2226, 0.0827, 
7, 38, 0.3372, 0.0006, 92.188, 100.000, 0.941, 0.519, 0.9143, 0.7734, 0.5750, 0.3661, 0.2072, 0.1094, 
7, 37, 0.2604, 0.0006, 95.312, 100.000, 0.951, 0.431, 0.9207, 0.7606, 0.5309, 0.3136, 0.1615, 0.0773, 
7, 36, 0.1380, 0.0007, 93.750, 100.000, 0.910, 0.340, 0.8734, 0.6744, 0.4512, 0.2674, 0.1528, 0.0879, 
7, 35, 0.1937, 0.0006, 92.188, 100.000, 0.949, 0.425, 0.9239, 0.7820, 0.5736, 0.3578, 0.1909, 0.1064, 
7, 34, 0.1248, 0.0006, 96.875, 100.000, 0.941, 0.398, 0.9171, 0.7631, 0.5617, 0.3630, 0.2000, 0.1062, 
7, 33, 0.2819, 0.0006, 89.062, 100.000, 0.951, 0.416, 0.9165, 0.7762, 0.5870, 0.3843, 0.2166, 0.1041, 
8, 33, 0.6229, 0.0007, 81.250, 98.438, 0.906, 0.359, 0.8912, 0.7328, 0.5455, 0.3586, 0.1994, 0.0967, 
8, 32, 0.1115, 0.0007, 95.312, 100.000, 0.926, 0.360, 0.8852, 0.6966, 0.4710, 0.2871, 0.1637, 0.0915, 
8, 31, 0.1975, 0.0006, 96.875, 98.438, 0.947, 0.407, 0.9161, 0.7756, 0.5829, 0.3887, 0.2243, 0.1292, 
8, 30, 0.2266, 0.0006, 95.312, 100.000, 0.936, 0.464, 0.9028, 0.7311, 0.5251, 0.3221, 0.1771, 0.0864, 
8, 29, 0.2685, 0.0007, 90.625, 100.000, 0.928, 0.464, 0.8930, 0.7066, 0.4894, 0.2872, 0.1457, 0.0668, 
8, 28, 0.3942, 0.0008, 85.938, 100.000, 0.853, 0.473, 0.8741, 0.6758, 0.4378, 0.2536, 0.1365, 0.0717, 
8, 27, 0.2970, 0.0007, 89.062, 98.438, 0.921, 0.399, 0.8884, 0.7071, 0.4978, 0.2997, 0.1558, 0.0722, 
8, 26, 0.2182, 0.0006, 92.188, 100.000, 0.919, 0.487, 0.8743, 0.6847, 0.4597, 0.2596, 0.1250, 0.0535, 
8, 25, 0.1629, 0.0007, 92.188, 100.000, 0.893, 0.452, 0.8670, 0.6617, 0.4358, 0.2324, 0.1151, 0.0562, 
8, 24, 0.4595, 0.0007, 82.812, 98.438, 0.890, 0.386, 0.8641, 0.6597, 0.4445, 0.2564, 0.1254, 0.0485, 
8, 23, 0.4681, 0.0007, 81.250, 100.000, 0.894, 0.495, 0.8678, 0.6875, 0.4950, 0.3277, 0.1836, 0.0802, 
8, 22, 0.1606, 0.0007, 96.875, 100.000, 0.917, 0.442, 0.8891, 0.7227, 0.5215, 0.3078, 0.1650, 0.0845, 
8, 21, 0.5872, 0.0008, 82.812, 100.000, 0.846, 0.394, 0.8349, 0.6545, 0.4564, 0.2734, 0.1510, 0.0852, 
8, 20, 0.3927, 0.0009, 87.500, 100.000, 0.793, 0.387, 0.7966, 0.5201, 0.2726, 0.1337, 0.0668, 0.0344, 
8, 19, 0.4068, 0.0008, 85.938, 100.000, 0.854, 0.407, 0.8391, 0.6301, 0.4097, 0.2235, 0.1199, 0.0684, 
8, 18, 1.0708, 0.0011, 68.750, 96.875, 0.726, 0.283, 0.8055, 0.5896, 0.3703, 0.1967, 0.0988, 0.0577, 
8, 17, 1.1431, 0.0013, 65.625, 96.875, 0.632, 0.281, 0.8643, 0.6918, 0.5172, 0.3476, 0.2326, 0.1530, 
8, 16, 1.7585, 0.0013, 56.250, 90.625, 0.587, 0.341, 0.8401, 0.6624, 0.4743, 0.3045, 0.1715, 0.0754, 
8, 15, 1.2564, 0.0013, 50.000, 98.438, 0.500, 0.426, 0.7054, 0.4650, 0.2904, 0.1685, 0.0829, 0.0406, 
8, 14, 1.4316, 0.0013, 59.375, 92.188, 0.581, 0.378, 0.7473, 0.5066, 0.3211, 0.1680, 0.0926, 0.0553, 
8, 13, 1.1291, 0.0013, 65.625, 98.438, 0.589, 0.324, 0.7139, 0.4460, 0.2559, 0.1271, 0.0693, 0.0491, 
8, 12, 1.0850, 0.0013, 65.625, 96.875, 0.595, 0.390, 0.7611, 0.5356, 0.3256, 0.1797, 0.1061, 0.0694, 
8, 11, 1.8659, 0.0014, 37.500, 92.188, 0.490, 0.292, 0.8313, 0.6611, 0.4895, 0.3420, 0.2128, 0.1224, 
8, 10, 1.6139, 0.0017, 28.125, 95.312, 0.358, 0.185, 0.7660, 0.6054, 0.5054, 0.3929, 0.2494, 0.1444, 
8, 9, 1.5311, 0.0016, 34.375, 93.750, 0.418, 0.237, 0.7285, 0.5281, 0.3517, 0.2238, 0.1403, 0.1214, 
8, 8, 1.4860, 0.0016, 39.062, 92.188, 0.431, 0.255, 0.6436, 0.3740, 0.2235, 0.1403, 0.1083, 0.1027, 
8, 7, 2.5292, 0.0019, 28.125, 89.062, 0.304, 0.197, 0.6539, 0.3911, 0.2617, 0.2348, 0.2335, 0.2322, 
8, 6, 2.3029, 0.0021, 21.875, 68.750, 0.205, 0.144, 0.8360, 0.5995, 0.4701, 0.4599, 0.4599, 0.4599, 
8, 5, 2.5357, 0.0020, 20.312, 71.875, 0.203, 0.124, 0.7965, 0.5192, 0.3850, 0.3771, 0.3771, 0.3771, 
8, 4, 2.3748, 0.0024, 9.375, 50.000, 0.089, 0.051, 1.0000, 1.0000, 1.0000, 1.0000, 1.0000, 1.0000, 
8, 3, 2.3340, 0.0024, 10.938, 50.000, 0.089, 0.048, 1.0000, 1.0000, 1.0000, 1.0000, 1.0000, 1.0000, 
8, 2, 2.3810, 0.0024, 7.812, 46.875, 0.101, 0.052, 1.0000, 1.0000, 1.0000, 1.0000, 1.0000, 1.0000, 
9, 0, 2.3974, 0.0024, 9.375, 37.500, 0.101, 0.051, 1.0000, 1.0000, 1.0000, 1.0000, 1.0000, 1.0000, 
