main_allinputs_dl2.py --pruning=True --tensorboard=True --log-interval=15 --pruning_config=./configs/mnist_22_15.json --constraint RobustnessDandR(eps1=25, eps2=4) --print-after-epoch=0 --dl2-weight=0.2 --delay=6
pruning_engine.load_mask(): did not find mask file, will load nothing
epoch, neuron_units, loss, dl2_loss, top1, top5, dl2_p_acc, dl2_constraint_acc
[0] Train acc: 0.1406
1, 252, 2.2927, 0.0023, 14.062, 59.375, 0.103, 1.000, 
[15] Train acc: 0.1875
1, 252, 2.2763, 0.0023, 18.750, 68.750, 0.103, 1.000, 
[30] Train acc: 0.3125
1, 252, 2.2343, 0.0023, 31.250, 75.000, 0.205, 1.000, 
[45] Train acc: 0.3594
1, 252, 2.1083, 0.0022, 35.938, 89.062, 0.408, 1.000, 
[60] Train acc: 0.5625
1, 252, 1.8079, 0.0021, 56.250, 90.625, 0.576, 1.000, 
[75] Train acc: 0.6719
1, 252, 1.1560, 0.0017, 67.188, 95.312, 0.646, 1.000, 
[90] Train acc: 0.6250
1, 252, 1.0569, 0.0015, 62.500, 98.438, 0.674, 1.000, 
[105] Train acc: 0.7031
1, 252, 0.8945, 0.0013, 70.312, 95.312, 0.730, 1.000, 
[120] Train acc: 0.8125
1, 252, 0.5999, 0.0011, 81.250, 98.438, 0.806, 0.999, 
[135] Train acc: 0.8594
1, 252, 0.3908, 0.0010, 85.938, 100.000, 0.854, 0.998, 
[150] Train acc: 0.8594
1, 252, 0.5338, 0.0010, 85.938, 100.000, 0.820, 0.999, 
[165] Train acc: 0.8281
1, 252, 0.5438, 0.0010, 82.812, 98.438, 0.764, 0.996, 
[180] Train acc: 0.9062
1, 252, 0.4400, 0.0009, 90.625, 98.438, 0.846, 0.991, 
[195] Train acc: 0.9062
1, 252, 0.2807, 0.0009, 90.625, 100.000, 0.848, 0.983, 
[210] Train acc: 0.9219
1, 252, 0.3626, 0.0009, 92.188, 98.438, 0.857, 0.991, 
[225] Train acc: 0.8750
1, 252, 0.3995, 0.0008, 87.500, 100.000, 0.887, 0.984, 
[240] Train acc: 0.8750
1, 252, 0.4170, 0.0008, 87.500, 98.438, 0.877, 0.972, 
[255] Train acc: 0.8281
1, 252, 0.4295, 0.0008, 82.812, 100.000, 0.851, 0.977, 
[270] Train acc: 0.9219
1, 252, 0.2311, 0.0008, 92.188, 100.000, 0.843, 0.978, 
[285] Train acc: 0.9375
1, 252, 0.2467, 0.0007, 93.750, 100.000, 0.920, 0.957, 
[300] Train acc: 0.9062
1, 252, 0.2694, 0.0007, 90.625, 100.000, 0.911, 0.957, 
[315] Train acc: 0.9219
1, 252, 0.2680, 0.0007, 92.188, 98.438, 0.922, 0.955, 
[330] Train acc: 0.9062
1, 252, 0.3726, 0.0007, 90.625, 98.438, 0.864, 0.957, 
[345] Train acc: 0.8594
1, 252, 0.4701, 0.0007, 85.938, 98.438, 0.908, 0.953, 
[360] Train acc: 0.8750
1, 252, 0.2838, 0.0007, 87.500, 100.000, 0.909, 0.953, 
[375] Train acc: 0.9375
1, 252, 0.1560, 0.0007, 93.750, 100.000, 0.923, 0.946, 
[390] Train acc: 0.9062
1, 252, 0.2070, 0.0006, 90.625, 100.000, 0.915, 0.942, 
[405] Train acc: 0.9375
1, 252, 0.1975, 0.0006, 93.750, 100.000, 0.918, 0.951, 
[420] Train acc: 0.9219
1, 252, 0.2446, 0.0006, 92.188, 100.000, 0.936, 0.936, 
[435] Train acc: 0.9219
1, 252, 0.2261, 0.0006, 92.188, 100.000, 0.935, 0.948, 
[450] Train acc: 0.9219
1, 252, 0.1807, 0.0006, 92.188, 100.000, 0.942, 0.924, 
[465] Train acc: 0.8906
1, 252, 0.3503, 0.0006, 89.062, 100.000, 0.914, 0.913, 
[480] Train acc: 1.0000
1, 252, 0.0762, 0.0006, 100.000, 100.000, 0.934, 0.905, 
[495] Train acc: 0.9531
1, 252, 0.1621, 0.0006, 95.312, 100.000, 0.948, 0.916, 
[510] Train acc: 0.9219
1, 252, 0.1649, 0.0005, 92.188, 100.000, 0.949, 0.913, 
[525] Train acc: 0.9531
1, 252, 0.1392, 0.0006, 95.312, 100.000, 0.945, 0.918, 
[540] Train acc: 0.9531
1, 252, 0.2543, 0.0006, 95.312, 98.438, 0.933, 0.925, 
[555] Train acc: 0.9688
1, 252, 0.1702, 0.0005, 96.875, 98.438, 0.953, 0.889, 
[570] Train acc: 0.9531
1, 252, 0.1492, 0.0005, 95.312, 100.000, 0.925, 0.878, 
[585] Train acc: 0.9844
1, 252, 0.0822, 0.0005, 98.438, 100.000, 0.950, 0.907, 
[600] Train acc: 0.9531
1, 252, 0.1890, 0.0005, 95.312, 100.000, 0.951, 0.896, 
[615] Train acc: 0.9531
1, 252, 0.1561, 0.0005, 95.312, 100.000, 0.951, 0.894, 
[630] Train acc: 0.9375
1, 252, 0.3362, 0.0005, 93.750, 100.000, 0.956, 0.905, 
[645] Train acc: 0.9688
1, 252, 0.1513, 0.0005, 96.875, 100.000, 0.956, 0.899, 
[660] Train acc: 0.9688
1, 252, 0.1354, 0.0005, 96.875, 100.000, 0.956, 0.871, 
[675] Train acc: 0.9375
1, 252, 0.1571, 0.0005, 93.750, 100.000, 0.956, 0.868, 
[690] Train acc: 0.9688
1, 252, 0.1637, 0.0005, 96.875, 98.438, 0.958, 0.901, 
[705] Train acc: 0.8906
1, 252, 0.3415, 0.0005, 89.062, 100.000, 0.953, 0.881, 
[720] Train acc: 1.0000
1, 252, 0.0550, 0.0005, 100.000, 100.000, 0.958, 0.856, 
[735] Train acc: 0.9375
1, 252, 0.1595, 0.0005, 93.750, 100.000, 0.956, 0.892, 
[750] Train acc: 0.9688
1, 252, 0.0683, 0.0005, 96.875, 100.000, 0.950, 0.844, 
[765] Train acc: 0.9062
1, 252, 0.2801, 0.0005, 90.625, 100.000, 0.945, 0.885, 
[780] Train acc: 0.9219
1, 252, 0.1975, 0.0005, 92.188, 100.000, 0.965, 0.910, 
[795] Train acc: 0.9375
1, 252, 0.1232, 0.0005, 93.750, 100.000, 0.960, 0.928, 
[810] Train acc: 1.0000
1, 252, 0.0531, 0.0005, 100.000, 100.000, 0.963, 0.904, 
[825] Train acc: 0.9531
1, 252, 0.1005, 0.0005, 95.312, 100.000, 0.959, 0.904, 
[840] Train acc: 0.9531
1, 252, 0.1271, 0.0005, 95.312, 100.000, 0.969, 0.897, 
[855] Train acc: 0.9375
1, 252, 0.1566, 0.0005, 93.750, 100.000, 0.942, 0.890, 
[870] Train acc: 0.9531
1, 252, 0.1490, 0.0004, 95.312, 100.000, 0.963, 0.870, 
[885] Train acc: 0.9375
1, 252, 0.1344, 0.0005, 93.750, 100.000, 0.959, 0.897, 
[900] Train acc: 0.9531
1, 252, 0.1105, 0.0004, 95.312, 100.000, 0.962, 0.851, 
[915] Train acc: 0.9375
1, 252, 0.1970, 0.0004, 93.750, 100.000, 0.960, 0.851, 
[930] Train acc: 0.9375
1, 252, 0.1600, 0.0004, 93.750, 100.000, 0.965, 0.846, 
[0] Train acc: 0.9531
2, 252, 0.1407, 0.0004, 95.312, 100.000, 0.963, 0.831, 
[15] Train acc: 0.9844
2, 252, 0.0752, 0.0004, 98.438, 100.000, 0.967, 0.825, 
[30] Train acc: 0.9688
2, 252, 0.0801, 0.0004, 96.875, 100.000, 0.955, 0.807, 
[45] Train acc: 0.9688
2, 252, 0.0949, 0.0004, 96.875, 100.000, 0.965, 0.792, 
[60] Train acc: 0.9844
2, 252, 0.0438, 0.0004, 98.438, 100.000, 0.963, 0.834, 
[75] Train acc: 0.9688
2, 252, 0.1399, 0.0004, 96.875, 100.000, 0.966, 0.833, 
[90] Train acc: 0.9375
2, 252, 0.3302, 0.0004, 93.750, 100.000, 0.967, 0.847, 
[105] Train acc: 0.9844
2, 252, 0.0491, 0.0004, 98.438, 100.000, 0.970, 0.873, 
[120] Train acc: 0.9688
2, 252, 0.0914, 0.0004, 96.875, 100.000, 0.970, 0.854, 
[135] Train acc: 0.9688
2, 252, 0.1508, 0.0004, 96.875, 100.000, 0.964, 0.843, 
[150] Train acc: 0.9531
2, 252, 0.0793, 0.0004, 95.312, 100.000, 0.967, 0.825, 
[165] Train acc: 0.9844
2, 252, 0.0713, 0.0004, 98.438, 100.000, 0.969, 0.826, 
[180] Train acc: 0.9531
2, 252, 0.0830, 0.0004, 95.312, 100.000, 0.966, 0.787, 
[195] Train acc: 0.9844
2, 252, 0.0966, 0.0004, 98.438, 100.000, 0.961, 0.826, 
[210] Train acc: 0.9688
2, 252, 0.0620, 0.0004, 96.875, 100.000, 0.973, 0.756, 
[225] Train acc: 0.9531
2, 252, 0.1448, 0.0004, 95.312, 100.000, 0.965, 0.765, 
[240] Train acc: 0.9531
2, 252, 0.1479, 0.0004, 95.312, 100.000, 0.967, 0.839, 
[255] Train acc: 1.0000
2, 252, 0.0279, 0.0004, 100.000, 100.000, 0.968, 0.815, 
[270] Train acc: 0.9844
2, 252, 0.0609, 0.0003, 98.438, 100.000, 0.974, 0.770, 
[285] Train acc: 0.9844
2, 252, 0.0342, 0.0003, 98.438, 100.000, 0.975, 0.732, 
[300] Train acc: 0.9688
2, 252, 0.0782, 0.0004, 96.875, 100.000, 0.969, 0.768, 
[315] Train acc: 0.9375
2, 252, 0.1122, 0.0004, 93.750, 100.000, 0.975, 0.792, 
[330] Train acc: 0.9688
2, 252, 0.0469, 0.0004, 96.875, 100.000, 0.968, 0.780, 
[345] Train acc: 0.9531
2, 252, 0.2345, 0.0004, 95.312, 100.000, 0.977, 0.823, 
[360] Train acc: 0.9688
2, 252, 0.0647, 0.0004, 96.875, 100.000, 0.962, 0.879, 
[375] Train acc: 0.9531
2, 252, 0.1035, 0.0004, 95.312, 100.000, 0.976, 0.853, 
[390] Train acc: 0.9844
2, 252, 0.0274, 0.0004, 98.438, 100.000, 0.974, 0.814, 
[405] Train acc: 0.9844
2, 252, 0.0408, 0.0004, 98.438, 100.000, 0.968, 0.809, 
[420] Train acc: 0.9844
2, 252, 0.0255, 0.0004, 98.438, 100.000, 0.976, 0.775, 
[435] Train acc: 0.9844
2, 252, 0.0391, 0.0004, 98.438, 100.000, 0.977, 0.803, 
[450] Train acc: 0.9844
2, 252, 0.0888, 0.0003, 98.438, 100.000, 0.975, 0.775, 
[465] Train acc: 0.9688
2, 252, 0.0860, 0.0004, 96.875, 100.000, 0.972, 0.794, 
[480] Train acc: 0.9688
2, 252, 0.0826, 0.0004, 96.875, 100.000, 0.969, 0.804, 
[495] Train acc: 0.9375
2, 252, 0.1246, 0.0004, 93.750, 100.000, 0.972, 0.778, 
[510] Train acc: 1.0000
2, 252, 0.0169, 0.0004, 100.000, 100.000, 0.974, 0.823, 
[525] Train acc: 0.9688
2, 252, 0.1215, 0.0004, 96.875, 100.000, 0.977, 0.816, 
[540] Train acc: 0.9844
2, 252, 0.0627, 0.0004, 98.438, 100.000, 0.977, 0.850, 
[555] Train acc: 1.0000
2, 252, 0.0338, 0.0004, 100.000, 100.000, 0.977, 0.828, 
[570] Train acc: 0.9531
2, 252, 0.1980, 0.0004, 95.312, 100.000, 0.972, 0.810, 
[585] Train acc: 1.0000
2, 252, 0.0180, 0.0004, 100.000, 100.000, 0.965, 0.817, 
[600] Train acc: 0.9531
2, 252, 0.1889, 0.0004, 95.312, 100.000, 0.966, 0.793, 
[615] Train acc: 0.9531
2, 252, 0.1996, 0.0004, 95.312, 100.000, 0.972, 0.796, 
[630] Train acc: 0.9844
2, 252, 0.0752, 0.0004, 98.438, 100.000, 0.971, 0.786, 
[645] Train acc: 0.9062
2, 252, 0.2343, 0.0003, 90.625, 100.000, 0.980, 0.772, 
[660] Train acc: 0.9844
2, 252, 0.0542, 0.0003, 98.438, 100.000, 0.978, 0.754, 
[675] Train acc: 0.9844
2, 252, 0.0672, 0.0003, 98.438, 100.000, 0.977, 0.722, 
[690] Train acc: 0.9688
2, 252, 0.0481, 0.0003, 96.875, 100.000, 0.975, 0.707, 
[705] Train acc: 0.9844
2, 252, 0.0961, 0.0003, 98.438, 100.000, 0.970, 0.718, 
[720] Train acc: 0.9688
2, 252, 0.0633, 0.0003, 96.875, 100.000, 0.976, 0.726, 
[735] Train acc: 0.9844
2, 252, 0.0988, 0.0004, 98.438, 100.000, 0.959, 0.721, 
[750] Train acc: 0.9844
2, 252, 0.0208, 0.0003, 98.438, 100.000, 0.978, 0.744, 
[765] Train acc: 0.9688
2, 252, 0.0411, 0.0003, 96.875, 100.000, 0.978, 0.706, 
[780] Train acc: 0.9844
2, 252, 0.0408, 0.0003, 98.438, 100.000, 0.975, 0.707, 
[795] Train acc: 0.9688
2, 252, 0.0842, 0.0003, 96.875, 100.000, 0.976, 0.755, 
[810] Train acc: 0.9688
2, 252, 0.0810, 0.0003, 96.875, 100.000, 0.976, 0.720, 
[825] Train acc: 0.9375
2, 252, 0.2803, 0.0003, 93.750, 100.000, 0.979, 0.741, 
[840] Train acc: 1.0000
2, 252, 0.0204, 0.0003, 100.000, 100.000, 0.974, 0.732, 
[855] Train acc: 1.0000
2, 252, 0.0160, 0.0003, 100.000, 100.000, 0.980, 0.716, 
[870] Train acc: 1.0000
2, 252, 0.0261, 0.0003, 100.000, 100.000, 0.978, 0.723, 
[885] Train acc: 0.9844
2, 252, 0.0547, 0.0003, 98.438, 100.000, 0.977, 0.743, 
[900] Train acc: 0.9375
2, 252, 0.1150, 0.0003, 93.750, 100.000, 0.979, 0.762, 
[915] Train acc: 0.9688
2, 252, 0.0495, 0.0003, 96.875, 100.000, 0.981, 0.701, 
[930] Train acc: 0.9688
2, 252, 0.1090, 0.0003, 96.875, 100.000, 0.971, 0.747, 
[0] Train acc: 0.9688
3, 252, 0.1437, 0.0003, 96.875, 100.000, 0.970, 0.756, 
[15] Train acc: 1.0000
3, 252, 0.0285, 0.0003, 100.000, 100.000, 0.981, 0.736, 
[30] Train acc: 0.9844
3, 252, 0.0529, 0.0003, 98.438, 100.000, 0.978, 0.723, 
[45] Train acc: 0.9688
3, 252, 0.0809, 0.0004, 96.875, 100.000, 0.969, 0.766, 
[60] Train acc: 1.0000
3, 252, 0.0216, 0.0003, 100.000, 100.000, 0.981, 0.725, 
[75] Train acc: 0.9688
3, 252, 0.1329, 0.0003, 96.875, 100.000, 0.969, 0.734, 
[90] Train acc: 0.9844
3, 252, 0.0656, 0.0003, 98.438, 100.000, 0.976, 0.707, 
[105] Train acc: 1.0000
3, 252, 0.0243, 0.0003, 100.000, 100.000, 0.981, 0.739, 
[120] Train acc: 1.0000
3, 252, 0.0218, 0.0003, 100.000, 100.000, 0.979, 0.713, 
[135] Train acc: 0.9531
3, 252, 0.0817, 0.0003, 95.312, 100.000, 0.981, 0.737, 
[150] Train acc: 1.0000
3, 252, 0.0099, 0.0003, 100.000, 100.000, 0.975, 0.751, 
[165] Train acc: 0.9844
3, 252, 0.1767, 0.0003, 98.438, 100.000, 0.981, 0.763, 
[180] Train acc: 0.9531
3, 252, 0.1106, 0.0003, 95.312, 100.000, 0.981, 0.713, 
[195] Train acc: 0.9844
3, 252, 0.0700, 0.0003, 98.438, 100.000, 0.976, 0.716, 
[210] Train acc: 0.9531
3, 252, 0.0754, 0.0003, 95.312, 100.000, 0.972, 0.711, 
[225] Train acc: 1.0000
3, 252, 0.0133, 0.0003, 100.000, 100.000, 0.983, 0.668, 
[240] Train acc: 0.9688
3, 252, 0.0620, 0.0003, 96.875, 100.000, 0.980, 0.651, 
[255] Train acc: 0.9844
3, 252, 0.0525, 0.0003, 98.438, 100.000, 0.972, 0.681, 
[270] Train acc: 0.9688
3, 252, 0.0948, 0.0003, 96.875, 100.000, 0.982, 0.656, 
[285] Train acc: 0.9688
3, 252, 0.0618, 0.0003, 96.875, 100.000, 0.984, 0.687, 
[300] Train acc: 0.9844
3, 252, 0.0618, 0.0003, 98.438, 100.000, 0.981, 0.746, 
[315] Train acc: 0.9688
3, 252, 0.1432, 0.0003, 96.875, 100.000, 0.983, 0.726, 
[330] Train acc: 0.9531
3, 252, 0.1283, 0.0003, 95.312, 100.000, 0.978, 0.708, 
[345] Train acc: 1.0000
3, 252, 0.0156, 0.0003, 100.000, 100.000, 0.982, 0.683, 
[360] Train acc: 0.9844
3, 252, 0.0625, 0.0003, 98.438, 100.000, 0.979, 0.672, 
[375] Train acc: 1.0000
3, 252, 0.0429, 0.0003, 100.000, 100.000, 0.977, 0.639, 
[390] Train acc: 0.9375
3, 252, 0.2170, 0.0003, 93.750, 100.000, 0.966, 0.656, 
[405] Train acc: 0.9844
3, 252, 0.0477, 0.0003, 98.438, 100.000, 0.982, 0.638, 
[420] Train acc: 1.0000
3, 252, 0.0266, 0.0003, 100.000, 100.000, 0.982, 0.649, 
[435] Train acc: 0.9844
3, 252, 0.0296, 0.0003, 98.438, 100.000, 0.972, 0.724, 
[450] Train acc: 0.9844
3, 252, 0.0515, 0.0003, 98.438, 100.000, 0.979, 0.679, 
[465] Train acc: 1.0000
3, 252, 0.0425, 0.0003, 100.000, 100.000, 0.982, 0.687, 
[480] Train acc: 0.9844
3, 252, 0.1283, 0.0003, 98.438, 100.000, 0.981, 0.723, 
[495] Train acc: 0.9688
3, 252, 0.0506, 0.0003, 96.875, 100.000, 0.983, 0.656, 
[510] Train acc: 0.9688
3, 252, 0.0836, 0.0003, 96.875, 100.000, 0.982, 0.685, 
[525] Train acc: 0.9531
3, 252, 0.1020, 0.0003, 95.312, 100.000, 0.984, 0.681, 
[540] Train acc: 1.0000
3, 252, 0.0214, 0.0003, 100.000, 100.000, 0.982, 0.666, 
[555] Train acc: 0.9531
3, 252, 0.1520, 0.0003, 95.312, 100.000, 0.985, 0.781, 
[570] Train acc: 0.9844
3, 252, 0.0536, 0.0003, 98.438, 100.000, 0.978, 0.732, 
[585] Train acc: 1.0000
3, 252, 0.0112, 0.0003, 100.000, 100.000, 0.982, 0.669, 
[600] Train acc: 0.9375
3, 252, 0.1640, 0.0003, 93.750, 100.000, 0.980, 0.735, 
[615] Train acc: 0.9531
3, 252, 0.1815, 0.0003, 95.312, 100.000, 0.982, 0.712, 
[630] Train acc: 1.0000
3, 252, 0.0235, 0.0003, 100.000, 100.000, 0.984, 0.680, 
[645] Train acc: 0.9688
3, 252, 0.2124, 0.0003, 96.875, 100.000, 0.983, 0.696, 
[660] Train acc: 1.0000
3, 252, 0.0341, 0.0003, 100.000, 100.000, 0.983, 0.740, 
[675] Train acc: 1.0000
3, 252, 0.0153, 0.0003, 100.000, 100.000, 0.984, 0.687, 
[690] Train acc: 0.9844
3, 252, 0.0284, 0.0003, 98.438, 100.000, 0.985, 0.684, 
[705] Train acc: 1.0000
3, 252, 0.0274, 0.0003, 100.000, 100.000, 0.983, 0.685, 
[720] Train acc: 0.9844
3, 252, 0.0483, 0.0003, 98.438, 100.000, 0.984, 0.715, 
[735] Train acc: 0.9844
3, 252, 0.0342, 0.0003, 98.438, 100.000, 0.982, 0.700, 
[750] Train acc: 0.9844
3, 252, 0.0250, 0.0003, 98.438, 100.000, 0.986, 0.697, 
[765] Train acc: 1.0000
3, 252, 0.0191, 0.0003, 100.000, 100.000, 0.981, 0.691, 
[780] Train acc: 0.9531
3, 252, 0.1058, 0.0003, 95.312, 100.000, 0.984, 0.669, 
[795] Train acc: 0.9688
3, 252, 0.0497, 0.0003, 96.875, 100.000, 0.982, 0.642, 
[810] Train acc: 1.0000
3, 252, 0.0074, 0.0003, 100.000, 100.000, 0.978, 0.592, 
[825] Train acc: 1.0000
3, 252, 0.0133, 0.0002, 100.000, 100.000, 0.984, 0.596, 
[840] Train acc: 0.9531
3, 252, 0.0715, 0.0003, 95.312, 100.000, 0.981, 0.644, 
[855] Train acc: 1.0000
3, 252, 0.0085, 0.0003, 100.000, 100.000, 0.978, 0.711, 
[870] Train acc: 1.0000
3, 252, 0.0084, 0.0003, 100.000, 100.000, 0.981, 0.694, 
[885] Train acc: 1.0000
3, 252, 0.0144, 0.0003, 100.000, 100.000, 0.983, 0.680, 
[900] Train acc: 0.9844
3, 252, 0.0241, 0.0003, 98.438, 100.000, 0.981, 0.687, 
[915] Train acc: 0.9531
3, 252, 0.2423, 0.0003, 95.312, 100.000, 0.983, 0.682, 
[930] Train acc: 0.9844
3, 252, 0.0708, 0.0003, 98.438, 100.000, 0.987, 0.649, 
[0] Train acc: 0.9844
4, 252, 0.0484, 0.0003, 98.438, 100.000, 0.985, 0.674, 
[15] Train acc: 1.0000
4, 252, 0.0244, 0.0003, 100.000, 100.000, 0.983, 0.658, 
[30] Train acc: 0.9844
4, 252, 0.0416, 0.0003, 98.438, 100.000, 0.981, 0.648, 
[45] Train acc: 1.0000
4, 252, 0.0063, 0.0003, 100.000, 100.000, 0.985, 0.657, 
[60] Train acc: 1.0000
4, 252, 0.0215, 0.0003, 100.000, 100.000, 0.984, 0.662, 
[75] Train acc: 1.0000
4, 252, 0.0432, 0.0003, 100.000, 100.000, 0.972, 0.665, 
[90] Train acc: 0.9844
4, 252, 0.0448, 0.0002, 98.438, 100.000, 0.985, 0.570, 
[105] Train acc: 1.0000
4, 252, 0.0111, 0.0002, 100.000, 100.000, 0.984, 0.603, 
[120] Train acc: 0.9844
4, 252, 0.0530, 0.0003, 98.438, 100.000, 0.982, 0.671, 
[135] Train acc: 0.9844
4, 252, 0.0300, 0.0003, 98.438, 100.000, 0.985, 0.643, 
[150] Train acc: 0.9688
4, 252, 0.0593, 0.0002, 96.875, 100.000, 0.985, 0.617, 
[165] Train acc: 1.0000
4, 252, 0.0173, 0.0003, 100.000, 100.000, 0.982, 0.652, 
[180] Train acc: 0.9844
4, 252, 0.1133, 0.0002, 98.438, 100.000, 0.985, 0.604, 
[195] Train acc: 1.0000
4, 252, 0.0079, 0.0003, 100.000, 100.000, 0.983, 0.621, 
[210] Train acc: 0.9531
4, 252, 0.1191, 0.0003, 95.312, 100.000, 0.980, 0.614, 
[225] Train acc: 1.0000
4, 252, 0.0161, 0.0003, 100.000, 100.000, 0.985, 0.662, 
[240] Train acc: 1.0000
4, 252, 0.0187, 0.0003, 100.000, 100.000, 0.982, 0.663, 
[255] Train acc: 0.9844
4, 252, 0.1243, 0.0003, 98.438, 98.438, 0.983, 0.632, 
[270] Train acc: 1.0000
4, 252, 0.0103, 0.0002, 100.000, 100.000, 0.986, 0.601, 
[285] Train acc: 0.9688
4, 252, 0.0890, 0.0002, 96.875, 100.000, 0.986, 0.585, 
[300] Train acc: 1.0000
4, 252, 0.0147, 0.0003, 100.000, 100.000, 0.981, 0.611, 
[315] Train acc: 1.0000
4, 252, 0.0182, 0.0002, 100.000, 100.000, 0.985, 0.623, 
[330] Train acc: 1.0000
4, 252, 0.0325, 0.0003, 100.000, 100.000, 0.985, 0.630, 
[345] Train acc: 0.9531
4, 252, 0.0922, 0.0003, 95.312, 100.000, 0.983, 0.650, 
[360] Train acc: 0.9688
4, 252, 0.0669, 0.0003, 96.875, 100.000, 0.979, 0.670, 
[375] Train acc: 1.0000
4, 252, 0.0089, 0.0003, 100.000, 100.000, 0.987, 0.677, 
[390] Train acc: 1.0000
4, 252, 0.0179, 0.0003, 100.000, 100.000, 0.985, 0.634, 
[405] Train acc: 1.0000
4, 252, 0.0076, 0.0003, 100.000, 100.000, 0.982, 0.641, 
[420] Train acc: 0.9688
4, 252, 0.0540, 0.0003, 96.875, 100.000, 0.982, 0.609, 
[435] Train acc: 0.9688
4, 252, 0.0744, 0.0003, 96.875, 100.000, 0.984, 0.629, 
[450] Train acc: 1.0000
4, 252, 0.0152, 0.0003, 100.000, 100.000, 0.983, 0.627, 
[465] Train acc: 0.9844
4, 252, 0.0753, 0.0002, 98.438, 100.000, 0.985, 0.640, 
[480] Train acc: 0.9688
4, 252, 0.0678, 0.0002, 96.875, 100.000, 0.984, 0.605, 
[495] Train acc: 0.9844
4, 252, 0.0385, 0.0003, 98.438, 100.000, 0.985, 0.643, 
[510] Train acc: 0.9531
4, 252, 0.0576, 0.0003, 95.312, 100.000, 0.987, 0.648, 
[525] Train acc: 1.0000
4, 252, 0.0055, 0.0002, 100.000, 100.000, 0.985, 0.602, 
[540] Train acc: 1.0000
4, 252, 0.0088, 0.0003, 100.000, 100.000, 0.980, 0.602, 
[555] Train acc: 0.9844
4, 252, 0.0672, 0.0002, 98.438, 100.000, 0.984, 0.576, 
[570] Train acc: 1.0000
4, 252, 0.0215, 0.0003, 100.000, 100.000, 0.982, 0.585, 
[585] Train acc: 0.9531
4, 252, 0.1056, 0.0002, 95.312, 100.000, 0.986, 0.626, 
[600] Train acc: 1.0000
4, 252, 0.0105, 0.0002, 100.000, 100.000, 0.987, 0.605, 
[615] Train acc: 0.9844
4, 252, 0.0304, 0.0002, 98.438, 100.000, 0.986, 0.558, 
[630] Train acc: 0.9531
4, 252, 0.1299, 0.0002, 95.312, 100.000, 0.983, 0.627, 
[645] Train acc: 1.0000
4, 252, 0.0146, 0.0002, 100.000, 100.000, 0.985, 0.567, 
[660] Train acc: 1.0000
4, 252, 0.0169, 0.0002, 100.000, 100.000, 0.987, 0.596, 
[675] Train acc: 0.9688
4, 252, 0.0538, 0.0002, 96.875, 100.000, 0.986, 0.593, 
[690] Train acc: 0.9844
4, 252, 0.0774, 0.0002, 98.438, 100.000, 0.983, 0.588, 
[705] Train acc: 1.0000
4, 252, 0.0300, 0.0002, 100.000, 100.000, 0.986, 0.562, 
[720] Train acc: 0.9844
4, 252, 0.0937, 0.0002, 98.438, 100.000, 0.983, 0.562, 
[735] Train acc: 1.0000
4, 252, 0.0191, 0.0002, 100.000, 100.000, 0.980, 0.554, 
[750] Train acc: 1.0000
4, 252, 0.0044, 0.0002, 100.000, 100.000, 0.983, 0.540, 
[765] Train acc: 0.9531
4, 252, 0.0958, 0.0002, 95.312, 100.000, 0.985, 0.566, 
[780] Train acc: 0.9688
4, 252, 0.0661, 0.0002, 96.875, 100.000, 0.985, 0.572, 
[795] Train acc: 0.9531
4, 252, 0.1070, 0.0002, 95.312, 100.000, 0.983, 0.580, 
[810] Train acc: 1.0000
4, 252, 0.0131, 0.0002, 100.000, 100.000, 0.985, 0.606, 
[825] Train acc: 0.9688
4, 252, 0.0316, 0.0002, 96.875, 100.000, 0.985, 0.582, 
[840] Train acc: 1.0000
4, 252, 0.0235, 0.0002, 100.000, 100.000, 0.986, 0.589, 
[855] Train acc: 1.0000
4, 252, 0.0032, 0.0002, 100.000, 100.000, 0.986, 0.603, 
[870] Train acc: 0.9844
4, 252, 0.0457, 0.0003, 98.438, 100.000, 0.983, 0.614, 
[885] Train acc: 1.0000
4, 252, 0.0180, 0.0002, 100.000, 100.000, 0.983, 0.590, 
[900] Train acc: 0.9844
4, 252, 0.0469, 0.0003, 98.438, 100.000, 0.980, 0.615, 
[915] Train acc: 1.0000
4, 252, 0.0054, 0.0002, 100.000, 100.000, 0.987, 0.556, 
[930] Train acc: 0.9688
4, 252, 0.1351, 0.0002, 96.875, 100.000, 0.988, 0.604, 
[0] Train acc: 0.9531
5, 252, 0.1104, 0.0003, 95.312, 100.000, 0.982, 0.624, 
[15] Train acc: 0.9844
5, 252, 0.0755, 0.0002, 98.438, 100.000, 0.987, 0.614, 
[30] Train acc: 1.0000
5, 252, 0.0264, 0.0002, 100.000, 100.000, 0.988, 0.566, 
[45] Train acc: 0.9531
5, 252, 0.0984, 0.0002, 95.312, 100.000, 0.986, 0.568, 
[60] Train acc: 1.0000
5, 252, 0.0236, 0.0002, 100.000, 100.000, 0.983, 0.560, 
[75] Train acc: 0.9844
5, 252, 0.0256, 0.0002, 98.438, 100.000, 0.988, 0.560, 
[90] Train acc: 0.9531
5, 252, 0.1569, 0.0003, 95.312, 100.000, 0.984, 0.622, 
[105] Train acc: 0.9844
5, 252, 0.0473, 0.0002, 98.438, 100.000, 0.987, 0.606, 
[120] Train acc: 1.0000
5, 252, 0.0015, 0.0002, 100.000, 100.000, 0.986, 0.639, 
[135] Train acc: 0.9844
5, 252, 0.0393, 0.0002, 98.438, 100.000, 0.988, 0.623, 
[150] Train acc: 1.0000
5, 252, 0.0231, 0.0002, 100.000, 100.000, 0.988, 0.584, 
[165] Train acc: 0.9844
5, 252, 0.0324, 0.0002, 98.438, 100.000, 0.984, 0.624, 
[180] Train acc: 0.9844
5, 252, 0.0189, 0.0002, 98.438, 100.000, 0.985, 0.603, 
[195] Train acc: 1.0000
5, 252, 0.0243, 0.0002, 100.000, 100.000, 0.986, 0.583, 
[210] Train acc: 0.9688
5, 252, 0.2014, 0.0002, 96.875, 98.438, 0.986, 0.616, 
[225] Train acc: 0.9688
5, 252, 0.0636, 0.0002, 96.875, 100.000, 0.981, 0.570, 
[240] Train acc: 0.9844
5, 252, 0.0409, 0.0002, 98.438, 100.000, 0.988, 0.572, 
[255] Train acc: 0.9844
5, 252, 0.0414, 0.0002, 98.438, 100.000, 0.985, 0.618, 
[270] Train acc: 1.0000
5, 252, 0.0077, 0.0002, 100.000, 100.000, 0.984, 0.589, 
[285] Train acc: 0.9844
5, 252, 0.0314, 0.0002, 98.438, 100.000, 0.986, 0.606, 
[300] Train acc: 0.9688
5, 252, 0.0770, 0.0002, 96.875, 100.000, 0.987, 0.617, 
[315] Train acc: 0.9688
5, 252, 0.0528, 0.0002, 96.875, 100.000, 0.986, 0.595, 
[330] Train acc: 0.9844
5, 252, 0.0357, 0.0002, 98.438, 100.000, 0.986, 0.593, 
[345] Train acc: 1.0000
5, 252, 0.0078, 0.0002, 100.000, 100.000, 0.986, 0.596, 
[360] Train acc: 1.0000
5, 252, 0.0062, 0.0002, 100.000, 100.000, 0.988, 0.580, 
[375] Train acc: 1.0000
5, 252, 0.0182, 0.0002, 100.000, 100.000, 0.985, 0.543, 
[390] Train acc: 0.9844
5, 252, 0.0347, 0.0002, 98.438, 100.000, 0.986, 0.534, 
[405] Train acc: 0.9844
5, 252, 0.0357, 0.0002, 98.438, 100.000, 0.986, 0.520, 
[420] Train acc: 0.9844
5, 252, 0.0288, 0.0002, 98.438, 100.000, 0.987, 0.500, 
[435] Train acc: 1.0000
5, 252, 0.0384, 0.0002, 100.000, 100.000, 0.987, 0.459, 
[450] Train acc: 0.9688
5, 252, 0.0746, 0.0002, 96.875, 100.000, 0.986, 0.514, 
[465] Train acc: 0.9531
5, 252, 0.2299, 0.0003, 95.312, 100.000, 0.985, 0.598, 
[480] Train acc: 1.0000
5, 252, 0.0095, 0.0002, 100.000, 100.000, 0.985, 0.593, 
[495] Train acc: 0.9688
5, 252, 0.0636, 0.0002, 96.875, 100.000, 0.985, 0.603, 
[510] Train acc: 0.9531
5, 252, 0.0753, 0.0002, 95.312, 100.000, 0.987, 0.586, 
[525] Train acc: 0.9688
5, 252, 0.0763, 0.0002, 96.875, 100.000, 0.988, 0.491, 
[540] Train acc: 0.9688
5, 252, 0.1208, 0.0002, 96.875, 100.000, 0.988, 0.495, 
[555] Train acc: 0.9844
5, 252, 0.0301, 0.0002, 98.438, 100.000, 0.990, 0.528, 
[570] Train acc: 1.0000
5, 252, 0.0098, 0.0002, 100.000, 100.000, 0.986, 0.524, 
[585] Train acc: 1.0000
5, 252, 0.0090, 0.0002, 100.000, 100.000, 0.985, 0.529, 
[600] Train acc: 1.0000
5, 252, 0.0170, 0.0002, 100.000, 100.000, 0.985, 0.566, 
[615] Train acc: 0.9844
5, 252, 0.0246, 0.0002, 98.438, 100.000, 0.988, 0.576, 
[630] Train acc: 0.9219
5, 252, 0.1508, 0.0002, 92.188, 100.000, 0.987, 0.540, 
[645] Train acc: 1.0000
5, 252, 0.0039, 0.0002, 100.000, 100.000, 0.987, 0.526, 
[660] Train acc: 1.0000
5, 252, 0.0033, 0.0002, 100.000, 100.000, 0.987, 0.534, 
[675] Train acc: 1.0000
5, 252, 0.0219, 0.0002, 100.000, 100.000, 0.987, 0.562, 
[690] Train acc: 1.0000
5, 252, 0.0031, 0.0002, 100.000, 100.000, 0.986, 0.564, 
[705] Train acc: 1.0000
5, 252, 0.0078, 0.0002, 100.000, 100.000, 0.988, 0.554, 
[720] Train acc: 0.9844
5, 252, 0.0540, 0.0002, 98.438, 100.000, 0.986, 0.571, 
[735] Train acc: 0.9844
5, 252, 0.0684, 0.0002, 98.438, 100.000, 0.987, 0.544, 
[750] Train acc: 1.0000
5, 252, 0.0082, 0.0002, 100.000, 100.000, 0.986, 0.504, 
[765] Train acc: 1.0000
5, 252, 0.0112, 0.0002, 100.000, 100.000, 0.983, 0.582, 
[780] Train acc: 0.9531
5, 252, 0.2455, 0.0002, 95.312, 100.000, 0.988, 0.580, 
[795] Train acc: 0.9688
5, 252, 0.0589, 0.0002, 96.875, 100.000, 0.988, 0.574, 
[810] Train acc: 0.9844
5, 252, 0.0220, 0.0002, 98.438, 100.000, 0.986, 0.554, 
[825] Train acc: 1.0000
5, 252, 0.0090, 0.0002, 100.000, 100.000, 0.983, 0.527, 
[840] Train acc: 0.9844
5, 252, 0.0306, 0.0002, 98.438, 100.000, 0.987, 0.534, 
[855] Train acc: 1.0000
5, 252, 0.0127, 0.0002, 100.000, 100.000, 0.985, 0.497, 
[870] Train acc: 0.9688
5, 252, 0.1107, 0.0002, 96.875, 100.000, 0.980, 0.482, 
[885] Train acc: 1.0000
5, 252, 0.0024, 0.0002, 100.000, 100.000, 0.987, 0.556, 
[900] Train acc: 1.0000
5, 252, 0.0236, 0.0002, 100.000, 100.000, 0.987, 0.560, 
[915] Train acc: 0.9844
5, 252, 0.0203, 0.0002, 98.438, 100.000, 0.987, 0.582, 
[930] Train acc: 0.9844
5, 252, 0.0435, 0.0002, 98.438, 100.000, 0.986, 0.613, 
[0] Train acc: 1.0000
6, 252, 0.0085, 0.0002, 100.000, 100.000, 0.985, 0.543, 
[15] Train acc: 1.0000
6, 252, 0.0074, 0.0002, 100.000, 100.000, 0.990, 0.554, 
[30] Train acc: 0.9844
6, 252, 0.0378, 0.0002, 98.438, 100.000, 0.986, 0.606, 
[45] Train acc: 1.0000
6, 252, 0.0035, 0.0002, 100.000, 100.000, 0.989, 0.598, 
[60] Train acc: 1.0000
6, 252, 0.0291, 0.0002, 100.000, 100.000, 0.987, 0.560, 
[75] Train acc: 1.0000
6, 252, 0.0240, 0.0002, 100.000, 100.000, 0.986, 0.532, 
[90] Train acc: 1.0000
6, 252, 0.0225, 0.0002, 100.000, 100.000, 0.987, 0.516, 
[105] Train acc: 0.9688
6, 252, 0.0429, 0.0002, 96.875, 100.000, 0.987, 0.510, 
[120] Train acc: 0.9844
6, 252, 0.0526, 0.0002, 98.438, 100.000, 0.988, 0.479, 
[135] Train acc: 1.0000
6, 252, 0.0031, 0.0002, 100.000, 100.000, 0.988, 0.474, 
[150] Train acc: 1.0000
6, 252, 0.0227, 0.0002, 100.000, 100.000, 0.986, 0.514, 
[165] Train acc: 1.0000
6, 252, 0.0111, 0.0002, 100.000, 100.000, 0.986, 0.521, 
[180] Train acc: 1.0000
6, 252, 0.0106, 0.0002, 100.000, 100.000, 0.988, 0.492, 
[195] Train acc: 0.9688
6, 252, 0.0541, 0.0002, 96.875, 100.000, 0.988, 0.510, 
[210] Train acc: 0.9844
6, 252, 0.0496, 0.0002, 98.438, 100.000, 0.987, 0.557, 
[225] Train acc: 0.9688
6, 252, 0.0520, 0.0002, 96.875, 100.000, 0.989, 0.541, 
[240] Train acc: 1.0000
6, 252, 0.0066, 0.0002, 100.000, 100.000, 0.986, 0.538, 
[255] Train acc: 0.9844
6, 252, 0.0878, 0.0002, 98.438, 100.000, 0.987, 0.545, 
[270] Train acc: 1.0000
6, 252, 0.0132, 0.0002, 100.000, 100.000, 0.988, 0.571, 
[285] Train acc: 0.9688
6, 252, 0.0930, 0.0002, 96.875, 100.000, 0.988, 0.537, 
[300] Train acc: 0.9844
6, 252, 0.1033, 0.0002, 98.438, 100.000, 0.985, 0.608, 
[315] Train acc: 1.0000
6, 252, 0.0046, 0.0002, 100.000, 100.000, 0.988, 0.547, 
[330] Train acc: 0.9844
6, 252, 0.0216, 0.0002, 98.438, 100.000, 0.988, 0.553, 
[345] Train acc: 0.9688
6, 252, 0.1465, 0.0002, 96.875, 100.000, 0.989, 0.556, 
[360] Train acc: 0.9844
6, 252, 0.0298, 0.0002, 98.438, 100.000, 0.990, 0.566, 
[375] Train acc: 0.9844
6, 252, 0.0448, 0.0003, 98.438, 100.000, 0.984, 0.603, 
[390] Train acc: 0.9844
6, 252, 0.0541, 0.0002, 98.438, 100.000, 0.987, 0.569, 
[405] Train acc: 1.0000
6, 252, 0.0164, 0.0002, 100.000, 100.000, 0.984, 0.574, 
[420] Train acc: 1.0000
6, 252, 0.0045, 0.0002, 100.000, 100.000, 0.985, 0.564, 
[435] Train acc: 1.0000
6, 252, 0.0035, 0.0002, 100.000, 100.000, 0.988, 0.559, 
[450] Train acc: 1.0000
6, 252, 0.0090, 0.0002, 100.000, 100.000, 0.986, 0.547, 
[465] Train acc: 0.9844
6, 252, 0.0272, 0.0002, 98.438, 100.000, 0.989, 0.578, 
[480] Train acc: 1.0000
6, 252, 0.0067, 0.0002, 100.000, 100.000, 0.988, 0.589, 
[495] Train acc: 1.0000
6, 252, 0.0115, 0.0002, 100.000, 100.000, 0.987, 0.558, 
[510] Train acc: 0.9688
6, 252, 0.1064, 0.0002, 96.875, 100.000, 0.986, 0.541, 
[525] Train acc: 0.9688
6, 252, 0.0514, 0.0002, 96.875, 100.000, 0.991, 0.554, 
[540] Train acc: 0.9844
6, 252, 0.0582, 0.0002, 98.438, 100.000, 0.986, 0.577, 
[555] Train acc: 1.0000
6, 252, 0.0139, 0.0002, 100.000, 100.000, 0.989, 0.526, 
[570] Train acc: 0.9688
6, 252, 0.0436, 0.0002, 96.875, 100.000, 0.989, 0.503, 
[585] Train acc: 0.9844
6, 252, 0.0471, 0.0002, 98.438, 100.000, 0.988, 0.529, 
[600] Train acc: 1.0000
6, 252, 0.0010, 0.0002, 100.000, 100.000, 0.986, 0.532, 
[615] Train acc: 1.0000
6, 252, 0.0274, 0.0002, 100.000, 100.000, 0.989, 0.454, 
[630] Train acc: 0.9844
6, 252, 0.0533, 0.0002, 98.438, 100.000, 0.981, 0.483, 
[645] Train acc: 1.0000
6, 252, 0.0045, 0.0002, 100.000, 100.000, 0.989, 0.456, 
[660] Train acc: 1.0000
6, 252, 0.0103, 0.0002, 100.000, 100.000, 0.988, 0.475, 
[675] Train acc: 1.0000
6, 252, 0.0031, 0.0002, 100.000, 100.000, 0.990, 0.498, 
[690] Train acc: 1.0000
6, 252, 0.0067, 0.0002, 100.000, 100.000, 0.988, 0.484, 
[705] Train acc: 1.0000
6, 252, 0.0077, 0.0002, 100.000, 100.000, 0.986, 0.504, 
[720] Train acc: 0.9844
6, 252, 0.0290, 0.0002, 98.438, 100.000, 0.985, 0.511, 
[735] Train acc: 0.9844
6, 252, 0.0469, 0.0002, 98.438, 100.000, 0.988, 0.481, 
[750] Train acc: 0.9844
6, 252, 0.0277, 0.0002, 98.438, 100.000, 0.990, 0.539, 
[765] Train acc: 1.0000
6, 252, 0.0017, 0.0002, 100.000, 100.000, 0.989, 0.555, 
[780] Train acc: 1.0000
6, 252, 0.0126, 0.0002, 100.000, 100.000, 0.987, 0.533, 
[795] Train acc: 0.9844
6, 252, 0.0272, 0.0002, 98.438, 100.000, 0.988, 0.515, 
[810] Train acc: 1.0000
6, 252, 0.0162, 0.0002, 100.000, 100.000, 0.988, 0.483, 
[825] Train acc: 0.9688
6, 252, 0.0488, 0.0002, 96.875, 100.000, 0.988, 0.536, 
[840] Train acc: 0.9844
6, 252, 0.0506, 0.0002, 98.438, 100.000, 0.987, 0.527, 
[855] Train acc: 1.0000
6, 252, 0.0059, 0.0002, 100.000, 100.000, 0.987, 0.515, 
[870] Train acc: 1.0000
6, 252, 0.0069, 0.0002, 100.000, 100.000, 0.987, 0.476, 
[885] Train acc: 0.9688
6, 252, 0.0715, 0.0002, 96.875, 100.000, 0.987, 0.521, 
[900] Train acc: 1.0000
6, 252, 0.0087, 0.0002, 100.000, 100.000, 0.989, 0.513, 
[915] Train acc: 1.0000
6, 252, 0.0105, 0.0002, 100.000, 100.000, 0.988, 0.520, 
[930] Train acc: 1.0000
6, 252, 0.0081, 0.0002, 100.000, 100.000, 0.987, 0.526, 
[0] Train acc: 1.0000, Constr acc: 0.7812, CE loss: 0.005, DL2 loss: 3.425
7, 252, 0.0049, 0.0005, 100.000, 100.000, 0.870, 0.562, 
[15] Train acc: 1.0000, Constr acc: 0.8125, CE loss: 0.013, DL2 loss: 2.491
7, 251, 0.0128, 0.0003, 100.000, 100.000, 0.980, 0.761, 
[30] Train acc: 1.0000, Constr acc: 0.9062, CE loss: 0.023, DL2 loss: 2.423
7, 250, 0.0230, 0.0003, 100.000, 100.000, 0.976, 0.786, 
[45] Train acc: 0.9688, Constr acc: 0.8438, CE loss: 0.070, DL2 loss: 2.269
7, 249, 0.0702, 0.0003, 96.875, 100.000, 0.983, 0.671, 
[60] Train acc: 1.0000, Constr acc: 0.8438, CE loss: 0.006, DL2 loss: 3.256
7, 248, 0.0059, 0.0006, 100.000, 100.000, 0.854, 0.840, 
[75] Train acc: 0.9844, Constr acc: 0.8750, CE loss: 0.054, DL2 loss: 2.791
7, 247, 0.0538, 0.0003, 98.438, 100.000, 0.977, 0.737, 
[90] Train acc: 1.0000, Constr acc: 0.8125, CE loss: 0.009, DL2 loss: 2.709
7, 246, 0.0090, 0.0003, 100.000, 100.000, 0.970, 0.628, 
[105] Train acc: 1.0000, Constr acc: 0.8125, CE loss: 0.021, DL2 loss: 3.264
7, 245, 0.0210, 0.0003, 100.000, 100.000, 0.958, 0.641, 
[120] Train acc: 1.0000, Constr acc: 0.9375, CE loss: 0.016, DL2 loss: 0.483
7, 244, 0.0157, 0.0003, 100.000, 100.000, 0.981, 0.787, 
[135] Train acc: 1.0000, Constr acc: 0.9375, CE loss: 0.010, DL2 loss: 0.649
7, 243, 0.0105, 0.0003, 100.000, 100.000, 0.974, 0.715, 
[150] Train acc: 0.9844, Constr acc: 0.7188, CE loss: 0.034, DL2 loss: 7.025
7, 242, 0.0340, 0.0004, 98.438, 100.000, 0.936, 0.782, 
[165] Train acc: 0.9844, Constr acc: 0.9062, CE loss: 0.031, DL2 loss: 2.810
7, 241, 0.0311, 0.0003, 98.438, 100.000, 0.980, 0.670, 
[180] Train acc: 0.9844, Constr acc: 0.9375, CE loss: 0.070, DL2 loss: 0.309
7, 240, 0.0698, 0.0003, 98.438, 100.000, 0.970, 0.744, 
[195] Train acc: 0.9688, Constr acc: 0.7500, CE loss: 0.124, DL2 loss: 6.215
7, 239, 0.1244, 0.0004, 96.875, 100.000, 0.962, 0.700, 
[210] Train acc: 1.0000, Constr acc: 0.8750, CE loss: 0.015, DL2 loss: 2.005
7, 238, 0.0145, 0.0003, 100.000, 100.000, 0.976, 0.667, 
[225] Train acc: 1.0000, Constr acc: 0.8750, CE loss: 0.017, DL2 loss: 2.375
7, 237, 0.0174, 0.0003, 100.000, 100.000, 0.976, 0.696, 
[240] Train acc: 0.9375, Constr acc: 0.9062, CE loss: 0.115, DL2 loss: 1.912
7, 236, 0.1147, 0.0003, 93.750, 100.000, 0.970, 0.670, 
[255] Train acc: 1.0000, Constr acc: 0.9062, CE loss: 0.017, DL2 loss: 0.576
7, 235, 0.0165, 0.0004, 100.000, 100.000, 0.978, 0.778, 
[270] Train acc: 0.9844, Constr acc: 0.8125, CE loss: 0.055, DL2 loss: 4.959
7, 234, 0.0553, 0.0004, 98.438, 100.000, 0.962, 0.724, 
[285] Train acc: 0.9844, Constr acc: 0.7812, CE loss: 0.044, DL2 loss: 2.757
7, 233, 0.0438, 0.0004, 98.438, 100.000, 0.979, 0.741, 
[300] Train acc: 0.9844, Constr acc: 0.8438, CE loss: 0.069, DL2 loss: 2.751
7, 232, 0.0688, 0.0003, 98.438, 100.000, 0.968, 0.728, 
[315] Train acc: 0.9531, Constr acc: 0.9062, CE loss: 0.061, DL2 loss: 2.338
7, 231, 0.0613, 0.0004, 95.312, 100.000, 0.918, 0.686, 
[330] Train acc: 0.9688, Constr acc: 0.8750, CE loss: 0.071, DL2 loss: 1.981
7, 230, 0.0710, 0.0004, 96.875, 100.000, 0.958, 0.708, 
[345] Train acc: 0.9844, Constr acc: 0.9375, CE loss: 0.060, DL2 loss: 0.738
7, 229, 0.0597, 0.0003, 98.438, 100.000, 0.980, 0.729, 
[360] Train acc: 1.0000, Constr acc: 0.8750, CE loss: 0.045, DL2 loss: 1.817
7, 228, 0.0453, 0.0004, 100.000, 100.000, 0.978, 0.787, 
[375] Train acc: 0.9531, Constr acc: 0.9062, CE loss: 0.087, DL2 loss: 2.325
7, 227, 0.0869, 0.0004, 95.312, 100.000, 0.980, 0.799, 
[390] Train acc: 1.0000, Constr acc: 0.8438, CE loss: 0.027, DL2 loss: 2.226
7, 226, 0.0271, 0.0003, 100.000, 100.000, 0.980, 0.773, 
[405] Train acc: 0.9844, Constr acc: 0.8750, CE loss: 0.083, DL2 loss: 2.053
7, 225, 0.0833, 0.0003, 98.438, 100.000, 0.974, 0.742, 
[420] Train acc: 0.9688, Constr acc: 0.9062, CE loss: 0.102, DL2 loss: 0.202
7, 224, 0.1019, 0.0003, 96.875, 100.000, 0.980, 0.775, 
[435] Train acc: 0.9219, Constr acc: 0.8750, CE loss: 0.170, DL2 loss: 0.549
7, 223, 0.1699, 0.0003, 92.188, 100.000, 0.967, 0.751, 
[450] Train acc: 0.9844, Constr acc: 0.8438, CE loss: 0.028, DL2 loss: 3.469
7, 222, 0.0283, 0.0004, 98.438, 100.000, 0.959, 0.782, 
[465] Train acc: 1.0000, Constr acc: 0.7812, CE loss: 0.016, DL2 loss: 5.008
7, 221, 0.0161, 0.0004, 100.000, 100.000, 0.977, 0.789, 
[480] Train acc: 0.9219, Constr acc: 0.8750, CE loss: 0.170, DL2 loss: 3.271
7, 220, 0.1703, 0.0004, 92.188, 98.438, 0.982, 0.804, 
[495] Train acc: 1.0000, Constr acc: 0.9375, CE loss: 0.011, DL2 loss: 0.287
7, 219, 0.0107, 0.0004, 100.000, 100.000, 0.973, 0.787, 
[510] Train acc: 0.9844, Constr acc: 0.8438, CE loss: 0.052, DL2 loss: 2.808
7, 218, 0.0521, 0.0004, 98.438, 100.000, 0.972, 0.871, 
[525] Train acc: 0.9844, Constr acc: 0.9062, CE loss: 0.058, DL2 loss: 0.835
7, 217, 0.0583, 0.0004, 98.438, 100.000, 0.972, 0.801, 
[540] Train acc: 1.0000, Constr acc: 0.8438, CE loss: 0.013, DL2 loss: 3.401
7, 216, 0.0130, 0.0004, 100.000, 100.000, 0.979, 0.782, 
[555] Train acc: 0.9531, Constr acc: 0.7812, CE loss: 0.163, DL2 loss: 3.366
7, 215, 0.1634, 0.0003, 95.312, 100.000, 0.978, 0.702, 
[570] Train acc: 1.0000, Constr acc: 0.9375, CE loss: 0.044, DL2 loss: 2.284
7, 214, 0.0445, 0.0003, 100.000, 100.000, 0.981, 0.763, 
[585] Train acc: 0.9844, Constr acc: 0.9375, CE loss: 0.048, DL2 loss: 2.161
7, 213, 0.0477, 0.0003, 98.438, 100.000, 0.980, 0.737, 
[600] Train acc: 0.9844, Constr acc: 0.9062, CE loss: 0.036, DL2 loss: 1.809
7, 212, 0.0357, 0.0003, 98.438, 100.000, 0.977, 0.754, 
[615] Train acc: 1.0000, Constr acc: 0.9062, CE loss: 0.006, DL2 loss: 1.569
7, 211, 0.0062, 0.0003, 100.000, 100.000, 0.978, 0.767, 
[630] Train acc: 0.9531, Constr acc: 0.8750, CE loss: 0.177, DL2 loss: 2.562
7, 210, 0.1770, 0.0004, 95.312, 100.000, 0.971, 0.740, 
[645] Train acc: 0.9375, Constr acc: 0.8750, CE loss: 0.117, DL2 loss: 2.045
7, 209, 0.1169, 0.0004, 93.750, 100.000, 0.945, 0.736, 
[660] Train acc: 1.0000, Constr acc: 0.9375, CE loss: 0.006, DL2 loss: 2.297
7, 208, 0.0059, 0.0003, 100.000, 100.000, 0.978, 0.648, 
[675] Train acc: 0.9844, Constr acc: 0.7500, CE loss: 0.099, DL2 loss: 7.437
7, 207, 0.0988, 0.0004, 98.438, 100.000, 0.978, 0.791, 
[690] Train acc: 1.0000, Constr acc: 0.9062, CE loss: 0.026, DL2 loss: 1.994
7, 206, 0.0263, 0.0003, 100.000, 100.000, 0.980, 0.791, 
[705] Train acc: 0.9688, Constr acc: 0.8750, CE loss: 0.075, DL2 loss: 1.780
7, 205, 0.0750, 0.0004, 96.875, 100.000, 0.976, 0.788, 
[720] Train acc: 0.9531, Constr acc: 0.9688, CE loss: 0.059, DL2 loss: 0.796
7, 204, 0.0591, 0.0004, 95.312, 100.000, 0.978, 0.778, 
[735] Train acc: 0.9531, Constr acc: 0.8750, CE loss: 0.084, DL2 loss: 3.340
7, 203, 0.0842, 0.0004, 95.312, 100.000, 0.975, 0.814, 
[750] Train acc: 1.0000, Constr acc: 0.9062, CE loss: 0.034, DL2 loss: 1.093
7, 202, 0.0342, 0.0003, 100.000, 100.000, 0.975, 0.715, 
[765] Train acc: 1.0000, Constr acc: 0.9688, CE loss: 0.022, DL2 loss: 0.318
7, 201, 0.0223, 0.0003, 100.000, 100.000, 0.971, 0.715, 
[780] Train acc: 0.9688, Constr acc: 1.0000, CE loss: 0.048, DL2 loss: 0.000
7, 200, 0.0481, 0.0004, 96.875, 100.000, 0.977, 0.767, 
[795] Train acc: 0.9531, Constr acc: 0.9375, CE loss: 0.157, DL2 loss: 1.440
7, 199, 0.1571, 0.0005, 95.312, 100.000, 0.965, 0.901, 
[810] Train acc: 0.9688, Constr acc: 0.9062, CE loss: 0.093, DL2 loss: 1.627
7, 198, 0.0934, 0.0004, 96.875, 100.000, 0.976, 0.885, 
[825] Train acc: 0.9844, Constr acc: 0.8750, CE loss: 0.085, DL2 loss: 1.771
7, 197, 0.0848, 0.0004, 98.438, 98.438, 0.970, 0.829, 
[840] Train acc: 0.9688, Constr acc: 0.9375, CE loss: 0.093, DL2 loss: 1.112
7, 196, 0.0926, 0.0004, 96.875, 100.000, 0.980, 0.827, 
[855] Train acc: 1.0000, Constr acc: 0.8438, CE loss: 0.026, DL2 loss: 4.701
7, 195, 0.0260, 0.0003, 100.000, 100.000, 0.980, 0.789, 
[870] Train acc: 0.9688, Constr acc: 0.9688, CE loss: 0.087, DL2 loss: 0.055
7, 194, 0.0868, 0.0003, 96.875, 100.000, 0.978, 0.744, 
[885] Train acc: 0.9688, Constr acc: 0.8438, CE loss: 0.054, DL2 loss: 5.717
7, 193, 0.0540, 0.0003, 96.875, 100.000, 0.978, 0.763, 
[900] Train acc: 0.9844, Constr acc: 0.9375, CE loss: 0.042, DL2 loss: 1.277
7, 192, 0.0423, 0.0003, 98.438, 100.000, 0.978, 0.719, 
[915] Train acc: 0.9688, Constr acc: 0.8438, CE loss: 0.077, DL2 loss: 3.266
7, 191, 0.0774, 0.0003, 96.875, 100.000, 0.981, 0.767, 
[930] Train acc: 0.9688, Constr acc: 0.8438, CE loss: 0.096, DL2 loss: 1.178
7, 190, 0.0963, 0.0004, 96.875, 100.000, 0.980, 0.797, 
[0] Train acc: 1.0000, Constr acc: 0.8750, CE loss: 0.020, DL2 loss: 4.165
8, 190, 0.0203, 0.0004, 100.000, 100.000, 0.970, 0.747, 
[15] Train acc: 1.0000, Constr acc: 0.9062, CE loss: 0.043, DL2 loss: 0.666
8, 189, 0.0431, 0.0003, 100.000, 100.000, 0.976, 0.736, 
[30] Train acc: 0.9844, Constr acc: 0.9062, CE loss: 0.055, DL2 loss: 2.689
8, 188, 0.0552, 0.0003, 98.438, 100.000, 0.983, 0.693, 
[45] Train acc: 1.0000, Constr acc: 0.8750, CE loss: 0.022, DL2 loss: 4.928
8, 187, 0.0218, 0.0003, 100.000, 100.000, 0.983, 0.718, 
[60] Train acc: 0.9062, Constr acc: 0.8125, CE loss: 0.337, DL2 loss: 3.123
8, 186, 0.3369, 0.0004, 90.625, 100.000, 0.971, 0.751, 
[75] Train acc: 1.0000, Constr acc: 0.8125, CE loss: 0.018, DL2 loss: 2.570
8, 185, 0.0176, 0.0004, 100.000, 100.000, 0.969, 0.745, 
[90] Train acc: 0.9688, Constr acc: 0.8438, CE loss: 0.089, DL2 loss: 2.531
8, 184, 0.0886, 0.0004, 96.875, 100.000, 0.981, 0.836, 
[105] Train acc: 0.9844, Constr acc: 0.8438, CE loss: 0.083, DL2 loss: 1.248
8, 183, 0.0835, 0.0004, 98.438, 100.000, 0.978, 0.810, 
[120] Train acc: 0.9688, Constr acc: 0.9688, CE loss: 0.103, DL2 loss: 0.044
8, 182, 0.1026, 0.0003, 96.875, 100.000, 0.977, 0.748, 
[135] Train acc: 1.0000, Constr acc: 0.9062, CE loss: 0.026, DL2 loss: 2.456
8, 181, 0.0256, 0.0003, 100.000, 100.000, 0.982, 0.657, 
[150] Train acc: 0.9375, Constr acc: 0.9375, CE loss: 0.213, DL2 loss: 1.549
8, 180, 0.2133, 0.0003, 93.750, 100.000, 0.975, 0.716, 
[165] Train acc: 0.9844, Constr acc: 0.7812, CE loss: 0.045, DL2 loss: 2.792
8, 179, 0.0453, 0.0004, 98.438, 100.000, 0.950, 0.813, 
[180] Train acc: 0.9844, Constr acc: 0.9688, CE loss: 0.024, DL2 loss: 1.772
8, 178, 0.0236, 0.0003, 98.438, 100.000, 0.977, 0.697, 
[195] Train acc: 0.9844, Constr acc: 0.9062, CE loss: 0.098, DL2 loss: 1.959
8, 177, 0.0983, 0.0003, 98.438, 100.000, 0.981, 0.648, 
[210] Train acc: 0.9844, Constr acc: 0.8125, CE loss: 0.055, DL2 loss: 3.892
8, 176, 0.0546, 0.0003, 98.438, 100.000, 0.972, 0.701, 
[225] Train acc: 1.0000, Constr acc: 0.9062, CE loss: 0.015, DL2 loss: 0.351
8, 175, 0.0153, 0.0003, 100.000, 100.000, 0.980, 0.717, 
[240] Train acc: 0.9375, Constr acc: 0.8750, CE loss: 0.190, DL2 loss: 1.241
8, 174, 0.1900, 0.0003, 93.750, 100.000, 0.975, 0.724, 
[255] Train acc: 0.9688, Constr acc: 0.9062, CE loss: 0.065, DL2 loss: 3.470
8, 173, 0.0651, 0.0003, 96.875, 100.000, 0.982, 0.683, 
[270] Train acc: 0.9688, Constr acc: 0.9375, CE loss: 0.122, DL2 loss: 0.832
8, 172, 0.1219, 0.0003, 96.875, 100.000, 0.977, 0.718, 
[285] Train acc: 0.9688, Constr acc: 0.9375, CE loss: 0.134, DL2 loss: 0.917
8, 171, 0.1338, 0.0004, 96.875, 100.000, 0.975, 0.768, 
[300] Train acc: 0.9688, Constr acc: 0.9688, CE loss: 0.052, DL2 loss: 0.034
8, 170, 0.0518, 0.0004, 96.875, 100.000, 0.981, 0.766, 
[315] Train acc: 0.9531, Constr acc: 0.9062, CE loss: 0.152, DL2 loss: 1.735
8, 169, 0.1516, 0.0004, 95.312, 100.000, 0.977, 0.746, 
[330] Train acc: 1.0000, Constr acc: 0.9688, CE loss: 0.021, DL2 loss: 0.007
8, 168, 0.0208, 0.0003, 100.000, 100.000, 0.982, 0.745, 
[345] Train acc: 0.9375, Constr acc: 0.8750, CE loss: 0.265, DL2 loss: 3.428
8, 167, 0.2651, 0.0003, 93.750, 100.000, 0.973, 0.750, 
[360] Train acc: 0.9531, Constr acc: 0.8438, CE loss: 0.216, DL2 loss: 2.446
8, 166, 0.2160, 0.0003, 95.312, 100.000, 0.982, 0.763, 
[375] Train acc: 0.9688, Constr acc: 0.9688, CE loss: 0.081, DL2 loss: 1.127
8, 165, 0.0808, 0.0004, 96.875, 100.000, 0.980, 0.809, 
[390] Train acc: 0.9688, Constr acc: 0.9375, CE loss: 0.105, DL2 loss: 0.909
8, 164, 0.1046, 0.0003, 96.875, 100.000, 0.976, 0.756, 
[405] Train acc: 0.9844, Constr acc: 0.9375, CE loss: 0.059, DL2 loss: 1.173
8, 163, 0.0588, 0.0004, 98.438, 100.000, 0.982, 0.781, 
[420] Train acc: 1.0000, Constr acc: 0.9062, CE loss: 0.019, DL2 loss: 1.902
8, 162, 0.0193, 0.0004, 100.000, 100.000, 0.985, 0.827, 
[435] Train acc: 0.9531, Constr acc: 0.9062, CE loss: 0.204, DL2 loss: 2.154
8, 161, 0.2043, 0.0004, 95.312, 100.000, 0.984, 0.871, 
[450] Train acc: 0.9844, Constr acc: 0.8750, CE loss: 0.056, DL2 loss: 2.520
8, 160, 0.0564, 0.0005, 98.438, 100.000, 0.954, 0.818, 
[465] Train acc: 0.9531, Constr acc: 0.8750, CE loss: 0.196, DL2 loss: 1.354
8, 159, 0.1964, 0.0004, 95.312, 98.438, 0.977, 0.833, 
[480] Train acc: 0.9844, Constr acc: 0.8750, CE loss: 0.045, DL2 loss: 2.256
8, 158, 0.0448, 0.0004, 98.438, 100.000, 0.979, 0.802, 
[495] Train acc: 0.9844, Constr acc: 0.9375, CE loss: 0.020, DL2 loss: 0.751
8, 157, 0.0196, 0.0004, 98.438, 100.000, 0.979, 0.787, 
[510] Train acc: 0.9688, Constr acc: 1.0000, CE loss: 0.084, DL2 loss: 0.000
8, 156, 0.0843, 0.0003, 96.875, 100.000, 0.978, 0.742, 
[525] Train acc: 0.9844, Constr acc: 0.9688, CE loss: 0.033, DL2 loss: 0.136
8, 155, 0.0334, 0.0004, 98.438, 100.000, 0.982, 0.794, 
[540] Train acc: 0.9844, Constr acc: 0.8438, CE loss: 0.062, DL2 loss: 2.462
8, 154, 0.0622, 0.0004, 98.438, 100.000, 0.983, 0.811, 
[555] Train acc: 0.9844, Constr acc: 0.9375, CE loss: 0.049, DL2 loss: 1.887
8, 153, 0.0490, 0.0004, 98.438, 100.000, 0.982, 0.803, 
[570] Train acc: 0.9844, Constr acc: 0.9375, CE loss: 0.050, DL2 loss: 2.188
8, 152, 0.0497, 0.0004, 98.438, 100.000, 0.972, 0.822, 
[585] Train acc: 0.9844, Constr acc: 0.9062, CE loss: 0.045, DL2 loss: 1.931
8, 151, 0.0445, 0.0004, 98.438, 100.000, 0.953, 0.803, 
[600] Train acc: 0.9531, Constr acc: 0.8750, CE loss: 0.088, DL2 loss: 1.770
8, 150, 0.0877, 0.0003, 95.312, 100.000, 0.981, 0.739, 
[615] Train acc: 0.9531, Constr acc: 0.8750, CE loss: 0.159, DL2 loss: 0.986
8, 149, 0.1594, 0.0004, 95.312, 100.000, 0.961, 0.774, 
[630] Train acc: 0.9688, Constr acc: 0.8438, CE loss: 0.057, DL2 loss: 4.084
8, 148, 0.0569, 0.0004, 96.875, 100.000, 0.979, 0.798, 
[645] Train acc: 0.9375, Constr acc: 0.9062, CE loss: 0.288, DL2 loss: 1.595
8, 147, 0.2879, 0.0004, 93.750, 100.000, 0.972, 0.809, 
[660] Train acc: 0.9531, Constr acc: 0.8125, CE loss: 0.190, DL2 loss: 3.533
8, 146, 0.1903, 0.0004, 95.312, 100.000, 0.979, 0.857, 
[675] Train acc: 0.9844, Constr acc: 0.8750, CE loss: 0.044, DL2 loss: 1.764
8, 145, 0.0442, 0.0004, 98.438, 100.000, 0.981, 0.875, 
[690] Train acc: 0.9844, Constr acc: 0.8750, CE loss: 0.051, DL2 loss: 3.645
8, 144, 0.0513, 0.0005, 98.438, 100.000, 0.937, 0.865, 
[705] Train acc: 0.9531, Constr acc: 0.9688, CE loss: 0.164, DL2 loss: 0.190
8, 143, 0.1644, 0.0005, 95.312, 100.000, 0.974, 0.886, 
[720] Train acc: 0.9531, Constr acc: 0.8750, CE loss: 0.349, DL2 loss: 1.894
8, 142, 0.3492, 0.0005, 95.312, 100.000, 0.940, 0.850, 
[735] Train acc: 1.0000, Constr acc: 0.8750, CE loss: 0.021, DL2 loss: 2.673
8, 141, 0.0209, 0.0004, 100.000, 100.000, 0.976, 0.824, 
[750] Train acc: 0.9219, Constr acc: 0.9062, CE loss: 0.243, DL2 loss: 0.979
8, 140, 0.2430, 0.0004, 92.188, 100.000, 0.968, 0.715, 
[765] Train acc: 0.9688, Constr acc: 0.7500, CE loss: 0.064, DL2 loss: 3.297
8, 139, 0.0641, 0.0003, 96.875, 100.000, 0.977, 0.749, 
[780] Train acc: 0.9844, Constr acc: 0.8438, CE loss: 0.106, DL2 loss: 0.696
8, 138, 0.1055, 0.0004, 98.438, 100.000, 0.982, 0.778, 
[795] Train acc: 1.0000, Constr acc: 0.8438, CE loss: 0.009, DL2 loss: 4.178
8, 137, 0.0088, 0.0004, 100.000, 100.000, 0.975, 0.826, 
[810] Train acc: 0.9219, Constr acc: 0.9688, CE loss: 0.150, DL2 loss: 0.320
8, 136, 0.1500, 0.0004, 92.188, 100.000, 0.978, 0.798, 
[825] Train acc: 1.0000, Constr acc: 0.8750, CE loss: 0.056, DL2 loss: 1.827
8, 135, 0.0561, 0.0004, 100.000, 100.000, 0.973, 0.783, 
[840] Train acc: 0.9531, Constr acc: 0.8750, CE loss: 0.087, DL2 loss: 2.181
8, 134, 0.0873, 0.0003, 95.312, 100.000, 0.975, 0.721, 
[855] Train acc: 0.9375, Constr acc: 0.8438, CE loss: 0.135, DL2 loss: 4.163
8, 133, 0.1355, 0.0003, 93.750, 100.000, 0.976, 0.659, 
[870] Train acc: 0.9844, Constr acc: 0.8125, CE loss: 0.060, DL2 loss: 2.706
8, 132, 0.0599, 0.0003, 98.438, 100.000, 0.982, 0.695, 
[885] Train acc: 0.9844, Constr acc: 0.8438, CE loss: 0.037, DL2 loss: 2.882
8, 131, 0.0366, 0.0004, 98.438, 100.000, 0.973, 0.746, 
[900] Train acc: 0.9531, Constr acc: 0.9062, CE loss: 0.125, DL2 loss: 0.557
8, 130, 0.1248, 0.0004, 95.312, 98.438, 0.981, 0.749, 
[915] Train acc: 0.9688, Constr acc: 0.8125, CE loss: 0.091, DL2 loss: 3.836
8, 129, 0.0911, 0.0004, 96.875, 100.000, 0.979, 0.781, 
[930] Train acc: 1.0000, Constr acc: 0.9375, CE loss: 0.014, DL2 loss: 0.570
8, 128, 0.0140, 0.0004, 100.000, 100.000, 0.979, 0.789, 
[0] Train acc: 0.9219, Constr acc: 0.8125, CE loss: 0.420, DL2 loss: 5.170
9, 127, 0.4200, 0.0006, 92.188, 98.438, 0.919, 0.860, 
[15] Train acc: 0.9844, Constr acc: 0.8125, CE loss: 0.072, DL2 loss: 5.064
9, 126, 0.0725, 0.0004, 98.438, 100.000, 0.976, 0.777, 
[30] Train acc: 1.0000, Constr acc: 0.7812, CE loss: 0.038, DL2 loss: 5.278
9, 125, 0.0376, 0.0004, 100.000, 100.000, 0.972, 0.767, 
[45] Train acc: 0.9531, Constr acc: 0.8750, CE loss: 0.103, DL2 loss: 1.281
9, 124, 0.1034, 0.0003, 95.312, 100.000, 0.983, 0.726, 
[60] Train acc: 0.9688, Constr acc: 0.9062, CE loss: 0.057, DL2 loss: 2.059
9, 123, 0.0567, 0.0004, 96.875, 100.000, 0.980, 0.776, 
[75] Train acc: 0.9688, Constr acc: 0.9688, CE loss: 0.054, DL2 loss: 1.031
9, 122, 0.0539, 0.0004, 96.875, 100.000, 0.980, 0.805, 
[90] Train acc: 0.9844, Constr acc: 0.7812, CE loss: 0.069, DL2 loss: 2.287
9, 121, 0.0687, 0.0004, 98.438, 100.000, 0.949, 0.811, 
[105] Train acc: 1.0000, Constr acc: 0.8750, CE loss: 0.025, DL2 loss: 2.694
9, 120, 0.0247, 0.0004, 100.000, 100.000, 0.979, 0.797, 
[120] Train acc: 0.9844, Constr acc: 0.9062, CE loss: 0.068, DL2 loss: 1.577
9, 119, 0.0679, 0.0003, 98.438, 100.000, 0.975, 0.739, 
[135] Train acc: 0.9844, Constr acc: 0.8750, CE loss: 0.056, DL2 loss: 1.110
9, 118, 0.0556, 0.0005, 98.438, 100.000, 0.979, 0.896, 
[150] Train acc: 0.9844, Constr acc: 0.9688, CE loss: 0.061, DL2 loss: 0.838
9, 117, 0.0612, 0.0004, 98.438, 100.000, 0.979, 0.850, 
[165] Train acc: 0.9688, Constr acc: 0.9375, CE loss: 0.039, DL2 loss: 1.219
9, 116, 0.0390, 0.0004, 96.875, 100.000, 0.972, 0.782, 
[180] Train acc: 0.9688, Constr acc: 0.9062, CE loss: 0.068, DL2 loss: 3.288
9, 115, 0.0681, 0.0004, 96.875, 100.000, 0.974, 0.820, 
[195] Train acc: 1.0000, Constr acc: 0.9375, CE loss: 0.030, DL2 loss: 0.275
9, 114, 0.0296, 0.0004, 100.000, 100.000, 0.976, 0.838, 
[210] Train acc: 0.9844, Constr acc: 0.8438, CE loss: 0.098, DL2 loss: 3.456
9, 113, 0.0975, 0.0004, 98.438, 100.000, 0.979, 0.885, 
[225] Train acc: 0.8906, Constr acc: 0.8125, CE loss: 0.269, DL2 loss: 2.406
9, 112, 0.2693, 0.0004, 89.062, 100.000, 0.965, 0.851, 
[240] Train acc: 0.9688, Constr acc: 0.8750, CE loss: 0.069, DL2 loss: 1.936
9, 111, 0.0690, 0.0005, 96.875, 100.000, 0.937, 0.871, 
[255] Train acc: 0.9688, Constr acc: 0.9062, CE loss: 0.084, DL2 loss: 1.526
9, 110, 0.0845, 0.0004, 96.875, 100.000, 0.978, 0.885, 
[270] Train acc: 0.9375, Constr acc: 0.9062, CE loss: 0.168, DL2 loss: 1.142
9, 109, 0.1680, 0.0004, 93.750, 100.000, 0.973, 0.863, 
[285] Train acc: 0.9688, Constr acc: 0.8438, CE loss: 0.078, DL2 loss: 3.812
9, 108, 0.0776, 0.0004, 96.875, 100.000, 0.980, 0.802, 
[300] Train acc: 0.9688, Constr acc: 0.9062, CE loss: 0.089, DL2 loss: 1.742
9, 107, 0.0885, 0.0004, 96.875, 100.000, 0.974, 0.824, 
[315] Train acc: 0.9219, Constr acc: 0.8438, CE loss: 0.120, DL2 loss: 5.489
9, 106, 0.1199, 0.0004, 92.188, 100.000, 0.980, 0.771, 
[330] Train acc: 0.9844, Constr acc: 0.8750, CE loss: 0.134, DL2 loss: 1.812
9, 105, 0.1335, 0.0004, 98.438, 100.000, 0.978, 0.784, 
[345] Train acc: 0.9844, Constr acc: 0.9375, CE loss: 0.068, DL2 loss: 0.415
9, 104, 0.0679, 0.0004, 98.438, 100.000, 0.978, 0.871, 
[360] Train acc: 0.9844, Constr acc: 0.9375, CE loss: 0.045, DL2 loss: 0.693
9, 103, 0.0448, 0.0005, 98.438, 100.000, 0.959, 0.897, 
[375] Train acc: 1.0000, Constr acc: 0.9375, CE loss: 0.023, DL2 loss: 0.364
9, 102, 0.0231, 0.0004, 100.000, 100.000, 0.981, 0.829, 
[390] Train acc: 0.9844, Constr acc: 0.8750, CE loss: 0.097, DL2 loss: 1.347
9, 101, 0.0968, 0.0004, 98.438, 100.000, 0.977, 0.873, 
[405] Train acc: 0.9531, Constr acc: 0.7500, CE loss: 0.084, DL2 loss: 4.170
9, 100, 0.0842, 0.0005, 95.312, 100.000, 0.976, 0.892, 
[420] Train acc: 1.0000, Constr acc: 0.8750, CE loss: 0.022, DL2 loss: 2.020
9, 99, 0.0221, 0.0004, 100.000, 100.000, 0.976, 0.787, 
[435] Train acc: 0.9688, Constr acc: 0.9688, CE loss: 0.068, DL2 loss: 1.052
9, 98, 0.0683, 0.0004, 96.875, 100.000, 0.977, 0.843, 
[450] Train acc: 0.9844, Constr acc: 0.9375, CE loss: 0.065, DL2 loss: 0.406
9, 97, 0.0649, 0.0004, 98.438, 100.000, 0.979, 0.852, 
[465] Train acc: 0.9688, Constr acc: 0.9062, CE loss: 0.077, DL2 loss: 2.347
9, 96, 0.0765, 0.0004, 96.875, 100.000, 0.981, 0.846, 
[480] Train acc: 1.0000, Constr acc: 0.8750, CE loss: 0.046, DL2 loss: 2.301
9, 95, 0.0460, 0.0004, 100.000, 100.000, 0.976, 0.834, 
[495] Train acc: 0.9844, Constr acc: 0.8125, CE loss: 0.085, DL2 loss: 2.766
9, 94, 0.0852, 0.0004, 98.438, 100.000, 0.976, 0.789, 
[510] Train acc: 0.9844, Constr acc: 0.8438, CE loss: 0.043, DL2 loss: 3.980
9, 93, 0.0427, 0.0004, 98.438, 100.000, 0.973, 0.848, 
[525] Train acc: 0.9062, Constr acc: 0.8125, CE loss: 0.611, DL2 loss: 5.236
9, 92, 0.6110, 0.0004, 90.625, 95.312, 0.965, 0.815, 
[540] Train acc: 0.9688, Constr acc: 0.8750, CE loss: 0.077, DL2 loss: 4.305
9, 91, 0.0772, 0.0004, 96.875, 100.000, 0.967, 0.839, 
[555] Train acc: 0.9688, Constr acc: 0.9375, CE loss: 0.269, DL2 loss: 1.539
9, 90, 0.2691, 0.0004, 96.875, 100.000, 0.970, 0.865, 
[570] Train acc: 1.0000, Constr acc: 0.9062, CE loss: 0.019, DL2 loss: 1.237
9, 89, 0.0188, 0.0004, 100.000, 100.000, 0.969, 0.865, 
[585] Train acc: 1.0000, Constr acc: 0.7500, CE loss: 0.041, DL2 loss: 3.925
9, 88, 0.0408, 0.0004, 100.000, 100.000, 0.974, 0.830, 
[600] Train acc: 0.9688, Constr acc: 0.8125, CE loss: 0.099, DL2 loss: 4.043
9, 87, 0.0994, 0.0004, 96.875, 100.000, 0.973, 0.825, 
[615] Train acc: 1.0000, Constr acc: 0.9062, CE loss: 0.037, DL2 loss: 3.229
9, 86, 0.0369, 0.0004, 100.000, 100.000, 0.967, 0.832, 
[630] Train acc: 1.0000, Constr acc: 0.7500, CE loss: 0.017, DL2 loss: 4.096
9, 85, 0.0166, 0.0004, 100.000, 100.000, 0.979, 0.799, 
[645] Train acc: 0.9531, Constr acc: 0.9062, CE loss: 0.160, DL2 loss: 3.638
9, 84, 0.1601, 0.0004, 95.312, 100.000, 0.951, 0.801, 
[660] Train acc: 0.9531, Constr acc: 0.8125, CE loss: 0.117, DL2 loss: 6.642
9, 83, 0.1171, 0.0004, 95.312, 100.000, 0.961, 0.814, 
[675] Train acc: 0.9062, Constr acc: 0.8750, CE loss: 0.378, DL2 loss: 1.693
9, 82, 0.3777, 0.0004, 90.625, 98.438, 0.974, 0.863, 
[690] Train acc: 0.9844, Constr acc: 0.9375, CE loss: 0.034, DL2 loss: 0.261
9, 81, 0.0337, 0.0004, 98.438, 100.000, 0.978, 0.832, 
[705] Train acc: 0.9844, Constr acc: 0.9062, CE loss: 0.073, DL2 loss: 1.683
9, 80, 0.0726, 0.0004, 98.438, 100.000, 0.962, 0.791, 
[720] Train acc: 0.9688, Constr acc: 0.9375, CE loss: 0.128, DL2 loss: 1.375
9, 79, 0.1279, 0.0004, 96.875, 100.000, 0.976, 0.791, 
[735] Train acc: 0.9219, Constr acc: 0.9062, CE loss: 0.322, DL2 loss: 1.980
9, 78, 0.3222, 0.0004, 92.188, 98.438, 0.968, 0.812, 
[750] Train acc: 0.9844, Constr acc: 0.8438, CE loss: 0.043, DL2 loss: 2.696
9, 77, 0.0428, 0.0004, 98.438, 100.000, 0.966, 0.826, 
[765] Train acc: 0.9531, Constr acc: 0.8125, CE loss: 0.102, DL2 loss: 1.238
9, 76, 0.1019, 0.0005, 95.312, 100.000, 0.938, 0.897, 
[780] Train acc: 0.9531, Constr acc: 0.9062, CE loss: 0.224, DL2 loss: 1.245
9, 75, 0.2245, 0.0004, 95.312, 100.000, 0.974, 0.880, 
[795] Train acc: 0.9375, Constr acc: 0.9062, CE loss: 0.093, DL2 loss: 2.352
9, 74, 0.0927, 0.0005, 93.750, 100.000, 0.971, 0.925, 
[810] Train acc: 0.9688, Constr acc: 0.8750, CE loss: 0.058, DL2 loss: 2.495
9, 73, 0.0579, 0.0005, 96.875, 100.000, 0.972, 0.913, 
[825] Train acc: 0.9375, Constr acc: 0.9688, CE loss: 0.120, DL2 loss: 0.814
9, 72, 0.1199, 0.0004, 93.750, 100.000, 0.969, 0.864, 
[840] Train acc: 0.9531, Constr acc: 0.8438, CE loss: 0.110, DL2 loss: 2.346
9, 71, 0.1103, 0.0005, 95.312, 100.000, 0.969, 0.918, 
[855] Train acc: 0.9531, Constr acc: 0.9062, CE loss: 0.248, DL2 loss: 1.018
9, 70, 0.2482, 0.0004, 95.312, 98.438, 0.970, 0.898, 
[870] Train acc: 0.9531, Constr acc: 0.7812, CE loss: 0.178, DL2 loss: 3.652
9, 69, 0.1781, 0.0005, 95.312, 100.000, 0.964, 0.912, 
[885] Train acc: 0.9844, Constr acc: 0.8438, CE loss: 0.065, DL2 loss: 3.019
9, 68, 0.0648, 0.0005, 98.438, 100.000, 0.953, 0.901, 
[900] Train acc: 0.9844, Constr acc: 0.9062, CE loss: 0.075, DL2 loss: 2.679
9, 67, 0.0745, 0.0005, 98.438, 100.000, 0.965, 0.908, 
[915] Train acc: 0.9688, Constr acc: 0.9062, CE loss: 0.086, DL2 loss: 0.796
9, 66, 0.0858, 0.0005, 96.875, 100.000, 0.968, 0.894, 
[930] Train acc: 0.9844, Constr acc: 0.8125, CE loss: 0.094, DL2 loss: 1.806
9, 65, 0.0943, 0.0004, 98.438, 100.000, 0.976, 0.896, 
[0] Train acc: 0.9844, Constr acc: 0.9375, CE loss: 0.065, DL2 loss: 1.389
10, 65, 0.0646, 0.0005, 98.438, 100.000, 0.962, 0.922, 
[15] Train acc: 0.9062, Constr acc: 0.7812, CE loss: 0.324, DL2 loss: 3.171
10, 64, 0.3245, 0.0004, 90.625, 100.000, 0.967, 0.883, 
[30] Train acc: 0.9688, Constr acc: 0.9062, CE loss: 0.049, DL2 loss: 0.983
10, 63, 0.0493, 0.0004, 96.875, 100.000, 0.974, 0.896, 
[45] Train acc: 0.9219, Constr acc: 0.8438, CE loss: 0.210, DL2 loss: 2.579
10, 62, 0.2100, 0.0005, 92.188, 100.000, 0.949, 0.892, 
[60] Train acc: 0.9688, Constr acc: 0.8438, CE loss: 0.068, DL2 loss: 1.078
10, 61, 0.0677, 0.0005, 96.875, 100.000, 0.947, 0.908, 
[75] Train acc: 0.9844, Constr acc: 0.8125, CE loss: 0.079, DL2 loss: 1.946
10, 60, 0.0790, 0.0005, 98.438, 100.000, 0.966, 0.940, 
[90] Train acc: 0.9844, Constr acc: 0.8438, CE loss: 0.055, DL2 loss: 2.864
10, 59, 0.0550, 0.0005, 98.438, 100.000, 0.967, 0.901, 
[105] Train acc: 0.9531, Constr acc: 0.9375, CE loss: 0.108, DL2 loss: 0.847
10, 58, 0.1079, 0.0004, 95.312, 100.000, 0.974, 0.871, 
[120] Train acc: 1.0000, Constr acc: 0.8750, CE loss: 0.036, DL2 loss: 2.877
10, 57, 0.0358, 0.0005, 100.000, 100.000, 0.948, 0.884, 
[135] Train acc: 0.9688, Constr acc: 0.8125, CE loss: 0.071, DL2 loss: 1.588
10, 56, 0.0711, 0.0005, 96.875, 100.000, 0.969, 0.885, 
[150] Train acc: 0.9688, Constr acc: 0.8125, CE loss: 0.079, DL2 loss: 2.836
10, 55, 0.0788, 0.0004, 96.875, 100.000, 0.974, 0.858, 
[165] Train acc: 0.9531, Constr acc: 0.9375, CE loss: 0.119, DL2 loss: 0.233
10, 54, 0.1186, 0.0004, 95.312, 100.000, 0.967, 0.832, 
[180] Train acc: 0.9688, Constr acc: 0.8438, CE loss: 0.062, DL2 loss: 1.993
10, 53, 0.0623, 0.0004, 96.875, 100.000, 0.965, 0.863, 
[195] Train acc: 0.9844, Constr acc: 0.9375, CE loss: 0.185, DL2 loss: 1.416
10, 52, 0.1852, 0.0005, 98.438, 100.000, 0.953, 0.853, 
[210] Train acc: 0.9688, Constr acc: 0.7812, CE loss: 0.099, DL2 loss: 2.641
10, 51, 0.0987, 0.0005, 96.875, 100.000, 0.952, 0.825, 
[225] Train acc: 0.9219, Constr acc: 0.9375, CE loss: 0.177, DL2 loss: 0.546
10, 50, 0.1773, 0.0005, 92.188, 100.000, 0.959, 0.948, 
[240] Train acc: 0.9062, Constr acc: 0.8750, CE loss: 0.220, DL2 loss: 3.327
10, 49, 0.2199, 0.0005, 90.625, 98.438, 0.965, 0.923, 
[255] Train acc: 0.9375, Constr acc: 0.8750, CE loss: 0.203, DL2 loss: 3.616
10, 48, 0.2028, 0.0005, 93.750, 100.000, 0.958, 0.916, 
[270] Train acc: 0.9688, Constr acc: 0.9062, CE loss: 0.116, DL2 loss: 2.614
10, 47, 0.1155, 0.0005, 96.875, 100.000, 0.944, 0.914, 
[285] Train acc: 0.9688, Constr acc: 0.7812, CE loss: 0.090, DL2 loss: 4.431
10, 46, 0.0898, 0.0005, 96.875, 100.000, 0.929, 0.898, 
[300] Train acc: 0.9375, Constr acc: 0.9062, CE loss: 0.143, DL2 loss: 0.219
10, 45, 0.1426, 0.0005, 93.750, 100.000, 0.951, 0.875, 
[315] Train acc: 0.9531, Constr acc: 0.8438, CE loss: 0.135, DL2 loss: 4.255
10, 44, 0.1353, 0.0005, 95.312, 100.000, 0.962, 0.869, 
[330] Train acc: 0.9375, Constr acc: 0.9688, CE loss: 0.463, DL2 loss: 0.497
10, 43, 0.4632, 0.0005, 93.750, 98.438, 0.937, 0.878, 
[345] Train acc: 0.9531, Constr acc: 0.9062, CE loss: 0.121, DL2 loss: 0.499
10, 42, 0.1206, 0.0005, 95.312, 100.000, 0.949, 0.840, 
[360] Train acc: 0.9531, Constr acc: 0.9062, CE loss: 0.125, DL2 loss: 2.240
10, 41, 0.1245, 0.0005, 95.312, 100.000, 0.951, 0.905, 
[375] Train acc: 0.9688, Constr acc: 0.6875, CE loss: 0.085, DL2 loss: 4.565
10, 40, 0.0855, 0.0005, 96.875, 100.000, 0.959, 0.917, 
[390] Train acc: 0.9844, Constr acc: 0.8125, CE loss: 0.049, DL2 loss: 2.661
10, 39, 0.0487, 0.0005, 98.438, 100.000, 0.902, 0.869, 
[405] Train acc: 0.9844, Constr acc: 0.8750, CE loss: 0.050, DL2 loss: 2.501
10, 38, 0.0499, 0.0005, 98.438, 100.000, 0.953, 0.837, 
[420] Train acc: 0.9688, Constr acc: 0.8750, CE loss: 0.122, DL2 loss: 2.044
10, 37, 0.1222, 0.0005, 96.875, 100.000, 0.950, 0.906, 
[435] Train acc: 0.9531, Constr acc: 0.8125, CE loss: 0.278, DL2 loss: 1.396
10, 36, 0.2775, 0.0005, 95.312, 100.000, 0.952, 0.905, 
[450] Train acc: 0.9375, Constr acc: 0.8125, CE loss: 0.177, DL2 loss: 2.091
10, 35, 0.1769, 0.0005, 93.750, 100.000, 0.893, 0.781, 
[465] Train acc: 0.8750, Constr acc: 0.8750, CE loss: 0.304, DL2 loss: 1.347
10, 34, 0.3036, 0.0004, 87.500, 100.000, 0.953, 0.795, 
[480] Train acc: 0.9375, Constr acc: 0.7812, CE loss: 0.499, DL2 loss: 2.842
10, 33, 0.4988, 0.0006, 93.750, 96.875, 0.929, 0.897, 
[495] Train acc: 0.9375, Constr acc: 0.7500, CE loss: 0.171, DL2 loss: 5.552
10, 32, 0.1707, 0.0006, 93.750, 100.000, 0.931, 0.908, 
[510] Train acc: 0.9219, Constr acc: 0.7812, CE loss: 0.203, DL2 loss: 3.334
10, 31, 0.2027, 0.0006, 92.188, 100.000, 0.943, 0.916, 
[525] Train acc: 0.9375, Constr acc: 0.8750, CE loss: 0.216, DL2 loss: 1.604
10, 30, 0.2162, 0.0006, 93.750, 100.000, 0.936, 0.911, 
[540] Train acc: 0.9219, Constr acc: 0.7188, CE loss: 0.283, DL2 loss: 2.923
10, 29, 0.2826, 0.0005, 92.188, 100.000, 0.941, 0.882, 
[555] Train acc: 0.9219, Constr acc: 0.8125, CE loss: 0.234, DL2 loss: 5.038
10, 28, 0.2336, 0.0006, 92.188, 100.000, 0.919, 0.889, 
[570] Train acc: 0.8750, Constr acc: 0.9375, CE loss: 0.412, DL2 loss: 0.238
10, 27, 0.4123, 0.0005, 87.500, 100.000, 0.937, 0.865, 
[585] Train acc: 0.8906, Constr acc: 0.8750, CE loss: 0.392, DL2 loss: 1.121
10, 26, 0.3920, 0.0006, 89.062, 100.000, 0.920, 0.842, 
[600] Train acc: 0.8594, Constr acc: 0.8125, CE loss: 0.478, DL2 loss: 4.707
10, 25, 0.4779, 0.0006, 85.938, 100.000, 0.923, 0.923, 
[615] Train acc: 0.9062, Constr acc: 0.8125, CE loss: 0.398, DL2 loss: 2.975
10, 24, 0.3985, 0.0007, 90.625, 98.438, 0.907, 0.890, 
[630] Train acc: 0.8438, Constr acc: 0.9375, CE loss: 0.489, DL2 loss: 0.469
10, 23, 0.4887, 0.0007, 84.375, 100.000, 0.881, 0.847, 
[645] Train acc: 0.8125, Constr acc: 0.7500, CE loss: 0.533, DL2 loss: 4.907
10, 22, 0.5330, 0.0008, 81.250, 100.000, 0.885, 0.853, 
[660] Train acc: 0.8750, Constr acc: 0.8125, CE loss: 0.374, DL2 loss: 4.591
10, 21, 0.3737, 0.0008, 87.500, 98.438, 0.798, 0.785, 
[675] Train acc: 0.7500, Constr acc: 0.7500, CE loss: 0.847, DL2 loss: 4.240
10, 20, 0.8471, 0.0008, 75.000, 95.312, 0.784, 0.810, 
[690] Train acc: 0.7969, Constr acc: 0.7812, CE loss: 0.522, DL2 loss: 4.544
10, 19, 0.5220, 0.0008, 79.688, 100.000, 0.784, 0.836, 
[705] Train acc: 0.7812, Constr acc: 0.7812, CE loss: 0.682, DL2 loss: 6.376
10, 18, 0.6819, 0.0008, 78.125, 98.438, 0.778, 0.801, 
[720] Train acc: 0.8125, Constr acc: 0.8125, CE loss: 0.588, DL2 loss: 2.838
10, 17, 0.5877, 0.0008, 81.250, 98.438, 0.813, 0.787, 
[735] Train acc: 0.8438, Constr acc: 0.6875, CE loss: 0.458, DL2 loss: 5.683
10, 16, 0.4579, 0.0008, 84.375, 100.000, 0.815, 0.788, 
[750] Train acc: 0.7656, Constr acc: 0.8750, CE loss: 0.639, DL2 loss: 2.117
10, 15, 0.6386, 0.0008, 76.562, 98.438, 0.769, 0.832, 
[765] Train acc: 0.6719, Constr acc: 0.6250, CE loss: 0.976, DL2 loss: 3.838
10, 14, 0.9763, 0.0011, 67.188, 96.875, 0.644, 0.902, 
[780] Train acc: 0.6562, Constr acc: 0.6562, CE loss: 0.999, DL2 loss: 5.839
10, 13, 0.9995, 0.0012, 65.625, 98.438, 0.544, 0.772, 
[795] Train acc: 0.5156, Constr acc: 0.6562, CE loss: 1.459, DL2 loss: 5.354
10, 12, 1.4591, 0.0014, 51.562, 96.875, 0.556, 0.965, 
[810] Train acc: 0.5469, Constr acc: 0.6250, CE loss: 1.514, DL2 loss: 5.290
10, 11, 1.5137, 0.0014, 54.688, 93.750, 0.539, 0.927, 
[825] Train acc: 0.3281, Constr acc: 0.5625, CE loss: 2.214, DL2 loss: 9.243
10, 10, 2.2145, 0.0015, 32.812, 84.375, 0.423, 0.962, 
[840] Train acc: 0.4062, Constr acc: 0.6250, CE loss: 1.737, DL2 loss: 5.330
10, 9, 1.7367, 0.0016, 40.625, 85.938, 0.386, 0.919, 
[855] Train acc: 0.1250, Constr acc: 0.1875, CE loss: 2.307, DL2 loss: 16.251
10, 8, 2.3071, 0.0019, 12.500, 79.688, 0.187, 0.993, 
[870] Train acc: 0.2656, Constr acc: 0.4375, CE loss: 2.367, DL2 loss: 12.935
10, 7, 2.3670, 0.0018, 26.562, 89.062, 0.244, 0.950, 
[885] Train acc: 0.1250, Constr acc: 0.0938, CE loss: 2.298, DL2 loss: 26.549
10, 6, 2.2980, 0.0023, 12.500, 51.562, 0.114, 1.000, 
[900] Train acc: 0.0938, Constr acc: 0.0312, CE loss: 2.299, DL2 loss: 26.146
10, 5, 2.2989, 0.0023, 9.375, 57.812, 0.114, 1.000, 
[915] Train acc: 0.1250, Constr acc: 0.0625, CE loss: 2.302, DL2 loss: 31.067
10, 4, 2.3016, 0.0023, 12.500, 50.000, 0.114, 1.000, 
[930] Train acc: 0.1250, Constr acc: 0.0938, CE loss: 2.306, DL2 loss: 25.892
10, 3, 2.3063, 0.0023, 12.500, 48.438, 0.114, 1.000, 
