main_allinputs_dl2.py --pruning=True --tensorboard=True --log-interval=15 --pruning_config=./configs/mnist_22_15.json --constraint RobustnessDandR(eps1=25, eps2=8) --print-after-epoch=0 --dl2-weight=0.2 --delay=6
pruning_engine.load_mask(): did not find mask file, will load nothing
epoch, neuron_units, loss, dl2_loss, top1, top5, dl2_p_acc, dl2_constraint_acc
[0] Train acc: 0.1406
1, 252, 2.2927, 0.0023, 14.062, 59.375, 0.103, 1.000, 
[15] Train acc: 0.1875
1, 252, 2.2763, 0.0023, 18.750, 68.750, 0.103, 1.000, 
[30] Train acc: 0.3125
1, 252, 2.2343, 0.0023, 31.250, 75.000, 0.205, 1.000, 
[45] Train acc: 0.3594
1, 252, 2.1083, 0.0022, 35.938, 89.062, 0.408, 1.000, 
[60] Train acc: 0.5625
1, 252, 1.8079, 0.0021, 56.250, 90.625, 0.576, 1.000, 
[75] Train acc: 0.6719
1, 252, 1.1560, 0.0017, 67.188, 95.312, 0.646, 1.000, 
[90] Train acc: 0.6250
1, 252, 1.0569, 0.0015, 62.500, 98.438, 0.674, 1.000, 
[105] Train acc: 0.7031
1, 252, 0.8945, 0.0013, 70.312, 95.312, 0.730, 1.000, 
[120] Train acc: 0.8125
1, 252, 0.5999, 0.0011, 81.250, 98.438, 0.806, 1.000, 
[135] Train acc: 0.8594
1, 252, 0.3908, 0.0010, 85.938, 100.000, 0.854, 1.000, 
[150] Train acc: 0.8594
1, 252, 0.5338, 0.0010, 85.938, 100.000, 0.820, 1.000, 
[165] Train acc: 0.8281
1, 252, 0.5438, 0.0010, 82.812, 98.438, 0.764, 1.000, 
[180] Train acc: 0.9062
1, 252, 0.4400, 0.0009, 90.625, 98.438, 0.846, 1.000, 
[195] Train acc: 0.9062
1, 252, 0.2807, 0.0009, 90.625, 100.000, 0.848, 1.000, 
[210] Train acc: 0.9219
1, 252, 0.3620, 0.0009, 92.188, 98.438, 0.857, 1.000, 
[225] Train acc: 0.8906
1, 252, 0.3961, 0.0008, 89.062, 100.000, 0.886, 1.000, 
[240] Train acc: 0.8750
1, 252, 0.4191, 0.0008, 87.500, 98.438, 0.877, 1.000, 
[255] Train acc: 0.8281
1, 252, 0.4304, 0.0008, 82.812, 100.000, 0.853, 1.000, 
[270] Train acc: 0.9219
1, 252, 0.2301, 0.0008, 92.188, 100.000, 0.844, 1.000, 
[285] Train acc: 0.9375
1, 252, 0.2473, 0.0007, 93.750, 100.000, 0.920, 1.000, 
[300] Train acc: 0.9062
1, 252, 0.2676, 0.0007, 90.625, 100.000, 0.912, 1.000, 
[315] Train acc: 0.9375
1, 252, 0.2680, 0.0007, 93.750, 98.438, 0.920, 1.000, 
[330] Train acc: 0.9062
1, 252, 0.3760, 0.0007, 90.625, 98.438, 0.864, 1.000, 
[345] Train acc: 0.8594
1, 252, 0.4707, 0.0007, 85.938, 98.438, 0.908, 1.000, 
[360] Train acc: 0.8750
1, 252, 0.2857, 0.0007, 87.500, 100.000, 0.908, 1.000, 
[375] Train acc: 0.9375
1, 252, 0.1565, 0.0007, 93.750, 100.000, 0.922, 1.000, 
[390] Train acc: 0.9219
1, 252, 0.2108, 0.0006, 92.188, 100.000, 0.914, 1.000, 
[405] Train acc: 0.9375
1, 252, 0.1969, 0.0006, 93.750, 100.000, 0.917, 1.000, 
[420] Train acc: 0.9219
1, 252, 0.2400, 0.0006, 92.188, 100.000, 0.936, 1.000, 
[435] Train acc: 0.9219
1, 252, 0.2270, 0.0006, 92.188, 100.000, 0.933, 1.000, 
[450] Train acc: 0.9219
1, 252, 0.1798, 0.0006, 92.188, 100.000, 0.942, 1.000, 
[465] Train acc: 0.8906
1, 252, 0.3462, 0.0006, 89.062, 100.000, 0.916, 1.000, 
[480] Train acc: 1.0000
1, 252, 0.0755, 0.0006, 100.000, 100.000, 0.934, 1.000, 
[495] Train acc: 0.9531
1, 252, 0.1632, 0.0006, 95.312, 100.000, 0.947, 1.000, 
[510] Train acc: 0.9219
1, 252, 0.1653, 0.0005, 92.188, 100.000, 0.949, 0.999, 
[525] Train acc: 0.9531
1, 252, 0.1390, 0.0006, 95.312, 100.000, 0.945, 0.999, 
[540] Train acc: 0.9531
1, 252, 0.2509, 0.0006, 95.312, 98.438, 0.934, 1.000, 
[555] Train acc: 0.9531
1, 252, 0.1703, 0.0005, 95.312, 98.438, 0.953, 0.999, 
[570] Train acc: 0.9531
1, 252, 0.1515, 0.0005, 95.312, 100.000, 0.923, 0.999, 
[585] Train acc: 0.9844
1, 252, 0.0830, 0.0005, 98.438, 100.000, 0.950, 1.000, 
[600] Train acc: 0.9531
1, 252, 0.1891, 0.0005, 95.312, 100.000, 0.951, 1.000, 
[615] Train acc: 0.9531
1, 252, 0.1560, 0.0005, 95.312, 100.000, 0.951, 1.000, 
[630] Train acc: 0.9375
1, 252, 0.3314, 0.0005, 93.750, 100.000, 0.956, 1.000, 
[645] Train acc: 0.9688
1, 252, 0.1526, 0.0005, 96.875, 100.000, 0.956, 1.000, 
[660] Train acc: 0.9688
1, 252, 0.1363, 0.0005, 96.875, 100.000, 0.955, 0.999, 
[675] Train acc: 0.9219
1, 252, 0.1621, 0.0005, 92.188, 100.000, 0.956, 1.000, 
[690] Train acc: 0.9688
1, 252, 0.1655, 0.0005, 96.875, 98.438, 0.958, 1.000, 
[705] Train acc: 0.8906
1, 252, 0.3465, 0.0005, 89.062, 100.000, 0.951, 0.999, 
[720] Train acc: 1.0000
1, 252, 0.0519, 0.0005, 100.000, 100.000, 0.958, 1.000, 
[735] Train acc: 0.9375
1, 252, 0.1611, 0.0005, 93.750, 100.000, 0.956, 1.000, 
[750] Train acc: 0.9688
1, 252, 0.0681, 0.0005, 96.875, 100.000, 0.951, 0.999, 
[765] Train acc: 0.9062
1, 252, 0.2858, 0.0005, 90.625, 100.000, 0.946, 1.000, 
[780] Train acc: 0.9219
1, 252, 0.1961, 0.0005, 92.188, 100.000, 0.964, 1.000, 
[795] Train acc: 0.9375
1, 252, 0.1240, 0.0005, 93.750, 100.000, 0.959, 1.000, 
[810] Train acc: 1.0000
1, 252, 0.0541, 0.0005, 100.000, 100.000, 0.963, 1.000, 
[825] Train acc: 0.9531
1, 252, 0.1063, 0.0005, 95.312, 100.000, 0.961, 1.000, 
[840] Train acc: 0.9531
1, 252, 0.1269, 0.0005, 95.312, 100.000, 0.969, 1.000, 
[855] Train acc: 0.9375
1, 252, 0.1498, 0.0005, 93.750, 100.000, 0.944, 1.000, 
[870] Train acc: 0.9531
1, 252, 0.1492, 0.0004, 95.312, 100.000, 0.964, 1.000, 
[885] Train acc: 0.9375
1, 252, 0.1354, 0.0005, 93.750, 100.000, 0.960, 1.000, 
[900] Train acc: 0.9531
1, 252, 0.1045, 0.0004, 95.312, 100.000, 0.963, 0.999, 
[915] Train acc: 0.9375
1, 252, 0.1984, 0.0004, 93.750, 100.000, 0.960, 1.000, 
[930] Train acc: 0.9375
1, 252, 0.1602, 0.0004, 93.750, 100.000, 0.964, 1.000, 
[0] Train acc: 0.9531
2, 252, 0.1422, 0.0004, 95.312, 100.000, 0.963, 1.000, 
[15] Train acc: 0.9844
2, 252, 0.0743, 0.0004, 98.438, 100.000, 0.967, 0.998, 
[30] Train acc: 0.9688
2, 252, 0.0818, 0.0004, 96.875, 100.000, 0.955, 0.998, 
[45] Train acc: 0.9688
2, 252, 0.0931, 0.0004, 96.875, 100.000, 0.966, 0.998, 
[60] Train acc: 0.9844
2, 252, 0.0457, 0.0004, 98.438, 100.000, 0.963, 0.999, 
[75] Train acc: 0.9688
2, 252, 0.1403, 0.0004, 96.875, 100.000, 0.966, 0.999, 
[90] Train acc: 0.9375
2, 252, 0.3260, 0.0004, 93.750, 100.000, 0.968, 0.999, 
[105] Train acc: 0.9844
2, 252, 0.0472, 0.0004, 98.438, 100.000, 0.969, 1.000, 
[120] Train acc: 0.9844
2, 252, 0.0902, 0.0004, 98.438, 100.000, 0.970, 1.000, 
[135] Train acc: 0.9688
2, 252, 0.1529, 0.0004, 96.875, 100.000, 0.963, 0.999, 
[150] Train acc: 0.9531
2, 252, 0.0850, 0.0004, 95.312, 100.000, 0.967, 0.997, 
[165] Train acc: 0.9844
2, 252, 0.0711, 0.0004, 98.438, 100.000, 0.968, 0.998, 
[180] Train acc: 0.9531
2, 252, 0.0894, 0.0004, 95.312, 100.000, 0.967, 0.998, 
[195] Train acc: 0.9688
2, 252, 0.0980, 0.0004, 96.875, 100.000, 0.961, 0.999, 
[210] Train acc: 0.9688
2, 252, 0.0667, 0.0004, 96.875, 100.000, 0.973, 0.998, 
[225] Train acc: 0.9531
2, 252, 0.1516, 0.0004, 95.312, 100.000, 0.965, 0.997, 
[240] Train acc: 0.9531
2, 252, 0.1471, 0.0004, 95.312, 100.000, 0.966, 0.999, 
[255] Train acc: 1.0000
2, 252, 0.0243, 0.0004, 100.000, 100.000, 0.968, 0.997, 
[270] Train acc: 0.9844
2, 252, 0.0624, 0.0003, 98.438, 100.000, 0.973, 0.996, 
[285] Train acc: 0.9844
2, 252, 0.0390, 0.0003, 98.438, 100.000, 0.975, 0.996, 
[300] Train acc: 0.9688
2, 252, 0.0785, 0.0004, 96.875, 100.000, 0.969, 0.995, 
[315] Train acc: 0.9375
2, 252, 0.1171, 0.0004, 93.750, 100.000, 0.976, 0.998, 
[330] Train acc: 0.9688
2, 252, 0.0509, 0.0004, 96.875, 100.000, 0.970, 0.997, 
[345] Train acc: 0.9531
2, 252, 0.2349, 0.0004, 95.312, 100.000, 0.977, 0.999, 
[360] Train acc: 0.9688
2, 252, 0.0656, 0.0004, 96.875, 100.000, 0.962, 1.000, 
[375] Train acc: 0.9531
2, 252, 0.1001, 0.0004, 95.312, 100.000, 0.976, 0.999, 
[390] Train acc: 0.9844
2, 252, 0.0292, 0.0004, 98.438, 100.000, 0.973, 0.998, 
[405] Train acc: 0.9844
2, 252, 0.0423, 0.0004, 98.438, 100.000, 0.969, 1.000, 
[420] Train acc: 0.9844
2, 252, 0.0240, 0.0003, 98.438, 100.000, 0.976, 0.997, 
[435] Train acc: 0.9844
2, 252, 0.0399, 0.0004, 98.438, 100.000, 0.977, 0.999, 
[450] Train acc: 0.9844
2, 252, 0.0881, 0.0004, 98.438, 100.000, 0.974, 0.999, 
[465] Train acc: 0.9688
2, 252, 0.0881, 0.0004, 96.875, 100.000, 0.974, 0.999, 
[480] Train acc: 0.9688
2, 252, 0.0879, 0.0004, 96.875, 100.000, 0.969, 0.998, 
[495] Train acc: 0.9375
2, 252, 0.1214, 0.0004, 93.750, 100.000, 0.972, 0.998, 
[510] Train acc: 1.0000
2, 252, 0.0172, 0.0004, 100.000, 100.000, 0.974, 0.997, 
[525] Train acc: 0.9688
2, 252, 0.1268, 0.0004, 96.875, 100.000, 0.978, 0.998, 
[540] Train acc: 0.9688
2, 252, 0.0655, 0.0004, 96.875, 100.000, 0.978, 1.000, 
[555] Train acc: 1.0000
2, 252, 0.0348, 0.0004, 100.000, 100.000, 0.977, 0.997, 
[570] Train acc: 0.9375
2, 252, 0.1934, 0.0004, 93.750, 100.000, 0.972, 0.999, 
[585] Train acc: 1.0000
2, 252, 0.0182, 0.0004, 100.000, 100.000, 0.966, 0.998, 
[600] Train acc: 0.9531
2, 252, 0.1915, 0.0004, 95.312, 100.000, 0.964, 0.999, 
[615] Train acc: 0.9531
2, 252, 0.1949, 0.0004, 95.312, 100.000, 0.973, 1.000, 
[630] Train acc: 0.9844
2, 252, 0.0737, 0.0004, 98.438, 100.000, 0.972, 0.998, 
[645] Train acc: 0.9062
2, 252, 0.2306, 0.0003, 90.625, 100.000, 0.980, 0.998, 
[660] Train acc: 0.9844
2, 252, 0.0522, 0.0003, 98.438, 100.000, 0.977, 0.996, 
[675] Train acc: 0.9844
2, 252, 0.0637, 0.0003, 98.438, 100.000, 0.978, 0.998, 
[690] Train acc: 0.9688
2, 252, 0.0455, 0.0003, 96.875, 100.000, 0.974, 0.994, 
[705] Train acc: 0.9844
2, 252, 0.0957, 0.0003, 98.438, 100.000, 0.970, 0.997, 
[720] Train acc: 0.9688
2, 252, 0.0663, 0.0003, 96.875, 100.000, 0.976, 0.996, 
[735] Train acc: 0.9844
2, 252, 0.1004, 0.0003, 98.438, 100.000, 0.960, 0.994, 
[750] Train acc: 1.0000
2, 252, 0.0186, 0.0003, 100.000, 100.000, 0.978, 0.996, 
[765] Train acc: 0.9844
2, 252, 0.0402, 0.0003, 98.438, 100.000, 0.978, 0.992, 
[780] Train acc: 0.9844
2, 252, 0.0377, 0.0003, 98.438, 100.000, 0.974, 0.995, 
[795] Train acc: 0.9688
2, 252, 0.0857, 0.0003, 96.875, 100.000, 0.977, 0.998, 
[810] Train acc: 0.9688
2, 252, 0.0765, 0.0003, 96.875, 100.000, 0.976, 0.996, 
[825] Train acc: 0.9375
2, 252, 0.2790, 0.0003, 93.750, 100.000, 0.979, 0.997, 
[840] Train acc: 1.0000
2, 252, 0.0193, 0.0003, 100.000, 100.000, 0.974, 0.997, 
[855] Train acc: 1.0000
2, 252, 0.0162, 0.0003, 100.000, 100.000, 0.980, 0.994, 
[870] Train acc: 0.9844
2, 252, 0.0265, 0.0003, 98.438, 100.000, 0.978, 0.995, 
[885] Train acc: 0.9844
2, 252, 0.0532, 0.0003, 98.438, 100.000, 0.977, 0.997, 
[900] Train acc: 0.9375
2, 252, 0.1047, 0.0003, 93.750, 100.000, 0.979, 0.996, 
[915] Train acc: 0.9844
2, 252, 0.0519, 0.0003, 98.438, 100.000, 0.981, 0.995, 
[930] Train acc: 0.9688
2, 252, 0.1086, 0.0003, 96.875, 100.000, 0.971, 0.997, 
[0] Train acc: 0.9688
3, 252, 0.1501, 0.0003, 96.875, 100.000, 0.970, 0.996, 
[15] Train acc: 1.0000
3, 252, 0.0251, 0.0003, 100.000, 100.000, 0.981, 0.996, 
[30] Train acc: 0.9844
3, 252, 0.0499, 0.0003, 98.438, 100.000, 0.977, 0.998, 
[45] Train acc: 0.9688
3, 252, 0.0734, 0.0004, 96.875, 100.000, 0.970, 0.998, 
[60] Train acc: 1.0000
3, 252, 0.0208, 0.0003, 100.000, 100.000, 0.980, 0.996, 
[75] Train acc: 0.9688
3, 252, 0.1420, 0.0003, 96.875, 100.000, 0.967, 0.995, 
[90] Train acc: 0.9688
3, 252, 0.0717, 0.0003, 96.875, 100.000, 0.974, 0.991, 
[105] Train acc: 1.0000
3, 252, 0.0252, 0.0003, 100.000, 100.000, 0.981, 0.997, 
[120] Train acc: 1.0000
3, 252, 0.0197, 0.0003, 100.000, 100.000, 0.979, 0.996, 
[135] Train acc: 0.9531
3, 252, 0.0737, 0.0003, 95.312, 100.000, 0.981, 0.998, 
[150] Train acc: 1.0000
3, 252, 0.0099, 0.0003, 100.000, 100.000, 0.976, 0.996, 
[165] Train acc: 0.9688
3, 252, 0.1759, 0.0003, 96.875, 100.000, 0.981, 0.999, 
[180] Train acc: 0.9531
3, 252, 0.1120, 0.0003, 95.312, 100.000, 0.981, 0.998, 
[195] Train acc: 0.9844
3, 252, 0.0655, 0.0003, 98.438, 100.000, 0.977, 0.996, 
[210] Train acc: 0.9531
3, 252, 0.0744, 0.0003, 95.312, 100.000, 0.971, 0.997, 
[225] Train acc: 1.0000
3, 252, 0.0150, 0.0003, 100.000, 100.000, 0.982, 0.997, 
[240] Train acc: 0.9844
3, 252, 0.0536, 0.0003, 98.438, 100.000, 0.980, 0.993, 
[255] Train acc: 0.9844
3, 252, 0.0566, 0.0003, 98.438, 100.000, 0.973, 0.990, 
[270] Train acc: 0.9688
3, 252, 0.1104, 0.0003, 96.875, 100.000, 0.981, 0.995, 
[285] Train acc: 0.9688
3, 252, 0.0566, 0.0003, 96.875, 100.000, 0.984, 0.994, 
[300] Train acc: 0.9844
3, 252, 0.0678, 0.0003, 98.438, 100.000, 0.981, 0.998, 
[315] Train acc: 0.9688
3, 252, 0.1390, 0.0003, 96.875, 100.000, 0.983, 0.995, 
[330] Train acc: 0.9531
3, 252, 0.1307, 0.0003, 95.312, 100.000, 0.979, 0.996, 
[345] Train acc: 1.0000
3, 252, 0.0148, 0.0003, 100.000, 100.000, 0.982, 0.995, 
[360] Train acc: 0.9844
3, 252, 0.0636, 0.0003, 98.438, 100.000, 0.979, 0.991, 
[375] Train acc: 1.0000
3, 252, 0.0416, 0.0003, 100.000, 100.000, 0.976, 0.989, 
[390] Train acc: 0.9375
3, 252, 0.2297, 0.0003, 93.750, 100.000, 0.965, 0.989, 
[405] Train acc: 0.9844
3, 252, 0.0452, 0.0003, 98.438, 100.000, 0.982, 0.992, 
[420] Train acc: 1.0000
3, 252, 0.0281, 0.0003, 100.000, 100.000, 0.983, 0.990, 
[435] Train acc: 0.9844
3, 252, 0.0278, 0.0003, 98.438, 100.000, 0.974, 0.996, 
[450] Train acc: 0.9844
3, 252, 0.0485, 0.0003, 98.438, 100.000, 0.979, 0.994, 
[465] Train acc: 1.0000
3, 252, 0.0423, 0.0003, 100.000, 100.000, 0.982, 0.996, 
[480] Train acc: 0.9844
3, 252, 0.1305, 0.0003, 98.438, 100.000, 0.981, 0.994, 
[495] Train acc: 0.9688
3, 252, 0.0578, 0.0003, 96.875, 100.000, 0.982, 0.993, 
[510] Train acc: 0.9688
3, 252, 0.0865, 0.0003, 96.875, 100.000, 0.982, 0.994, 
[525] Train acc: 0.9531
3, 252, 0.1020, 0.0003, 95.312, 100.000, 0.983, 0.996, 
[540] Train acc: 1.0000
3, 252, 0.0191, 0.0003, 100.000, 100.000, 0.983, 0.992, 
[555] Train acc: 0.9531
3, 252, 0.1622, 0.0003, 95.312, 100.000, 0.985, 0.998, 
[570] Train acc: 0.9844
3, 252, 0.0546, 0.0003, 98.438, 100.000, 0.978, 0.993, 
[585] Train acc: 1.0000
3, 252, 0.0108, 0.0003, 100.000, 100.000, 0.983, 0.993, 
[600] Train acc: 0.9531
3, 252, 0.1549, 0.0003, 95.312, 100.000, 0.981, 0.994, 
[615] Train acc: 0.9531
3, 252, 0.1733, 0.0003, 95.312, 100.000, 0.983, 0.995, 
[630] Train acc: 1.0000
3, 252, 0.0238, 0.0003, 100.000, 100.000, 0.984, 0.997, 
[645] Train acc: 0.9688
3, 252, 0.2059, 0.0003, 96.875, 100.000, 0.982, 0.996, 
[660] Train acc: 1.0000
3, 252, 0.0328, 0.0003, 100.000, 100.000, 0.983, 0.998, 
[675] Train acc: 1.0000
3, 252, 0.0158, 0.0003, 100.000, 100.000, 0.984, 0.995, 
[690] Train acc: 0.9844
3, 252, 0.0297, 0.0003, 98.438, 100.000, 0.984, 0.995, 
[705] Train acc: 1.0000
3, 252, 0.0261, 0.0003, 100.000, 100.000, 0.983, 0.992, 
[720] Train acc: 0.9844
3, 252, 0.0484, 0.0003, 98.438, 100.000, 0.984, 0.994, 
[735] Train acc: 0.9844
3, 252, 0.0383, 0.0003, 98.438, 100.000, 0.981, 0.992, 
[750] Train acc: 1.0000
3, 252, 0.0242, 0.0003, 100.000, 100.000, 0.985, 0.992, 
[765] Train acc: 1.0000
3, 252, 0.0230, 0.0003, 100.000, 100.000, 0.981, 0.993, 
[780] Train acc: 0.9688
3, 252, 0.1031, 0.0003, 96.875, 100.000, 0.984, 0.992, 
[795] Train acc: 0.9688
3, 252, 0.0400, 0.0003, 96.875, 100.000, 0.983, 0.988, 
[810] Train acc: 1.0000
3, 252, 0.0077, 0.0003, 100.000, 100.000, 0.977, 0.989, 
[825] Train acc: 1.0000
3, 252, 0.0114, 0.0002, 100.000, 100.000, 0.983, 0.989, 
[840] Train acc: 0.9531
3, 252, 0.0659, 0.0003, 95.312, 100.000, 0.981, 0.996, 
[855] Train acc: 1.0000
3, 252, 0.0088, 0.0003, 100.000, 100.000, 0.978, 0.997, 
[870] Train acc: 1.0000
3, 252, 0.0065, 0.0003, 100.000, 100.000, 0.982, 0.995, 
[885] Train acc: 1.0000
3, 252, 0.0153, 0.0003, 100.000, 100.000, 0.983, 0.992, 
[900] Train acc: 0.9844
3, 252, 0.0251, 0.0003, 98.438, 100.000, 0.981, 0.992, 
[915] Train acc: 0.9531
3, 252, 0.2445, 0.0003, 95.312, 100.000, 0.984, 0.994, 
[930] Train acc: 0.9844
3, 252, 0.0619, 0.0003, 98.438, 100.000, 0.987, 0.994, 
[0] Train acc: 0.9844
4, 252, 0.0490, 0.0003, 98.438, 100.000, 0.986, 0.993, 
[15] Train acc: 1.0000
4, 252, 0.0256, 0.0003, 100.000, 100.000, 0.984, 0.993, 
[30] Train acc: 0.9844
4, 252, 0.0464, 0.0003, 98.438, 100.000, 0.980, 0.991, 
[45] Train acc: 1.0000
4, 252, 0.0067, 0.0003, 100.000, 100.000, 0.985, 0.993, 
[60] Train acc: 1.0000
4, 252, 0.0234, 0.0003, 100.000, 100.000, 0.985, 0.991, 
[75] Train acc: 0.9844
4, 252, 0.0512, 0.0003, 98.438, 100.000, 0.973, 0.988, 
[90] Train acc: 0.9844
4, 252, 0.0420, 0.0002, 98.438, 100.000, 0.986, 0.988, 
[105] Train acc: 1.0000
4, 252, 0.0132, 0.0003, 100.000, 100.000, 0.984, 0.992, 
[120] Train acc: 0.9844
4, 252, 0.0523, 0.0003, 98.438, 100.000, 0.984, 0.995, 
[135] Train acc: 0.9844
4, 252, 0.0351, 0.0003, 98.438, 100.000, 0.986, 0.991, 
[150] Train acc: 0.9688
4, 252, 0.0495, 0.0003, 96.875, 100.000, 0.986, 0.990, 
[165] Train acc: 1.0000
4, 252, 0.0170, 0.0003, 100.000, 100.000, 0.982, 0.987, 
[180] Train acc: 0.9844
4, 252, 0.1124, 0.0002, 98.438, 100.000, 0.985, 0.987, 
[195] Train acc: 1.0000
4, 252, 0.0074, 0.0002, 100.000, 100.000, 0.983, 0.983, 
[210] Train acc: 0.9688
4, 252, 0.1098, 0.0003, 96.875, 100.000, 0.980, 0.987, 
[225] Train acc: 0.9844
4, 252, 0.0262, 0.0003, 98.438, 100.000, 0.985, 0.991, 
[240] Train acc: 1.0000
4, 252, 0.0203, 0.0003, 100.000, 100.000, 0.982, 0.995, 
[255] Train acc: 0.9844
4, 252, 0.1230, 0.0003, 98.438, 98.438, 0.984, 0.993, 
[270] Train acc: 1.0000
4, 252, 0.0095, 0.0002, 100.000, 100.000, 0.985, 0.989, 
[285] Train acc: 0.9844
4, 252, 0.0919, 0.0002, 98.438, 100.000, 0.986, 0.988, 
[300] Train acc: 1.0000
4, 252, 0.0137, 0.0003, 100.000, 100.000, 0.981, 0.991, 
[315] Train acc: 1.0000
4, 252, 0.0170, 0.0002, 100.000, 100.000, 0.985, 0.990, 
[330] Train acc: 0.9688
4, 252, 0.0415, 0.0003, 96.875, 100.000, 0.985, 0.993, 
[345] Train acc: 0.9531
4, 252, 0.0926, 0.0003, 95.312, 100.000, 0.983, 0.993, 
[360] Train acc: 0.9688
4, 252, 0.0735, 0.0003, 96.875, 100.000, 0.979, 0.995, 
[375] Train acc: 1.0000
4, 252, 0.0085, 0.0003, 100.000, 100.000, 0.987, 0.993, 
[390] Train acc: 1.0000
4, 252, 0.0141, 0.0003, 100.000, 100.000, 0.985, 0.993, 
[405] Train acc: 1.0000
4, 252, 0.0082, 0.0003, 100.000, 100.000, 0.983, 0.992, 
[420] Train acc: 0.9688
4, 252, 0.0491, 0.0003, 96.875, 100.000, 0.982, 0.986, 
[435] Train acc: 0.9844
4, 252, 0.0682, 0.0003, 98.438, 100.000, 0.985, 0.989, 
[450] Train acc: 1.0000
4, 252, 0.0189, 0.0003, 100.000, 100.000, 0.983, 0.993, 
[465] Train acc: 0.9844
4, 252, 0.0690, 0.0003, 98.438, 100.000, 0.985, 0.992, 
[480] Train acc: 0.9688
4, 252, 0.0650, 0.0002, 96.875, 100.000, 0.984, 0.987, 
[495] Train acc: 0.9844
4, 252, 0.0433, 0.0003, 98.438, 100.000, 0.986, 0.989, 
[510] Train acc: 0.9688
4, 252, 0.0584, 0.0003, 96.875, 100.000, 0.986, 0.993, 
[525] Train acc: 1.0000
4, 252, 0.0049, 0.0002, 100.000, 100.000, 0.985, 0.986, 
[540] Train acc: 1.0000
4, 252, 0.0088, 0.0003, 100.000, 100.000, 0.980, 0.981, 
[555] Train acc: 0.9844
4, 252, 0.0660, 0.0002, 98.438, 100.000, 0.985, 0.983, 
[570] Train acc: 1.0000
4, 252, 0.0238, 0.0003, 100.000, 100.000, 0.982, 0.983, 
[585] Train acc: 0.9531
4, 252, 0.1068, 0.0003, 95.312, 100.000, 0.986, 0.992, 
[600] Train acc: 1.0000
4, 252, 0.0131, 0.0002, 100.000, 100.000, 0.987, 0.991, 
[615] Train acc: 0.9844
4, 252, 0.0329, 0.0002, 98.438, 100.000, 0.985, 0.983, 
[630] Train acc: 0.9531
4, 252, 0.1284, 0.0002, 95.312, 100.000, 0.982, 0.988, 
[645] Train acc: 1.0000
4, 252, 0.0141, 0.0002, 100.000, 100.000, 0.984, 0.990, 
[660] Train acc: 1.0000
4, 252, 0.0164, 0.0002, 100.000, 100.000, 0.987, 0.986, 
[675] Train acc: 0.9531
4, 252, 0.0542, 0.0002, 95.312, 100.000, 0.986, 0.986, 
[690] Train acc: 0.9844
4, 252, 0.0741, 0.0002, 98.438, 100.000, 0.984, 0.991, 
[705] Train acc: 0.9844
4, 252, 0.0347, 0.0002, 98.438, 100.000, 0.986, 0.980, 
[720] Train acc: 0.9844
4, 252, 0.0883, 0.0002, 98.438, 100.000, 0.983, 0.985, 
[735] Train acc: 1.0000
4, 252, 0.0180, 0.0002, 100.000, 100.000, 0.982, 0.982, 
[750] Train acc: 1.0000
4, 252, 0.0037, 0.0002, 100.000, 100.000, 0.983, 0.979, 
[765] Train acc: 0.9375
4, 252, 0.1026, 0.0002, 93.750, 100.000, 0.983, 0.981, 
[780] Train acc: 0.9688
4, 252, 0.0618, 0.0002, 96.875, 100.000, 0.986, 0.985, 
[795] Train acc: 0.9531
4, 252, 0.1134, 0.0002, 95.312, 100.000, 0.984, 0.982, 
[810] Train acc: 0.9844
4, 252, 0.0255, 0.0002, 98.438, 100.000, 0.985, 0.987, 
[825] Train acc: 0.9688
4, 252, 0.0317, 0.0002, 96.875, 100.000, 0.985, 0.990, 
[840] Train acc: 1.0000
4, 252, 0.0205, 0.0002, 100.000, 100.000, 0.986, 0.990, 
[855] Train acc: 1.0000
4, 252, 0.0028, 0.0002, 100.000, 100.000, 0.986, 0.989, 
[870] Train acc: 0.9844
4, 252, 0.0441, 0.0003, 98.438, 100.000, 0.982, 0.990, 
[885] Train acc: 1.0000
4, 252, 0.0189, 0.0002, 100.000, 100.000, 0.983, 0.989, 
[900] Train acc: 0.9844
4, 252, 0.0483, 0.0003, 98.438, 100.000, 0.981, 0.990, 
[915] Train acc: 1.0000
4, 252, 0.0061, 0.0002, 100.000, 100.000, 0.988, 0.985, 
[930] Train acc: 0.9688
4, 252, 0.1484, 0.0002, 96.875, 100.000, 0.988, 0.990, 
[0] Train acc: 0.9531
5, 252, 0.1111, 0.0003, 95.312, 100.000, 0.983, 0.987, 
[15] Train acc: 0.9844
5, 252, 0.0725, 0.0002, 98.438, 100.000, 0.987, 0.986, 
[30] Train acc: 1.0000
5, 252, 0.0307, 0.0002, 100.000, 100.000, 0.988, 0.978, 
[45] Train acc: 0.9531
5, 252, 0.0974, 0.0002, 95.312, 100.000, 0.987, 0.978, 
[60] Train acc: 1.0000
5, 252, 0.0257, 0.0002, 100.000, 100.000, 0.983, 0.977, 
[75] Train acc: 0.9844
5, 252, 0.0265, 0.0002, 98.438, 100.000, 0.987, 0.983, 
[90] Train acc: 0.9531
5, 252, 0.1579, 0.0003, 95.312, 100.000, 0.984, 0.988, 
[105] Train acc: 0.9844
5, 252, 0.0386, 0.0002, 98.438, 100.000, 0.986, 0.985, 
[120] Train acc: 1.0000
5, 252, 0.0017, 0.0002, 100.000, 100.000, 0.986, 0.991, 
[135] Train acc: 0.9844
5, 252, 0.0378, 0.0002, 98.438, 100.000, 0.988, 0.993, 
[150] Train acc: 1.0000
5, 252, 0.0248, 0.0002, 100.000, 100.000, 0.988, 0.989, 
[165] Train acc: 0.9844
5, 252, 0.0313, 0.0002, 98.438, 100.000, 0.984, 0.994, 
[180] Train acc: 1.0000
5, 252, 0.0177, 0.0002, 100.000, 100.000, 0.986, 0.992, 
[195] Train acc: 0.9844
5, 252, 0.0261, 0.0002, 98.438, 100.000, 0.986, 0.989, 
[210] Train acc: 0.9688
5, 252, 0.2018, 0.0002, 96.875, 98.438, 0.986, 0.990, 
[225] Train acc: 0.9688
5, 252, 0.0630, 0.0002, 96.875, 100.000, 0.982, 0.987, 
[240] Train acc: 0.9844
5, 252, 0.0421, 0.0002, 98.438, 100.000, 0.987, 0.986, 
[255] Train acc: 0.9844
5, 252, 0.0400, 0.0002, 98.438, 100.000, 0.986, 0.990, 
[270] Train acc: 1.0000
5, 252, 0.0125, 0.0003, 100.000, 100.000, 0.983, 0.983, 
[285] Train acc: 0.9844
5, 252, 0.0382, 0.0002, 98.438, 100.000, 0.986, 0.993, 
[300] Train acc: 0.9844
5, 252, 0.0596, 0.0002, 98.438, 100.000, 0.988, 0.985, 
[315] Train acc: 0.9688
5, 252, 0.0619, 0.0002, 96.875, 100.000, 0.985, 0.986, 
[330] Train acc: 0.9688
5, 252, 0.0354, 0.0002, 96.875, 100.000, 0.986, 0.987, 
[345] Train acc: 1.0000
5, 252, 0.0056, 0.0002, 100.000, 100.000, 0.985, 0.988, 
[360] Train acc: 1.0000
5, 252, 0.0058, 0.0002, 100.000, 100.000, 0.987, 0.988, 
[375] Train acc: 1.0000
5, 252, 0.0171, 0.0002, 100.000, 100.000, 0.984, 0.974, 
[390] Train acc: 0.9844
5, 252, 0.0335, 0.0002, 98.438, 100.000, 0.987, 0.986, 
[405] Train acc: 0.9688
5, 252, 0.0375, 0.0002, 96.875, 100.000, 0.986, 0.976, 
[420] Train acc: 0.9844
5, 252, 0.0315, 0.0002, 98.438, 100.000, 0.987, 0.970, 
[435] Train acc: 0.9844
5, 252, 0.0440, 0.0002, 98.438, 100.000, 0.986, 0.964, 
[450] Train acc: 0.9688
5, 252, 0.0599, 0.0002, 96.875, 100.000, 0.987, 0.971, 
[465] Train acc: 0.9531
5, 252, 0.2102, 0.0002, 95.312, 100.000, 0.986, 0.984, 
[480] Train acc: 1.0000
5, 252, 0.0091, 0.0002, 100.000, 100.000, 0.985, 0.988, 
[495] Train acc: 0.9688
5, 252, 0.0673, 0.0002, 96.875, 100.000, 0.985, 0.989, 
[510] Train acc: 0.9531
5, 252, 0.0763, 0.0002, 95.312, 100.000, 0.988, 0.983, 
[525] Train acc: 0.9688
5, 252, 0.0685, 0.0002, 96.875, 100.000, 0.988, 0.978, 
[540] Train acc: 0.9688
5, 252, 0.1217, 0.0002, 96.875, 100.000, 0.988, 0.978, 
[555] Train acc: 0.9844
5, 252, 0.0280, 0.0002, 98.438, 100.000, 0.989, 0.980, 
[570] Train acc: 1.0000
5, 252, 0.0093, 0.0002, 100.000, 100.000, 0.987, 0.985, 
[585] Train acc: 1.0000
5, 252, 0.0100, 0.0002, 100.000, 100.000, 0.985, 0.973, 
[600] Train acc: 1.0000
5, 252, 0.0176, 0.0002, 100.000, 100.000, 0.985, 0.986, 
[615] Train acc: 0.9844
5, 252, 0.0287, 0.0002, 98.438, 100.000, 0.988, 0.985, 
[630] Train acc: 0.9219
5, 252, 0.1512, 0.0002, 92.188, 100.000, 0.987, 0.987, 
[645] Train acc: 1.0000
5, 252, 0.0033, 0.0002, 100.000, 100.000, 0.987, 0.980, 
[660] Train acc: 1.0000
5, 252, 0.0050, 0.0002, 100.000, 100.000, 0.987, 0.986, 
[675] Train acc: 1.0000
5, 252, 0.0227, 0.0002, 100.000, 100.000, 0.988, 0.991, 
[690] Train acc: 1.0000
5, 252, 0.0036, 0.0002, 100.000, 100.000, 0.987, 0.984, 
[705] Train acc: 1.0000
5, 252, 0.0076, 0.0002, 100.000, 100.000, 0.988, 0.984, 
[720] Train acc: 0.9844
5, 252, 0.0513, 0.0002, 98.438, 100.000, 0.987, 0.983, 
[735] Train acc: 0.9844
5, 252, 0.0698, 0.0002, 98.438, 100.000, 0.987, 0.978, 
[750] Train acc: 1.0000
5, 252, 0.0060, 0.0002, 100.000, 100.000, 0.986, 0.979, 
[765] Train acc: 0.9844
5, 252, 0.0171, 0.0003, 98.438, 100.000, 0.983, 0.978, 
[780] Train acc: 0.9531
5, 252, 0.2504, 0.0002, 95.312, 100.000, 0.987, 0.982, 
[795] Train acc: 0.9688
5, 252, 0.0540, 0.0002, 96.875, 100.000, 0.987, 0.982, 
[810] Train acc: 0.9844
5, 252, 0.0298, 0.0002, 98.438, 100.000, 0.986, 0.984, 
[825] Train acc: 1.0000
5, 252, 0.0093, 0.0002, 100.000, 100.000, 0.984, 0.988, 
[840] Train acc: 0.9844
5, 252, 0.0289, 0.0002, 98.438, 100.000, 0.988, 0.986, 
[855] Train acc: 1.0000
5, 252, 0.0141, 0.0002, 100.000, 100.000, 0.985, 0.982, 
[870] Train acc: 0.9688
5, 252, 0.1173, 0.0002, 96.875, 100.000, 0.982, 0.979, 
[885] Train acc: 1.0000
5, 252, 0.0029, 0.0002, 100.000, 100.000, 0.986, 0.984, 
[900] Train acc: 1.0000
5, 252, 0.0236, 0.0002, 100.000, 100.000, 0.987, 0.987, 
[915] Train acc: 1.0000
5, 252, 0.0157, 0.0002, 100.000, 100.000, 0.987, 0.991, 
[930] Train acc: 0.9844
5, 252, 0.0355, 0.0003, 98.438, 100.000, 0.985, 0.989, 
[0] Train acc: 1.0000
6, 252, 0.0077, 0.0002, 100.000, 100.000, 0.986, 0.987, 
[15] Train acc: 1.0000
6, 252, 0.0069, 0.0002, 100.000, 100.000, 0.990, 0.987, 
[30] Train acc: 1.0000
6, 252, 0.0320, 0.0002, 100.000, 100.000, 0.987, 0.993, 
[45] Train acc: 1.0000
6, 252, 0.0037, 0.0002, 100.000, 100.000, 0.989, 0.990, 
[60] Train acc: 0.9844
6, 252, 0.0310, 0.0002, 98.438, 100.000, 0.988, 0.984, 
[75] Train acc: 0.9844
6, 252, 0.0252, 0.0002, 98.438, 100.000, 0.987, 0.986, 
[90] Train acc: 1.0000
6, 252, 0.0226, 0.0002, 100.000, 100.000, 0.987, 0.984, 
[105] Train acc: 0.9688
6, 252, 0.0455, 0.0002, 96.875, 100.000, 0.987, 0.979, 
[120] Train acc: 0.9844
6, 252, 0.0428, 0.0002, 98.438, 100.000, 0.988, 0.974, 
[135] Train acc: 1.0000
6, 252, 0.0032, 0.0002, 100.000, 100.000, 0.988, 0.972, 
[150] Train acc: 1.0000
6, 252, 0.0162, 0.0002, 100.000, 100.000, 0.985, 0.976, 
[165] Train acc: 1.0000
6, 252, 0.0108, 0.0002, 100.000, 100.000, 0.986, 0.980, 
[180] Train acc: 1.0000
6, 252, 0.0093, 0.0002, 100.000, 100.000, 0.988, 0.976, 
[195] Train acc: 0.9531
6, 252, 0.0641, 0.0002, 95.312, 100.000, 0.988, 0.973, 
[210] Train acc: 0.9844
6, 252, 0.0510, 0.0002, 98.438, 100.000, 0.988, 0.987, 
[225] Train acc: 0.9688
6, 252, 0.0479, 0.0002, 96.875, 100.000, 0.989, 0.984, 
[240] Train acc: 1.0000
6, 252, 0.0071, 0.0002, 100.000, 100.000, 0.986, 0.979, 
[255] Train acc: 0.9844
6, 252, 0.0890, 0.0002, 98.438, 100.000, 0.987, 0.983, 
[270] Train acc: 1.0000
6, 252, 0.0099, 0.0002, 100.000, 100.000, 0.988, 0.987, 
[285] Train acc: 0.9688
6, 252, 0.1037, 0.0002, 96.875, 100.000, 0.988, 0.982, 
[300] Train acc: 0.9844
6, 252, 0.0990, 0.0002, 98.438, 100.000, 0.985, 0.980, 
[315] Train acc: 1.0000
6, 252, 0.0039, 0.0002, 100.000, 100.000, 0.988, 0.982, 
[330] Train acc: 1.0000
6, 252, 0.0165, 0.0002, 100.000, 100.000, 0.988, 0.980, 
[345] Train acc: 0.9688
6, 252, 0.1460, 0.0002, 96.875, 100.000, 0.988, 0.981, 
[360] Train acc: 0.9844
6, 252, 0.0293, 0.0002, 98.438, 100.000, 0.989, 0.985, 
[375] Train acc: 0.9844
6, 252, 0.0530, 0.0003, 98.438, 100.000, 0.985, 0.984, 
[390] Train acc: 0.9844
6, 252, 0.0525, 0.0002, 98.438, 100.000, 0.987, 0.984, 
[405] Train acc: 0.9844
6, 252, 0.0208, 0.0002, 98.438, 100.000, 0.985, 0.981, 
[420] Train acc: 1.0000
6, 252, 0.0034, 0.0002, 100.000, 100.000, 0.985, 0.983, 
[435] Train acc: 1.0000
6, 252, 0.0031, 0.0002, 100.000, 100.000, 0.988, 0.981, 
[450] Train acc: 1.0000
6, 252, 0.0083, 0.0002, 100.000, 100.000, 0.987, 0.984, 
[465] Train acc: 0.9844
6, 252, 0.0316, 0.0002, 98.438, 100.000, 0.989, 0.982, 
[480] Train acc: 1.0000
6, 252, 0.0076, 0.0002, 100.000, 100.000, 0.988, 0.981, 
[495] Train acc: 1.0000
6, 252, 0.0132, 0.0002, 100.000, 100.000, 0.987, 0.986, 
[510] Train acc: 0.9688
6, 252, 0.1074, 0.0002, 96.875, 100.000, 0.986, 0.969, 
[525] Train acc: 0.9688
6, 252, 0.0541, 0.0002, 96.875, 100.000, 0.991, 0.977, 
[540] Train acc: 0.9688
6, 252, 0.0622, 0.0002, 96.875, 100.000, 0.985, 0.985, 
[555] Train acc: 1.0000
6, 252, 0.0138, 0.0002, 100.000, 100.000, 0.989, 0.982, 
[570] Train acc: 0.9844
6, 252, 0.0553, 0.0002, 98.438, 100.000, 0.989, 0.975, 
[585] Train acc: 0.9844
6, 252, 0.0454, 0.0002, 98.438, 100.000, 0.988, 0.970, 
[600] Train acc: 1.0000
6, 252, 0.0010, 0.0002, 100.000, 100.000, 0.986, 0.977, 
[615] Train acc: 0.9844
6, 252, 0.0376, 0.0002, 98.438, 100.000, 0.988, 0.970, 
[630] Train acc: 0.9844
6, 252, 0.0523, 0.0002, 98.438, 100.000, 0.982, 0.963, 
[645] Train acc: 1.0000
6, 252, 0.0097, 0.0002, 100.000, 100.000, 0.989, 0.969, 
[660] Train acc: 1.0000
6, 252, 0.0105, 0.0002, 100.000, 100.000, 0.989, 0.971, 
[675] Train acc: 1.0000
6, 252, 0.0029, 0.0002, 100.000, 100.000, 0.989, 0.978, 
[690] Train acc: 1.0000
6, 252, 0.0066, 0.0002, 100.000, 100.000, 0.987, 0.974, 
[705] Train acc: 1.0000
6, 252, 0.0072, 0.0002, 100.000, 100.000, 0.986, 0.971, 
[720] Train acc: 0.9844
6, 252, 0.0383, 0.0002, 98.438, 100.000, 0.985, 0.973, 
[735] Train acc: 0.9844
6, 252, 0.0485, 0.0002, 98.438, 100.000, 0.988, 0.966, 
[750] Train acc: 0.9844
6, 252, 0.0240, 0.0002, 98.438, 100.000, 0.989, 0.982, 
[765] Train acc: 1.0000
6, 252, 0.0020, 0.0002, 100.000, 100.000, 0.988, 0.986, 
[780] Train acc: 1.0000
6, 252, 0.0093, 0.0002, 100.000, 100.000, 0.988, 0.981, 
[795] Train acc: 0.9844
6, 252, 0.0299, 0.0002, 98.438, 100.000, 0.988, 0.985, 
[810] Train acc: 1.0000
6, 252, 0.0196, 0.0002, 100.000, 100.000, 0.988, 0.979, 
[825] Train acc: 0.9688
6, 252, 0.0554, 0.0002, 96.875, 100.000, 0.988, 0.975, 
[840] Train acc: 0.9844
6, 252, 0.0489, 0.0002, 98.438, 100.000, 0.987, 0.983, 
[855] Train acc: 1.0000
6, 252, 0.0058, 0.0002, 100.000, 100.000, 0.987, 0.978, 
[870] Train acc: 1.0000
6, 252, 0.0059, 0.0002, 100.000, 100.000, 0.988, 0.975, 
[885] Train acc: 0.9688
6, 252, 0.0620, 0.0002, 96.875, 100.000, 0.987, 0.977, 
[900] Train acc: 1.0000
6, 252, 0.0079, 0.0002, 100.000, 100.000, 0.987, 0.980, 
[915] Train acc: 1.0000
6, 252, 0.0101, 0.0002, 100.000, 100.000, 0.988, 0.978, 
[930] Train acc: 1.0000
6, 252, 0.0074, 0.0002, 100.000, 100.000, 0.988, 0.976, 
[0] Train acc: 1.0000, Constr acc: 0.7188, CE loss: 0.005, DL2 loss: 8.186
7, 252, 0.0048, 0.0003, 100.000, 100.000, 0.924, 0.977, 
[15] Train acc: 0.9062, Constr acc: 0.8750, CE loss: 0.374, DL2 loss: 6.001
7, 251, 0.3745, 0.0002, 90.625, 100.000, 0.945, 0.845, 
[30] Train acc: 0.9844, Constr acc: 0.9062, CE loss: 0.145, DL2 loss: 3.839
7, 250, 0.1455, 0.0002, 98.438, 100.000, 0.962, 0.820, 
[45] Train acc: 0.8750, Constr acc: 0.8125, CE loss: 0.405, DL2 loss: 3.759
7, 249, 0.4051, 0.0002, 87.500, 100.000, 0.952, 0.724, 
[60] Train acc: 1.0000, Constr acc: 0.8125, CE loss: 0.019, DL2 loss: 4.736
7, 248, 0.0191, 0.0046, 100.000, 100.000, 0.239, 0.950, 
[75] Train acc: 0.7812, Constr acc: 0.5938, CE loss: 1.961, DL2 loss: 24.343
7, 247, 1.9610, 0.0006, 78.125, 98.438, 0.823, 0.972, 
[90] Train acc: 0.9062, Constr acc: 0.7812, CE loss: 0.464, DL2 loss: 5.053
7, 246, 0.4638, 0.0004, 90.625, 100.000, 0.892, 0.836, 
[105] Train acc: 0.9219, Constr acc: 0.8125, CE loss: 0.742, DL2 loss: 6.241
7, 245, 0.7416, 0.0003, 92.188, 96.875, 0.922, 0.854, 
[120] Train acc: 0.9219, Constr acc: 0.8125, CE loss: 0.423, DL2 loss: 3.060
7, 244, 0.4235, 0.0003, 92.188, 100.000, 0.914, 0.916, 
[135] Train acc: 1.0000, Constr acc: 0.9062, CE loss: 0.008, DL2 loss: 0.644
7, 243, 0.0080, 0.0002, 100.000, 100.000, 0.952, 0.823, 
[150] Train acc: 0.9688, Constr acc: 0.6562, CE loss: 0.072, DL2 loss: 14.567
7, 242, 0.0720, 0.0002, 96.875, 100.000, 0.952, 0.782, 
[165] Train acc: 0.9844, Constr acc: 0.9062, CE loss: 0.058, DL2 loss: 5.638
7, 241, 0.0583, 0.0002, 98.438, 100.000, 0.959, 0.766, 
[180] Train acc: 0.9844, Constr acc: 0.9375, CE loss: 0.067, DL2 loss: 0.730
7, 240, 0.0667, 0.0002, 98.438, 100.000, 0.963, 0.708, 
[195] Train acc: 0.9219, Constr acc: 0.7500, CE loss: 0.303, DL2 loss: 9.257
7, 239, 0.3026, 0.0002, 92.188, 100.000, 0.945, 0.601, 
[210] Train acc: 1.0000, Constr acc: 0.8438, CE loss: 0.015, DL2 loss: 4.360
7, 238, 0.0153, 0.0001, 100.000, 100.000, 0.967, 0.685, 
[225] Train acc: 1.0000, Constr acc: 0.8750, CE loss: 0.024, DL2 loss: 4.676
7, 237, 0.0243, 0.0001, 100.000, 100.000, 0.970, 0.645, 
[240] Train acc: 0.9688, Constr acc: 0.9062, CE loss: 0.268, DL2 loss: 3.798
7, 236, 0.2678, 0.0001, 96.875, 100.000, 0.966, 0.636, 
[255] Train acc: 0.9844, Constr acc: 0.9062, CE loss: 0.029, DL2 loss: 0.883
7, 235, 0.0293, 0.0002, 98.438, 100.000, 0.970, 0.757, 
[270] Train acc: 0.9688, Constr acc: 0.8750, CE loss: 0.119, DL2 loss: 10.307
7, 234, 0.1192, 0.0002, 96.875, 100.000, 0.964, 0.656, 
[285] Train acc: 0.9375, Constr acc: 0.7812, CE loss: 0.341, DL2 loss: 7.274
7, 233, 0.3408, 0.0002, 93.750, 100.000, 0.954, 0.631, 
[300] Train acc: 0.9219, Constr acc: 0.8125, CE loss: 0.468, DL2 loss: 7.962
7, 232, 0.4683, 0.0007, 92.188, 100.000, 0.799, 0.801, 
[315] Train acc: 0.9688, Constr acc: 0.9375, CE loss: 0.133, DL2 loss: 4.300
7, 231, 0.1332, 0.0002, 96.875, 100.000, 0.954, 0.769, 
[330] Train acc: 0.9531, Constr acc: 0.9062, CE loss: 0.131, DL2 loss: 2.041
7, 230, 0.1310, 0.0002, 95.312, 100.000, 0.934, 0.813, 
[345] Train acc: 0.8906, Constr acc: 0.9062, CE loss: 0.318, DL2 loss: 1.724
7, 229, 0.3183, 0.0002, 89.062, 100.000, 0.966, 0.763, 
[360] Train acc: 0.9531, Constr acc: 0.8125, CE loss: 0.110, DL2 loss: 5.135
7, 228, 0.1104, 0.0002, 95.312, 100.000, 0.958, 0.711, 
[375] Train acc: 0.9531, Constr acc: 0.9062, CE loss: 0.431, DL2 loss: 5.000
7, 227, 0.4314, 0.0002, 95.312, 100.000, 0.968, 0.701, 
[390] Train acc: 0.9844, Constr acc: 0.8438, CE loss: 0.033, DL2 loss: 4.977
7, 226, 0.0327, 0.0002, 98.438, 100.000, 0.966, 0.705, 
[405] Train acc: 0.9688, Constr acc: 0.8750, CE loss: 0.117, DL2 loss: 6.243
7, 225, 0.1169, 0.0002, 96.875, 100.000, 0.964, 0.806, 
[420] Train acc: 0.9531, Constr acc: 0.8438, CE loss: 0.188, DL2 loss: 0.409
7, 224, 0.1875, 0.0002, 95.312, 100.000, 0.968, 0.782, 
[435] Train acc: 0.9062, Constr acc: 0.8125, CE loss: 0.238, DL2 loss: 4.700
7, 223, 0.2379, 0.0002, 90.625, 100.000, 0.952, 0.912, 
[450] Train acc: 0.9688, Constr acc: 0.8438, CE loss: 0.201, DL2 loss: 8.218
7, 222, 0.2006, 0.0002, 96.875, 100.000, 0.969, 0.824, 
[465] Train acc: 0.9844, Constr acc: 0.7812, CE loss: 0.022, DL2 loss: 9.833
7, 221, 0.0224, 0.0002, 98.438, 100.000, 0.932, 0.754, 
[480] Train acc: 0.9688, Constr acc: 0.8125, CE loss: 0.124, DL2 loss: 7.358
7, 220, 0.1242, 0.0003, 96.875, 100.000, 0.928, 0.703, 
[495] Train acc: 0.9688, Constr acc: 0.9688, CE loss: 0.334, DL2 loss: 0.095
7, 219, 0.3337, 0.0002, 96.875, 100.000, 0.969, 0.658, 
[510] Train acc: 1.0000, Constr acc: 0.8750, CE loss: 0.010, DL2 loss: 5.154
7, 218, 0.0098, 0.0002, 100.000, 100.000, 0.969, 0.725, 
[525] Train acc: 0.9688, Constr acc: 0.8750, CE loss: 0.076, DL2 loss: 3.035
7, 217, 0.0761, 0.0011, 96.875, 100.000, 0.736, 0.742, 
[540] Train acc: 0.9844, Constr acc: 0.8750, CE loss: 0.122, DL2 loss: 6.711
7, 216, 0.1225, 0.0002, 98.438, 100.000, 0.935, 0.806, 
[555] Train acc: 0.9219, Constr acc: 0.7812, CE loss: 0.267, DL2 loss: 7.413
7, 215, 0.2668, 0.0001, 92.188, 100.000, 0.964, 0.699, 
[570] Train acc: 0.9688, Constr acc: 0.9062, CE loss: 0.127, DL2 loss: 4.377
7, 214, 0.1269, 0.0003, 96.875, 100.000, 0.928, 0.786, 
[585] Train acc: 0.9844, Constr acc: 0.9062, CE loss: 0.104, DL2 loss: 4.702
7, 213, 0.1039, 0.0001, 98.438, 100.000, 0.969, 0.766, 
[600] Train acc: 0.9844, Constr acc: 0.9062, CE loss: 0.040, DL2 loss: 4.560
7, 212, 0.0395, 0.0002, 98.438, 100.000, 0.967, 0.771, 
[615] Train acc: 0.9688, Constr acc: 0.8750, CE loss: 0.182, DL2 loss: 3.430
7, 211, 0.1819, 0.0002, 96.875, 100.000, 0.945, 0.773, 
[630] Train acc: 0.9219, Constr acc: 0.8438, CE loss: 0.217, DL2 loss: 6.758
7, 210, 0.2170, 0.0001, 92.188, 100.000, 0.971, 0.769, 
[645] Train acc: 1.0000, Constr acc: 0.9062, CE loss: 0.029, DL2 loss: 3.573
7, 209, 0.0291, 0.0001, 100.000, 100.000, 0.971, 0.762, 
[660] Train acc: 0.9688, Constr acc: 0.9062, CE loss: 0.200, DL2 loss: 5.492
7, 208, 0.1999, 0.0003, 96.875, 100.000, 0.945, 0.895, 
[675] Train acc: 0.9844, Constr acc: 0.6875, CE loss: 0.065, DL2 loss: 16.027
7, 207, 0.0646, 0.0002, 98.438, 100.000, 0.968, 0.749, 
[690] Train acc: 0.9688, Constr acc: 0.8750, CE loss: 0.248, DL2 loss: 4.373
7, 206, 0.2483, 0.0002, 96.875, 100.000, 0.961, 0.760, 
[705] Train acc: 0.9688, Constr acc: 0.8438, CE loss: 0.123, DL2 loss: 3.898
7, 205, 0.1233, 0.0002, 96.875, 100.000, 0.964, 0.780, 
[720] Train acc: 0.9688, Constr acc: 0.9375, CE loss: 0.223, DL2 loss: 2.130
7, 204, 0.2229, 0.0002, 96.875, 100.000, 0.973, 0.845, 
[735] Train acc: 0.9531, Constr acc: 0.8438, CE loss: 0.343, DL2 loss: 8.466
7, 203, 0.3434, 0.0001, 95.312, 100.000, 0.974, 0.774, 
[750] Train acc: 0.9688, Constr acc: 0.8750, CE loss: 0.049, DL2 loss: 2.605
7, 202, 0.0492, 0.0001, 96.875, 100.000, 0.973, 0.743, 
[765] Train acc: 0.9844, Constr acc: 0.9688, CE loss: 0.034, DL2 loss: 0.464
7, 201, 0.0343, 0.0002, 98.438, 100.000, 0.971, 0.840, 
[780] Train acc: 0.9844, Constr acc: 0.9688, CE loss: 0.069, DL2 loss: 0.389
7, 200, 0.0686, 0.0002, 98.438, 100.000, 0.971, 0.770, 
[795] Train acc: 0.9375, Constr acc: 0.9062, CE loss: 0.506, DL2 loss: 0.965
7, 199, 0.5056, 0.0006, 93.750, 98.438, 0.847, 0.822, 
[810] Train acc: 0.9531, Constr acc: 0.9062, CE loss: 0.107, DL2 loss: 3.062
7, 198, 0.1070, 0.0002, 95.312, 100.000, 0.965, 0.847, 
[825] Train acc: 0.9844, Constr acc: 0.8438, CE loss: 0.062, DL2 loss: 3.736
7, 197, 0.0623, 0.0002, 98.438, 100.000, 0.963, 0.742, 
[840] Train acc: 0.9531, Constr acc: 0.9375, CE loss: 0.318, DL2 loss: 2.215
7, 196, 0.3175, 0.0002, 95.312, 100.000, 0.973, 0.821, 
[855] Train acc: 0.9688, Constr acc: 0.8750, CE loss: 0.079, DL2 loss: 9.290
7, 195, 0.0787, 0.0001, 96.875, 100.000, 0.976, 0.797, 
[870] Train acc: 1.0000, Constr acc: 0.9375, CE loss: 0.017, DL2 loss: 0.750
7, 194, 0.0174, 0.0001, 100.000, 100.000, 0.977, 0.790, 
[885] Train acc: 0.9688, Constr acc: 0.8438, CE loss: 0.090, DL2 loss: 11.863
7, 193, 0.0897, 0.0001, 96.875, 100.000, 0.972, 0.745, 
[900] Train acc: 0.9688, Constr acc: 0.9062, CE loss: 0.293, DL2 loss: 2.812
7, 192, 0.2929, 0.0001, 96.875, 100.000, 0.972, 0.704, 
[915] Train acc: 0.9531, Constr acc: 0.7812, CE loss: 0.124, DL2 loss: 6.015
7, 191, 0.1238, 0.0002, 95.312, 100.000, 0.957, 0.804, 
[930] Train acc: 0.9688, Constr acc: 0.8438, CE loss: 0.387, DL2 loss: 2.776
7, 190, 0.3868, 0.0002, 96.875, 100.000, 0.952, 0.817, 
[0] Train acc: 0.9688, Constr acc: 0.8438, CE loss: 0.247, DL2 loss: 9.452
8, 190, 0.2474, 0.0002, 96.875, 100.000, 0.939, 0.747, 
[15] Train acc: 0.9531, Constr acc: 0.9062, CE loss: 0.222, DL2 loss: 1.767
8, 189, 0.2224, 0.0002, 95.312, 98.438, 0.957, 0.790, 
[30] Train acc: 0.9375, Constr acc: 0.8750, CE loss: 0.338, DL2 loss: 6.173
8, 188, 0.3383, 0.0015, 93.750, 100.000, 0.595, 0.782, 
[45] Train acc: 0.9844, Constr acc: 0.7812, CE loss: 0.092, DL2 loss: 10.057
8, 187, 0.0921, 0.0002, 98.438, 100.000, 0.951, 0.700, 
[60] Train acc: 0.9375, Constr acc: 0.6875, CE loss: 0.421, DL2 loss: 6.628
8, 186, 0.4212, 0.0002, 93.750, 98.438, 0.956, 0.796, 
[75] Train acc: 1.0000, Constr acc: 0.8125, CE loss: 0.009, DL2 loss: 5.305
8, 185, 0.0094, 0.0002, 100.000, 100.000, 0.950, 0.710, 
[90] Train acc: 0.9219, Constr acc: 0.7812, CE loss: 0.285, DL2 loss: 4.878
8, 184, 0.2854, 0.0002, 92.188, 98.438, 0.947, 0.803, 
[105] Train acc: 0.9844, Constr acc: 0.8438, CE loss: 0.140, DL2 loss: 2.791
8, 183, 0.1396, 0.0002, 98.438, 100.000, 0.961, 0.824, 
[120] Train acc: 0.9375, Constr acc: 0.9688, CE loss: 0.214, DL2 loss: 1.740
8, 182, 0.2143, 0.0002, 93.750, 100.000, 0.968, 0.777, 
[135] Train acc: 0.9688, Constr acc: 0.9062, CE loss: 0.090, DL2 loss: 3.914
8, 181, 0.0898, 0.0001, 96.875, 100.000, 0.970, 0.776, 
[150] Train acc: 0.9688, Constr acc: 0.9062, CE loss: 0.104, DL2 loss: 3.822
8, 180, 0.1038, 0.0002, 96.875, 100.000, 0.966, 0.737, 
[165] Train acc: 1.0000, Constr acc: 0.7812, CE loss: 0.010, DL2 loss: 4.599
8, 179, 0.0098, 0.0001, 100.000, 100.000, 0.963, 0.702, 
[180] Train acc: 0.9688, Constr acc: 0.9688, CE loss: 0.042, DL2 loss: 3.543
8, 178, 0.0423, 0.0001, 96.875, 100.000, 0.968, 0.695, 
[195] Train acc: 0.9688, Constr acc: 0.9062, CE loss: 0.191, DL2 loss: 4.664
8, 177, 0.1905, 0.0001, 96.875, 100.000, 0.972, 0.670, 
[210] Train acc: 0.9844, Constr acc: 0.7812, CE loss: 0.046, DL2 loss: 8.448
8, 176, 0.0459, 0.0001, 98.438, 100.000, 0.974, 0.717, 
[225] Train acc: 1.0000, Constr acc: 0.9062, CE loss: 0.007, DL2 loss: 0.821
8, 175, 0.0066, 0.0002, 100.000, 100.000, 0.963, 0.740, 
[240] Train acc: 0.9375, Constr acc: 0.8438, CE loss: 0.303, DL2 loss: 2.727
8, 174, 0.3032, 0.0001, 93.750, 98.438, 0.968, 0.722, 
[255] Train acc: 0.9219, Constr acc: 0.8438, CE loss: 0.537, DL2 loss: 8.715
8, 173, 0.5366, 0.0002, 92.188, 100.000, 0.948, 0.702, 
[270] Train acc: 0.9688, Constr acc: 0.9062, CE loss: 0.227, DL2 loss: 1.953
8, 172, 0.2270, 0.0001, 96.875, 100.000, 0.969, 0.695, 
[285] Train acc: 0.9219, Constr acc: 0.9375, CE loss: 0.244, DL2 loss: 0.284
8, 171, 0.2436, 0.0001, 92.188, 100.000, 0.968, 0.683, 
[300] Train acc: 1.0000, Constr acc: 0.9062, CE loss: 0.019, DL2 loss: 1.397
8, 170, 0.0187, 0.0001, 100.000, 100.000, 0.974, 0.744, 
[315] Train acc: 0.9531, Constr acc: 0.8750, CE loss: 0.253, DL2 loss: 5.387
8, 169, 0.2529, 0.0002, 95.312, 98.438, 0.943, 0.843, 
[330] Train acc: 1.0000, Constr acc: 0.9375, CE loss: 0.012, DL2 loss: 0.199
8, 168, 0.0123, 0.0002, 100.000, 100.000, 0.972, 0.840, 
[345] Train acc: 0.9531, Constr acc: 0.8125, CE loss: 0.187, DL2 loss: 8.278
8, 167, 0.1874, 0.0002, 95.312, 100.000, 0.962, 0.711, 
[360] Train acc: 0.9531, Constr acc: 0.8125, CE loss: 0.498, DL2 loss: 5.549
8, 166, 0.4981, 0.0002, 95.312, 100.000, 0.970, 0.788, 
[375] Train acc: 0.9688, Constr acc: 0.9375, CE loss: 0.043, DL2 loss: 1.883
8, 165, 0.0432, 0.0002, 96.875, 100.000, 0.966, 0.750, 
[390] Train acc: 0.9531, Constr acc: 0.9375, CE loss: 0.502, DL2 loss: 1.788
8, 164, 0.5020, 0.0002, 95.312, 100.000, 0.953, 0.617, 
[405] Train acc: 0.9844, Constr acc: 0.9375, CE loss: 0.025, DL2 loss: 2.341
8, 163, 0.0245, 0.0001, 98.438, 100.000, 0.973, 0.688, 
[420] Train acc: 0.9688, Constr acc: 0.8750, CE loss: 0.065, DL2 loss: 4.061
8, 162, 0.0650, 0.0002, 96.875, 100.000, 0.964, 0.707, 
[435] Train acc: 0.9531, Constr acc: 0.8750, CE loss: 0.412, DL2 loss: 4.334
8, 161, 0.4121, 0.0002, 95.312, 98.438, 0.973, 0.735, 
[450] Train acc: 0.9375, Constr acc: 0.8750, CE loss: 0.291, DL2 loss: 3.793
8, 160, 0.2909, 0.0001, 93.750, 100.000, 0.974, 0.679, 
[465] Train acc: 0.9531, Constr acc: 0.8125, CE loss: 0.333, DL2 loss: 3.739
8, 159, 0.3332, 0.0002, 95.312, 98.438, 0.969, 0.687, 
[480] Train acc: 0.9375, Constr acc: 0.8750, CE loss: 0.154, DL2 loss: 3.563
8, 158, 0.1536, 0.0001, 93.750, 100.000, 0.969, 0.712, 
[495] Train acc: 1.0000, Constr acc: 0.9062, CE loss: 0.011, DL2 loss: 2.204
8, 157, 0.0114, 0.0001, 100.000, 100.000, 0.976, 0.711, 
[510] Train acc: 1.0000, Constr acc: 1.0000, CE loss: 0.001, DL2 loss: 0.000
8, 156, 0.0014, 0.0001, 100.000, 100.000, 0.977, 0.641, 
[525] Train acc: 1.0000, Constr acc: 0.9375, CE loss: 0.014, DL2 loss: 2.086
8, 155, 0.0139, 0.0001, 100.000, 100.000, 0.975, 0.716, 
[540] Train acc: 0.9688, Constr acc: 0.8125, CE loss: 0.254, DL2 loss: 5.051
8, 154, 0.2541, 0.0001, 96.875, 100.000, 0.970, 0.754, 
[555] Train acc: 0.9531, Constr acc: 0.9375, CE loss: 0.246, DL2 loss: 1.346
8, 153, 0.2459, 0.0001, 95.312, 100.000, 0.977, 0.741, 
[570] Train acc: 1.0000, Constr acc: 0.9375, CE loss: 0.004, DL2 loss: 4.393
8, 152, 0.0036, 0.0002, 100.000, 100.000, 0.968, 0.759, 
[585] Train acc: 0.9844, Constr acc: 0.9375, CE loss: 0.054, DL2 loss: 3.655
8, 151, 0.0540, 0.0001, 98.438, 100.000, 0.973, 0.743, 
[600] Train acc: 0.9531, Constr acc: 0.8438, CE loss: 0.087, DL2 loss: 3.394
8, 150, 0.0870, 0.0001, 95.312, 100.000, 0.973, 0.773, 
[615] Train acc: 0.9531, Constr acc: 0.8750, CE loss: 0.323, DL2 loss: 2.018
8, 149, 0.3234, 0.0002, 95.312, 100.000, 0.960, 0.738, 
[630] Train acc: 0.9688, Constr acc: 0.8438, CE loss: 0.066, DL2 loss: 7.994
8, 148, 0.0656, 0.0001, 96.875, 100.000, 0.973, 0.651, 
[645] Train acc: 0.9688, Constr acc: 0.9062, CE loss: 0.384, DL2 loss: 3.744
8, 147, 0.3843, 0.0001, 96.875, 100.000, 0.977, 0.719, 
[660] Train acc: 0.9375, Constr acc: 0.8438, CE loss: 0.344, DL2 loss: 7.092
8, 146, 0.3440, 0.0001, 93.750, 100.000, 0.977, 0.740, 
[675] Train acc: 0.9844, Constr acc: 0.8438, CE loss: 0.033, DL2 loss: 4.414
8, 145, 0.0330, 0.0001, 98.438, 100.000, 0.977, 0.766, 
[690] Train acc: 0.9688, Constr acc: 0.8125, CE loss: 0.088, DL2 loss: 8.873
8, 144, 0.0882, 0.0003, 96.875, 100.000, 0.940, 0.850, 
[705] Train acc: 0.9688, Constr acc: 0.9688, CE loss: 0.236, DL2 loss: 0.489
8, 143, 0.2365, 0.0002, 96.875, 100.000, 0.958, 0.680, 
[720] Train acc: 0.9531, Constr acc: 0.9062, CE loss: 0.371, DL2 loss: 2.447
8, 142, 0.3713, 0.0002, 95.312, 100.000, 0.972, 0.756, 
[735] Train acc: 0.9844, Constr acc: 0.9062, CE loss: 0.076, DL2 loss: 5.283
8, 141, 0.0755, 0.0001, 98.438, 100.000, 0.976, 0.732, 
[750] Train acc: 0.9531, Constr acc: 0.8750, CE loss: 0.175, DL2 loss: 3.698
8, 140, 0.1754, 0.0001, 95.312, 100.000, 0.971, 0.661, 
[765] Train acc: 0.9531, Constr acc: 0.7188, CE loss: 0.115, DL2 loss: 6.484
8, 139, 0.1146, 0.0002, 95.312, 100.000, 0.963, 0.704, 
[780] Train acc: 0.9844, Constr acc: 0.8750, CE loss: 0.344, DL2 loss: 1.273
8, 138, 0.3436, 0.0001, 98.438, 100.000, 0.974, 0.732, 
[795] Train acc: 1.0000, Constr acc: 0.8438, CE loss: 0.010, DL2 loss: 8.369
8, 137, 0.0097, 0.0001, 100.000, 100.000, 0.974, 0.697, 
[810] Train acc: 0.9688, Constr acc: 1.0000, CE loss: 0.092, DL2 loss: 0.000
8, 136, 0.0924, 0.0001, 96.875, 100.000, 0.975, 0.747, 
[825] Train acc: 0.9375, Constr acc: 0.8125, CE loss: 0.181, DL2 loss: 4.439
8, 135, 0.1814, 0.0001, 93.750, 100.000, 0.973, 0.719, 
[840] Train acc: 0.9844, Constr acc: 0.8750, CE loss: 0.064, DL2 loss: 2.551
8, 134, 0.0636, 0.0002, 98.438, 100.000, 0.972, 0.786, 
[855] Train acc: 0.9531, Constr acc: 0.8125, CE loss: 0.192, DL2 loss: 8.513
8, 133, 0.1918, 0.0001, 95.312, 100.000, 0.974, 0.737, 
[870] Train acc: 0.9688, Constr acc: 0.8125, CE loss: 0.172, DL2 loss: 5.955
8, 132, 0.1715, 0.0001, 96.875, 100.000, 0.977, 0.736, 
[885] Train acc: 0.9844, Constr acc: 0.8750, CE loss: 0.050, DL2 loss: 4.697
8, 131, 0.0504, 0.0001, 98.438, 100.000, 0.979, 0.786, 
[900] Train acc: 0.9375, Constr acc: 0.9375, CE loss: 0.125, DL2 loss: 1.342
8, 130, 0.1252, 0.0002, 93.750, 100.000, 0.970, 0.727, 
[915] Train acc: 0.9688, Constr acc: 0.7812, CE loss: 0.128, DL2 loss: 7.037
8, 129, 0.1279, 0.0001, 96.875, 100.000, 0.977, 0.771, 
[930] Train acc: 0.9844, Constr acc: 0.9375, CE loss: 0.063, DL2 loss: 1.149
8, 128, 0.0631, 0.0001, 98.438, 100.000, 0.970, 0.655, 
[0] Train acc: 0.9688, Constr acc: 0.8438, CE loss: 0.062, DL2 loss: 10.070
9, 127, 0.0623, 0.0001, 96.875, 100.000, 0.976, 0.649, 
[15] Train acc: 0.9531, Constr acc: 0.8438, CE loss: 0.136, DL2 loss: 8.791
9, 126, 0.1361, 0.0001, 95.312, 100.000, 0.974, 0.664, 
[30] Train acc: 1.0000, Constr acc: 0.8125, CE loss: 0.012, DL2 loss: 10.478
9, 125, 0.0119, 0.0001, 100.000, 100.000, 0.976, 0.711, 
[45] Train acc: 0.9688, Constr acc: 0.8125, CE loss: 0.100, DL2 loss: 4.239
9, 124, 0.1000, 0.0001, 96.875, 100.000, 0.974, 0.651, 
[60] Train acc: 0.9844, Constr acc: 0.9062, CE loss: 0.025, DL2 loss: 4.275
9, 123, 0.0248, 0.0001, 98.438, 100.000, 0.973, 0.668, 
[75] Train acc: 0.9531, Constr acc: 0.9688, CE loss: 0.077, DL2 loss: 0.181
9, 122, 0.0772, 0.0001, 95.312, 100.000, 0.976, 0.690, 
[90] Train acc: 0.9688, Constr acc: 0.8125, CE loss: 0.029, DL2 loss: 4.540
9, 121, 0.0294, 0.0001, 96.875, 100.000, 0.978, 0.748, 
[105] Train acc: 1.0000, Constr acc: 0.9062, CE loss: 0.005, DL2 loss: 4.747
9, 120, 0.0052, 0.0001, 100.000, 100.000, 0.975, 0.710, 
[120] Train acc: 0.9531, Constr acc: 0.9062, CE loss: 0.067, DL2 loss: 2.547
9, 119, 0.0672, 0.0002, 95.312, 100.000, 0.967, 0.715, 
[135] Train acc: 1.0000, Constr acc: 0.8750, CE loss: 0.009, DL2 loss: 2.517
9, 118, 0.0088, 0.0002, 100.000, 100.000, 0.977, 0.768, 
[150] Train acc: 0.9844, Constr acc: 0.9688, CE loss: 0.015, DL2 loss: 1.675
9, 117, 0.0146, 0.0002, 98.438, 100.000, 0.964, 0.723, 
[165] Train acc: 0.9844, Constr acc: 1.0000, CE loss: 0.141, DL2 loss: 0.000
9, 116, 0.1409, 0.0001, 98.438, 100.000, 0.977, 0.739, 
[180] Train acc: 0.9531, Constr acc: 0.9062, CE loss: 0.084, DL2 loss: 6.446
9, 115, 0.0844, 0.0001, 95.312, 100.000, 0.972, 0.801, 
[195] Train acc: 0.9688, Constr acc: 0.9062, CE loss: 0.198, DL2 loss: 1.402
9, 114, 0.1977, 0.0002, 96.875, 100.000, 0.967, 0.798, 
[210] Train acc: 0.9531, Constr acc: 0.8750, CE loss: 0.360, DL2 loss: 7.390
9, 113, 0.3601, 0.0002, 95.312, 100.000, 0.974, 0.812, 
[225] Train acc: 0.9844, Constr acc: 0.9062, CE loss: 0.052, DL2 loss: 2.238
9, 112, 0.0524, 0.0002, 98.438, 100.000, 0.967, 0.782, 
[240] Train acc: 0.9844, Constr acc: 0.8750, CE loss: 0.034, DL2 loss: 4.346
9, 111, 0.0345, 0.0001, 98.438, 100.000, 0.977, 0.789, 
[255] Train acc: 1.0000, Constr acc: 0.9062, CE loss: 0.014, DL2 loss: 3.064
9, 110, 0.0144, 0.0001, 100.000, 100.000, 0.975, 0.787, 
[270] Train acc: 0.9688, Constr acc: 0.8750, CE loss: 0.187, DL2 loss: 0.835
9, 109, 0.1867, 0.0001, 96.875, 100.000, 0.976, 0.785, 
[285] Train acc: 0.9375, Constr acc: 0.8750, CE loss: 0.201, DL2 loss: 6.587
9, 108, 0.2014, 0.0001, 93.750, 100.000, 0.977, 0.702, 
[300] Train acc: 0.9531, Constr acc: 0.9688, CE loss: 0.209, DL2 loss: 2.294
9, 107, 0.2089, 0.0001, 95.312, 100.000, 0.977, 0.792, 
[315] Train acc: 0.9531, Constr acc: 0.8438, CE loss: 0.255, DL2 loss: 10.812
9, 106, 0.2550, 0.0002, 95.312, 100.000, 0.970, 0.727, 
[330] Train acc: 0.9844, Constr acc: 0.8438, CE loss: 0.254, DL2 loss: 3.840
9, 105, 0.2536, 0.0001, 98.438, 100.000, 0.975, 0.775, 
[345] Train acc: 0.9688, Constr acc: 0.9062, CE loss: 0.066, DL2 loss: 1.820
9, 104, 0.0659, 0.0001, 96.875, 100.000, 0.975, 0.746, 
[360] Train acc: 0.9531, Constr acc: 0.9375, CE loss: 0.112, DL2 loss: 1.309
9, 103, 0.1125, 0.0002, 95.312, 100.000, 0.954, 0.766, 
[375] Train acc: 0.9688, Constr acc: 0.9375, CE loss: 0.058, DL2 loss: 0.895
9, 102, 0.0582, 0.0001, 96.875, 100.000, 0.973, 0.726, 
[390] Train acc: 0.9844, Constr acc: 0.8438, CE loss: 0.108, DL2 loss: 2.718
9, 101, 0.1082, 0.0001, 98.438, 100.000, 0.975, 0.765, 
[405] Train acc: 1.0000, Constr acc: 0.7812, CE loss: 0.011, DL2 loss: 5.894
9, 100, 0.0107, 0.0001, 100.000, 100.000, 0.975, 0.804, 
[420] Train acc: 1.0000, Constr acc: 0.8750, CE loss: 0.013, DL2 loss: 4.144
9, 99, 0.0126, 0.0001, 100.000, 100.000, 0.977, 0.796, 
[435] Train acc: 0.9844, Constr acc: 0.9688, CE loss: 0.038, DL2 loss: 2.104
9, 98, 0.0378, 0.0001, 98.438, 100.000, 0.976, 0.851, 
[450] Train acc: 0.9688, Constr acc: 0.9375, CE loss: 0.097, DL2 loss: 0.821
9, 97, 0.0967, 0.0002, 96.875, 100.000, 0.978, 0.922, 
[465] Train acc: 0.9844, Constr acc: 0.8438, CE loss: 0.084, DL2 loss: 5.177
9, 96, 0.0837, 0.0002, 98.438, 100.000, 0.974, 0.882, 
[480] Train acc: 0.9531, Constr acc: 0.8438, CE loss: 0.103, DL2 loss: 5.203
9, 95, 0.1032, 0.0001, 95.312, 100.000, 0.976, 0.777, 
[495] Train acc: 0.9688, Constr acc: 0.8125, CE loss: 0.049, DL2 loss: 4.719
9, 94, 0.0491, 0.0001, 96.875, 100.000, 0.976, 0.780, 
[510] Train acc: 0.9844, Constr acc: 0.8438, CE loss: 0.113, DL2 loss: 7.826
9, 93, 0.1127, 0.0002, 98.438, 100.000, 0.973, 0.874, 
[525] Train acc: 0.9375, Constr acc: 0.7812, CE loss: 0.603, DL2 loss: 12.985
9, 92, 0.6031, 0.0004, 93.750, 96.875, 0.899, 0.816, 
[540] Train acc: 0.9844, Constr acc: 0.8438, CE loss: 0.045, DL2 loss: 8.882
9, 91, 0.0452, 0.0001, 98.438, 100.000, 0.971, 0.765, 
[555] Train acc: 0.9688, Constr acc: 0.9062, CE loss: 0.097, DL2 loss: 3.914
9, 90, 0.0974, 0.0001, 96.875, 100.000, 0.976, 0.805, 
[570] Train acc: 0.9844, Constr acc: 0.9062, CE loss: 0.078, DL2 loss: 2.272
9, 89, 0.0783, 0.0002, 98.438, 100.000, 0.962, 0.835, 
[585] Train acc: 0.9844, Constr acc: 0.7500, CE loss: 0.047, DL2 loss: 7.345
9, 88, 0.0468, 0.0002, 98.438, 100.000, 0.972, 0.816, 
[600] Train acc: 0.9219, Constr acc: 0.7500, CE loss: 0.396, DL2 loss: 11.661
9, 87, 0.3962, 0.0002, 92.188, 100.000, 0.957, 0.832, 
[615] Train acc: 0.9844, Constr acc: 0.8750, CE loss: 0.119, DL2 loss: 6.517
9, 86, 0.1190, 0.0002, 98.438, 100.000, 0.971, 0.786, 
[630] Train acc: 0.9688, Constr acc: 0.7188, CE loss: 0.209, DL2 loss: 8.419
9, 85, 0.2095, 0.0002, 96.875, 100.000, 0.957, 0.768, 
[645] Train acc: 0.9375, Constr acc: 0.8750, CE loss: 0.129, DL2 loss: 8.156
9, 84, 0.1294, 0.0001, 93.750, 100.000, 0.974, 0.731, 
[660] Train acc: 0.9219, Constr acc: 0.8125, CE loss: 0.211, DL2 loss: 14.007
9, 83, 0.2107, 0.0002, 92.188, 98.438, 0.946, 0.765, 
[675] Train acc: 0.9062, Constr acc: 0.8750, CE loss: 0.889, DL2 loss: 1.923
9, 82, 0.8885, 0.0002, 90.625, 98.438, 0.968, 0.820, 
[690] Train acc: 0.9844, Constr acc: 0.9375, CE loss: 0.039, DL2 loss: 0.364
9, 81, 0.0388, 0.0001, 98.438, 100.000, 0.977, 0.749, 
[705] Train acc: 0.9844, Constr acc: 0.9375, CE loss: 0.019, DL2 loss: 3.524
9, 80, 0.0188, 0.0002, 98.438, 100.000, 0.961, 0.785, 
[720] Train acc: 0.9531, Constr acc: 0.8750, CE loss: 0.202, DL2 loss: 4.166
9, 79, 0.2024, 0.0001, 95.312, 98.438, 0.972, 0.762, 
[735] Train acc: 0.9062, Constr acc: 0.9062, CE loss: 0.644, DL2 loss: 7.735
9, 78, 0.6443, 0.0002, 90.625, 98.438, 0.926, 0.730, 
[750] Train acc: 0.9062, Constr acc: 0.8438, CE loss: 0.290, DL2 loss: 6.010
9, 77, 0.2897, 0.0001, 90.625, 100.000, 0.969, 0.746, 
[765] Train acc: 0.9688, Constr acc: 0.7812, CE loss: 0.184, DL2 loss: 4.773
9, 76, 0.1842, 0.0001, 96.875, 100.000, 0.975, 0.828, 
[780] Train acc: 0.9688, Constr acc: 0.9375, CE loss: 0.134, DL2 loss: 2.112
9, 75, 0.1342, 0.0001, 96.875, 100.000, 0.978, 0.835, 
[795] Train acc: 0.9688, Constr acc: 0.8438, CE loss: 0.103, DL2 loss: 7.191
9, 74, 0.1027, 0.0002, 96.875, 100.000, 0.967, 0.925, 
[810] Train acc: 0.9531, Constr acc: 0.9062, CE loss: 0.110, DL2 loss: 4.995
9, 73, 0.1097, 0.0002, 95.312, 100.000, 0.962, 0.886, 
[825] Train acc: 0.9531, Constr acc: 0.9688, CE loss: 0.291, DL2 loss: 1.629
9, 72, 0.2911, 0.0002, 95.312, 98.438, 0.945, 0.827, 
[840] Train acc: 0.9531, Constr acc: 0.8438, CE loss: 0.233, DL2 loss: 4.665
9, 71, 0.2329, 0.0002, 95.312, 100.000, 0.970, 0.857, 
[855] Train acc: 0.9688, Constr acc: 0.9062, CE loss: 0.461, DL2 loss: 1.998
9, 70, 0.4611, 0.0001, 96.875, 98.438, 0.977, 0.791, 
[870] Train acc: 0.9688, Constr acc: 0.8125, CE loss: 0.178, DL2 loss: 7.996
9, 69, 0.1778, 0.0002, 96.875, 100.000, 0.971, 0.836, 
[885] Train acc: 0.9531, Constr acc: 0.8125, CE loss: 0.277, DL2 loss: 6.405
9, 68, 0.2773, 0.0002, 95.312, 100.000, 0.946, 0.818, 
[900] Train acc: 0.9844, Constr acc: 0.9062, CE loss: 0.031, DL2 loss: 5.443
9, 67, 0.0313, 0.0002, 98.438, 100.000, 0.956, 0.846, 
[915] Train acc: 0.9688, Constr acc: 0.9062, CE loss: 0.119, DL2 loss: 1.600
9, 66, 0.1186, 0.0002, 96.875, 100.000, 0.965, 0.805, 
[930] Train acc: 0.9375, Constr acc: 0.8125, CE loss: 0.261, DL2 loss: 3.322
9, 65, 0.2609, 0.0001, 93.750, 100.000, 0.971, 0.768, 
[0] Train acc: 0.7969, Constr acc: 0.9062, CE loss: 0.998, DL2 loss: 2.327
10, 65, 0.9982, 0.0003, 79.688, 100.000, 0.909, 0.849, 
[15] Train acc: 0.8438, Constr acc: 0.7812, CE loss: 0.936, DL2 loss: 8.530
10, 64, 0.9362, 0.0003, 84.375, 96.875, 0.926, 0.805, 
[30] Train acc: 0.9844, Constr acc: 0.9062, CE loss: 0.054, DL2 loss: 1.977
10, 63, 0.0542, 0.0002, 98.438, 100.000, 0.966, 0.832, 
[45] Train acc: 0.9375, Constr acc: 0.8438, CE loss: 0.087, DL2 loss: 5.165
10, 62, 0.0871, 0.0002, 93.750, 100.000, 0.969, 0.819, 
[60] Train acc: 0.9844, Constr acc: 0.8750, CE loss: 0.043, DL2 loss: 1.575
10, 61, 0.0426, 0.0002, 98.438, 100.000, 0.969, 0.827, 
[75] Train acc: 0.9688, Constr acc: 0.8438, CE loss: 0.086, DL2 loss: 4.984
10, 60, 0.0859, 0.0002, 96.875, 100.000, 0.963, 0.843, 
[90] Train acc: 0.9844, Constr acc: 0.8125, CE loss: 0.148, DL2 loss: 6.789
10, 59, 0.1479, 0.0002, 98.438, 100.000, 0.956, 0.789, 
[105] Train acc: 0.8125, Constr acc: 0.8750, CE loss: 2.187, DL2 loss: 2.959
10, 58, 2.1872, 0.0005, 81.250, 98.438, 0.879, 0.773, 
[120] Train acc: 0.9531, Constr acc: 0.8438, CE loss: 0.168, DL2 loss: 6.020
10, 57, 0.1680, 0.0002, 95.312, 100.000, 0.963, 0.857, 
[135] Train acc: 0.9531, Constr acc: 0.8125, CE loss: 0.138, DL2 loss: 4.446
10, 56, 0.1380, 0.0003, 95.312, 100.000, 0.910, 0.907, 
[150] Train acc: 0.9844, Constr acc: 0.7812, CE loss: 0.043, DL2 loss: 5.575
10, 55, 0.0432, 0.0002, 98.438, 100.000, 0.970, 0.838, 
[165] Train acc: 0.9219, Constr acc: 0.9062, CE loss: 0.237, DL2 loss: 0.459
10, 54, 0.2368, 0.0002, 92.188, 100.000, 0.957, 0.830, 
[180] Train acc: 0.9688, Constr acc: 0.8125, CE loss: 0.095, DL2 loss: 5.763
10, 53, 0.0948, 0.0002, 96.875, 100.000, 0.968, 0.847, 
[195] Train acc: 0.9219, Constr acc: 0.9062, CE loss: 0.308, DL2 loss: 3.423
10, 52, 0.3076, 0.0002, 92.188, 100.000, 0.963, 0.852, 
[210] Train acc: 0.9844, Constr acc: 0.7812, CE loss: 0.024, DL2 loss: 6.335
10, 51, 0.0241, 0.0002, 98.438, 100.000, 0.966, 0.796, 
[225] Train acc: 1.0000, Constr acc: 0.9688, CE loss: 0.018, DL2 loss: 0.968
10, 50, 0.0178, 0.0002, 100.000, 100.000, 0.966, 0.859, 
[240] Train acc: 0.9375, Constr acc: 0.8438, CE loss: 0.362, DL2 loss: 7.092
10, 49, 0.3618, 0.0002, 93.750, 100.000, 0.947, 0.843, 
[255] Train acc: 0.9062, Constr acc: 0.8125, CE loss: 0.321, DL2 loss: 8.234
10, 48, 0.3213, 0.0003, 90.625, 100.000, 0.927, 0.840, 
[270] Train acc: 0.9688, Constr acc: 0.8125, CE loss: 0.104, DL2 loss: 7.496
10, 47, 0.1037, 0.0002, 96.875, 100.000, 0.958, 0.856, 
[285] Train acc: 0.9844, Constr acc: 0.7812, CE loss: 0.034, DL2 loss: 12.494
10, 46, 0.0340, 0.0002, 98.438, 100.000, 0.959, 0.780, 
[300] Train acc: 0.9375, Constr acc: 0.8750, CE loss: 0.093, DL2 loss: 0.655
10, 45, 0.0934, 0.0002, 93.750, 100.000, 0.964, 0.747, 
[315] Train acc: 0.9375, Constr acc: 0.8125, CE loss: 0.227, DL2 loss: 9.059
10, 44, 0.2270, 0.0002, 93.750, 100.000, 0.955, 0.782, 
[330] Train acc: 0.9531, Constr acc: 0.9688, CE loss: 0.385, DL2 loss: 1.003
10, 43, 0.3852, 0.0003, 95.312, 98.438, 0.937, 0.811, 
[345] Train acc: 0.9688, Constr acc: 0.9062, CE loss: 0.174, DL2 loss: 1.452
10, 42, 0.1736, 0.0002, 96.875, 100.000, 0.952, 0.821, 
[360] Train acc: 0.9219, Constr acc: 0.8750, CE loss: 0.397, DL2 loss: 3.650
10, 41, 0.3974, 0.0003, 92.188, 98.438, 0.948, 0.885, 
[375] Train acc: 0.9844, Constr acc: 0.7500, CE loss: 0.075, DL2 loss: 8.886
10, 40, 0.0747, 0.0003, 98.438, 100.000, 0.941, 0.903, 
[390] Train acc: 0.9688, Constr acc: 0.9062, CE loss: 0.105, DL2 loss: 4.300
10, 39, 0.1054, 0.0002, 96.875, 100.000, 0.948, 0.813, 
[405] Train acc: 0.9531, Constr acc: 0.8750, CE loss: 0.064, DL2 loss: 4.999
10, 38, 0.0642, 0.0002, 95.312, 100.000, 0.958, 0.845, 
[420] Train acc: 0.9375, Constr acc: 0.7812, CE loss: 0.351, DL2 loss: 5.822
10, 37, 0.3513, 0.0003, 93.750, 100.000, 0.916, 0.802, 
[435] Train acc: 0.9062, Constr acc: 0.8438, CE loss: 0.574, DL2 loss: 3.914
10, 36, 0.5744, 0.0003, 90.625, 100.000, 0.910, 0.728, 
[450] Train acc: 0.9531, Constr acc: 0.8125, CE loss: 0.210, DL2 loss: 4.171
10, 35, 0.2098, 0.0004, 95.312, 98.438, 0.874, 0.770, 
[465] Train acc: 0.8594, Constr acc: 0.8438, CE loss: 0.578, DL2 loss: 3.791
10, 34, 0.5777, 0.0002, 85.938, 100.000, 0.945, 0.796, 
[480] Train acc: 0.9375, Constr acc: 0.8125, CE loss: 0.497, DL2 loss: 5.865
10, 33, 0.4967, 0.0003, 93.750, 100.000, 0.905, 0.783, 
[495] Train acc: 0.9844, Constr acc: 0.8438, CE loss: 0.059, DL2 loss: 9.703
10, 32, 0.0587, 0.0002, 98.438, 100.000, 0.935, 0.795, 
[510] Train acc: 0.8594, Constr acc: 0.7812, CE loss: 0.504, DL2 loss: 9.281
10, 31, 0.5044, 0.0003, 85.938, 100.000, 0.930, 0.792, 
[525] Train acc: 0.8594, Constr acc: 0.8438, CE loss: 0.682, DL2 loss: 3.380
10, 30, 0.6822, 0.0010, 85.938, 98.438, 0.731, 0.815, 
[540] Train acc: 0.8594, Constr acc: 0.6562, CE loss: 0.829, DL2 loss: 8.225
10, 29, 0.8292, 0.0004, 85.938, 100.000, 0.884, 0.865, 
[555] Train acc: 0.9062, Constr acc: 0.7812, CE loss: 0.310, DL2 loss: 14.806
10, 28, 0.3103, 0.0005, 90.625, 98.438, 0.882, 0.931, 
[570] Train acc: 0.7969, Constr acc: 0.8125, CE loss: 0.898, DL2 loss: 1.891
10, 27, 0.8982, 0.0004, 79.688, 98.438, 0.906, 0.799, 
[585] Train acc: 0.8750, Constr acc: 0.8438, CE loss: 0.674, DL2 loss: 3.795
10, 26, 0.6740, 0.0003, 87.500, 98.438, 0.923, 0.860, 
[600] Train acc: 0.4688, Constr acc: 0.4688, CE loss: 3.514, DL2 loss: 27.596
10, 25, 3.5138, 0.0011, 46.875, 95.312, 0.710, 0.986, 
[615] Train acc: 0.8438, Constr acc: 0.7188, CE loss: 0.930, DL2 loss: 9.359
10, 24, 0.9302, 0.0005, 84.375, 98.438, 0.858, 0.871, 
[630] Train acc: 0.9062, Constr acc: 0.9062, CE loss: 0.480, DL2 loss: 2.391
10, 23, 0.4802, 0.0004, 90.625, 100.000, 0.901, 0.807, 
[645] Train acc: 0.8750, Constr acc: 0.8438, CE loss: 0.958, DL2 loss: 7.500
10, 22, 0.9584, 0.0004, 87.500, 100.000, 0.899, 0.831, 
[660] Train acc: 0.8281, Constr acc: 0.7812, CE loss: 0.704, DL2 loss: 12.384
10, 21, 0.7042, 0.0005, 82.812, 100.000, 0.841, 0.762, 
[675] Train acc: 0.7500, Constr acc: 0.8125, CE loss: 1.509, DL2 loss: 8.031
10, 20, 1.5088, 0.0006, 75.000, 98.438, 0.771, 0.767, 
[690] Train acc: 0.6719, Constr acc: 0.7188, CE loss: 1.156, DL2 loss: 12.941
10, 19, 1.1559, 0.0007, 67.188, 96.875, 0.727, 0.802, 
[705] Train acc: 0.6719, Constr acc: 0.6875, CE loss: 1.209, DL2 loss: 11.011
10, 18, 1.2086, 0.0008, 67.188, 100.000, 0.698, 0.791, 
[720] Train acc: 0.6406, Constr acc: 0.7188, CE loss: 1.487, DL2 loss: 6.816
10, 17, 1.4868, 0.0012, 64.062, 95.312, 0.582, 0.861, 
[735] Train acc: 0.6094, Constr acc: 0.5312, CE loss: 1.879, DL2 loss: 20.771
10, 16, 1.8785, 0.0010, 60.938, 96.875, 0.610, 0.870, 
[750] Train acc: 0.5469, Constr acc: 0.6562, CE loss: 1.613, DL2 loss: 17.185
10, 15, 1.6126, 0.0013, 54.688, 96.875, 0.451, 0.894, 
[765] Train acc: 0.2031, Constr acc: 0.3438, CE loss: 2.905, DL2 loss: 24.373
10, 14, 2.9047, 0.0017, 20.312, 90.625, 0.339, 0.943, 
[780] Train acc: 0.4844, Constr acc: 0.2500, CE loss: 1.824, DL2 loss: 33.668
10, 13, 1.8237, 0.0017, 48.438, 98.438, 0.392, 0.930, 
[795] Train acc: 0.2656, Constr acc: 0.5000, CE loss: 3.089, DL2 loss: 21.408
10, 12, 3.0886, 0.0017, 26.562, 89.062, 0.284, 0.950, 
[810] Train acc: 0.3281, Constr acc: 0.3438, CE loss: 2.767, DL2 loss: 26.302
10, 11, 2.7666, 0.0017, 32.812, 87.500, 0.326, 0.951, 
[825] Train acc: 0.4688, Constr acc: 0.3125, CE loss: 2.035, DL2 loss: 25.836
10, 10, 2.0352, 0.0017, 46.875, 92.188, 0.393, 0.946, 
[840] Train acc: 0.3438, Constr acc: 0.4062, CE loss: 2.411, DL2 loss: 23.439
10, 9, 2.4107, 0.0017, 34.375, 95.312, 0.376, 0.944, 
[855] Train acc: 0.4219, Constr acc: 0.4062, CE loss: 2.145, DL2 loss: 27.371
10, 8, 2.1446, 0.0019, 42.188, 87.500, 0.346, 0.903, 
[870] Train acc: 0.3281, Constr acc: 0.3438, CE loss: 2.704, DL2 loss: 30.454
10, 7, 2.7045, 0.0018, 32.812, 87.500, 0.289, 0.951, 
[885] Train acc: 0.1094, Constr acc: 0.1250, CE loss: 2.560, DL2 loss: 45.905
10, 6, 2.5600, 0.0021, 10.938, 64.062, 0.172, 0.997, 
[900] Train acc: 0.1719, Constr acc: 0.1250, CE loss: 2.515, DL2 loss: 41.893
10, 5, 2.5150, 0.0021, 17.188, 64.062, 0.175, 0.990, 
[915] Train acc: 0.0781, Constr acc: 0.0625, CE loss: 2.381, DL2 loss: 62.134
10, 4, 2.3808, 0.0024, 7.812, 46.875, 0.089, 1.000, 
[930] Train acc: 0.0938, Constr acc: 0.0938, CE loss: 2.329, DL2 loss: 51.784
10, 3, 2.3287, 0.0024, 9.375, 54.688, 0.089, 1.000, 
