epoch, neuron_units, loss, dl2_loss, top1, top5, dl2_p_acc, dl2_constraint_acc
1, 252, 0.2633, 0.0006, 90.625, 100.000, 0.901, 0.302, 0.8865, 0.7055, 0.4488, 0.2195, 0.0826, 0.0256, 
1, 251, 0.1147, 0.0005, 93.750, 100.000, 0.905, 0.347, 0.9062, 0.7735, 0.5940, 0.3917, 0.1961, 0.0709, 
1, 250, 0.0829, 0.0005, 98.438, 100.000, 0.911, 0.251, 0.9181, 0.7879, 0.6206, 0.4252, 0.2532, 0.1348, 
1, 249, 0.4359, 0.0005, 84.375, 100.000, 0.905, 0.259, 0.9094, 0.7678, 0.5660, 0.3151, 0.1183, 0.0351, 
1, 248, 0.2354, 0.0006, 92.188, 100.000, 0.856, 0.362, 0.8856, 0.7417, 0.5475, 0.3066, 0.1272, 0.0451, 
1, 247, 0.2574, 0.0005, 92.188, 100.000, 0.895, 0.435, 0.9105, 0.7823, 0.6211, 0.4238, 0.2235, 0.0925, 
1, 246, 0.2186, 0.0004, 92.188, 100.000, 0.937, 0.388, 0.9352, 0.8318, 0.6913, 0.5070, 0.3083, 0.1369, 
1, 245, 0.2615, 0.0005, 95.312, 100.000, 0.923, 0.421, 0.9133, 0.7628, 0.5501, 0.3255, 0.1653, 0.0693, 
1, 244, 0.2134, 0.0005, 93.750, 100.000, 0.910, 0.413, 0.9127, 0.7858, 0.6152, 0.4172, 0.2376, 0.1137, 
1, 243, 0.2974, 0.0005, 90.625, 100.000, 0.923, 0.339, 0.9275, 0.8094, 0.6485, 0.4643, 0.2790, 0.1239, 
1, 242, 0.4895, 0.0005, 90.625, 100.000, 0.940, 0.301, 0.9326, 0.8282, 0.6746, 0.4769, 0.2713, 0.1208, 
1, 241, 0.5046, 0.0006, 85.938, 100.000, 0.915, 0.270, 0.9179, 0.7902, 0.6203, 0.4159, 0.2115, 0.0759, 
1, 240, 0.4279, 0.0005, 81.250, 100.000, 0.931, 0.246, 0.9235, 0.8092, 0.6356, 0.4084, 0.1840, 0.0552, 
1, 239, 0.0633, 0.0005, 98.438, 100.000, 0.944, 0.239, 0.9377, 0.8236, 0.6518, 0.4265, 0.2039, 0.0759, 
1, 238, 0.0223, 0.0005, 100.000, 100.000, 0.944, 0.338, 0.9381, 0.8323, 0.6725, 0.4652, 0.2454, 0.0888, 
1, 237, 0.2060, 0.0003, 92.188, 100.000, 0.949, 0.520, 0.9432, 0.8393, 0.6755, 0.4645, 0.2459, 0.1071, 
1, 236, 0.1473, 0.0004, 95.312, 100.000, 0.948, 0.370, 0.9395, 0.8402, 0.6795, 0.4649, 0.2352, 0.0895, 
1, 235, 0.0432, 0.0004, 98.438, 100.000, 0.945, 0.388, 0.9446, 0.8434, 0.6976, 0.4903, 0.2841, 0.1244, 
1, 234, 0.1843, 0.0004, 96.875, 100.000, 0.942, 0.442, 0.9379, 0.8245, 0.6553, 0.4362, 0.2280, 0.0911, 
1, 233, 0.1420, 0.0004, 95.312, 100.000, 0.957, 0.392, 0.9470, 0.8498, 0.7009, 0.4974, 0.2769, 0.1080, 
1, 232, 0.4667, 0.0004, 90.625, 98.438, 0.922, 0.568, 0.9487, 0.8547, 0.7112, 0.5081, 0.2906, 0.1355, 
1, 231, 0.0257, 0.0004, 100.000, 100.000, 0.928, 0.521, 0.9359, 0.8326, 0.6857, 0.4959, 0.3005, 0.1441, 
1, 230, 0.2705, 0.0004, 92.188, 98.438, 0.956, 0.324, 0.9461, 0.8468, 0.6904, 0.4880, 0.2682, 0.0979, 
1, 229, 0.2057, 0.0004, 93.750, 98.438, 0.951, 0.386, 0.9470, 0.8482, 0.6944, 0.4916, 0.2660, 0.0924, 
1, 228, 0.1683, 0.0004, 90.625, 100.000, 0.950, 0.377, 0.9401, 0.8439, 0.6907, 0.5067, 0.3132, 0.1761, 
1, 227, 0.1824, 0.0005, 92.188, 98.438, 0.956, 0.307, 0.9461, 0.8520, 0.6979, 0.4979, 0.2972, 0.1388, 
1, 226, 0.2364, 0.0004, 96.875, 100.000, 0.947, 0.382, 0.9414, 0.8334, 0.6659, 0.4595, 0.2528, 0.1107, 
1, 225, 0.0427, 0.0005, 100.000, 100.000, 0.955, 0.293, 0.9426, 0.8448, 0.7038, 0.5070, 0.2939, 0.1145, 
1, 224, 0.4244, 0.0004, 90.625, 100.000, 0.949, 0.399, 0.9398, 0.8372, 0.6888, 0.5050, 0.3279, 0.1723, 
1, 223, 0.0777, 0.0005, 98.438, 100.000, 0.957, 0.258, 0.9461, 0.8489, 0.7037, 0.5238, 0.3335, 0.1740, 
1, 222, 0.4053, 0.0005, 92.188, 100.000, 0.918, 0.264, 0.9248, 0.8110, 0.6640, 0.4697, 0.2918, 0.1491, 
2, 221, 0.1711, 0.0004, 92.188, 100.000, 0.959, 0.296, 0.9473, 0.8603, 0.7236, 0.5328, 0.3374, 0.1785, 
2, 220, 0.0449, 0.0004, 100.000, 100.000, 0.955, 0.470, 0.9419, 0.8432, 0.6982, 0.5119, 0.3164, 0.1627, 
2, 219, 0.5580, 0.0005, 90.625, 100.000, 0.882, 0.425, 0.8954, 0.7385, 0.5611, 0.3636, 0.1934, 0.0742, 
2, 218, 0.3812, 0.0004, 92.188, 100.000, 0.945, 0.449, 0.9274, 0.8199, 0.6615, 0.4675, 0.2798, 0.1340, 
2, 217, 0.1475, 0.0004, 95.312, 100.000, 0.953, 0.390, 0.9365, 0.8294, 0.6744, 0.4753, 0.2938, 0.1596, 
2, 216, 0.1457, 0.0004, 95.312, 100.000, 0.950, 0.385, 0.9356, 0.8292, 0.6697, 0.4824, 0.3037, 0.1742, 
2, 215, 0.0845, 0.0004, 95.312, 100.000, 0.946, 0.434, 0.9394, 0.8284, 0.6563, 0.4303, 0.2224, 0.0866, 
2, 214, 0.0935, 0.0003, 96.875, 100.000, 0.954, 0.534, 0.9395, 0.8326, 0.6739, 0.4775, 0.2881, 0.1401, 
2, 213, 0.1847, 0.0004, 95.312, 100.000, 0.952, 0.397, 0.9388, 0.8358, 0.6858, 0.4850, 0.2862, 0.1368, 
2, 212, 0.1250, 0.0004, 95.312, 100.000, 0.950, 0.368, 0.9414, 0.8416, 0.6859, 0.4749, 0.2809, 0.1418, 
2, 211, 0.2341, 0.0004, 90.625, 100.000, 0.956, 0.355, 0.9545, 0.8727, 0.7403, 0.5407, 0.3024, 0.1270, 
2, 210, 0.4867, 0.0004, 90.625, 100.000, 0.931, 0.488, 0.9326, 0.8432, 0.7186, 0.5484, 0.3627, 0.2108, 
2, 209, 0.1501, 0.0004, 93.750, 100.000, 0.963, 0.395, 0.9486, 0.8608, 0.7225, 0.5133, 0.2935, 0.1365, 
2, 208, 0.0476, 0.0004, 98.438, 100.000, 0.968, 0.391, 0.9577, 0.8783, 0.7411, 0.5429, 0.3118, 0.1523, 
2, 207, 0.0685, 0.0004, 98.438, 100.000, 0.964, 0.399, 0.9586, 0.8737, 0.7387, 0.5559, 0.3425, 0.1412, 
2, 206, 0.0493, 0.0004, 96.875, 100.000, 0.961, 0.397, 0.9517, 0.8598, 0.7225, 0.5435, 0.3330, 0.1388, 
2, 205, 0.0958, 0.0003, 96.875, 100.000, 0.966, 0.536, 0.9568, 0.8708, 0.7380, 0.5588, 0.3668, 0.1962, 
2, 204, 0.1629, 0.0004, 92.188, 100.000, 0.956, 0.315, 0.9499, 0.8618, 0.7126, 0.5229, 0.3058, 0.1451, 
2, 203, 0.1141, 0.0004, 93.750, 100.000, 0.960, 0.471, 0.9420, 0.8540, 0.7168, 0.5373, 0.3474, 0.1859, 
2, 202, 0.0715, 0.0003, 96.875, 100.000, 0.969, 0.431, 0.9561, 0.8820, 0.7542, 0.5655, 0.3293, 0.1369, 
2, 201, 0.1964, 0.0004, 93.750, 100.000, 0.971, 0.368, 0.9575, 0.8807, 0.7463, 0.5540, 0.3261, 0.1439, 
2, 200, 0.0315, 0.0003, 100.000, 100.000, 0.967, 0.445, 0.9586, 0.8775, 0.7423, 0.5490, 0.3384, 0.1700, 
2, 199, 0.0332, 0.0004, 98.438, 100.000, 0.964, 0.384, 0.9518, 0.8776, 0.7409, 0.5389, 0.2939, 0.1217, 
2, 198, 0.1053, 0.0003, 96.875, 100.000, 0.962, 0.487, 0.9528, 0.8685, 0.7170, 0.4790, 0.2512, 0.1002, 
2, 197, 0.2013, 0.0004, 90.625, 100.000, 0.950, 0.345, 0.9444, 0.8531, 0.7114, 0.5108, 0.2934, 0.1434, 
2, 196, 0.2756, 0.0005, 90.625, 100.000, 0.945, 0.303, 0.9307, 0.8184, 0.6561, 0.4707, 0.2958, 0.1798, 
2, 195, 0.0617, 0.0004, 96.875, 100.000, 0.966, 0.389, 0.9525, 0.8715, 0.7342, 0.5402, 0.3325, 0.1615, 
2, 194, 0.0781, 0.0003, 98.438, 100.000, 0.963, 0.494, 0.9523, 0.8663, 0.7286, 0.5395, 0.3291, 0.1614, 
2, 193, 0.1109, 0.0004, 96.875, 100.000, 0.958, 0.387, 0.9439, 0.8507, 0.7049, 0.4983, 0.2836, 0.1284, 
2, 192, 0.4236, 0.0004, 89.062, 98.438, 0.957, 0.438, 0.9412, 0.8494, 0.7048, 0.5181, 0.3171, 0.1634, 
2, 191, 0.0970, 0.0004, 96.875, 100.000, 0.966, 0.385, 0.9515, 0.8714, 0.7345, 0.5344, 0.3053, 0.1389, 
3, 190, 0.1296, 0.0004, 96.875, 100.000, 0.967, 0.389, 0.9561, 0.8779, 0.7424, 0.5452, 0.3433, 0.1780, 
3, 189, 0.0646, 0.0003, 98.438, 100.000, 0.963, 0.454, 0.9514, 0.8619, 0.7185, 0.5227, 0.3139, 0.1462, 
3, 188, 0.3247, 0.0004, 93.750, 100.000, 0.964, 0.436, 0.9520, 0.8668, 0.7199, 0.5068, 0.2817, 0.1313, 
3, 187, 0.1410, 0.0003, 95.312, 100.000, 0.965, 0.495, 0.9564, 0.8711, 0.7422, 0.5525, 0.3395, 0.1718, 
3, 186, 0.0546, 0.0004, 98.438, 100.000, 0.940, 0.523, 0.9343, 0.8305, 0.6784, 0.4870, 0.3133, 0.2023, 
3, 185, 0.0862, 0.0004, 93.750, 100.000, 0.965, 0.440, 0.9494, 0.8607, 0.7252, 0.5469, 0.3411, 0.1505, 
3, 184, 0.1288, 0.0004, 98.438, 100.000, 0.965, 0.368, 0.9488, 0.8609, 0.7277, 0.5434, 0.3319, 0.1555, 
3, 183, 0.0385, 0.0004, 100.000, 100.000, 0.959, 0.387, 0.9468, 0.8603, 0.7280, 0.5397, 0.3307, 0.1613, 
3, 182, 0.3279, 0.0004, 95.312, 98.438, 0.949, 0.408, 0.9284, 0.8154, 0.6606, 0.4933, 0.3337, 0.2000, 
3, 181, 0.2379, 0.0004, 93.750, 100.000, 0.961, 0.403, 0.9519, 0.8658, 0.7330, 0.5470, 0.3323, 0.1549, 
3, 180, 0.2857, 0.0003, 89.062, 98.438, 0.954, 0.506, 0.9475, 0.8604, 0.7313, 0.5619, 0.3682, 0.2025, 
3, 179, 0.3034, 0.0004, 92.188, 100.000, 0.940, 0.419, 0.9356, 0.8423, 0.7097, 0.5357, 0.3284, 0.1532, 
3, 178, 0.1509, 0.0003, 96.875, 100.000, 0.964, 0.522, 0.9519, 0.8654, 0.7329, 0.5445, 0.3462, 0.1882, 
3, 177, 0.4080, 0.0003, 90.625, 100.000, 0.967, 0.435, 0.9536, 0.8723, 0.7427, 0.5490, 0.3418, 0.1646, 
3, 176, 0.2008, 0.0004, 92.188, 100.000, 0.948, 0.510, 0.9369, 0.8380, 0.6998, 0.5238, 0.3319, 0.1673, 
3, 175, 0.2707, 0.0004, 92.188, 98.438, 0.906, 0.519, 0.9243, 0.8215, 0.6784, 0.5048, 0.3191, 0.1705, 
3, 174, 0.1514, 0.0003, 95.312, 100.000, 0.958, 0.508, 0.9488, 0.8617, 0.7262, 0.5347, 0.3224, 0.1396, 
3, 173, 0.3528, 0.0004, 93.750, 98.438, 0.955, 0.375, 0.9314, 0.8192, 0.6541, 0.4402, 0.2206, 0.0753, 
3, 172, 0.1062, 0.0003, 96.875, 100.000, 0.967, 0.551, 0.9613, 0.8820, 0.7535, 0.5616, 0.3401, 0.1571, 
3, 171, 0.2229, 0.0003, 92.188, 100.000, 0.968, 0.504, 0.9593, 0.8697, 0.7387, 0.5511, 0.3542, 0.1928, 
3, 170, 0.1023, 0.0003, 98.438, 100.000, 0.967, 0.595, 0.9509, 0.8794, 0.7491, 0.5710, 0.3629, 0.1835, 
3, 169, 0.0484, 0.0004, 98.438, 100.000, 0.964, 0.444, 0.9455, 0.8555, 0.7136, 0.5180, 0.3224, 0.1549, 
3, 168, 0.1023, 0.0003, 96.875, 100.000, 0.969, 0.457, 0.9551, 0.8791, 0.7525, 0.5640, 0.3473, 0.1664, 
3, 167, 0.1193, 0.0004, 95.312, 100.000, 0.956, 0.425, 0.9418, 0.8401, 0.6710, 0.4391, 0.2218, 0.0886, 
3, 166, 0.1230, 0.0003, 96.875, 100.000, 0.963, 0.560, 0.9423, 0.8461, 0.6959, 0.5147, 0.3198, 0.1712, 
3, 165, 0.0643, 0.0003, 96.875, 100.000, 0.960, 0.642, 0.9534, 0.8717, 0.7398, 0.5390, 0.3014, 0.1215, 
3, 164, 0.0055, 0.0003, 100.000, 100.000, 0.967, 0.583, 0.9545, 0.8744, 0.7508, 0.5769, 0.3755, 0.1987, 
3, 163, 0.1764, 0.0003, 96.875, 100.000, 0.972, 0.461, 0.9589, 0.8792, 0.7464, 0.5569, 0.3502, 0.1806, 
3, 162, 0.1064, 0.0003, 95.312, 100.000, 0.966, 0.514, 0.9583, 0.8791, 0.7612, 0.5674, 0.3398, 0.1629, 
3, 161, 0.1014, 0.0003, 96.875, 100.000, 0.968, 0.475, 0.9576, 0.8827, 0.7493, 0.5526, 0.3174, 0.1364, 
3, 160, 0.0529, 0.0003, 98.438, 100.000, 0.952, 0.536, 0.9440, 0.8581, 0.7376, 0.5560, 0.3380, 0.1451, 
3, 159, 0.0470, 0.0003, 98.438, 100.000, 0.972, 0.504, 0.9570, 0.8826, 0.7628, 0.5927, 0.3857, 0.1971, 
4, 159, 0.0381, 0.0004, 96.875, 100.000, 0.956, 0.400, 0.9403, 0.8506, 0.7163, 0.5396, 0.3262, 0.1540, 
4, 158, 0.0900, 0.0003, 98.438, 98.438, 0.969, 0.453, 0.9501, 0.8594, 0.7189, 0.5450, 0.3653, 0.2121, 
4, 157, 0.1675, 0.0003, 96.875, 100.000, 0.966, 0.576, 0.9500, 0.8641, 0.7268, 0.5469, 0.3529, 0.1928, 
4, 156, 0.0581, 0.0003, 96.875, 100.000, 0.966, 0.568, 0.9534, 0.8650, 0.7291, 0.5387, 0.3206, 0.1482, 
4, 155, 0.0622, 0.0003, 98.438, 100.000, 0.963, 0.535, 0.9530, 0.8678, 0.7277, 0.5268, 0.2992, 0.1266, 
4, 154, 0.0698, 0.0003, 96.875, 100.000, 0.953, 0.545, 0.9445, 0.8520, 0.7133, 0.5285, 0.3264, 0.1559, 
4, 153, 0.1530, 0.0003, 95.312, 100.000, 0.963, 0.547, 0.9504, 0.8627, 0.7377, 0.5632, 0.3651, 0.1937, 
4, 152, 0.0899, 0.0004, 98.438, 100.000, 0.959, 0.413, 0.9476, 0.8527, 0.7098, 0.5019, 0.2681, 0.0989, 
4, 151, 0.3309, 0.0004, 92.188, 98.438, 0.932, 0.531, 0.9268, 0.8312, 0.7038, 0.5493, 0.3801, 0.2286, 
4, 150, 0.0244, 0.0004, 100.000, 100.000, 0.963, 0.328, 0.9529, 0.8698, 0.7344, 0.5438, 0.3119, 0.1260, 
4, 149, 0.1054, 0.0004, 98.438, 100.000, 0.963, 0.410, 0.9485, 0.8554, 0.7104, 0.5164, 0.2979, 0.1276, 
4, 148, 0.0635, 0.0003, 98.438, 100.000, 0.956, 0.565, 0.9387, 0.8383, 0.7000, 0.5308, 0.3575, 0.2115, 
4, 147, 0.0134, 0.0003, 100.000, 100.000, 0.970, 0.555, 0.9613, 0.8776, 0.7381, 0.5595, 0.3649, 0.2112, 
4, 146, 0.1753, 0.0003, 93.750, 100.000, 0.971, 0.506, 0.9606, 0.8828, 0.7502, 0.5688, 0.3651, 0.1760, 
4, 145, 0.2119, 0.0004, 93.750, 98.438, 0.966, 0.390, 0.9550, 0.8628, 0.7239, 0.5305, 0.3184, 0.1433, 
4, 144, 0.0632, 0.0004, 96.875, 100.000, 0.966, 0.287, 0.9479, 0.8510, 0.6925, 0.4708, 0.2528, 0.1092, 
4, 143, 0.0436, 0.0003, 96.875, 100.000, 0.971, 0.480, 0.9551, 0.8720, 0.7425, 0.5683, 0.3840, 0.2297, 
4, 142, 0.0504, 0.0004, 98.438, 100.000, 0.964, 0.425, 0.9501, 0.8583, 0.7192, 0.5523, 0.3610, 0.2110, 
4, 141, 0.0954, 0.0004, 98.438, 100.000, 0.972, 0.336, 0.9556, 0.8758, 0.7387, 0.5521, 0.3387, 0.1770, 
4, 140, 0.2398, 0.0004, 93.750, 100.000, 0.955, 0.359, 0.9416, 0.8430, 0.7004, 0.5334, 0.3467, 0.1714, 
4, 139, 0.0694, 0.0003, 98.438, 100.000, 0.973, 0.507, 0.9593, 0.8812, 0.7501, 0.5632, 0.3299, 0.1459, 
4, 138, 0.1385, 0.0003, 96.875, 100.000, 0.971, 0.557, 0.9593, 0.8763, 0.7443, 0.5636, 0.3639, 0.2203, 
4, 137, 0.1888, 0.0003, 96.875, 100.000, 0.967, 0.495, 0.9475, 0.8614, 0.7243, 0.5545, 0.3769, 0.2214, 
4, 136, 0.0613, 0.0003, 98.438, 100.000, 0.970, 0.479, 0.9536, 0.8588, 0.7235, 0.5597, 0.3810, 0.2352, 
4, 135, 0.0458, 0.0003, 96.875, 100.000, 0.970, 0.486, 0.9570, 0.8876, 0.7718, 0.6068, 0.4053, 0.2292, 
4, 134, 0.1527, 0.0004, 98.438, 98.438, 0.962, 0.396, 0.9468, 0.8531, 0.7066, 0.5051, 0.2912, 0.1186, 
4, 133, 0.0602, 0.0004, 98.438, 100.000, 0.965, 0.432, 0.9485, 0.8628, 0.7118, 0.5021, 0.2813, 0.1183, 
4, 132, 0.1289, 0.0004, 95.312, 100.000, 0.967, 0.331, 0.9446, 0.8507, 0.6773, 0.4378, 0.2085, 0.0793, 
4, 131, 0.0890, 0.0003, 96.875, 100.000, 0.971, 0.525, 0.9584, 0.8893, 0.7754, 0.6263, 0.4545, 0.2848, 
4, 130, 0.0255, 0.0003, 100.000, 100.000, 0.956, 0.525, 0.9408, 0.8442, 0.7112, 0.5480, 0.3841, 0.2570, 
4, 129, 0.0732, 0.0004, 96.875, 100.000, 0.966, 0.410, 0.9471, 0.8578, 0.7241, 0.5589, 0.3866, 0.2496, 
4, 128, 0.0889, 0.0003, 98.438, 100.000, 0.975, 0.490, 0.9671, 0.9025, 0.7919, 0.6175, 0.4107, 0.2110, 
5, 126, 0.0978, 0.0003, 96.875, 100.000, 0.965, 0.480, 0.9533, 0.8719, 0.7461, 0.5767, 0.4044, 0.2492, 
5, 125, 0.0092, 0.0003, 100.000, 100.000, 0.970, 0.435, 0.9631, 0.8910, 0.7730, 0.6148, 0.4234, 0.2453, 
5, 124, 0.0913, 0.0003, 96.875, 100.000, 0.956, 0.494, 0.9492, 0.8633, 0.7339, 0.5442, 0.3333, 0.1502, 
5, 123, 0.0501, 0.0004, 98.438, 100.000, 0.964, 0.448, 0.9528, 0.8760, 0.7528, 0.5815, 0.3815, 0.2073, 
5, 122, 0.1253, 0.0003, 96.875, 100.000, 0.970, 0.447, 0.9636, 0.8963, 0.7830, 0.6144, 0.4058, 0.2152, 
5, 121, 0.1940, 0.0003, 95.312, 100.000, 0.963, 0.497, 0.9534, 0.8803, 0.7594, 0.5928, 0.4002, 0.2363, 
5, 120, 0.0688, 0.0003, 95.312, 100.000, 0.969, 0.459, 0.9569, 0.8791, 0.7435, 0.5573, 0.3613, 0.2064, 
5, 119, 0.0529, 0.0004, 96.875, 100.000, 0.972, 0.387, 0.9624, 0.8939, 0.7762, 0.6013, 0.4048, 0.2312, 
5, 118, 0.0812, 0.0003, 95.312, 100.000, 0.961, 0.510, 0.9494, 0.8623, 0.7287, 0.5654, 0.3958, 0.2503, 
5, 117, 0.0310, 0.0003, 100.000, 100.000, 0.971, 0.452, 0.9595, 0.8826, 0.7619, 0.5788, 0.3720, 0.1877, 
5, 116, 0.0874, 0.0003, 98.438, 100.000, 0.964, 0.462, 0.9517, 0.8628, 0.7232, 0.5421, 0.3484, 0.1906, 
5, 115, 0.0081, 0.0004, 100.000, 100.000, 0.972, 0.387, 0.9543, 0.8622, 0.7312, 0.5542, 0.3624, 0.2021, 
5, 114, 0.1569, 0.0004, 96.875, 98.438, 0.959, 0.357, 0.9412, 0.8327, 0.6797, 0.5056, 0.3323, 0.2069, 
5, 113, 0.0103, 0.0003, 100.000, 100.000, 0.973, 0.452, 0.9578, 0.8726, 0.7382, 0.5534, 0.3638, 0.2105, 
5, 112, 0.2216, 0.0003, 93.750, 100.000, 0.950, 0.526, 0.9421, 0.8561, 0.7299, 0.5609, 0.3666, 0.2134, 
5, 111, 0.1137, 0.0003, 95.312, 100.000, 0.960, 0.542, 0.9455, 0.8511, 0.7084, 0.5395, 0.3637, 0.2124, 
5, 110, 0.0648, 0.0004, 96.875, 100.000, 0.969, 0.415, 0.9559, 0.8663, 0.7210, 0.5292, 0.3453, 0.2034, 
5, 109, 0.0762, 0.0003, 96.875, 100.000, 0.973, 0.417, 0.9598, 0.8914, 0.7810, 0.6142, 0.4029, 0.2154, 
5, 108, 0.1109, 0.0004, 95.312, 100.000, 0.970, 0.363, 0.9620, 0.8851, 0.7587, 0.5791, 0.3884, 0.2128, 
5, 107, 0.0595, 0.0003, 96.875, 100.000, 0.966, 0.469, 0.9541, 0.8589, 0.7140, 0.5365, 0.3597, 0.2139, 
5, 106, 0.0369, 0.0003, 98.438, 100.000, 0.967, 0.449, 0.9546, 0.8655, 0.7302, 0.5419, 0.3566, 0.2068, 
5, 105, 0.0120, 0.0003, 100.000, 100.000, 0.961, 0.538, 0.9480, 0.8564, 0.7183, 0.5348, 0.3596, 0.2208, 
5, 104, 0.1455, 0.0004, 95.312, 100.000, 0.933, 0.447, 0.9390, 0.8506, 0.7291, 0.5656, 0.3886, 0.2363, 
5, 103, 0.1613, 0.0004, 96.875, 98.438, 0.947, 0.478, 0.9312, 0.8162, 0.6692, 0.4922, 0.3241, 0.2017, 
5, 102, 0.1815, 0.0003, 93.750, 100.000, 0.975, 0.579, 0.9608, 0.8825, 0.7535, 0.5631, 0.3567, 0.1923, 
5, 101, 0.1026, 0.0003, 98.438, 100.000, 0.972, 0.485, 0.9630, 0.9050, 0.7895, 0.6242, 0.4079, 0.2168, 
5, 100, 0.4011, 0.0003, 93.750, 100.000, 0.961, 0.494, 0.9576, 0.8884, 0.7731, 0.6038, 0.3976, 0.2176, 
5, 99, 0.1547, 0.0003, 96.875, 100.000, 0.968, 0.544, 0.9549, 0.8800, 0.7590, 0.5907, 0.3992, 0.2277, 
5, 98, 0.0313, 0.0004, 100.000, 100.000, 0.967, 0.388, 0.9577, 0.8841, 0.7683, 0.5893, 0.3677, 0.1652, 
5, 97, 0.1323, 0.0004, 96.875, 100.000, 0.952, 0.444, 0.9488, 0.8700, 0.7486, 0.5817, 0.4017, 0.2353, 
5, 96, 0.0160, 0.0004, 100.000, 100.000, 0.970, 0.417, 0.9558, 0.8816, 0.7570, 0.5976, 0.4214, 0.2455, 
6, 95, 0.2665, 0.0004, 90.625, 100.000, 0.935, 0.399, 0.9406, 0.8541, 0.7280, 0.5508, 0.3529, 0.1976, 
6, 94, 0.2246, 0.0003, 92.188, 100.000, 0.965, 0.513, 0.9564, 0.8792, 0.7458, 0.5633, 0.3765, 0.2147, 
6, 93, 0.2528, 0.0003, 95.312, 100.000, 0.964, 0.515, 0.9564, 0.8876, 0.7700, 0.6139, 0.4288, 0.2377, 
6, 92, 0.1181, 0.0003, 96.875, 100.000, 0.966, 0.552, 0.9569, 0.8781, 0.7530, 0.5767, 0.3923, 0.2266, 
6, 91, 0.0609, 0.0003, 98.438, 100.000, 0.970, 0.542, 0.9592, 0.8796, 0.7528, 0.5714, 0.3780, 0.2213, 
6, 90, 0.1191, 0.0004, 93.750, 100.000, 0.932, 0.474, 0.9425, 0.8634, 0.7451, 0.5791, 0.3981, 0.2397, 
6, 89, 0.0266, 0.0003, 100.000, 100.000, 0.963, 0.565, 0.9553, 0.8758, 0.7529, 0.5862, 0.4077, 0.2341, 
6, 88, 0.0272, 0.0003, 98.438, 100.000, 0.966, 0.504, 0.9546, 0.8872, 0.7715, 0.6101, 0.4101, 0.2181, 
6, 87, 0.1135, 0.0004, 98.438, 100.000, 0.955, 0.485, 0.9450, 0.8601, 0.7417, 0.5804, 0.3841, 0.1955, 
6, 86, 0.2367, 0.0004, 93.750, 100.000, 0.961, 0.468, 0.9603, 0.8833, 0.7571, 0.5819, 0.3842, 0.2025, 
6, 85, 0.1455, 0.0005, 98.438, 100.000, 0.951, 0.357, 0.9444, 0.8386, 0.6770, 0.4788, 0.2623, 0.1223, 
6, 84, 0.0442, 0.0004, 98.438, 100.000, 0.968, 0.436, 0.9604, 0.8886, 0.7687, 0.5883, 0.3819, 0.2059, 
6, 83, 0.1322, 0.0004, 96.875, 100.000, 0.966, 0.411, 0.9613, 0.8935, 0.7777, 0.6082, 0.3761, 0.1730, 
6, 82, 0.1417, 0.0004, 95.312, 100.000, 0.965, 0.370, 0.9494, 0.8673, 0.7359, 0.5379, 0.3084, 0.1318, 
6, 81, 0.1933, 0.0004, 95.312, 100.000, 0.971, 0.370, 0.9605, 0.8828, 0.7497, 0.5437, 0.2991, 0.1340, 
6, 80, 0.0453, 0.0003, 98.438, 100.000, 0.968, 0.517, 0.9569, 0.8767, 0.7444, 0.5643, 0.3658, 0.1917, 
6, 79, 0.0174, 0.0004, 100.000, 100.000, 0.963, 0.377, 0.9472, 0.8544, 0.6826, 0.4455, 0.2318, 0.1017, 
6, 78, 0.1303, 0.0004, 96.875, 98.438, 0.944, 0.444, 0.9490, 0.8708, 0.7381, 0.5578, 0.3510, 0.1809, 
6, 77, 0.2194, 0.0004, 93.750, 100.000, 0.967, 0.416, 0.9606, 0.8864, 0.7587, 0.6009, 0.4197, 0.2512, 
6, 76, 0.0940, 0.0004, 96.875, 100.000, 0.957, 0.389, 0.9539, 0.8729, 0.7392, 0.5683, 0.3827, 0.2373, 
6, 75, 0.0522, 0.0004, 96.875, 100.000, 0.969, 0.365, 0.9605, 0.8796, 0.7447, 0.5554, 0.3490, 0.1714, 
6, 74, 0.1691, 0.0004, 95.312, 100.000, 0.944, 0.446, 0.9568, 0.8718, 0.7480, 0.5738, 0.3559, 0.1687, 
6, 73, 0.0975, 0.0005, 96.875, 100.000, 0.948, 0.292, 0.9391, 0.8167, 0.6324, 0.4110, 0.2138, 0.0927, 
6, 72, 0.0497, 0.0004, 96.875, 100.000, 0.973, 0.352, 0.9548, 0.8782, 0.7483, 0.5513, 0.3211, 0.1441, 
6, 71, 0.1546, 0.0005, 96.875, 100.000, 0.954, 0.304, 0.9445, 0.8457, 0.6922, 0.4955, 0.2993, 0.1425, 
6, 70, 0.0654, 0.0004, 98.438, 100.000, 0.972, 0.382, 0.9560, 0.8774, 0.7263, 0.5165, 0.2990, 0.1385, 
6, 69, 0.0766, 0.0004, 98.438, 98.438, 0.960, 0.412, 0.9468, 0.8517, 0.7117, 0.5181, 0.3206, 0.1608, 
6, 68, 0.0920, 0.0004, 95.312, 100.000, 0.966, 0.379, 0.9564, 0.8804, 0.7526, 0.5739, 0.3703, 0.1769, 
6, 67, 0.0865, 0.0004, 98.438, 100.000, 0.968, 0.341, 0.9540, 0.8692, 0.7324, 0.5245, 0.2875, 0.1091, 
6, 66, 0.2196, 0.0004, 93.750, 100.000, 0.969, 0.374, 0.9552, 0.8593, 0.7053, 0.4882, 0.2620, 0.1077, 
6, 65, 0.0858, 0.0004, 96.875, 100.000, 0.960, 0.465, 0.9464, 0.8420, 0.6872, 0.4987, 0.3175, 0.1559, 
7, 65, 0.1020, 0.0005, 95.312, 100.000, 0.942, 0.327, 0.9365, 0.8295, 0.6659, 0.4624, 0.2568, 0.1107, 
7, 64, 0.1598, 0.0004, 93.750, 100.000, 0.969, 0.356, 0.9605, 0.8804, 0.7385, 0.5367, 0.3239, 0.1454, 
7, 63, 0.1139, 0.0004, 98.438, 100.000, 0.958, 0.447, 0.9513, 0.8590, 0.7187, 0.5140, 0.2869, 0.1202, 
7, 62, 0.0199, 0.0003, 100.000, 100.000, 0.963, 0.527, 0.9519, 0.8602, 0.7212, 0.5307, 0.3069, 0.1357, 
7, 61, 0.4374, 0.0004, 90.625, 98.438, 0.920, 0.483, 0.9172, 0.7972, 0.6452, 0.4668, 0.2722, 0.1334, 
7, 60, 0.2449, 0.0004, 93.750, 100.000, 0.947, 0.525, 0.9386, 0.8362, 0.6809, 0.4932, 0.3080, 0.1540, 
7, 59, 0.1302, 0.0005, 98.438, 98.438, 0.953, 0.290, 0.9496, 0.8587, 0.6929, 0.4758, 0.2488, 0.1162, 
7, 58, 0.2606, 0.0005, 93.750, 100.000, 0.952, 0.332, 0.9414, 0.8476, 0.7082, 0.5072, 0.3021, 0.1413, 
7, 57, 0.1187, 0.0004, 96.875, 98.438, 0.965, 0.341, 0.9527, 0.8783, 0.7488, 0.5430, 0.3022, 0.1318, 
7, 56, 0.1138, 0.0004, 96.875, 100.000, 0.967, 0.448, 0.9626, 0.8936, 0.7801, 0.6030, 0.3812, 0.1767, 
7, 55, 0.0453, 0.0004, 98.438, 100.000, 0.942, 0.486, 0.9486, 0.8712, 0.7361, 0.5595, 0.3491, 0.1589, 
7, 54, 0.0486, 0.0004, 98.438, 100.000, 0.963, 0.406, 0.9579, 0.8815, 0.7550, 0.5759, 0.3611, 0.1666, 
7, 53, 0.1793, 0.0004, 90.625, 100.000, 0.936, 0.500, 0.9299, 0.8304, 0.6870, 0.5015, 0.2820, 0.1493, 
7, 52, 0.1671, 0.0004, 93.750, 100.000, 0.946, 0.397, 0.9180, 0.7734, 0.5515, 0.3360, 0.1704, 0.0752, 
7, 51, 0.1487, 0.0004, 93.750, 100.000, 0.938, 0.537, 0.9339, 0.8229, 0.6571, 0.4443, 0.2206, 0.1047, 
7, 50, 0.1847, 0.0004, 92.188, 100.000, 0.959, 0.458, 0.9466, 0.8586, 0.7124, 0.4816, 0.2338, 0.0856, 
7, 49, 0.1144, 0.0004, 95.312, 100.000, 0.937, 0.455, 0.9286, 0.8124, 0.6377, 0.4095, 0.2085, 0.1013, 
7, 48, 0.2467, 0.0004, 93.750, 100.000, 0.938, 0.478, 0.9389, 0.8417, 0.6937, 0.4972, 0.2857, 0.1208, 
7, 47, 0.1617, 0.0004, 93.750, 100.000, 0.942, 0.438, 0.9204, 0.7891, 0.5997, 0.3780, 0.1796, 0.0710, 
7, 46, 0.1985, 0.0004, 93.750, 100.000, 0.954, 0.300, 0.9394, 0.8243, 0.6407, 0.3996, 0.1926, 0.0888, 
7, 45, 0.1363, 0.0004, 95.312, 100.000, 0.959, 0.331, 0.9313, 0.8183, 0.6259, 0.3740, 0.1709, 0.0651, 
7, 44, 0.3211, 0.0005, 90.625, 98.438, 0.956, 0.289, 0.9338, 0.8137, 0.6212, 0.3876, 0.1695, 0.0671, 
7, 43, 0.0682, 0.0004, 98.438, 100.000, 0.928, 0.386, 0.9163, 0.7731, 0.5805, 0.3601, 0.1843, 0.0827, 
7, 42, 0.1723, 0.0004, 96.875, 100.000, 0.956, 0.461, 0.9396, 0.8250, 0.6602, 0.4514, 0.2474, 0.1201, 
7, 41, 0.4342, 0.0005, 84.375, 100.000, 0.884, 0.435, 0.8950, 0.7459, 0.5633, 0.3708, 0.2049, 0.0950, 
7, 40, 0.0761, 0.0005, 96.875, 100.000, 0.955, 0.328, 0.9321, 0.8095, 0.6196, 0.3939, 0.1863, 0.0773, 
7, 39, 0.3965, 0.0005, 90.625, 100.000, 0.941, 0.382, 0.9135, 0.7762, 0.6038, 0.4209, 0.2319, 0.0956, 
7, 38, 0.1732, 0.0005, 93.750, 100.000, 0.880, 0.479, 0.8793, 0.7153, 0.5341, 0.3653, 0.2179, 0.1182, 
7, 37, 0.3815, 0.0004, 85.938, 100.000, 0.934, 0.479, 0.9161, 0.7686, 0.5679, 0.3610, 0.1870, 0.0892, 
7, 36, 0.3056, 0.0005, 90.625, 100.000, 0.932, 0.411, 0.9078, 0.7629, 0.5789, 0.4065, 0.2529, 0.1499, 
7, 35, 0.0791, 0.0004, 96.875, 100.000, 0.947, 0.448, 0.9197, 0.7873, 0.6163, 0.4275, 0.2490, 0.1135, 
7, 34, 0.4212, 0.0004, 89.062, 100.000, 0.953, 0.391, 0.9297, 0.7991, 0.6246, 0.4151, 0.2253, 0.0943, 
8, 34, 0.3898, 0.0005, 92.188, 100.000, 0.943, 0.390, 0.9132, 0.7941, 0.6355, 0.4701, 0.3031, 0.1588, 
8, 33, 0.1408, 0.0004, 92.188, 100.000, 0.946, 0.492, 0.9186, 0.7817, 0.5886, 0.3642, 0.1842, 0.0917, 
8, 32, 0.1228, 0.0004, 96.875, 100.000, 0.925, 0.509, 0.9053, 0.7548, 0.5661, 0.3641, 0.2044, 0.1036, 
8, 31, 0.2030, 0.0004, 93.750, 100.000, 0.948, 0.469, 0.9269, 0.7934, 0.6063, 0.4101, 0.2293, 0.1017, 
8, 30, 0.3140, 0.0004, 90.625, 100.000, 0.943, 0.524, 0.9183, 0.7762, 0.6007, 0.4326, 0.2775, 0.1420, 
8, 29, 0.2521, 0.0005, 93.750, 100.000, 0.920, 0.509, 0.9081, 0.7683, 0.5933, 0.4155, 0.2610, 0.1412, 
8, 28, 0.2359, 0.0005, 90.625, 100.000, 0.904, 0.425, 0.8756, 0.7066, 0.5295, 0.3504, 0.1814, 0.0842, 
8, 27, 0.0743, 0.0006, 96.875, 100.000, 0.907, 0.400, 0.8696, 0.7238, 0.5642, 0.4001, 0.2442, 0.1275, 
8, 26, 0.5446, 0.0005, 84.375, 98.438, 0.902, 0.477, 0.8849, 0.7369, 0.5556, 0.3599, 0.2046, 0.1109, 
8, 25, 0.5083, 0.0006, 85.938, 100.000, 0.857, 0.455, 0.8836, 0.7412, 0.5853, 0.4153, 0.2655, 0.1607, 
8, 24, 0.4894, 0.0008, 89.062, 100.000, 0.824, 0.278, 0.8339, 0.6508, 0.4622, 0.2939, 0.1662, 0.0964, 
8, 23, 0.2899, 0.0006, 92.188, 98.438, 0.880, 0.433, 0.8492, 0.6499, 0.4620, 0.3144, 0.2027, 0.1266, 
8, 22, 0.4422, 0.0007, 89.062, 100.000, 0.819, 0.457, 0.8298, 0.6359, 0.4235, 0.2565, 0.1467, 0.0883, 
8, 21, 0.6135, 0.0009, 81.250, 100.000, 0.746, 0.482, 0.8387, 0.6662, 0.5176, 0.3956, 0.2993, 0.2237, 
8, 20, 0.5947, 0.0007, 79.688, 100.000, 0.834, 0.457, 0.8456, 0.6677, 0.4885, 0.3308, 0.2163, 0.1541, 
8, 19, 1.1118, 0.0008, 81.250, 95.312, 0.786, 0.470, 0.8161, 0.6201, 0.4419, 0.2784, 0.1687, 0.1075, 
8, 18, 1.2347, 0.0009, 62.500, 100.000, 0.709, 0.474, 0.8164, 0.6502, 0.5062, 0.3785, 0.2557, 0.1689, 
8, 17, 0.5959, 0.0009, 79.688, 98.438, 0.709, 0.436, 0.7823, 0.5986, 0.4356, 0.2915, 0.1681, 0.1006, 
8, 16, 1.4339, 0.0009, 65.625, 92.188, 0.739, 0.369, 0.8243, 0.6456, 0.4693, 0.3005, 0.1851, 0.1167, 
8, 15, 2.1055, 0.0014, 54.688, 90.625, 0.424, 0.376, 0.7673, 0.5958, 0.4497, 0.3260, 0.2280, 0.1527, 
8, 14, 1.5206, 0.0012, 68.750, 87.500, 0.583, 0.395, 0.8179, 0.6021, 0.4203, 0.2596, 0.1528, 0.0966, 
8, 13, 2.3213, 0.0012, 43.750, 95.312, 0.597, 0.338, 0.7711, 0.5606, 0.3721, 0.2343, 0.1368, 0.0837, 
8, 12, 2.1277, 0.0018, 28.125, 81.250, 0.328, 0.197, 0.8451, 0.6625, 0.4671, 0.3037, 0.2168, 0.1674, 
8, 11, 1.9936, 0.0016, 32.812, 95.312, 0.360, 0.218, 0.8205, 0.6365, 0.4508, 0.3216, 0.2429, 0.1982, 
8, 10, 2.3230, 0.0016, 31.250, 90.625, 0.337, 0.282, 0.7922, 0.6194, 0.4594, 0.3506, 0.2822, 0.2416, 
8, 9, 2.0408, 0.0016, 28.125, 96.875, 0.311, 0.239, 0.7218, 0.4807, 0.3335, 0.2469, 0.1964, 0.1822, 
8, 8, 1.7614, 0.0018, 35.938, 87.500, 0.259, 0.168, 0.7406, 0.5099, 0.3521, 0.2949, 0.2764, 0.2721, 
8, 7, 2.0605, 0.0018, 45.312, 89.062, 0.317, 0.101, 0.7132, 0.5112, 0.4028, 0.3243, 0.2780, 0.2534, 
8, 6, 2.0292, 0.0018, 39.062, 85.938, 0.313, 0.107, 0.7598, 0.6487, 0.5695, 0.5347, 0.5158, 0.4963, 
8, 5, 3.2224, 0.0021, 17.188, 81.250, 0.184, 0.102, 0.6654, 0.4789, 0.4132, 0.4056, 0.4040, 0.4035, 
8, 4, 2.6162, 0.0026, 7.812, 43.750, 0.098, 0.048, 1.0000, 1.0000, 1.0000, 1.0000, 1.0000, 1.0000, 
8, 3, 2.5773, 0.0025, 12.500, 46.875, 0.098, 0.052, 1.0000, 1.0000, 1.0000, 1.0000, 1.0000, 1.0000, 
9, 1, 2.5410, 0.0025, 1.562, 46.875, 0.098, 0.051, 1.0000, 1.0000, 1.0000, 1.0000, 1.0000, 1.0000, 
9, 0, 2.3521, 0.0024, 12.500, 53.125, 0.098, 0.052, 1.0000, 1.0000, 1.0000, 1.0000, 1.0000, 1.0000, 
