main_dl2.py --pruning=True --tensorboard=True --log-interval=15 --pruning_config=./configs/mnist_22_15.json --constraint RobustnessDandR(eps1=7.8, eps2=2.9) --print-after-epoch=0 --dl2-weight=0.3 --delay=6
pruning_engine.load_mask(): did not find mask file, will load nothing
epoch, neuron_units, loss, dl2_loss, top1, top5, dl2_p_acc, dl2_constraint_acc
[0] Train acc: 0.1406
1, 252, 2.2927, 0.0023, 14.062, 59.375, 0.103, 1.000, 
[15] Train acc: 0.1875
1, 252, 2.2763, 0.0023, 18.750, 68.750, 0.103, 0.910, 
[30] Train acc: 0.3125
1, 252, 2.2343, 0.0023, 31.250, 75.000, 0.205, 0.636, 
[45] Train acc: 0.3594
1, 252, 2.1083, 0.0022, 35.938, 89.062, 0.408, 0.641, 
[60] Train acc: 0.5625
1, 252, 1.8079, 0.0021, 56.250, 90.625, 0.576, 0.257, 
[75] Train acc: 0.6719
1, 252, 1.1560, 0.0017, 67.188, 95.312, 0.646, 0.341, 
[90] Train acc: 0.6250
1, 252, 1.0569, 0.0015, 62.500, 98.438, 0.674, 0.341, 
[105] Train acc: 0.7031
1, 252, 0.8945, 0.0013, 70.312, 95.312, 0.730, 0.151, 
[120] Train acc: 0.8125
1, 252, 0.5999, 0.0011, 81.250, 98.438, 0.806, 0.066, 
[135] Train acc: 0.8594
1, 252, 0.3908, 0.0010, 85.938, 100.000, 0.854, 0.083, 
[150] Train acc: 0.8594
1, 252, 0.5338, 0.0010, 85.938, 100.000, 0.820, 0.351, 
[165] Train acc: 0.8281
1, 252, 0.5438, 0.0010, 82.812, 98.438, 0.764, 0.297, 
[180] Train acc: 0.9062
1, 252, 0.4400, 0.0009, 90.625, 98.438, 0.846, 0.317, 
[195] Train acc: 0.9062
1, 252, 0.2807, 0.0009, 90.625, 100.000, 0.848, 0.322, 
[210] Train acc: 0.9219
1, 252, 0.3626, 0.0009, 92.188, 98.438, 0.857, 0.131, 
[225] Train acc: 0.8750
1, 252, 0.3995, 0.0008, 87.500, 100.000, 0.887, 0.411, 
[240] Train acc: 0.8750
1, 252, 0.4170, 0.0008, 87.500, 98.438, 0.877, 0.269, 
[255] Train acc: 0.8281
1, 252, 0.4295, 0.0008, 82.812, 100.000, 0.851, 0.196, 
[270] Train acc: 0.9219
1, 252, 0.2311, 0.0008, 92.188, 100.000, 0.843, 0.360, 
[285] Train acc: 0.9375
1, 252, 0.2467, 0.0007, 93.750, 100.000, 0.920, 0.317, 
[300] Train acc: 0.9062
1, 252, 0.2694, 0.0007, 90.625, 100.000, 0.911, 0.257, 
[315] Train acc: 0.9219
1, 252, 0.2680, 0.0007, 92.188, 98.438, 0.922, 0.318, 
[330] Train acc: 0.9062
1, 252, 0.3726, 0.0007, 90.625, 98.438, 0.864, 0.404, 
[345] Train acc: 0.8594
1, 252, 0.4701, 0.0007, 85.938, 98.438, 0.908, 0.421, 
[360] Train acc: 0.8750
1, 252, 0.2838, 0.0007, 87.500, 100.000, 0.909, 0.337, 
[375] Train acc: 0.9375
1, 252, 0.1560, 0.0007, 93.750, 100.000, 0.923, 0.348, 
[390] Train acc: 0.9062
1, 252, 0.2070, 0.0006, 90.625, 100.000, 0.915, 0.430, 
[405] Train acc: 0.9375
1, 252, 0.1975, 0.0006, 93.750, 100.000, 0.918, 0.266, 
[420] Train acc: 0.9219
1, 252, 0.2446, 0.0006, 92.188, 100.000, 0.936, 0.366, 
[435] Train acc: 0.9219
1, 252, 0.2261, 0.0006, 92.188, 100.000, 0.935, 0.362, 
[450] Train acc: 0.9219
1, 252, 0.1807, 0.0006, 92.188, 100.000, 0.942, 0.333, 
[465] Train acc: 0.8906
1, 252, 0.3503, 0.0006, 89.062, 100.000, 0.914, 0.336, 
[480] Train acc: 1.0000
1, 252, 0.0762, 0.0006, 100.000, 100.000, 0.934, 0.424, 
[495] Train acc: 0.9531
1, 252, 0.1621, 0.0006, 95.312, 100.000, 0.948, 0.329, 
[510] Train acc: 0.9219
1, 252, 0.1649, 0.0005, 92.188, 100.000, 0.949, 0.411, 
[525] Train acc: 0.9531
1, 252, 0.1392, 0.0006, 95.312, 100.000, 0.945, 0.386, 
[540] Train acc: 0.9531
1, 252, 0.2543, 0.0006, 95.312, 98.438, 0.933, 0.320, 
[555] Train acc: 0.9688
1, 252, 0.1702, 0.0005, 96.875, 98.438, 0.953, 0.375, 
[570] Train acc: 0.9531
1, 252, 0.1492, 0.0005, 95.312, 100.000, 0.925, 0.467, 
[585] Train acc: 0.9844
1, 252, 0.0822, 0.0005, 98.438, 100.000, 0.950, 0.360, 
[600] Train acc: 0.9531
1, 252, 0.1890, 0.0005, 95.312, 100.000, 0.951, 0.444, 
[615] Train acc: 0.9531
1, 252, 0.1561, 0.0005, 95.312, 100.000, 0.951, 0.383, 
[630] Train acc: 0.9375
1, 252, 0.3362, 0.0005, 93.750, 100.000, 0.956, 0.367, 
[645] Train acc: 0.9688
1, 252, 0.1513, 0.0005, 96.875, 100.000, 0.956, 0.376, 
[660] Train acc: 0.9688
1, 252, 0.1354, 0.0005, 96.875, 100.000, 0.956, 0.421, 
[675] Train acc: 0.9375
1, 252, 0.1571, 0.0005, 93.750, 100.000, 0.956, 0.422, 
[690] Train acc: 0.9688
1, 252, 0.1637, 0.0005, 96.875, 98.438, 0.958, 0.436, 
[705] Train acc: 0.8906
1, 252, 0.3415, 0.0005, 89.062, 100.000, 0.953, 0.464, 
[720] Train acc: 1.0000
1, 252, 0.0550, 0.0005, 100.000, 100.000, 0.958, 0.438, 
[735] Train acc: 0.9375
1, 252, 0.1595, 0.0005, 93.750, 100.000, 0.956, 0.394, 
[750] Train acc: 0.9688
1, 252, 0.0683, 0.0005, 96.875, 100.000, 0.950, 0.510, 
[765] Train acc: 0.9062
1, 252, 0.2801, 0.0005, 90.625, 100.000, 0.945, 0.442, 
[780] Train acc: 0.9219
1, 252, 0.1975, 0.0005, 92.188, 100.000, 0.965, 0.353, 
[795] Train acc: 0.9375
1, 252, 0.1232, 0.0005, 93.750, 100.000, 0.960, 0.439, 
[810] Train acc: 1.0000
1, 252, 0.0531, 0.0005, 100.000, 100.000, 0.963, 0.358, 
[825] Train acc: 0.9531
1, 252, 0.1005, 0.0005, 95.312, 100.000, 0.959, 0.355, 
[840] Train acc: 0.9531
1, 252, 0.1271, 0.0005, 95.312, 100.000, 0.969, 0.395, 
[855] Train acc: 0.9375
1, 252, 0.1566, 0.0005, 93.750, 100.000, 0.942, 0.397, 
[870] Train acc: 0.9531
1, 252, 0.1490, 0.0004, 95.312, 100.000, 0.963, 0.417, 
[885] Train acc: 0.9375
1, 252, 0.1344, 0.0005, 93.750, 100.000, 0.959, 0.437, 
[900] Train acc: 0.9531
1, 252, 0.1105, 0.0004, 95.312, 100.000, 0.962, 0.462, 
[915] Train acc: 0.9375
1, 252, 0.1970, 0.0004, 93.750, 100.000, 0.960, 0.458, 
[930] Train acc: 0.9375
1, 252, 0.1600, 0.0004, 93.750, 100.000, 0.965, 0.462, 
[0] Train acc: 0.9531
2, 252, 0.1407, 0.0004, 95.312, 100.000, 0.963, 0.481, 
[15] Train acc: 0.9844
2, 252, 0.0752, 0.0004, 98.438, 100.000, 0.967, 0.500, 
[30] Train acc: 0.9688
2, 252, 0.0801, 0.0004, 96.875, 100.000, 0.955, 0.567, 
[45] Train acc: 0.9688
2, 252, 0.0949, 0.0004, 96.875, 100.000, 0.965, 0.518, 
[60] Train acc: 0.9844
2, 252, 0.0438, 0.0004, 98.438, 100.000, 0.963, 0.531, 
[75] Train acc: 0.9688
2, 252, 0.1399, 0.0004, 96.875, 100.000, 0.966, 0.522, 
[90] Train acc: 0.9375
2, 252, 0.3302, 0.0004, 93.750, 100.000, 0.967, 0.463, 
[105] Train acc: 0.9844
2, 252, 0.0491, 0.0004, 98.438, 100.000, 0.970, 0.431, 
[120] Train acc: 0.9688
2, 252, 0.0914, 0.0004, 96.875, 100.000, 0.970, 0.463, 
[135] Train acc: 0.9688
2, 252, 0.1508, 0.0004, 96.875, 100.000, 0.964, 0.461, 
[150] Train acc: 0.9531
2, 252, 0.0793, 0.0004, 95.312, 100.000, 0.967, 0.507, 
[165] Train acc: 0.9844
2, 252, 0.0713, 0.0004, 98.438, 100.000, 0.969, 0.560, 
[180] Train acc: 0.9531
2, 252, 0.0830, 0.0004, 95.312, 100.000, 0.966, 0.537, 
[195] Train acc: 0.9844
2, 252, 0.0966, 0.0004, 98.438, 100.000, 0.961, 0.498, 
[210] Train acc: 0.9688
2, 252, 0.0620, 0.0004, 96.875, 100.000, 0.973, 0.584, 
[225] Train acc: 0.9531
2, 252, 0.1448, 0.0004, 95.312, 100.000, 0.965, 0.609, 
[240] Train acc: 0.9531
2, 252, 0.1479, 0.0004, 95.312, 100.000, 0.967, 0.480, 
[255] Train acc: 1.0000
2, 252, 0.0279, 0.0004, 100.000, 100.000, 0.968, 0.498, 
[270] Train acc: 0.9844
2, 252, 0.0609, 0.0003, 98.438, 100.000, 0.974, 0.567, 
[285] Train acc: 0.9844
2, 252, 0.0342, 0.0003, 98.438, 100.000, 0.975, 0.602, 
[300] Train acc: 0.9688
2, 252, 0.0782, 0.0004, 96.875, 100.000, 0.969, 0.557, 
[315] Train acc: 0.9375
2, 252, 0.1122, 0.0004, 93.750, 100.000, 0.975, 0.581, 
[330] Train acc: 0.9688
2, 252, 0.0469, 0.0004, 96.875, 100.000, 0.968, 0.531, 
[345] Train acc: 0.9531
2, 252, 0.2345, 0.0004, 95.312, 100.000, 0.977, 0.505, 
[360] Train acc: 0.9688
2, 252, 0.0647, 0.0004, 96.875, 100.000, 0.962, 0.426, 
[375] Train acc: 0.9531
2, 252, 0.1035, 0.0004, 95.312, 100.000, 0.976, 0.464, 
[390] Train acc: 0.9844
2, 252, 0.0274, 0.0004, 98.438, 100.000, 0.974, 0.508, 
[405] Train acc: 0.9844
2, 252, 0.0408, 0.0004, 98.438, 100.000, 0.968, 0.521, 
[420] Train acc: 0.9844
2, 252, 0.0255, 0.0004, 98.438, 100.000, 0.976, 0.554, 
[435] Train acc: 0.9844
2, 252, 0.0391, 0.0004, 98.438, 100.000, 0.977, 0.516, 
[450] Train acc: 0.9844
2, 252, 0.0888, 0.0003, 98.438, 100.000, 0.975, 0.563, 
[465] Train acc: 0.9688
2, 252, 0.0860, 0.0004, 96.875, 100.000, 0.972, 0.569, 
[480] Train acc: 0.9688
2, 252, 0.0826, 0.0004, 96.875, 100.000, 0.969, 0.512, 
[495] Train acc: 0.9375
2, 252, 0.1246, 0.0004, 93.750, 100.000, 0.972, 0.594, 
[510] Train acc: 1.0000
2, 252, 0.0169, 0.0004, 100.000, 100.000, 0.974, 0.490, 
[525] Train acc: 0.9688
2, 252, 0.1215, 0.0004, 96.875, 100.000, 0.977, 0.503, 
[540] Train acc: 0.9844
2, 252, 0.0627, 0.0004, 98.438, 100.000, 0.977, 0.453, 
[555] Train acc: 1.0000
2, 252, 0.0338, 0.0004, 100.000, 100.000, 0.977, 0.491, 
[570] Train acc: 0.9531
2, 252, 0.1980, 0.0004, 95.312, 100.000, 0.972, 0.498, 
[585] Train acc: 1.0000
2, 252, 0.0180, 0.0004, 100.000, 100.000, 0.965, 0.488, 
[600] Train acc: 0.9531
2, 252, 0.1889, 0.0004, 95.312, 100.000, 0.966, 0.527, 
[615] Train acc: 0.9531
2, 252, 0.1996, 0.0004, 95.312, 100.000, 0.972, 0.528, 
[630] Train acc: 0.9844
2, 252, 0.0752, 0.0004, 98.438, 100.000, 0.971, 0.529, 
[645] Train acc: 0.9062
2, 252, 0.2343, 0.0003, 90.625, 100.000, 0.980, 0.573, 
[660] Train acc: 0.9844
2, 252, 0.0542, 0.0003, 98.438, 100.000, 0.978, 0.615, 
[675] Train acc: 0.9844
2, 252, 0.0672, 0.0003, 98.438, 100.000, 0.977, 0.662, 
[690] Train acc: 0.9688
2, 252, 0.0481, 0.0003, 96.875, 100.000, 0.975, 0.660, 
[705] Train acc: 0.9844
2, 252, 0.0961, 0.0003, 98.438, 100.000, 0.970, 0.615, 
[720] Train acc: 0.9688
2, 252, 0.0633, 0.0003, 96.875, 100.000, 0.976, 0.623, 
[735] Train acc: 0.9844
2, 252, 0.0988, 0.0004, 98.438, 100.000, 0.959, 0.666, 
[750] Train acc: 0.9844
2, 252, 0.0208, 0.0003, 98.438, 100.000, 0.978, 0.612, 
[765] Train acc: 0.9688
2, 252, 0.0411, 0.0003, 96.875, 100.000, 0.978, 0.636, 
[780] Train acc: 0.9844
2, 252, 0.0408, 0.0003, 98.438, 100.000, 0.975, 0.647, 
[795] Train acc: 0.9688
2, 252, 0.0842, 0.0003, 96.875, 100.000, 0.976, 0.589, 
[810] Train acc: 0.9688
2, 252, 0.0810, 0.0003, 96.875, 100.000, 0.976, 0.621, 
[825] Train acc: 0.9375
2, 252, 0.2803, 0.0003, 93.750, 100.000, 0.979, 0.609, 
[840] Train acc: 1.0000
2, 252, 0.0204, 0.0003, 100.000, 100.000, 0.974, 0.605, 
[855] Train acc: 1.0000
2, 252, 0.0160, 0.0003, 100.000, 100.000, 0.980, 0.616, 
[870] Train acc: 1.0000
2, 252, 0.0261, 0.0003, 100.000, 100.000, 0.978, 0.613, 
[885] Train acc: 0.9844
2, 252, 0.0547, 0.0003, 98.438, 100.000, 0.977, 0.607, 
[900] Train acc: 0.9375
2, 252, 0.1150, 0.0003, 93.750, 100.000, 0.979, 0.569, 
[915] Train acc: 0.9688
2, 252, 0.0495, 0.0003, 96.875, 100.000, 0.981, 0.664, 
[930] Train acc: 0.9688
2, 252, 0.1090, 0.0003, 96.875, 100.000, 0.971, 0.666, 
[0] Train acc: 0.9688
3, 252, 0.1437, 0.0003, 96.875, 100.000, 0.970, 0.561, 
[15] Train acc: 1.0000
3, 252, 0.0285, 0.0003, 100.000, 100.000, 0.981, 0.600, 
[30] Train acc: 0.9844
3, 252, 0.0529, 0.0003, 98.438, 100.000, 0.978, 0.620, 
[45] Train acc: 0.9688
3, 252, 0.0809, 0.0004, 96.875, 100.000, 0.969, 0.546, 
[60] Train acc: 1.0000
3, 252, 0.0216, 0.0003, 100.000, 100.000, 0.981, 0.627, 
[75] Train acc: 0.9688
3, 252, 0.1329, 0.0003, 96.875, 100.000, 0.969, 0.597, 
[90] Train acc: 0.9844
3, 252, 0.0656, 0.0003, 98.438, 100.000, 0.976, 0.626, 
[105] Train acc: 1.0000
3, 252, 0.0243, 0.0003, 100.000, 100.000, 0.981, 0.609, 
[120] Train acc: 1.0000
3, 252, 0.0218, 0.0003, 100.000, 100.000, 0.979, 0.664, 
[135] Train acc: 0.9531
3, 252, 0.0817, 0.0003, 95.312, 100.000, 0.981, 0.639, 
[150] Train acc: 1.0000
3, 252, 0.0099, 0.0003, 100.000, 100.000, 0.975, 0.573, 
[165] Train acc: 0.9844
3, 252, 0.1767, 0.0003, 98.438, 100.000, 0.981, 0.579, 
[180] Train acc: 0.9531
3, 252, 0.1106, 0.0003, 95.312, 100.000, 0.981, 0.634, 
[195] Train acc: 0.9844
3, 252, 0.0700, 0.0003, 98.438, 100.000, 0.976, 0.613, 
[210] Train acc: 0.9531
3, 252, 0.0754, 0.0003, 95.312, 100.000, 0.972, 0.672, 
[225] Train acc: 1.0000
3, 252, 0.0133, 0.0003, 100.000, 100.000, 0.983, 0.660, 
[240] Train acc: 0.9688
3, 252, 0.0620, 0.0003, 96.875, 100.000, 0.980, 0.683, 
[255] Train acc: 0.9844
3, 252, 0.0525, 0.0003, 98.438, 100.000, 0.972, 0.687, 
[270] Train acc: 0.9688
3, 252, 0.0948, 0.0003, 96.875, 100.000, 0.982, 0.674, 
[285] Train acc: 0.9688
3, 252, 0.0618, 0.0003, 96.875, 100.000, 0.984, 0.643, 
[300] Train acc: 0.9844
3, 252, 0.0618, 0.0003, 98.438, 100.000, 0.981, 0.595, 
[315] Train acc: 0.9688
3, 252, 0.1432, 0.0003, 96.875, 100.000, 0.983, 0.608, 
[330] Train acc: 0.9531
3, 252, 0.1283, 0.0003, 95.312, 100.000, 0.978, 0.702, 
[345] Train acc: 1.0000
3, 252, 0.0156, 0.0003, 100.000, 100.000, 0.982, 0.658, 
[360] Train acc: 0.9844
3, 252, 0.0625, 0.0003, 98.438, 100.000, 0.979, 0.690, 
[375] Train acc: 1.0000
3, 252, 0.0429, 0.0003, 100.000, 100.000, 0.977, 0.688, 
[390] Train acc: 0.9375
3, 252, 0.2170, 0.0003, 93.750, 100.000, 0.966, 0.740, 
[405] Train acc: 0.9844
3, 252, 0.0477, 0.0003, 98.438, 100.000, 0.982, 0.724, 
[420] Train acc: 1.0000
3, 252, 0.0266, 0.0003, 100.000, 100.000, 0.982, 0.682, 
[435] Train acc: 0.9844
3, 252, 0.0296, 0.0003, 98.438, 100.000, 0.972, 0.657, 
[450] Train acc: 0.9844
3, 252, 0.0515, 0.0003, 98.438, 100.000, 0.979, 0.663, 
[465] Train acc: 1.0000
3, 252, 0.0425, 0.0003, 100.000, 100.000, 0.982, 0.683, 
[480] Train acc: 0.9844
3, 252, 0.1283, 0.0003, 98.438, 100.000, 0.981, 0.653, 
[495] Train acc: 0.9688
3, 252, 0.0506, 0.0003, 96.875, 100.000, 0.983, 0.672, 
[510] Train acc: 0.9688
3, 252, 0.0836, 0.0003, 96.875, 100.000, 0.982, 0.651, 
[525] Train acc: 0.9531
3, 252, 0.1020, 0.0003, 95.312, 100.000, 0.984, 0.640, 
[540] Train acc: 1.0000
3, 252, 0.0214, 0.0003, 100.000, 100.000, 0.982, 0.664, 
[555] Train acc: 0.9531
3, 252, 0.1520, 0.0003, 95.312, 100.000, 0.985, 0.558, 
[570] Train acc: 0.9844
3, 252, 0.0536, 0.0003, 98.438, 100.000, 0.978, 0.591, 
[585] Train acc: 1.0000
3, 252, 0.0112, 0.0003, 100.000, 100.000, 0.982, 0.702, 
[600] Train acc: 0.9375
3, 252, 0.1640, 0.0003, 93.750, 100.000, 0.980, 0.583, 
[615] Train acc: 0.9531
3, 252, 0.1815, 0.0003, 95.312, 100.000, 0.982, 0.662, 
[630] Train acc: 1.0000
3, 252, 0.0235, 0.0003, 100.000, 100.000, 0.984, 0.658, 
[645] Train acc: 0.9688
3, 252, 0.2124, 0.0003, 96.875, 100.000, 0.983, 0.641, 
[660] Train acc: 1.0000
3, 252, 0.0341, 0.0003, 100.000, 100.000, 0.983, 0.604, 
[675] Train acc: 1.0000
3, 252, 0.0153, 0.0003, 100.000, 100.000, 0.984, 0.634, 
[690] Train acc: 0.9844
3, 252, 0.0284, 0.0003, 98.438, 100.000, 0.985, 0.639, 
[705] Train acc: 1.0000
3, 252, 0.0274, 0.0003, 100.000, 100.000, 0.983, 0.649, 
[720] Train acc: 0.9844
3, 252, 0.0483, 0.0003, 98.438, 100.000, 0.984, 0.626, 
[735] Train acc: 0.9844
3, 252, 0.0342, 0.0003, 98.438, 100.000, 0.982, 0.675, 
[750] Train acc: 0.9844
3, 252, 0.0250, 0.0003, 98.438, 100.000, 0.986, 0.644, 
[765] Train acc: 1.0000
3, 252, 0.0191, 0.0003, 100.000, 100.000, 0.981, 0.644, 
[780] Train acc: 0.9531
3, 252, 0.1058, 0.0003, 95.312, 100.000, 0.984, 0.674, 
[795] Train acc: 0.9688
3, 252, 0.0497, 0.0003, 96.875, 100.000, 0.982, 0.688, 
[810] Train acc: 1.0000
3, 252, 0.0074, 0.0003, 100.000, 100.000, 0.978, 0.724, 
[825] Train acc: 1.0000
3, 252, 0.0133, 0.0002, 100.000, 100.000, 0.984, 0.742, 
[840] Train acc: 0.9531
3, 252, 0.0715, 0.0003, 95.312, 100.000, 0.981, 0.677, 
[855] Train acc: 1.0000
3, 252, 0.0085, 0.0003, 100.000, 100.000, 0.978, 0.613, 
[870] Train acc: 1.0000
3, 252, 0.0084, 0.0003, 100.000, 100.000, 0.981, 0.660, 
[885] Train acc: 1.0000
3, 252, 0.0144, 0.0003, 100.000, 100.000, 0.983, 0.652, 
[900] Train acc: 0.9844
3, 252, 0.0241, 0.0003, 98.438, 100.000, 0.981, 0.650, 
[915] Train acc: 0.9531
3, 252, 0.2423, 0.0003, 95.312, 100.000, 0.983, 0.641, 
[930] Train acc: 0.9844
3, 252, 0.0708, 0.0003, 98.438, 100.000, 0.987, 0.685, 
[0] Train acc: 0.9844
4, 252, 0.0484, 0.0003, 98.438, 100.000, 0.985, 0.674, 
[15] Train acc: 1.0000
4, 252, 0.0244, 0.0003, 100.000, 100.000, 0.983, 0.674, 
[30] Train acc: 0.9844
4, 252, 0.0416, 0.0003, 98.438, 100.000, 0.981, 0.686, 
[45] Train acc: 1.0000
4, 252, 0.0063, 0.0003, 100.000, 100.000, 0.985, 0.673, 
[60] Train acc: 1.0000
4, 252, 0.0215, 0.0003, 100.000, 100.000, 0.984, 0.666, 
[75] Train acc: 1.0000
4, 252, 0.0432, 0.0003, 100.000, 100.000, 0.972, 0.645, 
[90] Train acc: 0.9844
4, 252, 0.0448, 0.0002, 98.438, 100.000, 0.985, 0.742, 
[105] Train acc: 1.0000
4, 252, 0.0111, 0.0002, 100.000, 100.000, 0.984, 0.715, 
[120] Train acc: 0.9844
4, 252, 0.0530, 0.0003, 98.438, 100.000, 0.982, 0.700, 
[135] Train acc: 0.9844
4, 252, 0.0300, 0.0003, 98.438, 100.000, 0.985, 0.709, 
[150] Train acc: 0.9688
4, 252, 0.0593, 0.0002, 96.875, 100.000, 0.985, 0.709, 
[165] Train acc: 1.0000
4, 252, 0.0173, 0.0003, 100.000, 100.000, 0.982, 0.732, 
[180] Train acc: 0.9844
4, 252, 0.1133, 0.0002, 98.438, 100.000, 0.985, 0.711, 
[195] Train acc: 1.0000
4, 252, 0.0079, 0.0003, 100.000, 100.000, 0.983, 0.708, 
[210] Train acc: 0.9531
4, 252, 0.1191, 0.0003, 95.312, 100.000, 0.980, 0.702, 
[225] Train acc: 1.0000
4, 252, 0.0161, 0.0003, 100.000, 100.000, 0.985, 0.666, 
[240] Train acc: 1.0000
4, 252, 0.0187, 0.0003, 100.000, 100.000, 0.982, 0.679, 
[255] Train acc: 0.9844
4, 252, 0.1243, 0.0003, 98.438, 98.438, 0.983, 0.696, 
[270] Train acc: 1.0000
4, 252, 0.0103, 0.0002, 100.000, 100.000, 0.986, 0.719, 
[285] Train acc: 0.9688
4, 252, 0.0890, 0.0002, 96.875, 100.000, 0.986, 0.763, 
[300] Train acc: 1.0000
4, 252, 0.0147, 0.0003, 100.000, 100.000, 0.981, 0.698, 
[315] Train acc: 1.0000
4, 252, 0.0182, 0.0002, 100.000, 100.000, 0.985, 0.704, 
[330] Train acc: 1.0000
4, 252, 0.0325, 0.0003, 100.000, 100.000, 0.985, 0.685, 
[345] Train acc: 0.9531
4, 252, 0.0922, 0.0003, 95.312, 100.000, 0.983, 0.676, 
[360] Train acc: 0.9688
4, 252, 0.0669, 0.0003, 96.875, 100.000, 0.979, 0.659, 
[375] Train acc: 1.0000
4, 252, 0.0089, 0.0003, 100.000, 100.000, 0.987, 0.659, 
[390] Train acc: 1.0000
4, 252, 0.0179, 0.0003, 100.000, 100.000, 0.985, 0.695, 
[405] Train acc: 1.0000
4, 252, 0.0076, 0.0003, 100.000, 100.000, 0.982, 0.680, 
[420] Train acc: 0.9688
4, 252, 0.0540, 0.0003, 96.875, 100.000, 0.982, 0.700, 
[435] Train acc: 0.9688
4, 252, 0.0744, 0.0003, 96.875, 100.000, 0.984, 0.695, 
[450] Train acc: 1.0000
4, 252, 0.0152, 0.0003, 100.000, 100.000, 0.983, 0.701, 
[465] Train acc: 0.9844
4, 252, 0.0753, 0.0002, 98.438, 100.000, 0.985, 0.692, 
[480] Train acc: 0.9688
4, 252, 0.0678, 0.0002, 96.875, 100.000, 0.984, 0.715, 
[495] Train acc: 0.9844
4, 252, 0.0385, 0.0003, 98.438, 100.000, 0.985, 0.710, 
[510] Train acc: 0.9531
4, 252, 0.0576, 0.0003, 95.312, 100.000, 0.987, 0.693, 
[525] Train acc: 1.0000
4, 252, 0.0055, 0.0002, 100.000, 100.000, 0.985, 0.719, 
[540] Train acc: 1.0000
4, 252, 0.0088, 0.0003, 100.000, 100.000, 0.980, 0.696, 
[555] Train acc: 0.9844
4, 252, 0.0672, 0.0002, 98.438, 100.000, 0.984, 0.723, 
[570] Train acc: 1.0000
4, 252, 0.0215, 0.0003, 100.000, 100.000, 0.982, 0.722, 
[585] Train acc: 0.9531
4, 252, 0.1056, 0.0002, 95.312, 100.000, 0.986, 0.693, 
[600] Train acc: 1.0000
4, 252, 0.0105, 0.0002, 100.000, 100.000, 0.987, 0.721, 
[615] Train acc: 0.9844
4, 252, 0.0304, 0.0002, 98.438, 100.000, 0.986, 0.746, 
[630] Train acc: 0.9531
4, 252, 0.1299, 0.0002, 95.312, 100.000, 0.983, 0.752, 
[645] Train acc: 1.0000
4, 252, 0.0146, 0.0002, 100.000, 100.000, 0.985, 0.736, 
[660] Train acc: 1.0000
4, 252, 0.0169, 0.0002, 100.000, 100.000, 0.987, 0.722, 
[675] Train acc: 0.9688
4, 252, 0.0538, 0.0002, 96.875, 100.000, 0.986, 0.714, 
[690] Train acc: 0.9844
4, 252, 0.0774, 0.0002, 98.438, 100.000, 0.983, 0.756, 
[705] Train acc: 1.0000
4, 252, 0.0300, 0.0002, 100.000, 100.000, 0.986, 0.740, 
[720] Train acc: 0.9844
4, 252, 0.0937, 0.0002, 98.438, 100.000, 0.983, 0.744, 
[735] Train acc: 1.0000
4, 252, 0.0191, 0.0002, 100.000, 100.000, 0.980, 0.748, 
[750] Train acc: 1.0000
4, 252, 0.0044, 0.0002, 100.000, 100.000, 0.983, 0.780, 
[765] Train acc: 0.9531
4, 252, 0.0958, 0.0002, 95.312, 100.000, 0.985, 0.729, 
[780] Train acc: 0.9688
4, 252, 0.0661, 0.0002, 96.875, 100.000, 0.985, 0.739, 
[795] Train acc: 0.9531
4, 252, 0.1070, 0.0002, 95.312, 100.000, 0.983, 0.728, 
[810] Train acc: 1.0000
4, 252, 0.0131, 0.0002, 100.000, 100.000, 0.985, 0.738, 
[825] Train acc: 0.9688
4, 252, 0.0316, 0.0002, 96.875, 100.000, 0.985, 0.730, 
[840] Train acc: 1.0000
4, 252, 0.0235, 0.0002, 100.000, 100.000, 0.986, 0.708, 
[855] Train acc: 1.0000
4, 252, 0.0032, 0.0002, 100.000, 100.000, 0.986, 0.714, 
[870] Train acc: 0.9844
4, 252, 0.0457, 0.0003, 98.438, 100.000, 0.983, 0.692, 
[885] Train acc: 1.0000
4, 252, 0.0180, 0.0002, 100.000, 100.000, 0.983, 0.726, 
[900] Train acc: 0.9844
4, 252, 0.0469, 0.0003, 98.438, 100.000, 0.980, 0.696, 
[915] Train acc: 1.0000
4, 252, 0.0054, 0.0002, 100.000, 100.000, 0.987, 0.748, 
[930] Train acc: 0.9688
4, 252, 0.1351, 0.0002, 96.875, 100.000, 0.988, 0.706, 
[0] Train acc: 0.9531
5, 252, 0.1104, 0.0003, 95.312, 100.000, 0.982, 0.724, 
[15] Train acc: 0.9844
5, 252, 0.0755, 0.0002, 98.438, 100.000, 0.987, 0.708, 
[30] Train acc: 1.0000
5, 252, 0.0264, 0.0002, 100.000, 100.000, 0.988, 0.743, 
[45] Train acc: 0.9531
5, 252, 0.0984, 0.0002, 95.312, 100.000, 0.986, 0.724, 
[60] Train acc: 1.0000
5, 252, 0.0236, 0.0002, 100.000, 100.000, 0.983, 0.748, 
[75] Train acc: 0.9844
5, 252, 0.0256, 0.0002, 98.438, 100.000, 0.988, 0.743, 
[90] Train acc: 0.9531
5, 252, 0.1569, 0.0003, 95.312, 100.000, 0.984, 0.728, 
[105] Train acc: 0.9844
5, 252, 0.0473, 0.0002, 98.438, 100.000, 0.987, 0.707, 
[120] Train acc: 1.0000
5, 252, 0.0015, 0.0002, 100.000, 100.000, 0.986, 0.695, 
[135] Train acc: 0.9844
5, 252, 0.0393, 0.0002, 98.438, 100.000, 0.988, 0.702, 
[150] Train acc: 1.0000
5, 252, 0.0231, 0.0002, 100.000, 100.000, 0.988, 0.731, 
[165] Train acc: 0.9844
5, 252, 0.0324, 0.0002, 98.438, 100.000, 0.984, 0.705, 
[180] Train acc: 0.9844
5, 252, 0.0189, 0.0002, 98.438, 100.000, 0.985, 0.755, 
[195] Train acc: 1.0000
5, 252, 0.0243, 0.0002, 100.000, 100.000, 0.986, 0.736, 
[210] Train acc: 0.9688
5, 252, 0.2014, 0.0002, 96.875, 98.438, 0.986, 0.704, 
[225] Train acc: 0.9688
5, 252, 0.0636, 0.0002, 96.875, 100.000, 0.981, 0.742, 
[240] Train acc: 0.9844
5, 252, 0.0409, 0.0002, 98.438, 100.000, 0.988, 0.736, 
[255] Train acc: 0.9844
5, 252, 0.0414, 0.0002, 98.438, 100.000, 0.985, 0.713, 
[270] Train acc: 1.0000
5, 252, 0.0077, 0.0002, 100.000, 100.000, 0.984, 0.750, 
[285] Train acc: 0.9844
5, 252, 0.0314, 0.0002, 98.438, 100.000, 0.986, 0.700, 
[300] Train acc: 0.9688
5, 252, 0.0770, 0.0002, 96.875, 100.000, 0.987, 0.730, 
[315] Train acc: 0.9688
5, 252, 0.0528, 0.0002, 96.875, 100.000, 0.986, 0.721, 
[330] Train acc: 0.9844
5, 252, 0.0357, 0.0002, 98.438, 100.000, 0.986, 0.731, 
[345] Train acc: 1.0000
5, 252, 0.0078, 0.0002, 100.000, 100.000, 0.986, 0.741, 
[360] Train acc: 1.0000
5, 252, 0.0062, 0.0002, 100.000, 100.000, 0.988, 0.743, 
[375] Train acc: 1.0000
5, 252, 0.0182, 0.0002, 100.000, 100.000, 0.985, 0.755, 
[390] Train acc: 0.9844
5, 252, 0.0347, 0.0002, 98.438, 100.000, 0.986, 0.756, 
[405] Train acc: 0.9844
5, 252, 0.0357, 0.0002, 98.438, 100.000, 0.986, 0.764, 
[420] Train acc: 0.9844
5, 252, 0.0288, 0.0002, 98.438, 100.000, 0.987, 0.800, 
[435] Train acc: 1.0000
5, 252, 0.0384, 0.0002, 100.000, 100.000, 0.987, 0.795, 
[450] Train acc: 0.9688
5, 252, 0.0746, 0.0002, 96.875, 100.000, 0.986, 0.788, 
[465] Train acc: 0.9531
5, 252, 0.2299, 0.0003, 95.312, 100.000, 0.985, 0.695, 
[480] Train acc: 1.0000
5, 252, 0.0095, 0.0002, 100.000, 100.000, 0.985, 0.720, 
[495] Train acc: 0.9688
5, 252, 0.0636, 0.0002, 96.875, 100.000, 0.985, 0.714, 
[510] Train acc: 0.9531
5, 252, 0.0753, 0.0002, 95.312, 100.000, 0.987, 0.737, 
[525] Train acc: 0.9688
5, 252, 0.0763, 0.0002, 96.875, 100.000, 0.988, 0.779, 
[540] Train acc: 0.9688
5, 252, 0.1208, 0.0002, 96.875, 100.000, 0.988, 0.781, 
[555] Train acc: 0.9844
5, 252, 0.0301, 0.0002, 98.438, 100.000, 0.990, 0.759, 
[570] Train acc: 1.0000
5, 252, 0.0098, 0.0002, 100.000, 100.000, 0.986, 0.764, 
[585] Train acc: 1.0000
5, 252, 0.0090, 0.0002, 100.000, 100.000, 0.985, 0.754, 
[600] Train acc: 1.0000
5, 252, 0.0170, 0.0002, 100.000, 100.000, 0.985, 0.740, 
[615] Train acc: 0.9844
5, 252, 0.0246, 0.0002, 98.438, 100.000, 0.988, 0.719, 
[630] Train acc: 0.9219
5, 252, 0.1508, 0.0002, 92.188, 100.000, 0.987, 0.751, 
[645] Train acc: 1.0000
5, 252, 0.0039, 0.0002, 100.000, 100.000, 0.987, 0.762, 
[660] Train acc: 1.0000
5, 252, 0.0033, 0.0002, 100.000, 100.000, 0.987, 0.749, 
[675] Train acc: 1.0000
5, 252, 0.0219, 0.0002, 100.000, 100.000, 0.987, 0.736, 
[690] Train acc: 1.0000
5, 252, 0.0031, 0.0002, 100.000, 100.000, 0.986, 0.773, 
[705] Train acc: 1.0000
5, 252, 0.0078, 0.0002, 100.000, 100.000, 0.988, 0.744, 
[720] Train acc: 0.9844
5, 252, 0.0540, 0.0002, 98.438, 100.000, 0.986, 0.756, 
[735] Train acc: 0.9844
5, 252, 0.0684, 0.0002, 98.438, 100.000, 0.987, 0.748, 
[750] Train acc: 1.0000
5, 252, 0.0082, 0.0002, 100.000, 100.000, 0.986, 0.772, 
[765] Train acc: 1.0000
5, 252, 0.0112, 0.0002, 100.000, 100.000, 0.983, 0.751, 
[780] Train acc: 0.9531
5, 252, 0.2455, 0.0002, 95.312, 100.000, 0.988, 0.713, 
[795] Train acc: 0.9688
5, 252, 0.0589, 0.0002, 96.875, 100.000, 0.988, 0.737, 
[810] Train acc: 0.9844
5, 252, 0.0220, 0.0002, 98.438, 100.000, 0.986, 0.750, 
[825] Train acc: 1.0000
5, 252, 0.0090, 0.0002, 100.000, 100.000, 0.983, 0.761, 
[840] Train acc: 0.9844
5, 252, 0.0306, 0.0002, 98.438, 100.000, 0.987, 0.773, 
[855] Train acc: 1.0000
5, 252, 0.0127, 0.0002, 100.000, 100.000, 0.985, 0.777, 
[870] Train acc: 0.9688
5, 252, 0.1107, 0.0002, 96.875, 100.000, 0.980, 0.788, 
[885] Train acc: 1.0000
5, 252, 0.0024, 0.0002, 100.000, 100.000, 0.987, 0.749, 
[900] Train acc: 1.0000
5, 252, 0.0236, 0.0002, 100.000, 100.000, 0.987, 0.739, 
[915] Train acc: 0.9844
5, 252, 0.0203, 0.0002, 98.438, 100.000, 0.987, 0.754, 
[930] Train acc: 0.9844
5, 252, 0.0435, 0.0002, 98.438, 100.000, 0.986, 0.707, 
[0] Train acc: 1.0000
6, 252, 0.0085, 0.0002, 100.000, 100.000, 0.985, 0.753, 
[15] Train acc: 1.0000
6, 252, 0.0074, 0.0002, 100.000, 100.000, 0.990, 0.740, 
[30] Train acc: 0.9844
6, 252, 0.0378, 0.0002, 98.438, 100.000, 0.986, 0.706, 
[45] Train acc: 1.0000
6, 252, 0.0035, 0.0002, 100.000, 100.000, 0.989, 0.709, 
[60] Train acc: 1.0000
6, 252, 0.0291, 0.0002, 100.000, 100.000, 0.987, 0.731, 
[75] Train acc: 1.0000
6, 252, 0.0240, 0.0002, 100.000, 100.000, 0.986, 0.790, 
[90] Train acc: 1.0000
6, 252, 0.0225, 0.0002, 100.000, 100.000, 0.987, 0.776, 
[105] Train acc: 0.9688
6, 252, 0.0429, 0.0002, 96.875, 100.000, 0.987, 0.770, 
[120] Train acc: 0.9844
6, 252, 0.0526, 0.0002, 98.438, 100.000, 0.988, 0.812, 
[135] Train acc: 1.0000
6, 252, 0.0031, 0.0002, 100.000, 100.000, 0.988, 0.786, 
[150] Train acc: 1.0000
6, 252, 0.0227, 0.0002, 100.000, 100.000, 0.986, 0.764, 
[165] Train acc: 1.0000
6, 252, 0.0111, 0.0002, 100.000, 100.000, 0.986, 0.757, 
[180] Train acc: 1.0000
6, 252, 0.0106, 0.0002, 100.000, 100.000, 0.988, 0.786, 
[195] Train acc: 0.9688
6, 252, 0.0541, 0.0002, 96.875, 100.000, 0.988, 0.766, 
[210] Train acc: 0.9844
6, 252, 0.0496, 0.0002, 98.438, 100.000, 0.987, 0.741, 
[225] Train acc: 0.9688
6, 252, 0.0520, 0.0002, 96.875, 100.000, 0.989, 0.751, 
[240] Train acc: 1.0000
6, 252, 0.0066, 0.0002, 100.000, 100.000, 0.986, 0.753, 
[255] Train acc: 0.9844
6, 252, 0.0878, 0.0002, 98.438, 100.000, 0.987, 0.756, 
[270] Train acc: 1.0000
6, 252, 0.0132, 0.0002, 100.000, 100.000, 0.988, 0.767, 
[285] Train acc: 0.9688
6, 252, 0.0930, 0.0002, 96.875, 100.000, 0.988, 0.759, 
[300] Train acc: 0.9844
6, 252, 0.1033, 0.0002, 98.438, 100.000, 0.985, 0.704, 
[315] Train acc: 1.0000
6, 252, 0.0046, 0.0002, 100.000, 100.000, 0.988, 0.749, 
[330] Train acc: 0.9844
6, 252, 0.0216, 0.0002, 98.438, 100.000, 0.988, 0.734, 
[345] Train acc: 0.9688
6, 252, 0.1465, 0.0002, 96.875, 100.000, 0.989, 0.749, 
[360] Train acc: 0.9844
6, 252, 0.0298, 0.0002, 98.438, 100.000, 0.990, 0.734, 
[375] Train acc: 0.9844
6, 252, 0.0448, 0.0003, 98.438, 100.000, 0.984, 0.695, 
[390] Train acc: 0.9844
6, 252, 0.0541, 0.0002, 98.438, 100.000, 0.987, 0.741, 
[405] Train acc: 1.0000
6, 252, 0.0164, 0.0002, 100.000, 100.000, 0.984, 0.748, 
[420] Train acc: 1.0000
6, 252, 0.0045, 0.0002, 100.000, 100.000, 0.985, 0.777, 
[435] Train acc: 1.0000
6, 252, 0.0035, 0.0002, 100.000, 100.000, 0.988, 0.787, 
[450] Train acc: 1.0000
6, 252, 0.0090, 0.0002, 100.000, 100.000, 0.986, 0.755, 
[465] Train acc: 0.9844
6, 252, 0.0272, 0.0002, 98.438, 100.000, 0.989, 0.725, 
[480] Train acc: 1.0000
6, 252, 0.0067, 0.0002, 100.000, 100.000, 0.988, 0.715, 
[495] Train acc: 1.0000
6, 252, 0.0115, 0.0002, 100.000, 100.000, 0.987, 0.739, 
[510] Train acc: 0.9688
6, 252, 0.1064, 0.0002, 96.875, 100.000, 0.986, 0.754, 
[525] Train acc: 0.9688
6, 252, 0.0514, 0.0002, 96.875, 100.000, 0.991, 0.769, 
[540] Train acc: 0.9844
6, 252, 0.0582, 0.0002, 98.438, 100.000, 0.986, 0.727, 
[555] Train acc: 1.0000
6, 252, 0.0139, 0.0002, 100.000, 100.000, 0.989, 0.779, 
[570] Train acc: 0.9688
6, 252, 0.0436, 0.0002, 96.875, 100.000, 0.989, 0.758, 
[585] Train acc: 0.9844
6, 252, 0.0471, 0.0002, 98.438, 100.000, 0.988, 0.746, 
[600] Train acc: 1.0000
6, 252, 0.0010, 0.0002, 100.000, 100.000, 0.986, 0.750, 
[615] Train acc: 1.0000
6, 252, 0.0274, 0.0002, 100.000, 100.000, 0.989, 0.820, 
[630] Train acc: 0.9844
6, 252, 0.0533, 0.0002, 98.438, 100.000, 0.981, 0.773, 
[645] Train acc: 1.0000
6, 252, 0.0045, 0.0002, 100.000, 100.000, 0.989, 0.807, 
[660] Train acc: 1.0000
6, 252, 0.0103, 0.0002, 100.000, 100.000, 0.988, 0.785, 
[675] Train acc: 1.0000
6, 252, 0.0031, 0.0002, 100.000, 100.000, 0.990, 0.777, 
[690] Train acc: 1.0000
6, 252, 0.0067, 0.0002, 100.000, 100.000, 0.988, 0.784, 
[705] Train acc: 1.0000
6, 252, 0.0077, 0.0002, 100.000, 100.000, 0.986, 0.769, 
[720] Train acc: 0.9844
6, 252, 0.0290, 0.0002, 98.438, 100.000, 0.985, 0.767, 
[735] Train acc: 0.9844
6, 252, 0.0469, 0.0002, 98.438, 100.000, 0.988, 0.783, 
[750] Train acc: 0.9844
6, 252, 0.0277, 0.0002, 98.438, 100.000, 0.990, 0.743, 
[765] Train acc: 1.0000
6, 252, 0.0017, 0.0002, 100.000, 100.000, 0.989, 0.748, 
[780] Train acc: 1.0000
6, 252, 0.0126, 0.0002, 100.000, 100.000, 0.987, 0.769, 
[795] Train acc: 0.9844
6, 252, 0.0272, 0.0002, 98.438, 100.000, 0.988, 0.771, 
[810] Train acc: 1.0000
6, 252, 0.0162, 0.0002, 100.000, 100.000, 0.988, 0.818, 
[825] Train acc: 0.9688
6, 252, 0.0488, 0.0002, 96.875, 100.000, 0.988, 0.749, 
[840] Train acc: 0.9844
6, 252, 0.0506, 0.0002, 98.438, 100.000, 0.987, 0.754, 
[855] Train acc: 1.0000
6, 252, 0.0059, 0.0002, 100.000, 100.000, 0.987, 0.769, 
[870] Train acc: 1.0000
6, 252, 0.0069, 0.0002, 100.000, 100.000, 0.987, 0.793, 
[885] Train acc: 0.9688
6, 252, 0.0715, 0.0002, 96.875, 100.000, 0.987, 0.763, 
[900] Train acc: 1.0000
6, 252, 0.0087, 0.0002, 100.000, 100.000, 0.989, 0.767, 
[915] Train acc: 1.0000
6, 252, 0.0105, 0.0002, 100.000, 100.000, 0.988, 0.762, 
[930] Train acc: 1.0000
6, 252, 0.0081, 0.0002, 100.000, 100.000, 0.987, 0.761, 
[0] Train acc: 1.0000, Constr acc: 0.7812, CE loss: 0.005, DL2 loss: 11.829
7, 252, 0.0049, 0.0066, 100.000, 100.000, 0.157, 0.917, 
[15] Train acc: 0.4219, Constr acc: 0.5625, CE loss: 5.928, DL2 loss: 17.765
7, 251, 5.9276, 0.0016, 42.188, 64.062, 0.525, 0.513, 
[30] Train acc: 0.5156, Constr acc: 0.7188, CE loss: 2.505, DL2 loss: 6.247
7, 250, 2.5055, 0.0012, 51.562, 84.375, 0.676, 0.464, 
[45] Train acc: 0.8594, Constr acc: 0.8750, CE loss: 0.340, DL2 loss: 5.981
7, 249, 0.3403, 0.0006, 85.938, 100.000, 0.882, 0.645, 
[60] Train acc: 0.8438, Constr acc: 0.9062, CE loss: 0.936, DL2 loss: 5.613
7, 248, 0.9360, 0.0006, 84.375, 96.875, 0.858, 0.799, 
[75] Train acc: 0.7969, Constr acc: 0.9375, CE loss: 1.005, DL2 loss: 3.492
7, 247, 1.0045, 0.0006, 79.688, 98.438, 0.859, 0.562, 
[90] Train acc: 0.8750, Constr acc: 0.8750, CE loss: 0.448, DL2 loss: 5.697
7, 246, 0.4481, 0.0007, 87.500, 100.000, 0.811, 0.597, 
[105] Train acc: 0.8281, Constr acc: 0.8438, CE loss: 0.622, DL2 loss: 7.920
7, 245, 0.6225, 0.0008, 82.812, 100.000, 0.773, 0.731, 
[120] Train acc: 0.9062, Constr acc: 0.8750, CE loss: 0.235, DL2 loss: 2.652
7, 244, 0.2346, 0.0005, 90.625, 100.000, 0.922, 0.619, 
[135] Train acc: 0.9219, Constr acc: 0.9375, CE loss: 0.195, DL2 loss: 1.887
7, 243, 0.1949, 0.0006, 92.188, 100.000, 0.882, 0.516, 
[150] Train acc: 0.8281, Constr acc: 0.7188, CE loss: 0.589, DL2 loss: 12.624
7, 242, 0.5889, 0.0007, 82.812, 100.000, 0.864, 0.504, 
[165] Train acc: 0.8750, Constr acc: 0.8750, CE loss: 0.567, DL2 loss: 4.935
7, 241, 0.5668, 0.0005, 87.500, 100.000, 0.886, 0.738, 
[180] Train acc: 0.8750, Constr acc: 0.9375, CE loss: 0.585, DL2 loss: 2.663
7, 240, 0.5847, 0.0005, 87.500, 100.000, 0.900, 0.667, 
[195] Train acc: 0.7656, Constr acc: 0.7812, CE loss: 1.521, DL2 loss: 9.898
7, 239, 1.5212, 0.0008, 76.562, 96.875, 0.805, 0.575, 
[210] Train acc: 0.7656, Constr acc: 0.8125, CE loss: 0.976, DL2 loss: 9.984
7, 238, 0.9757, 0.0006, 76.562, 95.312, 0.835, 0.758, 
[225] Train acc: 0.7656, Constr acc: 0.8125, CE loss: 1.170, DL2 loss: 7.153
7, 237, 1.1700, 0.0010, 76.562, 100.000, 0.723, 0.775, 
[240] Train acc: 0.8750, Constr acc: 0.9062, CE loss: 0.587, DL2 loss: 5.441
7, 236, 0.5870, 0.0006, 87.500, 96.875, 0.864, 0.630, 
[255] Train acc: 0.9375, Constr acc: 0.8750, CE loss: 0.223, DL2 loss: 5.382
7, 235, 0.2230, 0.0004, 93.750, 98.438, 0.923, 0.656, 
[270] Train acc: 0.9688, Constr acc: 0.8750, CE loss: 0.122, DL2 loss: 8.065
7, 234, 0.1222, 0.0006, 96.875, 100.000, 0.848, 0.501, 
[285] Train acc: 0.8594, Constr acc: 0.6562, CE loss: 0.480, DL2 loss: 17.570
7, 233, 0.4804, 0.0005, 85.938, 100.000, 0.928, 0.471, 
[300] Train acc: 0.9375, Constr acc: 0.8125, CE loss: 0.207, DL2 loss: 8.544
7, 232, 0.2073, 0.0006, 93.750, 100.000, 0.899, 0.499, 
[315] Train acc: 0.7969, Constr acc: 0.9375, CE loss: 0.952, DL2 loss: 4.243
7, 231, 0.9524, 0.0006, 79.688, 100.000, 0.871, 0.409, 
[330] Train acc: 0.9375, Constr acc: 0.8438, CE loss: 0.246, DL2 loss: 5.951
7, 230, 0.2461, 0.0006, 93.750, 100.000, 0.854, 0.642, 
[345] Train acc: 0.8438, Constr acc: 0.8438, CE loss: 1.073, DL2 loss: 5.377
7, 229, 1.0731, 0.0006, 84.375, 98.438, 0.897, 0.510, 
[360] Train acc: 0.6562, Constr acc: 0.8750, CE loss: 1.733, DL2 loss: 3.381
7, 228, 1.7329, 0.0007, 65.625, 98.438, 0.805, 0.671, 
[375] Train acc: 0.9062, Constr acc: 0.9688, CE loss: 0.457, DL2 loss: 2.850
7, 227, 0.4571, 0.0005, 90.625, 98.438, 0.930, 0.557, 
[390] Train acc: 0.9375, Constr acc: 0.8750, CE loss: 0.311, DL2 loss: 6.204
7, 226, 0.3108, 0.0004, 93.750, 100.000, 0.936, 0.657, 
[405] Train acc: 0.9531, Constr acc: 0.8750, CE loss: 0.179, DL2 loss: 5.372
7, 225, 0.1795, 0.0004, 95.312, 98.438, 0.941, 0.683, 
[420] Train acc: 0.9531, Constr acc: 0.9062, CE loss: 0.233, DL2 loss: 3.848
7, 224, 0.2334, 0.0004, 95.312, 100.000, 0.932, 0.663, 
[435] Train acc: 0.8906, Constr acc: 0.9062, CE loss: 0.354, DL2 loss: 3.889
7, 223, 0.3536, 0.0006, 89.062, 100.000, 0.898, 0.506, 
[450] Train acc: 0.8750, Constr acc: 0.6875, CE loss: 0.550, DL2 loss: 13.228
7, 222, 0.5497, 0.0010, 87.500, 100.000, 0.703, 0.834, 
[465] Train acc: 0.8750, Constr acc: 0.8438, CE loss: 0.348, DL2 loss: 5.033
7, 221, 0.3476, 0.0005, 87.500, 100.000, 0.872, 0.650, 
[480] Train acc: 0.8750, Constr acc: 0.8750, CE loss: 0.404, DL2 loss: 5.466
7, 220, 0.4042, 0.0005, 87.500, 100.000, 0.906, 0.712, 
[495] Train acc: 0.9219, Constr acc: 0.9062, CE loss: 0.351, DL2 loss: 6.622
7, 219, 0.3506, 0.0007, 92.188, 100.000, 0.877, 0.384, 
[510] Train acc: 0.8750, Constr acc: 0.8438, CE loss: 0.328, DL2 loss: 7.529
7, 218, 0.3281, 0.0006, 87.500, 100.000, 0.889, 0.577, 
[525] Train acc: 0.8750, Constr acc: 0.9062, CE loss: 0.326, DL2 loss: 4.365
7, 217, 0.3255, 0.0005, 87.500, 100.000, 0.932, 0.481, 
[540] Train acc: 0.9531, Constr acc: 0.9375, CE loss: 0.199, DL2 loss: 5.055
7, 216, 0.1992, 0.0006, 95.312, 100.000, 0.916, 0.461, 
[555] Train acc: 0.9062, Constr acc: 0.8125, CE loss: 0.329, DL2 loss: 6.139
7, 215, 0.3289, 0.0005, 90.625, 100.000, 0.905, 0.552, 
[570] Train acc: 0.9375, Constr acc: 0.9375, CE loss: 0.147, DL2 loss: 4.093
7, 214, 0.1473, 0.0005, 93.750, 100.000, 0.931, 0.558, 
[585] Train acc: 0.9375, Constr acc: 0.8750, CE loss: 0.327, DL2 loss: 4.374
7, 213, 0.3271, 0.0007, 93.750, 98.438, 0.881, 0.567, 
[600] Train acc: 0.9375, Constr acc: 0.8438, CE loss: 0.111, DL2 loss: 5.779
7, 212, 0.1111, 0.0006, 93.750, 100.000, 0.906, 0.511, 
[615] Train acc: 0.9219, Constr acc: 0.9062, CE loss: 0.461, DL2 loss: 5.578
7, 211, 0.4608, 0.0005, 92.188, 100.000, 0.928, 0.628, 
[630] Train acc: 0.8438, Constr acc: 0.8438, CE loss: 0.646, DL2 loss: 7.929
7, 210, 0.6465, 0.0006, 84.375, 95.312, 0.885, 0.563, 
[645] Train acc: 0.9062, Constr acc: 0.7500, CE loss: 0.758, DL2 loss: 10.825
7, 209, 0.7579, 0.0004, 90.625, 95.312, 0.927, 0.677, 
[660] Train acc: 0.9062, Constr acc: 0.9062, CE loss: 0.543, DL2 loss: 5.821
7, 208, 0.5429, 0.0007, 90.625, 100.000, 0.830, 0.510, 
[675] Train acc: 0.8906, Constr acc: 0.7812, CE loss: 0.565, DL2 loss: 12.885
7, 207, 0.5647, 0.0005, 89.062, 100.000, 0.895, 0.614, 
[690] Train acc: 0.8906, Constr acc: 0.8438, CE loss: 0.271, DL2 loss: 8.486
7, 206, 0.2713, 0.0006, 89.062, 100.000, 0.880, 0.441, 
[705] Train acc: 0.9062, Constr acc: 0.8438, CE loss: 0.236, DL2 loss: 6.894
7, 205, 0.2362, 0.0006, 90.625, 100.000, 0.878, 0.569, 
[720] Train acc: 0.9219, Constr acc: 0.8750, CE loss: 0.343, DL2 loss: 4.682
7, 204, 0.3435, 0.0005, 92.188, 100.000, 0.921, 0.570, 
[735] Train acc: 0.9219, Constr acc: 0.8750, CE loss: 0.438, DL2 loss: 5.219
7, 203, 0.4379, 0.0005, 92.188, 100.000, 0.903, 0.651, 
[750] Train acc: 0.9688, Constr acc: 0.9062, CE loss: 0.146, DL2 loss: 4.727
7, 202, 0.1461, 0.0004, 96.875, 100.000, 0.931, 0.691, 
[765] Train acc: 0.8906, Constr acc: 0.9688, CE loss: 0.430, DL2 loss: 0.620
7, 201, 0.4299, 0.0004, 89.062, 100.000, 0.919, 0.708, 
[780] Train acc: 0.8750, Constr acc: 1.0000, CE loss: 0.453, DL2 loss: 0.000
7, 200, 0.4532, 0.0004, 87.500, 100.000, 0.918, 0.685, 
[795] Train acc: 0.9062, Constr acc: 0.9375, CE loss: 0.273, DL2 loss: 2.365
7, 199, 0.2735, 0.0004, 90.625, 100.000, 0.926, 0.577, 
[810] Train acc: 0.9219, Constr acc: 0.9062, CE loss: 0.203, DL2 loss: 5.328
7, 198, 0.2029, 0.0004, 92.188, 100.000, 0.934, 0.631, 
[825] Train acc: 0.9375, Constr acc: 0.8438, CE loss: 0.176, DL2 loss: 6.285
7, 197, 0.1763, 0.0005, 93.750, 100.000, 0.907, 0.595, 
[840] Train acc: 0.8906, Constr acc: 0.9375, CE loss: 0.428, DL2 loss: 2.919
7, 196, 0.4284, 0.0006, 89.062, 100.000, 0.844, 0.694, 
[855] Train acc: 0.9375, Constr acc: 0.8438, CE loss: 0.148, DL2 loss: 9.588
7, 195, 0.1475, 0.0005, 93.750, 100.000, 0.913, 0.619, 
[870] Train acc: 0.9375, Constr acc: 0.9375, CE loss: 0.184, DL2 loss: 1.315
7, 194, 0.1839, 0.0005, 93.750, 100.000, 0.902, 0.454, 
[885] Train acc: 0.9375, Constr acc: 0.8750, CE loss: 0.233, DL2 loss: 10.258
7, 193, 0.2329, 0.0004, 93.750, 100.000, 0.945, 0.516, 
[900] Train acc: 0.9062, Constr acc: 0.9062, CE loss: 0.585, DL2 loss: 4.654
7, 192, 0.5850, 0.0005, 90.625, 98.438, 0.930, 0.520, 
[915] Train acc: 0.9219, Constr acc: 0.8750, CE loss: 0.257, DL2 loss: 6.668
7, 191, 0.2565, 0.0006, 92.188, 98.438, 0.895, 0.498, 
[930] Train acc: 0.9219, Constr acc: 0.9375, CE loss: 0.242, DL2 loss: 2.247
7, 190, 0.2421, 0.0005, 92.188, 100.000, 0.937, 0.568, 
[0] Train acc: 0.9688, Constr acc: 0.9062, CE loss: 0.126, DL2 loss: 7.410
8, 190, 0.1262, 0.0005, 96.875, 100.000, 0.939, 0.581, 
[15] Train acc: 0.9688, Constr acc: 0.9375, CE loss: 0.155, DL2 loss: 3.694
8, 189, 0.1551, 0.0005, 96.875, 100.000, 0.948, 0.385, 
[30] Train acc: 0.9219, Constr acc: 0.8750, CE loss: 0.180, DL2 loss: 6.842
8, 188, 0.1805, 0.0006, 92.188, 100.000, 0.930, 0.426, 
[45] Train acc: 0.9062, Constr acc: 0.7812, CE loss: 0.282, DL2 loss: 14.258
8, 187, 0.2824, 0.0005, 90.625, 100.000, 0.912, 0.597, 
[60] Train acc: 0.8906, Constr acc: 0.8750, CE loss: 0.524, DL2 loss: 6.722
8, 186, 0.5244, 0.0005, 89.062, 100.000, 0.912, 0.528, 
[75] Train acc: 0.9531, Constr acc: 0.8125, CE loss: 0.205, DL2 loss: 10.688
8, 185, 0.2049, 0.0004, 95.312, 100.000, 0.932, 0.578, 
[90] Train acc: 0.8594, Constr acc: 0.9062, CE loss: 0.396, DL2 loss: 5.485
8, 184, 0.3959, 0.0005, 85.938, 100.000, 0.926, 0.446, 
[105] Train acc: 0.9531, Constr acc: 0.9375, CE loss: 0.206, DL2 loss: 2.999
8, 183, 0.2062, 0.0005, 95.312, 100.000, 0.912, 0.583, 
[120] Train acc: 0.9219, Constr acc: 0.9688, CE loss: 0.257, DL2 loss: 1.264
8, 182, 0.2566, 0.0005, 92.188, 100.000, 0.940, 0.510, 
[135] Train acc: 0.9531, Constr acc: 0.8438, CE loss: 0.073, DL2 loss: 6.439
8, 181, 0.0730, 0.0007, 95.312, 100.000, 0.913, 0.382, 
[150] Train acc: 0.9062, Constr acc: 0.8438, CE loss: 0.355, DL2 loss: 7.179
8, 180, 0.3548, 0.0005, 90.625, 100.000, 0.903, 0.589, 
[165] Train acc: 0.9531, Constr acc: 0.8438, CE loss: 0.170, DL2 loss: 6.988
8, 179, 0.1700, 0.0005, 95.312, 100.000, 0.909, 0.518, 
[180] Train acc: 0.9375, Constr acc: 0.9688, CE loss: 0.211, DL2 loss: 2.843
8, 178, 0.2108, 0.0005, 93.750, 100.000, 0.928, 0.586, 
[195] Train acc: 0.9531, Constr acc: 0.9062, CE loss: 0.200, DL2 loss: 6.355
8, 177, 0.1997, 0.0004, 95.312, 100.000, 0.947, 0.516, 
[210] Train acc: 0.9531, Constr acc: 0.8125, CE loss: 0.202, DL2 loss: 9.646
8, 176, 0.2016, 0.0004, 95.312, 98.438, 0.942, 0.575, 
[225] Train acc: 0.9844, Constr acc: 0.9688, CE loss: 0.072, DL2 loss: 0.115
8, 175, 0.0719, 0.0005, 98.438, 100.000, 0.934, 0.566, 
[240] Train acc: 0.8438, Constr acc: 0.8750, CE loss: 0.681, DL2 loss: 4.653
8, 174, 0.6814, 0.0005, 84.375, 98.438, 0.909, 0.507, 
[255] Train acc: 0.9219, Constr acc: 0.8438, CE loss: 0.167, DL2 loss: 9.717
8, 173, 0.1670, 0.0006, 92.188, 100.000, 0.925, 0.414, 
[270] Train acc: 0.9219, Constr acc: 0.9688, CE loss: 0.251, DL2 loss: 2.022
8, 172, 0.2505, 0.0005, 92.188, 100.000, 0.942, 0.545, 
[285] Train acc: 0.9062, Constr acc: 0.9062, CE loss: 0.276, DL2 loss: 3.413
8, 171, 0.2756, 0.0005, 90.625, 100.000, 0.932, 0.475, 
[300] Train acc: 0.9219, Constr acc: 0.9062, CE loss: 0.345, DL2 loss: 2.956
8, 170, 0.3449, 0.0007, 92.188, 100.000, 0.828, 0.564, 
[315] Train acc: 0.9219, Constr acc: 0.9375, CE loss: 0.555, DL2 loss: 3.130
8, 169, 0.5552, 0.0005, 92.188, 96.875, 0.911, 0.484, 
[330] Train acc: 0.9688, Constr acc: 0.9688, CE loss: 0.184, DL2 loss: 0.863
8, 168, 0.1843, 0.0005, 96.875, 100.000, 0.931, 0.500, 
[345] Train acc: 0.9219, Constr acc: 0.8438, CE loss: 0.317, DL2 loss: 7.436
8, 167, 0.3166, 0.0005, 92.188, 100.000, 0.929, 0.518, 
[360] Train acc: 0.9062, Constr acc: 0.8750, CE loss: 0.438, DL2 loss: 7.450
8, 166, 0.4376, 0.0005, 90.625, 100.000, 0.918, 0.543, 
[375] Train acc: 0.9375, Constr acc: 0.9688, CE loss: 0.095, DL2 loss: 2.186
8, 165, 0.0952, 0.0004, 93.750, 100.000, 0.951, 0.472, 
[390] Train acc: 0.9844, Constr acc: 0.8438, CE loss: 0.046, DL2 loss: 6.764
8, 164, 0.0458, 0.0004, 98.438, 100.000, 0.944, 0.596, 
[405] Train acc: 0.9375, Constr acc: 0.9688, CE loss: 0.193, DL2 loss: 2.346
8, 163, 0.1930, 0.0005, 93.750, 100.000, 0.924, 0.417, 
[420] Train acc: 0.9844, Constr acc: 0.8750, CE loss: 0.068, DL2 loss: 5.084
8, 162, 0.0677, 0.0005, 98.438, 100.000, 0.936, 0.408, 
[435] Train acc: 0.9219, Constr acc: 0.9062, CE loss: 0.231, DL2 loss: 4.593
8, 161, 0.2314, 0.0004, 92.188, 100.000, 0.949, 0.459, 
[450] Train acc: 0.9219, Constr acc: 0.9062, CE loss: 0.219, DL2 loss: 5.874
8, 160, 0.2187, 0.0005, 92.188, 100.000, 0.942, 0.469, 
[465] Train acc: 0.8906, Constr acc: 0.9062, CE loss: 0.408, DL2 loss: 3.116
8, 159, 0.4077, 0.0006, 89.062, 98.438, 0.932, 0.429, 
[480] Train acc: 0.8906, Constr acc: 0.9062, CE loss: 0.387, DL2 loss: 4.622
8, 158, 0.3872, 0.0004, 89.062, 100.000, 0.936, 0.631, 
[495] Train acc: 0.9531, Constr acc: 0.8750, CE loss: 0.165, DL2 loss: 6.143
8, 157, 0.1645, 0.0005, 95.312, 98.438, 0.929, 0.548, 
[510] Train acc: 0.9375, Constr acc: 0.9375, CE loss: 0.295, DL2 loss: 2.999
8, 156, 0.2946, 0.0005, 93.750, 100.000, 0.931, 0.572, 
[525] Train acc: 0.9531, Constr acc: 0.9375, CE loss: 0.134, DL2 loss: 1.782
8, 155, 0.1337, 0.0005, 95.312, 100.000, 0.909, 0.539, 
[540] Train acc: 0.9062, Constr acc: 0.8750, CE loss: 0.372, DL2 loss: 6.533
8, 154, 0.3722, 0.0006, 90.625, 100.000, 0.885, 0.403, 
[555] Train acc: 0.9844, Constr acc: 0.9375, CE loss: 0.106, DL2 loss: 4.420
8, 153, 0.1055, 0.0005, 98.438, 100.000, 0.928, 0.456, 
[570] Train acc: 0.9375, Constr acc: 0.9375, CE loss: 0.170, DL2 loss: 4.698
8, 152, 0.1702, 0.0005, 93.750, 98.438, 0.933, 0.404, 
[585] Train acc: 0.9688, Constr acc: 0.9375, CE loss: 0.100, DL2 loss: 3.140
8, 151, 0.1001, 0.0005, 96.875, 100.000, 0.935, 0.482, 
[600] Train acc: 0.9219, Constr acc: 0.9062, CE loss: 0.314, DL2 loss: 3.413
8, 150, 0.3141, 0.0005, 92.188, 98.438, 0.944, 0.518, 
[615] Train acc: 0.9375, Constr acc: 0.9062, CE loss: 0.218, DL2 loss: 3.264
8, 149, 0.2181, 0.0005, 93.750, 98.438, 0.948, 0.415, 
[630] Train acc: 0.9688, Constr acc: 0.9062, CE loss: 0.154, DL2 loss: 7.279
8, 148, 0.1537, 0.0004, 96.875, 100.000, 0.939, 0.505, 
[645] Train acc: 0.8750, Constr acc: 0.9062, CE loss: 0.843, DL2 loss: 4.116
8, 147, 0.8433, 0.0005, 87.500, 98.438, 0.913, 0.498, 
[660] Train acc: 0.8906, Constr acc: 0.7812, CE loss: 0.284, DL2 loss: 7.101
8, 146, 0.2844, 0.0004, 89.062, 100.000, 0.937, 0.590, 
[675] Train acc: 0.9375, Constr acc: 0.8750, CE loss: 0.167, DL2 loss: 5.977
8, 145, 0.1669, 0.0004, 93.750, 100.000, 0.946, 0.555, 
[690] Train acc: 0.9688, Constr acc: 0.8125, CE loss: 0.138, DL2 loss: 7.314
8, 144, 0.1377, 0.0004, 96.875, 100.000, 0.949, 0.510, 
[705] Train acc: 0.9219, Constr acc: 0.9375, CE loss: 0.421, DL2 loss: 2.852
8, 143, 0.4214, 0.0005, 92.188, 100.000, 0.941, 0.409, 
[720] Train acc: 0.9531, Constr acc: 0.8438, CE loss: 0.222, DL2 loss: 6.887
8, 142, 0.2223, 0.0004, 95.312, 100.000, 0.952, 0.537, 
[735] Train acc: 0.9844, Constr acc: 0.9062, CE loss: 0.102, DL2 loss: 6.567
8, 141, 0.1023, 0.0005, 98.438, 100.000, 0.935, 0.409, 
[750] Train acc: 0.9062, Constr acc: 0.8438, CE loss: 0.276, DL2 loss: 5.365
8, 140, 0.2761, 0.0005, 90.625, 98.438, 0.938, 0.355, 
[765] Train acc: 0.9844, Constr acc: 0.8125, CE loss: 0.073, DL2 loss: 10.451
8, 139, 0.0733, 0.0006, 98.438, 100.000, 0.924, 0.335, 
[780] Train acc: 0.9531, Constr acc: 0.8750, CE loss: 0.172, DL2 loss: 5.141
8, 138, 0.1718, 0.0005, 95.312, 100.000, 0.924, 0.492, 
[795] Train acc: 0.9688, Constr acc: 0.8125, CE loss: 0.088, DL2 loss: 11.086
8, 137, 0.0884, 0.0006, 96.875, 100.000, 0.906, 0.308, 
[810] Train acc: 0.9688, Constr acc: 1.0000, CE loss: 0.115, DL2 loss: 0.000
8, 136, 0.1155, 0.0005, 96.875, 100.000, 0.947, 0.322, 
[825] Train acc: 0.9375, Constr acc: 0.9375, CE loss: 0.143, DL2 loss: 4.268
8, 135, 0.1427, 0.0004, 93.750, 100.000, 0.954, 0.468, 
[840] Train acc: 0.9531, Constr acc: 0.9062, CE loss: 0.124, DL2 loss: 4.418
8, 134, 0.1245, 0.0005, 95.312, 100.000, 0.944, 0.434, 
[855] Train acc: 0.9219, Constr acc: 0.8750, CE loss: 0.220, DL2 loss: 7.741
8, 133, 0.2196, 0.0005, 92.188, 100.000, 0.946, 0.433, 
[870] Train acc: 0.8594, Constr acc: 0.8438, CE loss: 0.313, DL2 loss: 8.491
8, 132, 0.3130, 0.0006, 85.938, 100.000, 0.917, 0.414, 
[885] Train acc: 0.9688, Constr acc: 0.9062, CE loss: 0.123, DL2 loss: 5.035
8, 131, 0.1228, 0.0005, 96.875, 100.000, 0.893, 0.606, 
[900] Train acc: 0.9531, Constr acc: 0.9688, CE loss: 0.165, DL2 loss: 1.038
8, 130, 0.1652, 0.0005, 95.312, 98.438, 0.932, 0.507, 
[915] Train acc: 0.9219, Constr acc: 0.8750, CE loss: 0.289, DL2 loss: 6.773
8, 129, 0.2893, 0.0005, 92.188, 100.000, 0.939, 0.473, 
[930] Train acc: 0.9688, Constr acc: 0.9375, CE loss: 0.090, DL2 loss: 3.452
8, 128, 0.0899, 0.0006, 96.875, 100.000, 0.944, 0.289, 
[0] Train acc: 0.8906, Constr acc: 0.8125, CE loss: 0.439, DL2 loss: 10.918
9, 127, 0.4391, 0.0007, 89.062, 100.000, 0.910, 0.214, 
[15] Train acc: 0.9219, Constr acc: 0.8438, CE loss: 0.251, DL2 loss: 8.234
9, 126, 0.2508, 0.0005, 92.188, 100.000, 0.911, 0.490, 
[30] Train acc: 0.9531, Constr acc: 0.8125, CE loss: 0.098, DL2 loss: 11.759
9, 125, 0.0982, 0.0005, 95.312, 100.000, 0.931, 0.544, 
[45] Train acc: 0.7812, Constr acc: 0.8438, CE loss: 0.669, DL2 loss: 6.012
9, 124, 0.6686, 0.0005, 78.125, 100.000, 0.903, 0.506, 
[60] Train acc: 0.8906, Constr acc: 0.9375, CE loss: 0.423, DL2 loss: 3.858
9, 123, 0.4226, 0.0005, 89.062, 96.875, 0.938, 0.591, 
[75] Train acc: 0.9531, Constr acc: 1.0000, CE loss: 0.154, DL2 loss: 0.000
9, 122, 0.1536, 0.0005, 95.312, 100.000, 0.942, 0.383, 
[90] Train acc: 0.9375, Constr acc: 0.8125, CE loss: 0.237, DL2 loss: 8.695
9, 121, 0.2369, 0.0005, 93.750, 98.438, 0.937, 0.547, 
[105] Train acc: 0.9844, Constr acc: 0.9375, CE loss: 0.086, DL2 loss: 4.755
9, 120, 0.0864, 0.0005, 98.438, 100.000, 0.936, 0.549, 
[120] Train acc: 0.8906, Constr acc: 0.9062, CE loss: 0.380, DL2 loss: 4.738
9, 119, 0.3799, 0.0005, 89.062, 100.000, 0.936, 0.568, 
[135] Train acc: 0.9375, Constr acc: 0.8125, CE loss: 0.177, DL2 loss: 7.392
9, 118, 0.1767, 0.0006, 93.750, 100.000, 0.937, 0.356, 
[150] Train acc: 0.9375, Constr acc: 0.9375, CE loss: 0.179, DL2 loss: 2.843
9, 117, 0.1794, 0.0005, 93.750, 100.000, 0.946, 0.484, 
[165] Train acc: 0.9062, Constr acc: 0.9688, CE loss: 0.363, DL2 loss: 1.320
9, 116, 0.3626, 0.0004, 90.625, 100.000, 0.953, 0.522, 
[180] Train acc: 0.9688, Constr acc: 0.8438, CE loss: 0.091, DL2 loss: 5.911
9, 115, 0.0911, 0.0005, 96.875, 100.000, 0.893, 0.633, 
[195] Train acc: 0.9844, Constr acc: 0.9375, CE loss: 0.117, DL2 loss: 2.888
9, 114, 0.1174, 0.0005, 98.438, 100.000, 0.934, 0.571, 
[210] Train acc: 0.8750, Constr acc: 0.9375, CE loss: 0.471, DL2 loss: 5.049
9, 113, 0.4715, 0.0005, 87.500, 98.438, 0.944, 0.520, 
[225] Train acc: 0.9375, Constr acc: 0.9062, CE loss: 0.241, DL2 loss: 4.038
9, 112, 0.2407, 0.0007, 93.750, 98.438, 0.892, 0.238, 
[240] Train acc: 0.9531, Constr acc: 0.8750, CE loss: 0.156, DL2 loss: 4.668
9, 111, 0.1559, 0.0005, 95.312, 100.000, 0.944, 0.378, 
[255] Train acc: 0.9844, Constr acc: 0.9062, CE loss: 0.111, DL2 loss: 5.692
9, 110, 0.1105, 0.0006, 98.438, 100.000, 0.956, 0.195, 
[270] Train acc: 0.8594, Constr acc: 0.7500, CE loss: 0.491, DL2 loss: 10.202
9, 109, 0.4907, 0.0007, 85.938, 98.438, 0.895, 0.366, 
[285] Train acc: 0.9688, Constr acc: 0.8750, CE loss: 0.200, DL2 loss: 6.944
9, 108, 0.1999, 0.0006, 96.875, 100.000, 0.939, 0.255, 
[300] Train acc: 0.9531, Constr acc: 0.9062, CE loss: 0.230, DL2 loss: 3.692
9, 107, 0.2300, 0.0007, 95.312, 98.438, 0.934, 0.417, 
[315] Train acc: 0.9219, Constr acc: 0.8438, CE loss: 0.336, DL2 loss: 9.106
9, 106, 0.3361, 0.0007, 92.188, 100.000, 0.939, 0.256, 
[330] Train acc: 0.9375, Constr acc: 0.8125, CE loss: 0.338, DL2 loss: 6.856
9, 105, 0.3385, 0.0006, 93.750, 100.000, 0.887, 0.585, 
[345] Train acc: 0.9531, Constr acc: 0.9375, CE loss: 0.135, DL2 loss: 3.340
9, 104, 0.1351, 0.0005, 95.312, 100.000, 0.934, 0.549, 
[360] Train acc: 0.9531, Constr acc: 0.9375, CE loss: 0.108, DL2 loss: 2.727
9, 103, 0.1083, 0.0005, 95.312, 100.000, 0.940, 0.305, 
[375] Train acc: 0.8594, Constr acc: 0.8750, CE loss: 0.480, DL2 loss: 4.699
9, 102, 0.4798, 0.0007, 85.938, 100.000, 0.907, 0.186, 
[390] Train acc: 0.9688, Constr acc: 0.9688, CE loss: 0.127, DL2 loss: 1.281
9, 101, 0.1267, 0.0006, 96.875, 100.000, 0.947, 0.166, 
[405] Train acc: 0.9531, Constr acc: 0.7812, CE loss: 0.261, DL2 loss: 11.283
9, 100, 0.2610, 0.0006, 95.312, 100.000, 0.930, 0.376, 
[420] Train acc: 0.9844, Constr acc: 0.9062, CE loss: 0.049, DL2 loss: 3.986
9, 99, 0.0491, 0.0006, 98.438, 100.000, 0.945, 0.413, 
[435] Train acc: 0.9219, Constr acc: 0.9375, CE loss: 0.224, DL2 loss: 3.945
9, 98, 0.2242, 0.0008, 92.188, 98.438, 0.893, 0.251, 
[450] Train acc: 0.9375, Constr acc: 0.7812, CE loss: 0.164, DL2 loss: 5.635
9, 97, 0.1639, 0.0006, 93.750, 98.438, 0.925, 0.348, 
[465] Train acc: 0.9219, Constr acc: 0.8438, CE loss: 0.238, DL2 loss: 7.336
9, 96, 0.2377, 0.0006, 92.188, 100.000, 0.942, 0.231, 
[480] Train acc: 0.9531, Constr acc: 0.9062, CE loss: 0.247, DL2 loss: 6.229
9, 95, 0.2466, 0.0006, 95.312, 100.000, 0.945, 0.282, 
[495] Train acc: 0.9531, Constr acc: 0.8438, CE loss: 0.222, DL2 loss: 8.280
9, 94, 0.2222, 0.0006, 95.312, 100.000, 0.859, 0.516, 
[510] Train acc: 0.9688, Constr acc: 0.8750, CE loss: 0.063, DL2 loss: 8.709
9, 93, 0.0628, 0.0006, 96.875, 100.000, 0.941, 0.333, 
[525] Train acc: 0.9375, Constr acc: 0.9062, CE loss: 0.310, DL2 loss: 5.545
9, 92, 0.3101, 0.0005, 93.750, 98.438, 0.933, 0.411, 
[540] Train acc: 0.9688, Constr acc: 0.8750, CE loss: 0.111, DL2 loss: 8.322
9, 91, 0.1110, 0.0006, 96.875, 100.000, 0.934, 0.313, 
[555] Train acc: 0.9531, Constr acc: 0.8438, CE loss: 0.140, DL2 loss: 6.471
9, 90, 0.1400, 0.0005, 95.312, 100.000, 0.957, 0.345, 
[570] Train acc: 0.9688, Constr acc: 0.9062, CE loss: 0.107, DL2 loss: 5.267
9, 89, 0.1065, 0.0006, 96.875, 98.438, 0.939, 0.337, 
[585] Train acc: 1.0000, Constr acc: 0.8750, CE loss: 0.032, DL2 loss: 6.794
9, 88, 0.0318, 0.0006, 100.000, 100.000, 0.937, 0.306, 
[600] Train acc: 0.9375, Constr acc: 0.7812, CE loss: 0.270, DL2 loss: 11.336
9, 87, 0.2699, 0.0006, 93.750, 100.000, 0.897, 0.434, 
[615] Train acc: 1.0000, Constr acc: 0.7812, CE loss: 0.043, DL2 loss: 8.720
9, 86, 0.0427, 0.0006, 100.000, 100.000, 0.938, 0.342, 
[630] Train acc: 0.9688, Constr acc: 0.8125, CE loss: 0.061, DL2 loss: 11.493
9, 85, 0.0612, 0.0006, 96.875, 100.000, 0.948, 0.186, 
[645] Train acc: 0.9531, Constr acc: 0.9062, CE loss: 0.197, DL2 loss: 7.047
9, 84, 0.1971, 0.0008, 95.312, 100.000, 0.898, 0.154, 
[660] Train acc: 0.9531, Constr acc: 0.7812, CE loss: 0.223, DL2 loss: 14.542
9, 83, 0.2231, 0.0006, 95.312, 98.438, 0.936, 0.301, 
[675] Train acc: 0.8281, Constr acc: 0.9375, CE loss: 0.979, DL2 loss: 3.556
9, 82, 0.9788, 0.0009, 82.812, 98.438, 0.771, 0.353, 
[690] Train acc: 0.9219, Constr acc: 1.0000, CE loss: 0.173, DL2 loss: 0.000
9, 81, 0.1728, 0.0008, 92.188, 100.000, 0.869, 0.243, 
[705] Train acc: 0.9219, Constr acc: 0.9375, CE loss: 0.226, DL2 loss: 2.310
9, 80, 0.2258, 0.0007, 92.188, 100.000, 0.918, 0.249, 
[720] Train acc: 0.9375, Constr acc: 0.8125, CE loss: 0.224, DL2 loss: 6.888
9, 79, 0.2237, 0.0006, 93.750, 98.438, 0.942, 0.349, 
[735] Train acc: 0.9219, Constr acc: 0.9062, CE loss: 0.318, DL2 loss: 5.273
9, 78, 0.3185, 0.0005, 92.188, 96.875, 0.926, 0.442, 
[750] Train acc: 0.9375, Constr acc: 0.8750, CE loss: 0.129, DL2 loss: 7.031
9, 77, 0.1289, 0.0005, 93.750, 100.000, 0.955, 0.320, 
[765] Train acc: 0.9375, Constr acc: 0.8750, CE loss: 0.462, DL2 loss: 5.100
9, 76, 0.4621, 0.0005, 93.750, 96.875, 0.947, 0.354, 
[780] Train acc: 0.9531, Constr acc: 0.9688, CE loss: 0.147, DL2 loss: 2.114
9, 75, 0.1473, 0.0006, 95.312, 100.000, 0.952, 0.233, 
[795] Train acc: 0.9375, Constr acc: 0.8750, CE loss: 0.230, DL2 loss: 6.675
9, 74, 0.2303, 0.0007, 93.750, 98.438, 0.948, 0.259, 
[810] Train acc: 0.9531, Constr acc: 0.8750, CE loss: 0.168, DL2 loss: 7.369
9, 73, 0.1680, 0.0006, 95.312, 98.438, 0.948, 0.213, 
[825] Train acc: 0.9062, Constr acc: 0.9062, CE loss: 0.246, DL2 loss: 4.128
9, 72, 0.2461, 0.0006, 90.625, 100.000, 0.939, 0.225, 
[840] Train acc: 0.9219, Constr acc: 0.9375, CE loss: 0.363, DL2 loss: 4.608
9, 71, 0.3632, 0.0006, 92.188, 100.000, 0.942, 0.298, 
[855] Train acc: 0.8906, Constr acc: 0.8438, CE loss: 0.415, DL2 loss: 7.391
9, 70, 0.4147, 0.0007, 89.062, 96.875, 0.941, 0.199, 
[870] Train acc: 0.9375, Constr acc: 0.8125, CE loss: 0.252, DL2 loss: 8.895
9, 69, 0.2520, 0.0007, 93.750, 100.000, 0.832, 0.562, 
[885] Train acc: 0.9219, Constr acc: 0.8438, CE loss: 0.282, DL2 loss: 9.243
9, 68, 0.2817, 0.0006, 92.188, 100.000, 0.943, 0.336, 
[900] Train acc: 0.9219, Constr acc: 0.8750, CE loss: 0.250, DL2 loss: 7.118
9, 67, 0.2496, 0.0006, 92.188, 100.000, 0.947, 0.381, 
[915] Train acc: 0.9531, Constr acc: 0.9062, CE loss: 0.174, DL2 loss: 3.845
9, 66, 0.1744, 0.0005, 95.312, 100.000, 0.929, 0.521, 
[930] Train acc: 0.9062, Constr acc: 0.9062, CE loss: 0.294, DL2 loss: 4.796
9, 65, 0.2941, 0.0005, 90.625, 100.000, 0.942, 0.332, 
[0] Train acc: 0.9688, Constr acc: 0.9375, CE loss: 0.141, DL2 loss: 4.110
10, 65, 0.1406, 0.0006, 96.875, 98.438, 0.937, 0.288, 
[15] Train acc: 0.8906, Constr acc: 0.9062, CE loss: 0.469, DL2 loss: 3.795
10, 64, 0.4694, 0.0005, 89.062, 98.438, 0.936, 0.412, 
[30] Train acc: 0.9844, Constr acc: 0.9062, CE loss: 0.041, DL2 loss: 4.200
10, 63, 0.0406, 0.0005, 98.438, 100.000, 0.957, 0.357, 
[45] Train acc: 0.9844, Constr acc: 0.9062, CE loss: 0.044, DL2 loss: 6.382
10, 62, 0.0437, 0.0006, 98.438, 100.000, 0.934, 0.326, 
[60] Train acc: 0.9688, Constr acc: 0.7500, CE loss: 0.276, DL2 loss: 12.006
10, 61, 0.2759, 0.0006, 96.875, 100.000, 0.940, 0.319, 
[75] Train acc: 0.9531, Constr acc: 0.9062, CE loss: 0.106, DL2 loss: 5.669
10, 60, 0.1064, 0.0007, 95.312, 100.000, 0.939, 0.197, 
[90] Train acc: 1.0000, Constr acc: 0.8438, CE loss: 0.044, DL2 loss: 7.507
10, 59, 0.0435, 0.0005, 100.000, 100.000, 0.947, 0.337, 
[105] Train acc: 0.9375, Constr acc: 0.9375, CE loss: 0.161, DL2 loss: 3.100
10, 58, 0.1610, 0.0005, 93.750, 100.000, 0.947, 0.409, 
[120] Train acc: 0.9219, Constr acc: 0.9062, CE loss: 0.276, DL2 loss: 4.487
10, 57, 0.2762, 0.0005, 92.188, 100.000, 0.945, 0.356, 
[135] Train acc: 0.9531, Constr acc: 0.8438, CE loss: 0.094, DL2 loss: 8.575
10, 56, 0.0942, 0.0007, 95.312, 100.000, 0.936, 0.266, 
[150] Train acc: 0.9219, Constr acc: 0.8125, CE loss: 0.214, DL2 loss: 10.222
10, 55, 0.2139, 0.0006, 92.188, 98.438, 0.933, 0.367, 
[165] Train acc: 0.9375, Constr acc: 1.0000, CE loss: 0.184, DL2 loss: 0.000
10, 54, 0.1845, 0.0006, 93.750, 100.000, 0.943, 0.283, 
[180] Train acc: 0.9844, Constr acc: 0.9375, CE loss: 0.093, DL2 loss: 3.942
10, 53, 0.0930, 0.0006, 98.438, 100.000, 0.946, 0.246, 
[195] Train acc: 0.9375, Constr acc: 0.9375, CE loss: 0.279, DL2 loss: 3.644
10, 52, 0.2789, 0.0006, 93.750, 100.000, 0.942, 0.334, 
[210] Train acc: 0.8594, Constr acc: 0.9062, CE loss: 0.686, DL2 loss: 5.136
10, 51, 0.6857, 0.0008, 85.938, 96.875, 0.846, 0.493, 
[225] Train acc: 0.9688, Constr acc: 0.9062, CE loss: 0.128, DL2 loss: 4.332
10, 50, 0.1278, 0.0007, 96.875, 100.000, 0.881, 0.519, 
[240] Train acc: 0.9062, Constr acc: 0.8125, CE loss: 0.320, DL2 loss: 9.624
10, 49, 0.3195, 0.0005, 90.625, 98.438, 0.930, 0.464, 
[255] Train acc: 0.9375, Constr acc: 0.9062, CE loss: 0.220, DL2 loss: 3.794
10, 48, 0.2196, 0.0006, 93.750, 100.000, 0.914, 0.373, 
[270] Train acc: 0.9531, Constr acc: 0.8750, CE loss: 0.236, DL2 loss: 8.002
10, 47, 0.2356, 0.0006, 95.312, 100.000, 0.924, 0.420, 
[285] Train acc: 0.9219, Constr acc: 0.7500, CE loss: 0.183, DL2 loss: 12.673
10, 46, 0.1832, 0.0006, 92.188, 100.000, 0.937, 0.418, 
[300] Train acc: 0.9531, Constr acc: 0.8750, CE loss: 0.181, DL2 loss: 5.583
10, 45, 0.1805, 0.0006, 95.312, 98.438, 0.930, 0.377, 
[315] Train acc: 0.9531, Constr acc: 0.7500, CE loss: 0.172, DL2 loss: 15.345
10, 44, 0.1723, 0.0006, 95.312, 100.000, 0.925, 0.306, 
[330] Train acc: 0.9062, Constr acc: 0.9062, CE loss: 0.566, DL2 loss: 3.426
10, 43, 0.5662, 0.0006, 90.625, 96.875, 0.941, 0.265, 
[345] Train acc: 0.9062, Constr acc: 0.8438, CE loss: 0.254, DL2 loss: 6.532
10, 42, 0.2544, 0.0005, 90.625, 100.000, 0.924, 0.585, 
[360] Train acc: 0.9531, Constr acc: 0.8438, CE loss: 0.214, DL2 loss: 6.473
10, 41, 0.2136, 0.0005, 95.312, 100.000, 0.920, 0.550, 
[375] Train acc: 0.9844, Constr acc: 0.7500, CE loss: 0.075, DL2 loss: 13.562
10, 40, 0.0752, 0.0006, 98.438, 100.000, 0.926, 0.390, 
[390] Train acc: 0.9688, Constr acc: 0.8125, CE loss: 0.207, DL2 loss: 9.925
10, 39, 0.2068, 0.0006, 96.875, 98.438, 0.911, 0.422, 
[405] Train acc: 0.9219, Constr acc: 0.8125, CE loss: 0.159, DL2 loss: 9.291
10, 38, 0.1590, 0.0006, 92.188, 100.000, 0.910, 0.304, 
[420] Train acc: 0.8750, Constr acc: 0.8438, CE loss: 0.821, DL2 loss: 7.315
10, 37, 0.8208, 0.0006, 87.500, 100.000, 0.860, 0.560, 
[435] Train acc: 0.8750, Constr acc: 0.8438, CE loss: 0.524, DL2 loss: 6.530
10, 36, 0.5241, 0.0007, 87.500, 100.000, 0.921, 0.317, 
[450] Train acc: 0.8750, Constr acc: 0.7812, CE loss: 0.391, DL2 loss: 9.886
10, 35, 0.3909, 0.0006, 87.500, 100.000, 0.912, 0.365, 
[465] Train acc: 0.8594, Constr acc: 0.9375, CE loss: 0.512, DL2 loss: 3.988
10, 34, 0.5118, 0.0006, 85.938, 100.000, 0.921, 0.399, 
[480] Train acc: 0.6562, Constr acc: 0.7500, CE loss: 1.290, DL2 loss: 11.911
10, 33, 1.2903, 0.0009, 65.625, 96.875, 0.782, 0.532, 
[495] Train acc: 0.9062, Constr acc: 0.8125, CE loss: 0.308, DL2 loss: 10.189
10, 32, 0.3081, 0.0007, 90.625, 98.438, 0.865, 0.451, 
[510] Train acc: 0.9375, Constr acc: 0.9375, CE loss: 0.173, DL2 loss: 3.369
10, 31, 0.1734, 0.0006, 93.750, 100.000, 0.915, 0.415, 
[525] Train acc: 0.9375, Constr acc: 0.9375, CE loss: 0.282, DL2 loss: 3.955
10, 30, 0.2820, 0.0007, 93.750, 100.000, 0.824, 0.558, 
[540] Train acc: 0.8594, Constr acc: 0.6875, CE loss: 0.695, DL2 loss: 10.228
10, 29, 0.6947, 0.0007, 85.938, 96.875, 0.893, 0.374, 
[555] Train acc: 0.7969, Constr acc: 0.8438, CE loss: 0.977, DL2 loss: 10.150
10, 28, 0.9766, 0.0009, 79.688, 98.438, 0.793, 0.411, 
[570] Train acc: 0.7812, Constr acc: 0.8125, CE loss: 0.845, DL2 loss: 3.885
10, 27, 0.8454, 0.0007, 78.125, 95.312, 0.811, 0.651, 
[585] Train acc: 0.6875, Constr acc: 0.8750, CE loss: 1.545, DL2 loss: 4.835
10, 26, 1.5449, 0.0009, 68.750, 98.438, 0.730, 0.712, 
[600] Train acc: 0.5469, Constr acc: 0.6875, CE loss: 1.973, DL2 loss: 10.907
10, 25, 1.9728, 0.0012, 54.688, 89.062, 0.561, 0.752, 
[615] Train acc: 0.7500, Constr acc: 0.5938, CE loss: 0.831, DL2 loss: 18.118
10, 24, 0.8310, 0.0010, 75.000, 95.312, 0.652, 0.774, 
[630] Train acc: 0.7031, Constr acc: 0.8125, CE loss: 0.905, DL2 loss: 9.114
10, 23, 0.9047, 0.0009, 70.312, 96.875, 0.735, 0.638, 
[645] Train acc: 0.5625, Constr acc: 0.7188, CE loss: 2.915, DL2 loss: 12.833
10, 22, 2.9155, 0.0014, 56.250, 93.750, 0.574, 0.715, 
[660] Train acc: 0.6562, Constr acc: 0.9375, CE loss: 1.309, DL2 loss: 3.518
10, 21, 1.3087, 0.0012, 65.625, 93.750, 0.649, 0.668, 
[675] Train acc: 0.5781, Constr acc: 0.7812, CE loss: 1.431, DL2 loss: 10.226
10, 20, 1.4313, 0.0011, 57.812, 95.312, 0.666, 0.572, 
[690] Train acc: 0.4844, Constr acc: 0.7500, CE loss: 2.105, DL2 loss: 11.157
10, 19, 2.1049, 0.0012, 48.438, 90.625, 0.554, 0.829, 
[705] Train acc: 0.3125, Constr acc: 0.8125, CE loss: 3.880, DL2 loss: 10.088
10, 18, 3.8795, 0.0013, 31.250, 87.500, 0.517, 0.588, 
[720] Train acc: 0.4531, Constr acc: 0.7812, CE loss: 2.056, DL2 loss: 10.618
10, 17, 2.0557, 0.0015, 45.312, 96.875, 0.498, 0.617, 
[735] Train acc: 0.4844, Constr acc: 0.6250, CE loss: 1.959, DL2 loss: 16.015
10, 16, 1.9593, 0.0018, 48.438, 92.188, 0.375, 1.000, 
[750] Train acc: 0.4219, Constr acc: 0.6250, CE loss: 2.340, DL2 loss: 12.663
10, 15, 2.3404, 0.0016, 42.188, 89.062, 0.392, 0.850, 
[765] Train acc: 0.2969, Constr acc: 0.6250, CE loss: 3.029, DL2 loss: 16.370
10, 14, 3.0286, 0.0016, 29.688, 95.312, 0.398, 0.568, 
[780] Train acc: 0.3906, Constr acc: 0.3750, CE loss: 3.006, DL2 loss: 28.378
10, 13, 3.0063, 0.0018, 39.062, 89.062, 0.319, 0.843, 
[795] Train acc: 0.3125, Constr acc: 0.4688, CE loss: 3.962, DL2 loss: 25.274
10, 12, 3.9625, 0.0020, 31.250, 87.500, 0.314, 0.799, 
[810] Train acc: 0.2812, Constr acc: 0.4375, CE loss: 3.602, DL2 loss: 28.164
10, 11, 3.6024, 0.0020, 28.125, 81.250, 0.300, 0.872, 
[825] Train acc: 0.1719, Constr acc: 0.4688, CE loss: 3.934, DL2 loss: 30.122
10, 10, 3.9338, 0.0022, 17.188, 73.438, 0.225, 0.682, 
[840] Train acc: 0.2344, Constr acc: 0.1250, CE loss: 2.006, DL2 loss: 49.625
10, 9, 2.0061, 0.0022, 23.438, 65.625, 0.195, 0.852, 
[855] Train acc: 0.2344, Constr acc: 0.1250, CE loss: 1.909, DL2 loss: 47.871
10, 8, 1.9086, 0.0021, 23.438, 75.000, 0.214, 0.653, 
[870] Train acc: 0.0625, Constr acc: 0.0000, CE loss: 2.448, DL2 loss: 70.525
10, 7, 2.4476, 0.0024, 6.250, 51.562, 0.101, 1.000, 
[885] Train acc: 0.1406, Constr acc: 0.0000, CE loss: 2.316, DL2 loss: 66.696
10, 6, 2.3164, 0.0024, 14.062, 56.250, 0.101, 0.930, 
[900] Train acc: 0.1250, Constr acc: 0.0000, CE loss: 2.345, DL2 loss: 68.665
10, 5, 2.3446, 0.0024, 12.500, 59.375, 0.101, 1.000, 
[915] Train acc: 0.1250, Constr acc: 0.0000, CE loss: 2.349, DL2 loss: 71.998
10, 4, 2.3490, 0.0024, 12.500, 53.125, 0.101, 0.848, 
[930] Train acc: 0.1094, Constr acc: 0.0000, CE loss: 2.399, DL2 loss: 67.815
10, 3, 2.3990, 0.0024, 10.938, 46.875, 0.101, 0.929, 
