main_allinputs_dl2.py --pruning=True --tensorboard=True --log-interval=15 --pruning_config=./configs/mnist_22_15.json --constraint RobustnessMany(eps1=5, eps2=2, eps3=20, eps4=8) --print-after-epoch=0 --dl2-weight=0.2 --delay=6
pruning_engine.load_mask(): did not find mask file, will load nothing
epoch, neuron_units, loss, dl2_loss, top1, top5, dl2_p_acc, dl2_constraint_acc
[0] Train acc: 0.1406
1, 252, 2.2927, 0.0023, 14.062, 59.375, 0.103, 1.000, 
[15] Train acc: 0.1875
1, 252, 2.2763, 0.0023, 18.750, 68.750, 0.103, 1.000, 
[30] Train acc: 0.3125
1, 252, 2.2343, 0.0023, 31.250, 75.000, 0.205, 1.000, 
[45] Train acc: 0.3594
1, 252, 2.1083, 0.0022, 35.938, 89.062, 0.408, 1.000, 
[60] Train acc: 0.5625
1, 252, 1.8079, 0.0021, 56.250, 90.625, 0.576, 1.000, 
[75] Train acc: 0.6719
1, 252, 1.1560, 0.0017, 67.188, 95.312, 0.646, 1.000, 
[90] Train acc: 0.6250
1, 252, 1.0569, 0.0015, 62.500, 98.438, 0.674, 1.000, 
[105] Train acc: 0.7031
1, 252, 0.8945, 0.0013, 70.312, 95.312, 0.730, 1.000, 
[120] Train acc: 0.8125
1, 252, 0.5999, 0.0011, 81.250, 98.438, 0.806, 1.000, 
[135] Train acc: 0.8594
1, 252, 0.3908, 0.0010, 85.938, 100.000, 0.854, 1.000, 
[150] Train acc: 0.8594
1, 252, 0.5338, 0.0010, 85.938, 100.000, 0.820, 1.000, 
[165] Train acc: 0.8281
1, 252, 0.5438, 0.0010, 82.812, 98.438, 0.764, 1.000, 
[180] Train acc: 0.9062
1, 252, 0.4400, 0.0009, 90.625, 98.438, 0.846, 1.000, 
[195] Train acc: 0.9062
1, 252, 0.2807, 0.0009, 90.625, 100.000, 0.848, 1.000, 
[210] Train acc: 0.9219
1, 252, 0.3620, 0.0009, 92.188, 98.438, 0.857, 1.000, 
[225] Train acc: 0.8906
1, 252, 0.3961, 0.0008, 89.062, 100.000, 0.886, 1.000, 
[240] Train acc: 0.8750
1, 252, 0.4191, 0.0008, 87.500, 98.438, 0.877, 1.000, 
[255] Train acc: 0.8281
1, 252, 0.4304, 0.0008, 82.812, 100.000, 0.853, 1.000, 
[270] Train acc: 0.9219
1, 252, 0.2301, 0.0008, 92.188, 100.000, 0.844, 1.000, 
[285] Train acc: 0.9375
1, 252, 0.2475, 0.0007, 93.750, 100.000, 0.920, 1.000, 
[300] Train acc: 0.9062
1, 252, 0.2684, 0.0007, 90.625, 100.000, 0.911, 1.000, 
[315] Train acc: 0.9375
1, 252, 0.2690, 0.0007, 93.750, 98.438, 0.921, 1.000, 
[330] Train acc: 0.9062
1, 252, 0.3765, 0.0007, 90.625, 98.438, 0.864, 1.000, 
[345] Train acc: 0.8594
1, 252, 0.4717, 0.0007, 85.938, 98.438, 0.908, 1.000, 
[360] Train acc: 0.8750
1, 252, 0.2840, 0.0007, 87.500, 100.000, 0.908, 1.000, 
[375] Train acc: 0.9375
1, 252, 0.1569, 0.0007, 93.750, 100.000, 0.922, 1.000, 
[390] Train acc: 0.9219
1, 252, 0.2107, 0.0006, 92.188, 100.000, 0.915, 1.000, 
[405] Train acc: 0.9375
1, 252, 0.1972, 0.0006, 93.750, 100.000, 0.917, 1.000, 
[420] Train acc: 0.9375
1, 252, 0.2407, 0.0006, 93.750, 100.000, 0.935, 1.000, 
[435] Train acc: 0.9219
1, 252, 0.2249, 0.0006, 92.188, 100.000, 0.934, 1.000, 
[450] Train acc: 0.9219
1, 252, 0.1830, 0.0006, 92.188, 100.000, 0.942, 1.000, 
[465] Train acc: 0.8906
1, 252, 0.3452, 0.0006, 89.062, 100.000, 0.912, 1.000, 
[480] Train acc: 1.0000
1, 252, 0.0759, 0.0006, 100.000, 100.000, 0.935, 1.000, 
[495] Train acc: 0.9531
1, 252, 0.1630, 0.0006, 95.312, 100.000, 0.947, 1.000, 
[510] Train acc: 0.9219
1, 252, 0.1678, 0.0005, 92.188, 100.000, 0.948, 1.000, 
[525] Train acc: 0.9531
1, 252, 0.1374, 0.0006, 95.312, 100.000, 0.945, 1.000, 
[540] Train acc: 0.9531
1, 252, 0.2549, 0.0006, 95.312, 98.438, 0.932, 1.000, 
[555] Train acc: 0.9688
1, 252, 0.1706, 0.0005, 96.875, 98.438, 0.953, 1.000, 
[570] Train acc: 0.9531
1, 252, 0.1493, 0.0005, 95.312, 100.000, 0.924, 1.000, 
[585] Train acc: 0.9844
1, 252, 0.0839, 0.0005, 98.438, 100.000, 0.950, 1.000, 
[600] Train acc: 0.9531
1, 252, 0.1911, 0.0005, 95.312, 100.000, 0.951, 1.000, 
[615] Train acc: 0.9531
1, 252, 0.1562, 0.0005, 95.312, 100.000, 0.951, 1.000, 
[630] Train acc: 0.9375
1, 252, 0.3316, 0.0005, 93.750, 100.000, 0.956, 1.000, 
[645] Train acc: 0.9688
1, 252, 0.1515, 0.0005, 96.875, 100.000, 0.956, 1.000, 
[660] Train acc: 0.9688
1, 252, 0.1340, 0.0005, 96.875, 100.000, 0.956, 1.000, 
[675] Train acc: 0.9219
1, 252, 0.1611, 0.0005, 92.188, 100.000, 0.956, 1.000, 
[690] Train acc: 0.9688
1, 252, 0.1636, 0.0005, 96.875, 98.438, 0.957, 1.000, 
[705] Train acc: 0.8906
1, 252, 0.3456, 0.0005, 89.062, 100.000, 0.951, 1.000, 
[720] Train acc: 1.0000
1, 252, 0.0531, 0.0005, 100.000, 100.000, 0.958, 1.000, 
[735] Train acc: 0.9375
1, 252, 0.1569, 0.0005, 93.750, 100.000, 0.957, 1.000, 
[750] Train acc: 0.9688
1, 252, 0.0697, 0.0005, 96.875, 100.000, 0.950, 1.000, 
[765] Train acc: 0.9062
1, 252, 0.2833, 0.0005, 90.625, 100.000, 0.946, 1.000, 
[780] Train acc: 0.9219
1, 252, 0.1946, 0.0005, 92.188, 100.000, 0.964, 1.000, 
[795] Train acc: 0.9375
1, 252, 0.1266, 0.0005, 93.750, 100.000, 0.960, 1.000, 
[810] Train acc: 1.0000
1, 252, 0.0542, 0.0005, 100.000, 100.000, 0.964, 1.000, 
[825] Train acc: 0.9531
1, 252, 0.1051, 0.0005, 95.312, 100.000, 0.960, 1.000, 
[840] Train acc: 0.9531
1, 252, 0.1322, 0.0005, 95.312, 100.000, 0.968, 1.000, 
[855] Train acc: 0.9375
1, 252, 0.1512, 0.0005, 93.750, 100.000, 0.942, 1.000, 
[870] Train acc: 0.9531
1, 252, 0.1509, 0.0004, 95.312, 100.000, 0.964, 1.000, 
[885] Train acc: 0.9375
1, 252, 0.1358, 0.0005, 93.750, 100.000, 0.959, 1.000, 
[900] Train acc: 0.9531
1, 252, 0.1066, 0.0004, 95.312, 100.000, 0.962, 1.000, 
[915] Train acc: 0.9375
1, 252, 0.1932, 0.0004, 93.750, 100.000, 0.960, 1.000, 
[930] Train acc: 0.9375
1, 252, 0.1555, 0.0004, 93.750, 100.000, 0.964, 1.000, 
[0] Train acc: 0.9531
2, 252, 0.1419, 0.0004, 95.312, 100.000, 0.963, 1.000, 
[15] Train acc: 0.9844
2, 252, 0.0728, 0.0004, 98.438, 100.000, 0.968, 1.000, 
[30] Train acc: 0.9688
2, 252, 0.0831, 0.0004, 96.875, 100.000, 0.955, 1.000, 
[45] Train acc: 0.9688
2, 252, 0.0926, 0.0004, 96.875, 100.000, 0.965, 1.000, 
[60] Train acc: 0.9844
2, 252, 0.0453, 0.0004, 98.438, 100.000, 0.963, 1.000, 
[75] Train acc: 0.9688
2, 252, 0.1387, 0.0004, 96.875, 100.000, 0.966, 1.000, 
[90] Train acc: 0.9375
2, 252, 0.3302, 0.0004, 93.750, 100.000, 0.967, 1.000, 
[105] Train acc: 0.9844
2, 252, 0.0469, 0.0004, 98.438, 100.000, 0.969, 1.000, 
[120] Train acc: 0.9844
2, 252, 0.0899, 0.0004, 98.438, 100.000, 0.970, 1.000, 
[135] Train acc: 0.9688
2, 252, 0.1524, 0.0004, 96.875, 100.000, 0.963, 1.000, 
[150] Train acc: 0.9531
2, 252, 0.0857, 0.0004, 95.312, 100.000, 0.967, 1.000, 
[165] Train acc: 0.9844
2, 252, 0.0723, 0.0004, 98.438, 100.000, 0.968, 1.000, 
[180] Train acc: 0.9531
2, 252, 0.0809, 0.0004, 95.312, 100.000, 0.967, 1.000, 
[195] Train acc: 0.9844
2, 252, 0.0929, 0.0004, 98.438, 100.000, 0.960, 1.000, 
[210] Train acc: 0.9688
2, 252, 0.0649, 0.0004, 96.875, 100.000, 0.973, 1.000, 
[225] Train acc: 0.9531
2, 252, 0.1443, 0.0004, 95.312, 100.000, 0.966, 1.000, 
[240] Train acc: 0.9531
2, 252, 0.1491, 0.0004, 95.312, 100.000, 0.966, 1.000, 
[255] Train acc: 1.0000
2, 252, 0.0272, 0.0004, 100.000, 100.000, 0.968, 1.000, 
[270] Train acc: 0.9844
2, 252, 0.0611, 0.0003, 98.438, 100.000, 0.973, 1.000, 
[285] Train acc: 0.9844
2, 252, 0.0364, 0.0003, 98.438, 100.000, 0.975, 1.000, 
[300] Train acc: 0.9688
2, 252, 0.0821, 0.0004, 96.875, 100.000, 0.969, 1.000, 
[315] Train acc: 0.9375
2, 252, 0.1149, 0.0004, 93.750, 100.000, 0.975, 1.000, 
[330] Train acc: 0.9688
2, 252, 0.0534, 0.0004, 96.875, 100.000, 0.968, 1.000, 
[345] Train acc: 0.9531
2, 252, 0.2329, 0.0004, 95.312, 100.000, 0.976, 1.000, 
[360] Train acc: 0.9688
2, 252, 0.0643, 0.0004, 96.875, 100.000, 0.962, 1.000, 
[375] Train acc: 0.9688
2, 252, 0.1032, 0.0004, 96.875, 100.000, 0.976, 1.000, 
[390] Train acc: 0.9844
2, 252, 0.0273, 0.0004, 98.438, 100.000, 0.975, 1.000, 
[405] Train acc: 0.9844
2, 252, 0.0432, 0.0004, 98.438, 100.000, 0.968, 1.000, 
[420] Train acc: 0.9844
2, 252, 0.0258, 0.0003, 98.438, 100.000, 0.976, 1.000, 
[435] Train acc: 0.9844
2, 252, 0.0375, 0.0004, 98.438, 100.000, 0.977, 1.000, 
[450] Train acc: 0.9844
2, 252, 0.0817, 0.0003, 98.438, 100.000, 0.974, 1.000, 
[465] Train acc: 0.9688
2, 252, 0.0876, 0.0004, 96.875, 100.000, 0.972, 1.000, 
[480] Train acc: 0.9688
2, 252, 0.0873, 0.0004, 96.875, 100.000, 0.969, 1.000, 
[495] Train acc: 0.9531
2, 252, 0.1178, 0.0004, 95.312, 100.000, 0.972, 1.000, 
[510] Train acc: 1.0000
2, 252, 0.0177, 0.0004, 100.000, 100.000, 0.974, 1.000, 
[525] Train acc: 0.9688
2, 252, 0.1225, 0.0004, 96.875, 100.000, 0.978, 1.000, 
[540] Train acc: 0.9688
2, 252, 0.0677, 0.0004, 96.875, 100.000, 0.977, 1.000, 
[555] Train acc: 1.0000
2, 252, 0.0318, 0.0004, 100.000, 100.000, 0.977, 1.000, 
[570] Train acc: 0.9531
2, 252, 0.1975, 0.0004, 95.312, 100.000, 0.971, 1.000, 
[585] Train acc: 1.0000
2, 252, 0.0184, 0.0004, 100.000, 100.000, 0.964, 1.000, 
[600] Train acc: 0.9531
2, 252, 0.1874, 0.0004, 95.312, 100.000, 0.964, 1.000, 
[615] Train acc: 0.9531
2, 252, 0.1911, 0.0004, 95.312, 100.000, 0.974, 1.000, 
[630] Train acc: 0.9844
2, 252, 0.0757, 0.0004, 98.438, 100.000, 0.970, 1.000, 
[645] Train acc: 0.9062
2, 252, 0.2339, 0.0003, 90.625, 100.000, 0.980, 1.000, 
[660] Train acc: 0.9844
2, 252, 0.0507, 0.0003, 98.438, 100.000, 0.977, 1.000, 
[675] Train acc: 0.9844
2, 252, 0.0637, 0.0003, 98.438, 100.000, 0.978, 1.000, 
[690] Train acc: 0.9688
2, 252, 0.0459, 0.0003, 96.875, 100.000, 0.975, 1.000, 
[705] Train acc: 0.9844
2, 252, 0.0947, 0.0003, 98.438, 100.000, 0.970, 1.000, 
[720] Train acc: 0.9688
2, 252, 0.0641, 0.0003, 96.875, 100.000, 0.977, 1.000, 
[735] Train acc: 0.9844
2, 252, 0.1057, 0.0003, 98.438, 100.000, 0.959, 1.000, 
[750] Train acc: 1.0000
2, 252, 0.0183, 0.0003, 100.000, 100.000, 0.978, 1.000, 
[765] Train acc: 1.0000
2, 252, 0.0371, 0.0003, 100.000, 100.000, 0.978, 1.000, 
[780] Train acc: 0.9844
2, 252, 0.0421, 0.0003, 98.438, 100.000, 0.974, 1.000, 
[795] Train acc: 0.9688
2, 252, 0.0918, 0.0003, 96.875, 100.000, 0.976, 1.000, 
[810] Train acc: 0.9688
2, 252, 0.0796, 0.0003, 96.875, 100.000, 0.976, 1.000, 
[825] Train acc: 0.9375
2, 252, 0.2884, 0.0003, 93.750, 100.000, 0.979, 1.000, 
[840] Train acc: 1.0000
2, 252, 0.0218, 0.0003, 100.000, 100.000, 0.975, 1.000, 
[855] Train acc: 1.0000
2, 252, 0.0167, 0.0003, 100.000, 100.000, 0.980, 1.000, 
[870] Train acc: 0.9844
2, 252, 0.0273, 0.0003, 98.438, 100.000, 0.978, 1.000, 
[885] Train acc: 0.9688
2, 252, 0.0610, 0.0003, 96.875, 100.000, 0.977, 1.000, 
[900] Train acc: 0.9375
2, 252, 0.1101, 0.0003, 93.750, 100.000, 0.978, 1.000, 
[915] Train acc: 0.9844
2, 252, 0.0516, 0.0003, 98.438, 100.000, 0.981, 1.000, 
[930] Train acc: 0.9688
2, 252, 0.1069, 0.0003, 96.875, 100.000, 0.971, 1.000, 
[0] Train acc: 0.9688
3, 252, 0.1489, 0.0003, 96.875, 100.000, 0.969, 1.000, 
[15] Train acc: 1.0000
3, 252, 0.0289, 0.0003, 100.000, 100.000, 0.981, 1.000, 
[30] Train acc: 0.9844
3, 252, 0.0524, 0.0003, 98.438, 100.000, 0.977, 1.000, 
[45] Train acc: 0.9688
3, 252, 0.0788, 0.0004, 96.875, 100.000, 0.970, 1.000, 
[60] Train acc: 1.0000
3, 252, 0.0204, 0.0003, 100.000, 100.000, 0.981, 1.000, 
[75] Train acc: 0.9531
3, 252, 0.1291, 0.0003, 95.312, 100.000, 0.969, 1.000, 
[90] Train acc: 0.9688
3, 252, 0.0700, 0.0003, 96.875, 100.000, 0.975, 1.000, 
[105] Train acc: 1.0000
3, 252, 0.0225, 0.0003, 100.000, 100.000, 0.981, 1.000, 
[120] Train acc: 1.0000
3, 252, 0.0228, 0.0003, 100.000, 100.000, 0.979, 1.000, 
[135] Train acc: 0.9531
3, 252, 0.0802, 0.0003, 95.312, 100.000, 0.981, 1.000, 
[150] Train acc: 1.0000
3, 252, 0.0099, 0.0003, 100.000, 100.000, 0.974, 1.000, 
[165] Train acc: 0.9688
3, 252, 0.1813, 0.0003, 96.875, 100.000, 0.982, 1.000, 
[180] Train acc: 0.9531
3, 252, 0.1139, 0.0003, 95.312, 100.000, 0.980, 1.000, 
[195] Train acc: 0.9844
3, 252, 0.0672, 0.0003, 98.438, 100.000, 0.977, 1.000, 
[210] Train acc: 0.9688
3, 252, 0.0690, 0.0003, 96.875, 100.000, 0.971, 1.000, 
[225] Train acc: 1.0000
3, 252, 0.0137, 0.0003, 100.000, 100.000, 0.982, 1.000, 
[240] Train acc: 0.9688
3, 252, 0.0634, 0.0003, 96.875, 100.000, 0.979, 1.000, 
[255] Train acc: 0.9844
3, 252, 0.0525, 0.0003, 98.438, 100.000, 0.973, 1.000, 
[270] Train acc: 0.9531
3, 252, 0.1225, 0.0003, 95.312, 100.000, 0.982, 1.000, 
[285] Train acc: 0.9688
3, 252, 0.0596, 0.0003, 96.875, 100.000, 0.984, 1.000, 
[300] Train acc: 0.9844
3, 252, 0.0657, 0.0003, 98.438, 100.000, 0.980, 1.000, 
[315] Train acc: 0.9688
3, 252, 0.1433, 0.0003, 96.875, 100.000, 0.983, 1.000, 
[330] Train acc: 0.9531
3, 252, 0.1233, 0.0003, 95.312, 100.000, 0.978, 1.000, 
[345] Train acc: 1.0000
3, 252, 0.0148, 0.0003, 100.000, 100.000, 0.982, 1.000, 
[360] Train acc: 0.9844
3, 252, 0.0623, 0.0003, 98.438, 100.000, 0.979, 1.000, 
[375] Train acc: 1.0000
3, 252, 0.0419, 0.0003, 100.000, 100.000, 0.976, 1.000, 
[390] Train acc: 0.9375
3, 252, 0.2216, 0.0003, 93.750, 100.000, 0.967, 1.000, 
[405] Train acc: 0.9844
3, 252, 0.0486, 0.0003, 98.438, 100.000, 0.982, 1.000, 
[420] Train acc: 1.0000
3, 252, 0.0293, 0.0003, 100.000, 100.000, 0.983, 1.000, 
[435] Train acc: 0.9844
3, 252, 0.0260, 0.0003, 98.438, 100.000, 0.974, 1.000, 
[450] Train acc: 0.9844
3, 252, 0.0510, 0.0003, 98.438, 100.000, 0.979, 1.000, 
[465] Train acc: 0.9844
3, 252, 0.0471, 0.0003, 98.438, 100.000, 0.982, 1.000, 
[480] Train acc: 0.9844
3, 252, 0.1269, 0.0003, 98.438, 100.000, 0.982, 1.000, 
[495] Train acc: 0.9688
3, 252, 0.0567, 0.0003, 96.875, 100.000, 0.983, 1.000, 
[510] Train acc: 0.9531
3, 252, 0.0854, 0.0003, 95.312, 100.000, 0.982, 1.000, 
[525] Train acc: 0.9531
3, 252, 0.1040, 0.0003, 95.312, 100.000, 0.984, 1.000, 
[540] Train acc: 1.0000
3, 252, 0.0216, 0.0003, 100.000, 100.000, 0.982, 1.000, 
[555] Train acc: 0.9531
3, 252, 0.1553, 0.0003, 95.312, 100.000, 0.985, 1.000, 
[570] Train acc: 0.9844
3, 252, 0.0607, 0.0003, 98.438, 100.000, 0.978, 1.000, 
[585] Train acc: 1.0000
3, 252, 0.0113, 0.0003, 100.000, 100.000, 0.983, 1.000, 
[600] Train acc: 0.9375
3, 252, 0.1608, 0.0003, 93.750, 98.438, 0.980, 1.000, 
[615] Train acc: 0.9531
3, 252, 0.1858, 0.0003, 95.312, 100.000, 0.983, 1.000, 
[630] Train acc: 1.0000
3, 252, 0.0248, 0.0003, 100.000, 100.000, 0.983, 1.000, 
[645] Train acc: 0.9688
3, 252, 0.2095, 0.0003, 96.875, 100.000, 0.983, 1.000, 
[660] Train acc: 1.0000
3, 252, 0.0344, 0.0003, 100.000, 100.000, 0.983, 1.000, 
[675] Train acc: 1.0000
3, 252, 0.0165, 0.0003, 100.000, 100.000, 0.984, 1.000, 
[690] Train acc: 0.9844
3, 252, 0.0297, 0.0003, 98.438, 100.000, 0.984, 1.000, 
[705] Train acc: 1.0000
3, 252, 0.0265, 0.0003, 100.000, 100.000, 0.982, 1.000, 
[720] Train acc: 0.9844
3, 252, 0.0475, 0.0003, 98.438, 100.000, 0.983, 1.000, 
[735] Train acc: 0.9844
3, 252, 0.0325, 0.0003, 98.438, 100.000, 0.983, 1.000, 
[750] Train acc: 1.0000
3, 252, 0.0210, 0.0003, 100.000, 100.000, 0.985, 1.000, 
[765] Train acc: 1.0000
3, 252, 0.0205, 0.0003, 100.000, 100.000, 0.981, 1.000, 
[780] Train acc: 0.9531
3, 252, 0.1131, 0.0003, 95.312, 100.000, 0.983, 1.000, 
[795] Train acc: 0.9688
3, 252, 0.0429, 0.0003, 96.875, 100.000, 0.982, 1.000, 
[810] Train acc: 1.0000
3, 252, 0.0081, 0.0003, 100.000, 100.000, 0.978, 1.000, 
[825] Train acc: 1.0000
3, 252, 0.0135, 0.0002, 100.000, 100.000, 0.984, 1.000, 
[840] Train acc: 0.9531
3, 252, 0.0637, 0.0003, 95.312, 100.000, 0.981, 1.000, 
[855] Train acc: 1.0000
3, 252, 0.0079, 0.0003, 100.000, 100.000, 0.977, 1.000, 
[870] Train acc: 1.0000
3, 252, 0.0084, 0.0003, 100.000, 100.000, 0.982, 1.000, 
[885] Train acc: 1.0000
3, 252, 0.0130, 0.0003, 100.000, 100.000, 0.982, 1.000, 
[900] Train acc: 0.9844
3, 252, 0.0273, 0.0003, 98.438, 100.000, 0.981, 1.000, 
[915] Train acc: 0.9531
3, 252, 0.2454, 0.0003, 95.312, 100.000, 0.984, 1.000, 
[930] Train acc: 0.9844
3, 252, 0.0700, 0.0003, 98.438, 100.000, 0.987, 1.000, 
[0] Train acc: 0.9844
4, 252, 0.0492, 0.0003, 98.438, 100.000, 0.985, 1.000, 
[15] Train acc: 1.0000
4, 252, 0.0252, 0.0003, 100.000, 100.000, 0.984, 1.000, 
[30] Train acc: 0.9844
4, 252, 0.0465, 0.0003, 98.438, 100.000, 0.981, 1.000, 
[45] Train acc: 1.0000
4, 252, 0.0069, 0.0003, 100.000, 100.000, 0.985, 1.000, 
[60] Train acc: 1.0000
4, 252, 0.0200, 0.0003, 100.000, 100.000, 0.985, 1.000, 
[75] Train acc: 1.0000
4, 252, 0.0442, 0.0003, 100.000, 100.000, 0.973, 1.000, 
[90] Train acc: 0.9844
4, 252, 0.0424, 0.0002, 98.438, 100.000, 0.986, 1.000, 
[105] Train acc: 1.0000
4, 252, 0.0098, 0.0002, 100.000, 100.000, 0.984, 1.000, 
[120] Train acc: 0.9844
4, 252, 0.0582, 0.0003, 98.438, 100.000, 0.982, 1.000, 
[135] Train acc: 0.9844
4, 252, 0.0365, 0.0003, 98.438, 100.000, 0.985, 1.000, 
[150] Train acc: 0.9688
4, 252, 0.0530, 0.0003, 96.875, 100.000, 0.986, 1.000, 
[165] Train acc: 1.0000
4, 252, 0.0181, 0.0003, 100.000, 100.000, 0.983, 1.000, 
[180] Train acc: 0.9844
4, 252, 0.1068, 0.0002, 98.438, 100.000, 0.985, 1.000, 
[195] Train acc: 1.0000
4, 252, 0.0065, 0.0002, 100.000, 100.000, 0.984, 1.000, 
[210] Train acc: 0.9688
4, 252, 0.1149, 0.0003, 96.875, 100.000, 0.980, 1.000, 
[225] Train acc: 0.9844
4, 252, 0.0266, 0.0003, 98.438, 100.000, 0.984, 1.000, 
[240] Train acc: 1.0000
4, 252, 0.0188, 0.0003, 100.000, 100.000, 0.983, 1.000, 
[255] Train acc: 0.9844
4, 252, 0.1269, 0.0003, 98.438, 98.438, 0.984, 1.000, 
[270] Train acc: 1.0000
4, 252, 0.0097, 0.0002, 100.000, 100.000, 0.986, 1.000, 
[285] Train acc: 0.9844
4, 252, 0.0872, 0.0002, 98.438, 100.000, 0.986, 1.000, 
[300] Train acc: 1.0000
4, 252, 0.0138, 0.0003, 100.000, 100.000, 0.981, 1.000, 
[315] Train acc: 1.0000
4, 252, 0.0184, 0.0003, 100.000, 100.000, 0.985, 1.000, 
[330] Train acc: 1.0000
4, 252, 0.0371, 0.0003, 100.000, 100.000, 0.985, 1.000, 
[345] Train acc: 0.9531
4, 252, 0.0905, 0.0003, 95.312, 100.000, 0.983, 1.000, 
[360] Train acc: 0.9688
4, 252, 0.0696, 0.0003, 96.875, 100.000, 0.980, 1.000, 
[375] Train acc: 1.0000
4, 252, 0.0083, 0.0003, 100.000, 100.000, 0.987, 1.000, 
[390] Train acc: 1.0000
4, 252, 0.0169, 0.0003, 100.000, 100.000, 0.985, 1.000, 
[405] Train acc: 1.0000
4, 252, 0.0087, 0.0003, 100.000, 100.000, 0.983, 1.000, 
[420] Train acc: 0.9688
4, 252, 0.0532, 0.0003, 96.875, 100.000, 0.983, 1.000, 
[435] Train acc: 0.9688
4, 252, 0.0706, 0.0003, 96.875, 100.000, 0.984, 1.000, 
[450] Train acc: 0.9844
4, 252, 0.0191, 0.0003, 98.438, 100.000, 0.983, 1.000, 
[465] Train acc: 0.9844
4, 252, 0.0746, 0.0002, 98.438, 100.000, 0.986, 1.000, 
[480] Train acc: 0.9688
4, 252, 0.0676, 0.0002, 96.875, 100.000, 0.984, 1.000, 
[495] Train acc: 0.9844
4, 252, 0.0458, 0.0003, 98.438, 100.000, 0.986, 1.000, 
[510] Train acc: 0.9688
4, 252, 0.0589, 0.0002, 96.875, 100.000, 0.986, 1.000, 
[525] Train acc: 1.0000
4, 252, 0.0050, 0.0002, 100.000, 100.000, 0.985, 1.000, 
[540] Train acc: 1.0000
4, 252, 0.0088, 0.0003, 100.000, 100.000, 0.979, 1.000, 
[555] Train acc: 0.9844
4, 252, 0.0708, 0.0002, 98.438, 100.000, 0.984, 1.000, 
[570] Train acc: 1.0000
4, 252, 0.0223, 0.0003, 100.000, 100.000, 0.982, 1.000, 
[585] Train acc: 0.9531
4, 252, 0.1069, 0.0002, 95.312, 100.000, 0.986, 1.000, 
[600] Train acc: 1.0000
4, 252, 0.0118, 0.0002, 100.000, 100.000, 0.986, 1.000, 
[615] Train acc: 0.9844
4, 252, 0.0314, 0.0002, 98.438, 100.000, 0.986, 1.000, 
[630] Train acc: 0.9531
4, 252, 0.1357, 0.0002, 95.312, 100.000, 0.983, 1.000, 
[645] Train acc: 1.0000
4, 252, 0.0155, 0.0002, 100.000, 100.000, 0.984, 1.000, 
[660] Train acc: 1.0000
4, 252, 0.0163, 0.0002, 100.000, 100.000, 0.987, 1.000, 
[675] Train acc: 0.9688
4, 252, 0.0475, 0.0002, 96.875, 100.000, 0.985, 1.000, 
[690] Train acc: 0.9844
4, 252, 0.0805, 0.0002, 98.438, 100.000, 0.984, 1.000, 
[705] Train acc: 1.0000
4, 252, 0.0358, 0.0002, 100.000, 100.000, 0.986, 1.000, 
[720] Train acc: 0.9844
4, 252, 0.0912, 0.0002, 98.438, 100.000, 0.983, 1.000, 
[735] Train acc: 1.0000
4, 252, 0.0193, 0.0002, 100.000, 100.000, 0.981, 1.000, 
[750] Train acc: 1.0000
4, 252, 0.0035, 0.0002, 100.000, 100.000, 0.984, 1.000, 
[765] Train acc: 0.9375
4, 252, 0.1056, 0.0002, 93.750, 100.000, 0.983, 1.000, 
[780] Train acc: 0.9688
4, 252, 0.0596, 0.0002, 96.875, 100.000, 0.985, 1.000, 
[795] Train acc: 0.9531
4, 252, 0.1130, 0.0002, 95.312, 100.000, 0.983, 1.000, 
[810] Train acc: 0.9844
4, 252, 0.0195, 0.0002, 98.438, 100.000, 0.985, 1.000, 
[825] Train acc: 0.9688
4, 252, 0.0343, 0.0002, 96.875, 100.000, 0.985, 1.000, 
[840] Train acc: 1.0000
4, 252, 0.0193, 0.0002, 100.000, 100.000, 0.985, 1.000, 
[855] Train acc: 1.0000
4, 252, 0.0029, 0.0002, 100.000, 100.000, 0.985, 1.000, 
[870] Train acc: 0.9844
4, 252, 0.0470, 0.0003, 98.438, 100.000, 0.983, 1.000, 
[885] Train acc: 1.0000
4, 252, 0.0200, 0.0002, 100.000, 100.000, 0.983, 1.000, 
[900] Train acc: 0.9844
4, 252, 0.0475, 0.0003, 98.438, 100.000, 0.980, 1.000, 
[915] Train acc: 1.0000
4, 252, 0.0056, 0.0002, 100.000, 100.000, 0.987, 1.000, 
[930] Train acc: 0.9688
4, 252, 0.1391, 0.0002, 96.875, 100.000, 0.987, 1.000, 
[0] Train acc: 0.9531
5, 252, 0.1102, 0.0003, 95.312, 100.000, 0.983, 1.000, 
[15] Train acc: 0.9844
5, 252, 0.0720, 0.0002, 98.438, 100.000, 0.987, 1.000, 
[30] Train acc: 1.0000
5, 252, 0.0294, 0.0002, 100.000, 100.000, 0.987, 1.000, 
[45] Train acc: 0.9531
5, 252, 0.1029, 0.0002, 95.312, 100.000, 0.985, 1.000, 
[60] Train acc: 1.0000
5, 252, 0.0252, 0.0002, 100.000, 100.000, 0.983, 1.000, 
[75] Train acc: 0.9844
5, 252, 0.0287, 0.0002, 98.438, 100.000, 0.987, 1.000, 
[90] Train acc: 0.9531
5, 252, 0.1605, 0.0003, 95.312, 100.000, 0.984, 1.000, 
[105] Train acc: 0.9844
5, 252, 0.0386, 0.0002, 98.438, 100.000, 0.986, 1.000, 
[120] Train acc: 1.0000
5, 252, 0.0022, 0.0002, 100.000, 100.000, 0.985, 1.000, 
[135] Train acc: 0.9844
5, 252, 0.0400, 0.0002, 98.438, 100.000, 0.988, 1.000, 
[150] Train acc: 1.0000
5, 252, 0.0239, 0.0002, 100.000, 100.000, 0.988, 1.000, 
[165] Train acc: 0.9844
5, 252, 0.0322, 0.0002, 98.438, 100.000, 0.984, 1.000, 
[180] Train acc: 1.0000
5, 252, 0.0168, 0.0002, 100.000, 100.000, 0.986, 1.000, 
[195] Train acc: 0.9844
5, 252, 0.0289, 0.0002, 98.438, 100.000, 0.985, 1.000, 
[210] Train acc: 0.9688
5, 252, 0.2134, 0.0002, 96.875, 98.438, 0.986, 1.000, 
[225] Train acc: 0.9688
5, 252, 0.0581, 0.0002, 96.875, 100.000, 0.981, 1.000, 
[240] Train acc: 0.9844
5, 252, 0.0447, 0.0002, 98.438, 100.000, 0.987, 1.000, 
[255] Train acc: 0.9844
5, 252, 0.0388, 0.0002, 98.438, 100.000, 0.986, 1.000, 
[270] Train acc: 1.0000
5, 252, 0.0078, 0.0003, 100.000, 100.000, 0.983, 1.000, 
[285] Train acc: 0.9844
5, 252, 0.0373, 0.0002, 98.438, 100.000, 0.986, 1.000, 
[300] Train acc: 0.9688
5, 252, 0.0721, 0.0002, 96.875, 100.000, 0.986, 1.000, 
[315] Train acc: 0.9688
5, 252, 0.0610, 0.0002, 96.875, 100.000, 0.985, 1.000, 
[330] Train acc: 1.0000
5, 252, 0.0311, 0.0002, 100.000, 100.000, 0.985, 1.000, 
[345] Train acc: 1.0000
5, 252, 0.0053, 0.0002, 100.000, 100.000, 0.986, 1.000, 
[360] Train acc: 1.0000
5, 252, 0.0069, 0.0002, 100.000, 100.000, 0.988, 1.000, 
[375] Train acc: 1.0000
5, 252, 0.0180, 0.0002, 100.000, 100.000, 0.985, 1.000, 
[390] Train acc: 0.9844
5, 252, 0.0299, 0.0002, 98.438, 100.000, 0.987, 1.000, 
[405] Train acc: 0.9688
5, 252, 0.0394, 0.0002, 96.875, 100.000, 0.986, 1.000, 
[420] Train acc: 0.9844
5, 252, 0.0280, 0.0002, 98.438, 100.000, 0.987, 1.000, 
[435] Train acc: 0.9844
5, 252, 0.0364, 0.0002, 98.438, 100.000, 0.986, 1.000, 
[450] Train acc: 0.9688
5, 252, 0.0735, 0.0002, 96.875, 100.000, 0.987, 1.000, 
[465] Train acc: 0.9531
5, 252, 0.2302, 0.0003, 95.312, 100.000, 0.986, 1.000, 
[480] Train acc: 1.0000
5, 252, 0.0074, 0.0002, 100.000, 100.000, 0.985, 1.000, 
[495] Train acc: 0.9688
5, 252, 0.0723, 0.0003, 96.875, 100.000, 0.986, 1.000, 
[510] Train acc: 0.9531
5, 252, 0.0750, 0.0002, 95.312, 100.000, 0.987, 1.000, 
[525] Train acc: 0.9688
5, 252, 0.0753, 0.0002, 96.875, 100.000, 0.988, 1.000, 
[540] Train acc: 0.9688
5, 252, 0.1275, 0.0002, 96.875, 100.000, 0.988, 1.000, 
[555] Train acc: 0.9844
5, 252, 0.0237, 0.0002, 98.438, 100.000, 0.989, 1.000, 
[570] Train acc: 1.0000
5, 252, 0.0092, 0.0002, 100.000, 100.000, 0.987, 1.000, 
[585] Train acc: 1.0000
5, 252, 0.0076, 0.0002, 100.000, 100.000, 0.985, 1.000, 
[600] Train acc: 1.0000
5, 252, 0.0149, 0.0002, 100.000, 100.000, 0.986, 1.000, 
[615] Train acc: 0.9844
5, 252, 0.0203, 0.0002, 98.438, 100.000, 0.988, 1.000, 
[630] Train acc: 0.9375
5, 252, 0.1450, 0.0002, 93.750, 100.000, 0.988, 1.000, 
[645] Train acc: 1.0000
5, 252, 0.0040, 0.0002, 100.000, 100.000, 0.987, 1.000, 
[660] Train acc: 1.0000
5, 252, 0.0038, 0.0002, 100.000, 100.000, 0.987, 1.000, 
[675] Train acc: 1.0000
5, 252, 0.0193, 0.0002, 100.000, 100.000, 0.987, 1.000, 
[690] Train acc: 1.0000
5, 252, 0.0028, 0.0002, 100.000, 100.000, 0.987, 1.000, 
[705] Train acc: 1.0000
5, 252, 0.0094, 0.0002, 100.000, 100.000, 0.988, 1.000, 
[720] Train acc: 0.9844
5, 252, 0.0522, 0.0002, 98.438, 100.000, 0.988, 1.000, 
[735] Train acc: 0.9844
5, 252, 0.0574, 0.0002, 98.438, 100.000, 0.988, 1.000, 
[750] Train acc: 1.0000
5, 252, 0.0062, 0.0002, 100.000, 100.000, 0.986, 1.000, 
[765] Train acc: 0.9844
5, 252, 0.0172, 0.0002, 98.438, 100.000, 0.984, 1.000, 
[780] Train acc: 0.9531
5, 252, 0.2520, 0.0002, 95.312, 100.000, 0.987, 1.000, 
[795] Train acc: 0.9688
5, 252, 0.0624, 0.0002, 96.875, 100.000, 0.988, 1.000, 
[810] Train acc: 0.9844
5, 252, 0.0244, 0.0002, 98.438, 100.000, 0.986, 1.000, 
[825] Train acc: 1.0000
5, 252, 0.0097, 0.0002, 100.000, 100.000, 0.986, 1.000, 
[840] Train acc: 0.9844
5, 252, 0.0248, 0.0002, 98.438, 100.000, 0.988, 1.000, 
[855] Train acc: 1.0000
5, 252, 0.0125, 0.0002, 100.000, 100.000, 0.985, 1.000, 
[870] Train acc: 0.9688
5, 252, 0.1250, 0.0002, 96.875, 100.000, 0.980, 1.000, 
[885] Train acc: 1.0000
5, 252, 0.0025, 0.0002, 100.000, 100.000, 0.988, 1.000, 
[900] Train acc: 1.0000
5, 252, 0.0236, 0.0002, 100.000, 100.000, 0.987, 1.000, 
[915] Train acc: 0.9844
5, 252, 0.0192, 0.0002, 98.438, 100.000, 0.987, 1.000, 
[930] Train acc: 0.9844
5, 252, 0.0358, 0.0003, 98.438, 100.000, 0.984, 1.000, 
[0] Train acc: 1.0000
6, 252, 0.0100, 0.0002, 100.000, 100.000, 0.986, 1.000, 
[15] Train acc: 1.0000
6, 252, 0.0078, 0.0002, 100.000, 100.000, 0.990, 1.000, 
[30] Train acc: 0.9844
6, 252, 0.0399, 0.0002, 98.438, 100.000, 0.986, 1.000, 
[45] Train acc: 1.0000
6, 252, 0.0039, 0.0002, 100.000, 100.000, 0.989, 1.000, 
[60] Train acc: 0.9844
6, 252, 0.0358, 0.0002, 98.438, 100.000, 0.987, 1.000, 
[75] Train acc: 1.0000
6, 252, 0.0224, 0.0002, 100.000, 100.000, 0.987, 1.000, 
[90] Train acc: 1.0000
6, 252, 0.0267, 0.0002, 100.000, 100.000, 0.988, 1.000, 
[105] Train acc: 0.9844
6, 252, 0.0392, 0.0002, 98.438, 100.000, 0.987, 1.000, 
[120] Train acc: 0.9844
6, 252, 0.0495, 0.0002, 98.438, 100.000, 0.988, 1.000, 
[135] Train acc: 1.0000
6, 252, 0.0039, 0.0002, 100.000, 100.000, 0.989, 1.000, 
[150] Train acc: 1.0000
6, 252, 0.0166, 0.0002, 100.000, 100.000, 0.985, 1.000, 
[165] Train acc: 1.0000
6, 252, 0.0103, 0.0002, 100.000, 100.000, 0.986, 1.000, 
[180] Train acc: 1.0000
6, 252, 0.0103, 0.0002, 100.000, 100.000, 0.988, 1.000, 
[195] Train acc: 0.9688
6, 252, 0.0573, 0.0002, 96.875, 100.000, 0.987, 1.000, 
[210] Train acc: 0.9844
6, 252, 0.0431, 0.0002, 98.438, 100.000, 0.987, 1.000, 
[225] Train acc: 0.9688
6, 252, 0.0422, 0.0002, 96.875, 100.000, 0.989, 1.000, 
[240] Train acc: 1.0000
6, 252, 0.0054, 0.0002, 100.000, 100.000, 0.986, 1.000, 
[255] Train acc: 0.9844
6, 252, 0.0919, 0.0002, 98.438, 100.000, 0.986, 1.000, 
[270] Train acc: 1.0000
6, 252, 0.0132, 0.0002, 100.000, 100.000, 0.987, 1.000, 
[285] Train acc: 0.9688
6, 252, 0.1043, 0.0002, 96.875, 100.000, 0.988, 1.000, 
[300] Train acc: 0.9844
6, 252, 0.1036, 0.0002, 98.438, 100.000, 0.985, 1.000, 
[315] Train acc: 1.0000
6, 252, 0.0044, 0.0002, 100.000, 100.000, 0.988, 1.000, 
[330] Train acc: 1.0000
6, 252, 0.0161, 0.0002, 100.000, 100.000, 0.988, 1.000, 
[345] Train acc: 0.9688
6, 252, 0.1493, 0.0002, 96.875, 100.000, 0.989, 1.000, 
[360] Train acc: 0.9844
6, 252, 0.0295, 0.0002, 98.438, 100.000, 0.989, 1.000, 
[375] Train acc: 0.9844
6, 252, 0.0457, 0.0002, 98.438, 100.000, 0.985, 1.000, 
[390] Train acc: 0.9844
6, 252, 0.0532, 0.0002, 98.438, 100.000, 0.987, 1.000, 
[405] Train acc: 0.9844
6, 252, 0.0209, 0.0002, 98.438, 100.000, 0.985, 1.000, 
[420] Train acc: 1.0000
6, 252, 0.0041, 0.0002, 100.000, 100.000, 0.985, 1.000, 
[435] Train acc: 1.0000
6, 252, 0.0039, 0.0002, 100.000, 100.000, 0.987, 1.000, 
[450] Train acc: 1.0000
6, 252, 0.0092, 0.0002, 100.000, 100.000, 0.987, 1.000, 
[465] Train acc: 0.9844
6, 252, 0.0293, 0.0002, 98.438, 100.000, 0.989, 1.000, 
[480] Train acc: 1.0000
6, 252, 0.0078, 0.0002, 100.000, 100.000, 0.988, 1.000, 
[495] Train acc: 1.0000
6, 252, 0.0118, 0.0002, 100.000, 100.000, 0.987, 1.000, 
[510] Train acc: 0.9688
6, 252, 0.1119, 0.0002, 96.875, 100.000, 0.987, 1.000, 
[525] Train acc: 0.9688
6, 252, 0.0495, 0.0002, 96.875, 100.000, 0.991, 1.000, 
[540] Train acc: 0.9688
6, 252, 0.0535, 0.0002, 96.875, 100.000, 0.986, 1.000, 
[555] Train acc: 1.0000
6, 252, 0.0165, 0.0002, 100.000, 100.000, 0.988, 1.000, 
[570] Train acc: 0.9844
6, 252, 0.0528, 0.0002, 98.438, 100.000, 0.989, 1.000, 
[585] Train acc: 0.9844
6, 252, 0.0452, 0.0002, 98.438, 100.000, 0.988, 1.000, 
[600] Train acc: 1.0000
6, 252, 0.0011, 0.0002, 100.000, 100.000, 0.985, 1.000, 
[615] Train acc: 0.9844
6, 252, 0.0370, 0.0002, 98.438, 100.000, 0.988, 1.000, 
[630] Train acc: 0.9844
6, 252, 0.0510, 0.0002, 98.438, 100.000, 0.982, 1.000, 
[645] Train acc: 1.0000
6, 252, 0.0039, 0.0002, 100.000, 100.000, 0.989, 1.000, 
[660] Train acc: 1.0000
6, 252, 0.0106, 0.0002, 100.000, 100.000, 0.989, 1.000, 
[675] Train acc: 1.0000
6, 252, 0.0028, 0.0002, 100.000, 100.000, 0.990, 1.000, 
[690] Train acc: 1.0000
6, 252, 0.0075, 0.0002, 100.000, 100.000, 0.988, 1.000, 
[705] Train acc: 1.0000
6, 252, 0.0077, 0.0002, 100.000, 100.000, 0.987, 1.000, 
[720] Train acc: 0.9844
6, 252, 0.0294, 0.0002, 98.438, 100.000, 0.984, 1.000, 
[735] Train acc: 0.9844
6, 252, 0.0521, 0.0002, 98.438, 100.000, 0.988, 1.000, 
[750] Train acc: 0.9844
6, 252, 0.0211, 0.0002, 98.438, 100.000, 0.990, 1.000, 
[765] Train acc: 1.0000
6, 252, 0.0021, 0.0002, 100.000, 100.000, 0.987, 1.000, 
[780] Train acc: 1.0000
6, 252, 0.0118, 0.0002, 100.000, 100.000, 0.987, 1.000, 
[795] Train acc: 0.9844
6, 252, 0.0259, 0.0002, 98.438, 100.000, 0.989, 1.000, 
[810] Train acc: 1.0000
6, 252, 0.0199, 0.0002, 100.000, 100.000, 0.987, 1.000, 
[825] Train acc: 0.9688
6, 252, 0.0521, 0.0002, 96.875, 100.000, 0.987, 1.000, 
[840] Train acc: 0.9844
6, 252, 0.0415, 0.0002, 98.438, 100.000, 0.987, 1.000, 
[855] Train acc: 1.0000
6, 252, 0.0056, 0.0002, 100.000, 100.000, 0.987, 1.000, 
[870] Train acc: 1.0000
6, 252, 0.0069, 0.0002, 100.000, 100.000, 0.988, 1.000, 
[885] Train acc: 0.9688
6, 252, 0.0726, 0.0002, 96.875, 100.000, 0.988, 1.000, 
[900] Train acc: 1.0000
6, 252, 0.0110, 0.0002, 100.000, 100.000, 0.988, 1.000, 
[915] Train acc: 1.0000
6, 252, 0.0109, 0.0002, 100.000, 100.000, 0.988, 1.000, 
[930] Train acc: 1.0000
6, 252, 0.0092, 0.0002, 100.000, 100.000, 0.988, 1.000, 
[0] Train acc: 1.0000, Constr acc: 0.7188, CE loss: 0.006, DL2 loss: 16.274
7, 252, 0.0063, 0.0017, 100.000, 100.000, 0.555, 1.000, 
[15] Train acc: 0.5625, Constr acc: 0.4375, CE loss: 2.378, DL2 loss: 27.317
7, 251, 2.3775, 0.0010, 56.250, 85.938, 0.641, 1.000, 
[30] Train acc: 0.8281, Constr acc: 0.8750, CE loss: 0.780, DL2 loss: 7.477
7, 250, 0.7800, 0.0005, 82.812, 98.438, 0.862, 1.000, 
[45] Train acc: 0.9062, Constr acc: 0.8750, CE loss: 0.426, DL2 loss: 5.697
7, 249, 0.4256, 0.0003, 90.625, 100.000, 0.922, 1.000, 
[60] Train acc: 0.8750, Constr acc: 0.8125, CE loss: 1.034, DL2 loss: 14.827
7, 248, 1.0343, 0.0004, 87.500, 100.000, 0.885, 1.000, 
[75] Train acc: 0.9219, Constr acc: 0.7812, CE loss: 0.437, DL2 loss: 17.406
7, 247, 0.4366, 0.0003, 92.188, 98.438, 0.910, 1.000, 
[90] Train acc: 0.9062, Constr acc: 0.8438, CE loss: 0.373, DL2 loss: 13.887
7, 246, 0.3726, 0.0004, 90.625, 100.000, 0.886, 1.000, 
[105] Train acc: 0.9531, Constr acc: 0.8125, CE loss: 0.106, DL2 loss: 11.756
7, 245, 0.1055, 0.0003, 95.312, 100.000, 0.920, 1.000, 
[120] Train acc: 0.9062, Constr acc: 0.8438, CE loss: 0.551, DL2 loss: 6.907
7, 244, 0.5506, 0.0002, 90.625, 98.438, 0.947, 1.000, 
[135] Train acc: 0.9219, Constr acc: 0.9688, CE loss: 0.560, DL2 loss: 0.128
7, 243, 0.5596, 0.0003, 92.188, 100.000, 0.905, 1.000, 
[150] Train acc: 0.8750, Constr acc: 0.7812, CE loss: 0.312, DL2 loss: 22.101
7, 242, 0.3116, 0.0004, 87.500, 100.000, 0.872, 1.000, 
[165] Train acc: 0.9688, Constr acc: 0.8750, CE loss: 0.123, DL2 loss: 11.429
7, 241, 0.1231, 0.0002, 96.875, 100.000, 0.952, 1.000, 
[180] Train acc: 0.9375, Constr acc: 0.9688, CE loss: 0.323, DL2 loss: 1.656
7, 240, 0.3233, 0.0004, 93.750, 100.000, 0.886, 1.000, 
[195] Train acc: 0.8438, Constr acc: 0.7500, CE loss: 0.981, DL2 loss: 19.303
7, 239, 0.9811, 0.0003, 84.375, 98.438, 0.915, 1.000, 
[210] Train acc: 0.9688, Constr acc: 0.8750, CE loss: 0.125, DL2 loss: 8.431
7, 238, 0.1247, 0.0002, 96.875, 100.000, 0.943, 1.000, 
[225] Train acc: 0.9375, Constr acc: 0.8125, CE loss: 0.258, DL2 loss: 9.526
7, 237, 0.2583, 0.0008, 93.750, 100.000, 0.830, 1.000, 
[240] Train acc: 0.9062, Constr acc: 0.8125, CE loss: 0.965, DL2 loss: 13.662
7, 236, 0.9652, 0.0003, 90.625, 98.438, 0.908, 1.000, 
[255] Train acc: 0.9531, Constr acc: 0.8750, CE loss: 0.083, DL2 loss: 4.264
7, 235, 0.0828, 0.0002, 95.312, 100.000, 0.955, 1.000, 
[270] Train acc: 0.7500, Constr acc: 0.8125, CE loss: 4.285, DL2 loss: 17.984
7, 234, 4.2851, 0.0053, 75.000, 98.438, 0.524, 1.000, 
[285] Train acc: 0.8594, Constr acc: 0.6875, CE loss: 1.100, DL2 loss: 17.061
7, 233, 1.0999, 0.0006, 85.938, 100.000, 0.816, 1.000, 
[300] Train acc: 0.9531, Constr acc: 0.8438, CE loss: 0.422, DL2 loss: 8.225
7, 232, 0.4221, 0.0003, 95.312, 100.000, 0.921, 1.000, 
[315] Train acc: 0.8906, Constr acc: 0.9375, CE loss: 1.277, DL2 loss: 4.354
7, 231, 1.2774, 0.0005, 89.062, 100.000, 0.842, 1.000, 
[330] Train acc: 0.9219, Constr acc: 0.9062, CE loss: 0.540, DL2 loss: 5.323
7, 230, 0.5397, 0.0002, 92.188, 100.000, 0.941, 1.000, 
[345] Train acc: 0.9062, Constr acc: 0.8125, CE loss: 0.713, DL2 loss: 6.013
7, 229, 0.7127, 0.0002, 90.625, 100.000, 0.946, 1.000, 
[360] Train acc: 0.8750, Constr acc: 0.9062, CE loss: 0.388, DL2 loss: 8.834
7, 228, 0.3883, 0.0002, 87.500, 100.000, 0.947, 1.000, 
[375] Train acc: 0.9219, Constr acc: 0.9688, CE loss: 0.469, DL2 loss: 4.933
7, 227, 0.4694, 0.0002, 92.188, 100.000, 0.946, 1.000, 
[390] Train acc: 0.9531, Constr acc: 0.8750, CE loss: 0.155, DL2 loss: 7.275
7, 226, 0.1550, 0.0002, 95.312, 100.000, 0.953, 1.000, 
[405] Train acc: 0.9531, Constr acc: 0.9062, CE loss: 0.353, DL2 loss: 5.788
7, 225, 0.3534, 0.0002, 95.312, 98.438, 0.941, 1.000, 
[420] Train acc: 0.9531, Constr acc: 0.9062, CE loss: 0.107, DL2 loss: 1.655
7, 224, 0.1069, 0.0003, 95.312, 100.000, 0.913, 1.000, 
[435] Train acc: 0.8906, Constr acc: 0.9375, CE loss: 0.457, DL2 loss: 2.041
7, 223, 0.4575, 0.0002, 89.062, 98.438, 0.951, 1.000, 
[450] Train acc: 0.9062, Constr acc: 0.8750, CE loss: 1.030, DL2 loss: 9.877
7, 222, 1.0297, 0.0003, 90.625, 100.000, 0.900, 1.000, 
[465] Train acc: 0.9531, Constr acc: 0.8125, CE loss: 0.152, DL2 loss: 18.401
7, 221, 0.1519, 0.0003, 95.312, 100.000, 0.914, 1.000, 
[480] Train acc: 0.9375, Constr acc: 0.8125, CE loss: 0.477, DL2 loss: 10.716
7, 220, 0.4773, 0.0002, 93.750, 100.000, 0.945, 1.000, 
[495] Train acc: 0.9375, Constr acc: 0.9375, CE loss: 0.236, DL2 loss: 4.057
7, 219, 0.2361, 0.0004, 93.750, 100.000, 0.896, 1.000, 
[510] Train acc: 0.9375, Constr acc: 0.8125, CE loss: 0.221, DL2 loss: 10.583
7, 218, 0.2206, 0.0002, 93.750, 100.000, 0.944, 1.000, 
[525] Train acc: 0.8906, Constr acc: 0.9688, CE loss: 0.566, DL2 loss: 2.340
7, 217, 0.5657, 0.0002, 89.062, 100.000, 0.952, 1.000, 
[540] Train acc: 0.9219, Constr acc: 0.9375, CE loss: 0.507, DL2 loss: 3.900
7, 216, 0.5073, 0.0004, 92.188, 100.000, 0.884, 1.000, 
[555] Train acc: 0.9375, Constr acc: 0.8125, CE loss: 0.332, DL2 loss: 10.218
7, 215, 0.3318, 0.0002, 93.750, 100.000, 0.938, 1.000, 
[570] Train acc: 0.9844, Constr acc: 0.9375, CE loss: 0.046, DL2 loss: 7.224
7, 214, 0.0457, 0.0001, 98.438, 100.000, 0.962, 1.000, 
[585] Train acc: 0.9688, Constr acc: 0.9375, CE loss: 0.034, DL2 loss: 3.070
7, 213, 0.0341, 0.0002, 96.875, 100.000, 0.951, 1.000, 
[600] Train acc: 0.9688, Constr acc: 0.8125, CE loss: 0.191, DL2 loss: 8.360
7, 212, 0.1913, 0.0002, 96.875, 100.000, 0.946, 1.000, 
[615] Train acc: 0.9688, Constr acc: 0.9062, CE loss: 0.195, DL2 loss: 6.898
7, 211, 0.1946, 0.0001, 96.875, 100.000, 0.955, 1.000, 
[630] Train acc: 0.8906, Constr acc: 0.9375, CE loss: 0.856, DL2 loss: 5.648
7, 210, 0.8558, 0.0001, 89.062, 100.000, 0.963, 1.000, 
[645] Train acc: 0.9688, Constr acc: 0.7812, CE loss: 0.232, DL2 loss: 9.866
7, 209, 0.2324, 0.0001, 96.875, 100.000, 0.961, 1.000, 
[660] Train acc: 1.0000, Constr acc: 0.9062, CE loss: 0.015, DL2 loss: 9.762
7, 208, 0.0146, 0.0002, 100.000, 100.000, 0.953, 1.000, 
[675] Train acc: 0.9375, Constr acc: 0.7812, CE loss: 0.450, DL2 loss: 19.314
7, 207, 0.4501, 0.0002, 93.750, 100.000, 0.946, 1.000, 
[690] Train acc: 0.9688, Constr acc: 0.9062, CE loss: 0.162, DL2 loss: 7.762
7, 206, 0.1623, 0.0001, 96.875, 100.000, 0.963, 1.000, 
[705] Train acc: 0.9531, Constr acc: 0.9062, CE loss: 0.211, DL2 loss: 7.687
7, 205, 0.2107, 0.0002, 95.312, 100.000, 0.956, 1.000, 
[720] Train acc: 0.9844, Constr acc: 0.9375, CE loss: 0.075, DL2 loss: 3.972
7, 204, 0.0749, 0.0001, 98.438, 100.000, 0.956, 1.000, 
[735] Train acc: 0.9688, Constr acc: 0.9062, CE loss: 0.086, DL2 loss: 11.576
7, 203, 0.0858, 0.0001, 96.875, 100.000, 0.962, 1.000, 
[750] Train acc: 0.9531, Constr acc: 0.9062, CE loss: 0.160, DL2 loss: 4.207
7, 202, 0.1597, 0.0002, 95.312, 100.000, 0.945, 1.000, 
[765] Train acc: 0.9844, Constr acc: 1.0000, CE loss: 0.073, DL2 loss: 0.000
7, 201, 0.0730, 0.0002, 98.438, 100.000, 0.952, 1.000, 
[780] Train acc: 0.9062, Constr acc: 0.9062, CE loss: 0.540, DL2 loss: 2.744
7, 200, 0.5402, 0.0001, 90.625, 100.000, 0.956, 1.000, 
[795] Train acc: 0.9375, Constr acc: 0.9688, CE loss: 0.334, DL2 loss: 0.802
7, 199, 0.3344, 0.0001, 93.750, 100.000, 0.962, 1.000, 
[810] Train acc: 0.9219, Constr acc: 0.9375, CE loss: 0.815, DL2 loss: 1.436
7, 198, 0.8148, 0.0002, 92.188, 96.875, 0.940, 1.000, 
[825] Train acc: 0.9531, Constr acc: 0.8750, CE loss: 0.227, DL2 loss: 7.440
7, 197, 0.2270, 0.0002, 95.312, 100.000, 0.944, 1.000, 
[840] Train acc: 0.9375, Constr acc: 0.9688, CE loss: 0.440, DL2 loss: 1.726
7, 196, 0.4403, 0.0002, 93.750, 100.000, 0.933, 1.000, 
[855] Train acc: 0.8906, Constr acc: 0.7812, CE loss: 0.509, DL2 loss: 15.936
7, 195, 0.5093, 0.0004, 89.062, 100.000, 0.880, 1.000, 
[870] Train acc: 0.9531, Constr acc: 0.9062, CE loss: 0.310, DL2 loss: 2.707
7, 194, 0.3104, 0.0001, 95.312, 100.000, 0.963, 1.000, 
[885] Train acc: 0.9375, Constr acc: 0.8125, CE loss: 0.457, DL2 loss: 19.564
7, 193, 0.4567, 0.0009, 93.750, 100.000, 0.815, 1.000, 
[900] Train acc: 0.9375, Constr acc: 0.8438, CE loss: 0.285, DL2 loss: 9.094
7, 192, 0.2845, 0.0002, 93.750, 100.000, 0.946, 1.000, 
[915] Train acc: 0.9688, Constr acc: 0.8125, CE loss: 0.186, DL2 loss: 11.522
7, 191, 0.1859, 0.0001, 96.875, 100.000, 0.959, 1.000, 
[930] Train acc: 0.9531, Constr acc: 0.9062, CE loss: 0.484, DL2 loss: 4.143
7, 190, 0.4843, 0.0002, 95.312, 98.438, 0.952, 1.000, 
[0] Train acc: 0.9531, Constr acc: 0.9062, CE loss: 0.346, DL2 loss: 11.300
8, 190, 0.3460, 0.0002, 95.312, 100.000, 0.951, 1.000, 
[15] Train acc: 1.0000, Constr acc: 0.9688, CE loss: 0.025, DL2 loss: 1.964
8, 189, 0.0246, 0.0002, 100.000, 100.000, 0.946, 1.000, 
[30] Train acc: 0.9219, Constr acc: 0.8750, CE loss: 0.341, DL2 loss: 14.765
8, 188, 0.3413, 0.0002, 92.188, 100.000, 0.938, 1.000, 
[45] Train acc: 0.9531, Constr acc: 0.7812, CE loss: 0.245, DL2 loss: 16.164
8, 187, 0.2453, 0.0002, 95.312, 100.000, 0.946, 1.000, 
[60] Train acc: 0.9219, Constr acc: 0.7812, CE loss: 0.611, DL2 loss: 14.258
8, 186, 0.6113, 0.0002, 92.188, 98.438, 0.947, 1.000, 
[75] Train acc: 0.9688, Constr acc: 0.8125, CE loss: 0.207, DL2 loss: 11.855
8, 185, 0.2070, 0.0002, 96.875, 100.000, 0.940, 1.000, 
[90] Train acc: 0.9375, Constr acc: 0.9062, CE loss: 0.307, DL2 loss: 8.656
8, 184, 0.3066, 0.0001, 93.750, 100.000, 0.964, 1.000, 
[105] Train acc: 0.9375, Constr acc: 0.9688, CE loss: 0.170, DL2 loss: 2.826
8, 183, 0.1700, 0.0001, 93.750, 100.000, 0.960, 1.000, 
[120] Train acc: 0.9219, Constr acc: 1.0000, CE loss: 0.439, DL2 loss: 0.000
8, 182, 0.4391, 0.0001, 92.188, 100.000, 0.957, 1.000, 
[135] Train acc: 0.9688, Constr acc: 0.9375, CE loss: 0.070, DL2 loss: 3.874
8, 181, 0.0702, 0.0002, 96.875, 100.000, 0.948, 1.000, 
[150] Train acc: 0.9219, Constr acc: 0.8438, CE loss: 0.899, DL2 loss: 8.691
8, 180, 0.8993, 0.0002, 92.188, 100.000, 0.942, 1.000, 
[165] Train acc: 0.9062, Constr acc: 0.8750, CE loss: 0.298, DL2 loss: 5.638
8, 179, 0.2981, 0.0001, 90.625, 100.000, 0.958, 1.000, 
[180] Train acc: 0.9219, Constr acc: 0.8750, CE loss: 0.421, DL2 loss: 15.917
8, 178, 0.4206, 0.0003, 92.188, 100.000, 0.922, 1.000, 
[195] Train acc: 0.9531, Constr acc: 0.9062, CE loss: 0.516, DL2 loss: 8.415
8, 177, 0.5157, 0.0003, 95.312, 100.000, 0.928, 1.000, 
[210] Train acc: 0.9844, Constr acc: 0.7500, CE loss: 0.124, DL2 loss: 14.241
8, 176, 0.1239, 0.0002, 98.438, 100.000, 0.940, 1.000, 
[225] Train acc: 0.9531, Constr acc: 1.0000, CE loss: 0.255, DL2 loss: 0.000
8, 175, 0.2551, 0.0002, 95.312, 100.000, 0.953, 1.000, 
[240] Train acc: 0.9375, Constr acc: 0.8438, CE loss: 0.318, DL2 loss: 9.868
8, 174, 0.3178, 0.0001, 93.750, 100.000, 0.960, 1.000, 
[255] Train acc: 0.9375, Constr acc: 0.8125, CE loss: 0.316, DL2 loss: 14.601
8, 173, 0.3157, 0.0002, 93.750, 100.000, 0.942, 1.000, 
[270] Train acc: 0.9375, Constr acc: 0.9375, CE loss: 0.368, DL2 loss: 2.911
8, 172, 0.3679, 0.0001, 93.750, 100.000, 0.956, 1.000, 
[285] Train acc: 0.9531, Constr acc: 0.8750, CE loss: 0.359, DL2 loss: 5.906
8, 171, 0.3589, 0.0002, 95.312, 100.000, 0.941, 1.000, 
[300] Train acc: 0.9375, Constr acc: 0.9375, CE loss: 0.227, DL2 loss: 2.125
8, 170, 0.2267, 0.0002, 93.750, 100.000, 0.948, 1.000, 
[315] Train acc: 0.8906, Constr acc: 0.8438, CE loss: 0.642, DL2 loss: 6.814
8, 169, 0.6425, 0.0001, 89.062, 98.438, 0.954, 1.000, 
[330] Train acc: 0.9844, Constr acc: 0.9688, CE loss: 0.013, DL2 loss: 0.337
8, 168, 0.0128, 0.0001, 98.438, 100.000, 0.965, 1.000, 
[345] Train acc: 0.9219, Constr acc: 0.8750, CE loss: 0.448, DL2 loss: 9.153
8, 167, 0.4482, 0.0001, 92.188, 100.000, 0.959, 1.000, 
[360] Train acc: 0.9375, Constr acc: 0.8750, CE loss: 0.726, DL2 loss: 9.958
8, 166, 0.7259, 0.0001, 93.750, 100.000, 0.968, 1.000, 
[375] Train acc: 0.9688, Constr acc: 0.9375, CE loss: 0.090, DL2 loss: 4.570
8, 165, 0.0903, 0.0001, 96.875, 100.000, 0.961, 1.000, 
[390] Train acc: 0.9375, Constr acc: 0.8125, CE loss: 0.343, DL2 loss: 11.125
8, 164, 0.3427, 0.0007, 93.750, 100.000, 0.818, 1.000, 
[405] Train acc: 0.9688, Constr acc: 0.9688, CE loss: 0.194, DL2 loss: 3.441
8, 163, 0.1940, 0.0001, 96.875, 100.000, 0.966, 1.000, 
[420] Train acc: 1.0000, Constr acc: 0.8750, CE loss: 0.005, DL2 loss: 7.571
8, 162, 0.0052, 0.0001, 100.000, 100.000, 0.970, 1.000, 
[435] Train acc: 0.9375, Constr acc: 0.9062, CE loss: 0.323, DL2 loss: 8.053
8, 161, 0.3233, 0.0001, 93.750, 100.000, 0.969, 1.000, 
[450] Train acc: 0.9375, Constr acc: 0.8750, CE loss: 0.405, DL2 loss: 12.720
8, 160, 0.4050, 0.0001, 93.750, 98.438, 0.965, 1.000, 
[465] Train acc: 0.8906, Constr acc: 0.8750, CE loss: 0.604, DL2 loss: 9.798
8, 159, 0.6037, 0.0001, 89.062, 100.000, 0.973, 1.000, 
[480] Train acc: 1.0000, Constr acc: 0.8438, CE loss: 0.009, DL2 loss: 9.534
8, 158, 0.0095, 0.0001, 100.000, 100.000, 0.972, 1.000, 
[495] Train acc: 0.9688, Constr acc: 0.8750, CE loss: 0.132, DL2 loss: 4.756
8, 157, 0.1319, 0.0001, 96.875, 100.000, 0.973, 1.000, 
[510] Train acc: 0.9688, Constr acc: 0.9688, CE loss: 0.174, DL2 loss: 0.634
8, 156, 0.1742, 0.0001, 96.875, 100.000, 0.972, 1.000, 
[525] Train acc: 1.0000, Constr acc: 0.9375, CE loss: 0.001, DL2 loss: 4.398
8, 155, 0.0014, 0.0001, 100.000, 100.000, 0.975, 1.000, 
[540] Train acc: 0.9688, Constr acc: 0.8438, CE loss: 0.333, DL2 loss: 9.921
8, 154, 0.3333, 0.0001, 96.875, 100.000, 0.973, 1.000, 
[555] Train acc: 0.9219, Constr acc: 0.9688, CE loss: 0.438, DL2 loss: 1.312
8, 153, 0.4379, 0.0001, 92.188, 100.000, 0.976, 1.000, 
[570] Train acc: 1.0000, Constr acc: 0.9375, CE loss: 0.000, DL2 loss: 6.893
8, 152, 0.0000, 0.0001, 100.000, 100.000, 0.974, 1.000, 
[585] Train acc: 1.0000, Constr acc: 0.9375, CE loss: 0.011, DL2 loss: 6.158
8, 151, 0.0109, 0.0001, 100.000, 100.000, 0.972, 1.000, 
[600] Train acc: 0.9688, Constr acc: 0.8438, CE loss: 0.059, DL2 loss: 9.309
8, 150, 0.0591, 0.0001, 96.875, 100.000, 0.969, 1.000, 
[615] Train acc: 0.9375, Constr acc: 0.9375, CE loss: 0.243, DL2 loss: 3.227
8, 149, 0.2432, 0.0005, 93.750, 100.000, 0.882, 1.000, 
[630] Train acc: 0.9531, Constr acc: 0.9062, CE loss: 0.447, DL2 loss: 11.038
8, 148, 0.4473, 0.0001, 95.312, 100.000, 0.966, 1.000, 
[645] Train acc: 0.9219, Constr acc: 0.8750, CE loss: 0.519, DL2 loss: 9.687
8, 147, 0.5191, 0.0001, 92.188, 100.000, 0.961, 1.000, 
[660] Train acc: 0.9219, Constr acc: 0.8750, CE loss: 0.396, DL2 loss: 8.026
8, 146, 0.3956, 0.0002, 92.188, 100.000, 0.953, 1.000, 
[675] Train acc: 0.9844, Constr acc: 0.8750, CE loss: 0.071, DL2 loss: 6.799
8, 145, 0.0715, 0.0002, 98.438, 100.000, 0.956, 1.000, 
[690] Train acc: 0.9375, Constr acc: 0.8750, CE loss: 0.388, DL2 loss: 10.262
8, 144, 0.3875, 0.0002, 93.750, 100.000, 0.950, 1.000, 
[705] Train acc: 0.9062, Constr acc: 0.9062, CE loss: 0.606, DL2 loss: 2.752
8, 143, 0.6064, 0.0002, 90.625, 100.000, 0.956, 1.000, 
[720] Train acc: 0.8906, Constr acc: 0.7812, CE loss: 1.698, DL2 loss: 13.142
8, 142, 1.6976, 0.0004, 89.062, 100.000, 0.905, 1.000, 
[735] Train acc: 0.9844, Constr acc: 0.9062, CE loss: 0.020, DL2 loss: 9.033
8, 141, 0.0202, 0.0001, 98.438, 100.000, 0.963, 1.000, 
[750] Train acc: 0.9219, Constr acc: 0.9062, CE loss: 0.435, DL2 loss: 4.805
8, 140, 0.4352, 0.0001, 92.188, 100.000, 0.968, 1.000, 
[765] Train acc: 0.9531, Constr acc: 0.8125, CE loss: 0.275, DL2 loss: 12.897
8, 139, 0.2747, 0.0002, 95.312, 100.000, 0.955, 1.000, 
[780] Train acc: 0.9688, Constr acc: 0.9375, CE loss: 0.290, DL2 loss: 2.193
8, 138, 0.2896, 0.0001, 96.875, 100.000, 0.969, 1.000, 
[795] Train acc: 1.0000, Constr acc: 0.8438, CE loss: 0.005, DL2 loss: 14.619
8, 137, 0.0047, 0.0001, 100.000, 100.000, 0.966, 1.000, 
[810] Train acc: 0.9531, Constr acc: 1.0000, CE loss: 0.199, DL2 loss: 0.000
8, 136, 0.1993, 0.0001, 95.312, 100.000, 0.971, 1.000, 
[825] Train acc: 1.0000, Constr acc: 0.9062, CE loss: 0.035, DL2 loss: 6.716
8, 135, 0.0353, 0.0001, 100.000, 100.000, 0.966, 1.000, 
[840] Train acc: 0.9688, Constr acc: 0.9062, CE loss: 0.095, DL2 loss: 4.820
8, 134, 0.0954, 0.0001, 96.875, 100.000, 0.963, 1.000, 
[855] Train acc: 0.9688, Constr acc: 0.8438, CE loss: 0.225, DL2 loss: 15.566
8, 133, 0.2246, 0.0001, 96.875, 100.000, 0.962, 1.000, 
[870] Train acc: 0.9375, Constr acc: 0.8438, CE loss: 0.536, DL2 loss: 9.144
8, 132, 0.5361, 0.0003, 93.750, 98.438, 0.925, 1.000, 
[885] Train acc: 0.9688, Constr acc: 0.8750, CE loss: 0.206, DL2 loss: 10.308
8, 131, 0.2060, 0.0002, 96.875, 100.000, 0.947, 1.000, 
[900] Train acc: 0.9375, Constr acc: 0.9688, CE loss: 0.201, DL2 loss: 1.932
8, 130, 0.2009, 0.0001, 93.750, 100.000, 0.962, 1.000, 
[915] Train acc: 0.9688, Constr acc: 0.8750, CE loss: 0.117, DL2 loss: 10.668
8, 129, 0.1166, 0.0001, 96.875, 100.000, 0.955, 1.000, 
[930] Train acc: 0.9375, Constr acc: 0.9375, CE loss: 0.178, DL2 loss: 3.440
8, 128, 0.1783, 0.0001, 93.750, 100.000, 0.968, 1.000, 
[0] Train acc: 0.9531, Constr acc: 0.8438, CE loss: 0.332, DL2 loss: 16.319
9, 127, 0.3323, 0.0001, 95.312, 100.000, 0.972, 1.000, 
[15] Train acc: 0.9375, Constr acc: 0.7812, CE loss: 0.359, DL2 loss: 19.678
9, 126, 0.3588, 0.0002, 93.750, 100.000, 0.932, 1.000, 
[30] Train acc: 0.9688, Constr acc: 0.7812, CE loss: 0.118, DL2 loss: 18.361
9, 125, 0.1178, 0.0002, 96.875, 100.000, 0.956, 1.000, 
[45] Train acc: 0.9219, Constr acc: 0.8750, CE loss: 0.492, DL2 loss: 6.049
9, 124, 0.4924, 0.0001, 92.188, 100.000, 0.960, 1.000, 
[60] Train acc: 0.9062, Constr acc: 0.9688, CE loss: 0.186, DL2 loss: 2.950
9, 123, 0.1860, 0.0002, 90.625, 100.000, 0.938, 1.000, 
[75] Train acc: 0.9844, Constr acc: 0.9688, CE loss: 0.240, DL2 loss: 0.712
9, 122, 0.2401, 0.0001, 98.438, 100.000, 0.961, 1.000, 
[90] Train acc: 0.9844, Constr acc: 0.7812, CE loss: 0.118, DL2 loss: 12.632
9, 121, 0.1175, 0.0001, 98.438, 100.000, 0.966, 1.000, 
[105] Train acc: 0.9844, Constr acc: 0.9062, CE loss: 0.088, DL2 loss: 7.702
9, 120, 0.0875, 0.0001, 98.438, 100.000, 0.967, 1.000, 
[120] Train acc: 0.9375, Constr acc: 0.9375, CE loss: 0.562, DL2 loss: 3.870
9, 119, 0.5617, 0.0002, 93.750, 100.000, 0.953, 1.000, 
[135] Train acc: 0.9531, Constr acc: 0.8125, CE loss: 0.167, DL2 loss: 11.371
9, 118, 0.1666, 0.0001, 95.312, 100.000, 0.963, 1.000, 
[150] Train acc: 0.9531, Constr acc: 0.9688, CE loss: 0.204, DL2 loss: 2.925
9, 117, 0.2040, 0.0001, 95.312, 100.000, 0.961, 1.000, 
[165] Train acc: 0.9531, Constr acc: 0.9062, CE loss: 0.379, DL2 loss: 8.785
9, 116, 0.3791, 0.0001, 95.312, 100.000, 0.964, 1.000, 
[180] Train acc: 0.9688, Constr acc: 0.8750, CE loss: 0.253, DL2 loss: 1.567
9, 115, 0.2531, 0.0001, 96.875, 100.000, 0.962, 1.000, 
[195] Train acc: 0.9688, Constr acc: 0.9062, CE loss: 0.260, DL2 loss: 3.211
9, 114, 0.2596, 0.0001, 96.875, 98.438, 0.968, 1.000, 
[210] Train acc: 0.9531, Constr acc: 0.8750, CE loss: 0.417, DL2 loss: 10.967
9, 113, 0.4174, 0.0001, 95.312, 100.000, 0.968, 1.000, 
[225] Train acc: 0.9688, Constr acc: 0.9062, CE loss: 0.079, DL2 loss: 5.987
9, 112, 0.0790, 0.0001, 96.875, 100.000, 0.966, 1.000, 
[240] Train acc: 0.9844, Constr acc: 0.8750, CE loss: 0.015, DL2 loss: 8.466
9, 111, 0.0150, 0.0001, 98.438, 100.000, 0.973, 1.000, 
[255] Train acc: 0.9844, Constr acc: 0.9062, CE loss: 0.134, DL2 loss: 6.489
9, 110, 0.1344, 0.0001, 98.438, 100.000, 0.974, 1.000, 
[270] Train acc: 0.9375, Constr acc: 0.8750, CE loss: 0.528, DL2 loss: 4.181
9, 109, 0.5278, 0.0001, 93.750, 98.438, 0.970, 1.000, 
[285] Train acc: 0.9844, Constr acc: 0.9062, CE loss: 0.156, DL2 loss: 9.690
9, 108, 0.1561, 0.0001, 98.438, 100.000, 0.968, 1.000, 
[300] Train acc: 0.9531, Constr acc: 0.9375, CE loss: 0.168, DL2 loss: 6.703
9, 107, 0.1678, 0.0001, 95.312, 100.000, 0.969, 1.000, 
[315] Train acc: 0.9531, Constr acc: 0.8125, CE loss: 0.309, DL2 loss: 17.568
9, 106, 0.3094, 0.0001, 95.312, 100.000, 0.965, 1.000, 
[330] Train acc: 0.9844, Constr acc: 0.8750, CE loss: 0.268, DL2 loss: 8.625
9, 105, 0.2684, 0.0001, 98.438, 100.000, 0.970, 1.000, 
[345] Train acc: 0.9844, Constr acc: 0.9062, CE loss: 0.038, DL2 loss: 3.499
9, 104, 0.0380, 0.0001, 98.438, 100.000, 0.971, 1.000, 
[360] Train acc: 0.8438, Constr acc: 0.8438, CE loss: 1.121, DL2 loss: 9.233
9, 103, 1.1210, 0.0003, 84.375, 100.000, 0.918, 1.000, 
[375] Train acc: 0.9531, Constr acc: 0.9375, CE loss: 0.311, DL2 loss: 3.879
9, 102, 0.3108, 0.0001, 95.312, 100.000, 0.962, 1.000, 
[390] Train acc: 0.9219, Constr acc: 0.8438, CE loss: 0.281, DL2 loss: 12.479
9, 101, 0.2812, 0.0002, 92.188, 100.000, 0.953, 1.000, 
[405] Train acc: 0.9688, Constr acc: 0.7812, CE loss: 0.053, DL2 loss: 15.645
9, 100, 0.0533, 0.0001, 96.875, 100.000, 0.961, 1.000, 
[420] Train acc: 0.9375, Constr acc: 0.8438, CE loss: 0.269, DL2 loss: 5.775
9, 99, 0.2688, 0.0002, 93.750, 100.000, 0.925, 1.000, 
[435] Train acc: 0.9375, Constr acc: 0.9375, CE loss: 0.249, DL2 loss: 4.312
9, 98, 0.2486, 0.0001, 93.750, 100.000, 0.955, 1.000, 
[450] Train acc: 0.9375, Constr acc: 0.8438, CE loss: 0.678, DL2 loss: 6.100
9, 97, 0.6781, 0.0002, 93.750, 100.000, 0.956, 1.000, 
[465] Train acc: 0.9531, Constr acc: 0.8438, CE loss: 0.223, DL2 loss: 9.576
9, 96, 0.2228, 0.0001, 95.312, 100.000, 0.966, 1.000, 
[480] Train acc: 0.9844, Constr acc: 0.9062, CE loss: 0.024, DL2 loss: 8.131
9, 95, 0.0239, 0.0001, 98.438, 100.000, 0.963, 1.000, 
[495] Train acc: 0.9844, Constr acc: 0.8750, CE loss: 0.128, DL2 loss: 9.833
9, 94, 0.1275, 0.0001, 98.438, 100.000, 0.963, 1.000, 
[510] Train acc: 0.9844, Constr acc: 0.8750, CE loss: 0.042, DL2 loss: 12.212
9, 93, 0.0416, 0.0001, 98.438, 100.000, 0.968, 1.000, 
[525] Train acc: 0.9844, Constr acc: 0.9375, CE loss: 0.412, DL2 loss: 7.349
9, 92, 0.4117, 0.0001, 98.438, 98.438, 0.958, 1.000, 
[540] Train acc: 0.9062, Constr acc: 0.8438, CE loss: 0.577, DL2 loss: 15.219
9, 91, 0.5774, 0.0002, 90.625, 100.000, 0.951, 1.000, 
[555] Train acc: 0.9375, Constr acc: 0.9062, CE loss: 0.441, DL2 loss: 5.829
9, 90, 0.4405, 0.0001, 93.750, 98.438, 0.960, 1.000, 
[570] Train acc: 0.9688, Constr acc: 0.8750, CE loss: 0.360, DL2 loss: 6.515
9, 89, 0.3599, 0.0004, 96.875, 98.438, 0.892, 1.000, 
[585] Train acc: 0.9688, Constr acc: 0.8125, CE loss: 0.237, DL2 loss: 10.160
9, 88, 0.2373, 0.0003, 96.875, 100.000, 0.909, 1.000, 
[600] Train acc: 0.9219, Constr acc: 0.7812, CE loss: 0.573, DL2 loss: 16.469
9, 87, 0.5729, 0.0002, 92.188, 100.000, 0.952, 1.000, 
[615] Train acc: 0.5781, Constr acc: 0.6875, CE loss: 6.260, DL2 loss: 25.666
9, 86, 6.2602, 0.0012, 57.812, 96.875, 0.650, 1.000, 
[630] Train acc: 0.9375, Constr acc: 0.7188, CE loss: 0.167, DL2 loss: 19.430
9, 85, 0.1666, 0.0002, 93.750, 100.000, 0.942, 1.000, 
[645] Train acc: 0.9062, Constr acc: 0.9375, CE loss: 0.654, DL2 loss: 7.641
9, 84, 0.6540, 0.0003, 90.625, 100.000, 0.927, 1.000, 
[660] Train acc: 0.9375, Constr acc: 0.7812, CE loss: 0.485, DL2 loss: 21.759
9, 83, 0.4849, 0.0003, 93.750, 100.000, 0.928, 1.000, 
[675] Train acc: 0.8906, Constr acc: 0.9375, CE loss: 1.168, DL2 loss: 4.591
9, 82, 1.1677, 0.0002, 89.062, 98.438, 0.962, 1.000, 
[690] Train acc: 1.0000, Constr acc: 1.0000, CE loss: 0.001, DL2 loss: 0.000
9, 81, 0.0013, 0.0001, 100.000, 100.000, 0.963, 1.000, 
[705] Train acc: 0.9688, Constr acc: 0.9375, CE loss: 0.095, DL2 loss: 4.487
9, 80, 0.0951, 0.0003, 96.875, 100.000, 0.909, 1.000, 
[720] Train acc: 0.9688, Constr acc: 0.9062, CE loss: 0.388, DL2 loss: 5.944
9, 79, 0.3876, 0.0001, 96.875, 98.438, 0.967, 1.000, 
[735] Train acc: 0.9375, Constr acc: 0.9062, CE loss: 0.533, DL2 loss: 7.681
9, 78, 0.5327, 0.0002, 93.750, 100.000, 0.957, 1.000, 
[750] Train acc: 0.9062, Constr acc: 0.9375, CE loss: 0.690, DL2 loss: 3.516
9, 77, 0.6896, 0.0003, 90.625, 100.000, 0.930, 1.000, 
[765] Train acc: 0.9375, Constr acc: 0.9062, CE loss: 0.290, DL2 loss: 7.663
9, 76, 0.2905, 0.0001, 93.750, 100.000, 0.965, 1.000, 
[780] Train acc: 0.9062, Constr acc: 0.9688, CE loss: 0.827, DL2 loss: 2.877
9, 75, 0.8269, 0.0002, 90.625, 100.000, 0.963, 1.000, 
[795] Train acc: 0.9688, Constr acc: 0.9062, CE loss: 0.212, DL2 loss: 8.465
9, 74, 0.2124, 0.0001, 96.875, 100.000, 0.965, 1.000, 
[810] Train acc: 0.9219, Constr acc: 0.9062, CE loss: 0.252, DL2 loss: 8.554
9, 73, 0.2522, 0.0002, 92.188, 100.000, 0.963, 1.000, 
[825] Train acc: 0.8125, Constr acc: 0.9062, CE loss: 1.710, DL2 loss: 5.203
9, 72, 1.7104, 0.0003, 81.250, 98.438, 0.912, 1.000, 
[840] Train acc: 0.9219, Constr acc: 0.9062, CE loss: 0.571, DL2 loss: 7.309
9, 71, 0.5709, 0.0002, 92.188, 100.000, 0.964, 1.000, 
[855] Train acc: 0.8906, Constr acc: 0.8438, CE loss: 1.014, DL2 loss: 9.186
9, 70, 1.0139, 0.0002, 89.062, 98.438, 0.944, 1.000, 
[870] Train acc: 0.9062, Constr acc: 0.8125, CE loss: 0.382, DL2 loss: 13.513
9, 69, 0.3825, 0.0002, 90.625, 100.000, 0.965, 1.000, 
[885] Train acc: 0.9688, Constr acc: 0.8438, CE loss: 0.072, DL2 loss: 11.255
9, 68, 0.0718, 0.0004, 96.875, 100.000, 0.879, 1.000, 
[900] Train acc: 0.9688, Constr acc: 0.9062, CE loss: 0.380, DL2 loss: 9.191
9, 67, 0.3800, 0.0001, 96.875, 100.000, 0.963, 1.000, 
[915] Train acc: 0.9375, Constr acc: 0.9375, CE loss: 0.344, DL2 loss: 3.964
9, 66, 0.3436, 0.0002, 93.750, 100.000, 0.953, 1.000, 
[930] Train acc: 0.9531, Constr acc: 0.8750, CE loss: 0.115, DL2 loss: 7.494
9, 65, 0.1151, 0.0001, 95.312, 100.000, 0.967, 1.000, 
[0] Train acc: 0.8281, Constr acc: 0.9062, CE loss: 1.957, DL2 loss: 9.078
10, 65, 1.9566, 0.0002, 82.812, 100.000, 0.951, 1.000, 
[15] Train acc: 0.9219, Constr acc: 0.8438, CE loss: 0.560, DL2 loss: 10.294
10, 64, 0.5598, 0.0001, 92.188, 100.000, 0.964, 1.000, 
[30] Train acc: 0.9688, Constr acc: 0.9062, CE loss: 0.129, DL2 loss: 2.672
10, 63, 0.1293, 0.0001, 96.875, 100.000, 0.961, 1.000, 
[45] Train acc: 0.9375, Constr acc: 0.9062, CE loss: 0.195, DL2 loss: 8.800
10, 62, 0.1951, 0.0002, 93.750, 100.000, 0.956, 1.000, 
[60] Train acc: 0.9688, Constr acc: 0.8125, CE loss: 0.159, DL2 loss: 6.191
10, 61, 0.1592, 0.0002, 96.875, 100.000, 0.943, 1.000, 
[75] Train acc: 0.9688, Constr acc: 0.9062, CE loss: 0.139, DL2 loss: 7.825
10, 60, 0.1386, 0.0001, 96.875, 100.000, 0.970, 1.000, 
[90] Train acc: 0.9844, Constr acc: 0.8438, CE loss: 0.094, DL2 loss: 13.149
10, 59, 0.0939, 0.0001, 98.438, 100.000, 0.969, 1.000, 
[105] Train acc: 0.9375, Constr acc: 0.9062, CE loss: 0.433, DL2 loss: 4.309
10, 58, 0.4329, 0.0001, 93.750, 100.000, 0.965, 1.000, 
[120] Train acc: 0.9844, Constr acc: 0.8438, CE loss: 0.027, DL2 loss: 9.195
10, 57, 0.0274, 0.0002, 98.438, 100.000, 0.965, 1.000, 
[135] Train acc: 0.9531, Constr acc: 0.8125, CE loss: 0.192, DL2 loss: 7.377
10, 56, 0.1920, 0.0002, 95.312, 100.000, 0.962, 1.000, 
[150] Train acc: 0.9844, Constr acc: 0.8125, CE loss: 0.109, DL2 loss: 11.638
10, 55, 0.1088, 0.0002, 98.438, 100.000, 0.957, 1.000, 
[165] Train acc: 0.9219, Constr acc: 0.9375, CE loss: 0.321, DL2 loss: 3.318
10, 54, 0.3214, 0.0002, 92.188, 100.000, 0.952, 1.000, 
[180] Train acc: 0.9844, Constr acc: 0.9375, CE loss: 0.094, DL2 loss: 3.646
10, 53, 0.0937, 0.0001, 98.438, 100.000, 0.961, 1.000, 
[195] Train acc: 0.9531, Constr acc: 0.9375, CE loss: 0.317, DL2 loss: 5.349
10, 52, 0.3171, 0.0002, 95.312, 100.000, 0.936, 1.000, 
[210] Train acc: 0.9844, Constr acc: 0.8125, CE loss: 0.023, DL2 loss: 11.682
10, 51, 0.0228, 0.0001, 98.438, 100.000, 0.966, 1.000, 
[225] Train acc: 0.9688, Constr acc: 0.8750, CE loss: 0.122, DL2 loss: 3.855
10, 50, 0.1223, 0.0002, 96.875, 100.000, 0.956, 1.000, 
[240] Train acc: 0.9219, Constr acc: 0.8438, CE loss: 0.456, DL2 loss: 13.881
10, 49, 0.4564, 0.0002, 92.188, 96.875, 0.931, 1.000, 
[255] Train acc: 0.9531, Constr acc: 0.8438, CE loss: 0.322, DL2 loss: 14.308
10, 48, 0.3217, 0.0002, 95.312, 100.000, 0.957, 1.000, 
[270] Train acc: 0.8750, Constr acc: 0.9062, CE loss: 0.842, DL2 loss: 10.311
10, 47, 0.8417, 0.0003, 87.500, 98.438, 0.930, 1.000, 
[285] Train acc: 0.9375, Constr acc: 0.7500, CE loss: 0.396, DL2 loss: 19.662
10, 46, 0.3965, 0.0002, 93.750, 100.000, 0.936, 1.000, 
[300] Train acc: 0.9531, Constr acc: 0.9375, CE loss: 0.172, DL2 loss: 1.639
10, 45, 0.1721, 0.0002, 95.312, 100.000, 0.929, 1.000, 
[315] Train acc: 0.9688, Constr acc: 0.7812, CE loss: 0.080, DL2 loss: 14.598
10, 44, 0.0799, 0.0002, 96.875, 100.000, 0.933, 1.000, 
[330] Train acc: 0.9531, Constr acc: 0.9688, CE loss: 0.773, DL2 loss: 2.253
10, 43, 0.7730, 0.0002, 95.312, 100.000, 0.956, 1.000, 
[345] Train acc: 0.9375, Constr acc: 0.8750, CE loss: 0.396, DL2 loss: 3.181
10, 42, 0.3963, 0.0002, 93.750, 98.438, 0.934, 1.000, 
[360] Train acc: 0.9531, Constr acc: 0.8750, CE loss: 0.217, DL2 loss: 6.872
10, 41, 0.2170, 0.0002, 95.312, 100.000, 0.937, 1.000, 
[375] Train acc: 1.0000, Constr acc: 0.7500, CE loss: 0.014, DL2 loss: 15.493
10, 40, 0.0137, 0.0002, 100.000, 100.000, 0.948, 1.000, 
[390] Train acc: 0.9844, Constr acc: 0.7812, CE loss: 0.029, DL2 loss: 14.356
10, 39, 0.0291, 0.0006, 98.438, 100.000, 0.818, 1.000, 
[405] Train acc: 0.9844, Constr acc: 0.8438, CE loss: 0.073, DL2 loss: 12.277
10, 38, 0.0726, 0.0002, 98.438, 100.000, 0.942, 1.000, 
[420] Train acc: 0.9531, Constr acc: 0.9062, CE loss: 0.350, DL2 loss: 7.121
10, 37, 0.3505, 0.0002, 95.312, 100.000, 0.950, 1.000, 
[435] Train acc: 0.8438, Constr acc: 0.9062, CE loss: 0.856, DL2 loss: 7.306
10, 36, 0.8557, 0.0002, 84.375, 100.000, 0.931, 1.000, 
[450] Train acc: 0.7656, Constr acc: 0.7812, CE loss: 1.876, DL2 loss: 10.549
10, 35, 1.8763, 0.0006, 76.562, 95.312, 0.817, 1.000, 
[465] Train acc: 0.6562, Constr acc: 0.7188, CE loss: 4.040, DL2 loss: 12.955
10, 34, 4.0402, 0.0010, 65.625, 93.750, 0.711, 1.000, 
[480] Train acc: 0.9375, Constr acc: 0.7188, CE loss: 0.223, DL2 loss: 13.482
10, 33, 0.2232, 0.0003, 93.750, 98.438, 0.898, 1.000, 
[495] Train acc: 0.9531, Constr acc: 0.7500, CE loss: 0.309, DL2 loss: 16.491
10, 32, 0.3086, 0.0003, 95.312, 100.000, 0.894, 1.000, 
[510] Train acc: 0.8906, Constr acc: 0.8125, CE loss: 0.451, DL2 loss: 14.593
10, 31, 0.4507, 0.0004, 89.062, 100.000, 0.865, 1.000, 
[525] Train acc: 0.8750, Constr acc: 0.8125, CE loss: 1.059, DL2 loss: 9.137
10, 30, 1.0590, 0.0005, 87.500, 100.000, 0.844, 1.000, 
[540] Train acc: 0.8906, Constr acc: 0.6562, CE loss: 0.654, DL2 loss: 14.346
10, 29, 0.6537, 0.0004, 89.062, 100.000, 0.881, 1.000, 
[555] Train acc: 0.8281, Constr acc: 0.8750, CE loss: 0.668, DL2 loss: 12.810
10, 28, 0.6678, 0.0003, 82.812, 98.438, 0.914, 1.000, 
[570] Train acc: 0.8281, Constr acc: 0.9688, CE loss: 1.072, DL2 loss: 0.842
10, 27, 1.0725, 0.0003, 82.812, 100.000, 0.920, 1.000, 
[585] Train acc: 0.8906, Constr acc: 0.8750, CE loss: 0.718, DL2 loss: 3.797
10, 26, 0.7182, 0.0004, 89.062, 98.438, 0.888, 1.000, 
[600] Train acc: 0.8750, Constr acc: 0.8125, CE loss: 0.717, DL2 loss: 13.791
10, 25, 0.7174, 0.0004, 87.500, 100.000, 0.890, 1.000, 
[615] Train acc: 0.8906, Constr acc: 0.7500, CE loss: 0.392, DL2 loss: 18.429
10, 24, 0.3922, 0.0005, 89.062, 98.438, 0.862, 1.000, 
[630] Train acc: 0.7188, Constr acc: 0.8750, CE loss: 1.866, DL2 loss: 3.004
10, 23, 1.8661, 0.0004, 71.875, 96.875, 0.905, 1.000, 
[645] Train acc: 0.8594, Constr acc: 0.6875, CE loss: 0.912, DL2 loss: 16.037
10, 22, 0.9118, 0.0004, 85.938, 96.875, 0.896, 1.000, 
[660] Train acc: 0.7656, Constr acc: 0.7812, CE loss: 0.841, DL2 loss: 18.736
10, 21, 0.8406, 0.0006, 76.562, 98.438, 0.811, 1.000, 
[675] Train acc: 0.6719, Constr acc: 0.8438, CE loss: 1.395, DL2 loss: 7.148
10, 20, 1.3954, 0.0006, 67.188, 98.438, 0.796, 1.000, 
[690] Train acc: 0.7812, Constr acc: 0.7188, CE loss: 1.104, DL2 loss: 18.926
10, 19, 1.1042, 0.0008, 78.125, 98.438, 0.736, 1.000, 
[705] Train acc: 0.6094, Constr acc: 0.6250, CE loss: 2.382, DL2 loss: 28.571
10, 18, 2.3817, 0.0008, 60.938, 98.438, 0.694, 1.000, 
[720] Train acc: 0.6875, Constr acc: 0.5625, CE loss: 1.199, DL2 loss: 28.980
10, 17, 1.1988, 0.0012, 68.750, 98.438, 0.588, 1.000, 
[735] Train acc: 0.6406, Constr acc: 0.5938, CE loss: 2.453, DL2 loss: 28.714
10, 16, 2.4528, 0.0018, 64.062, 95.312, 0.432, 1.000, 
[750] Train acc: 0.3906, Constr acc: 0.6562, CE loss: 4.217, DL2 loss: 23.675
10, 15, 4.2172, 0.0016, 39.062, 90.625, 0.426, 1.000, 
[765] Train acc: 0.4688, Constr acc: 0.7188, CE loss: 3.858, DL2 loss: 20.335
10, 14, 3.8584, 0.0015, 46.875, 85.938, 0.477, 1.000, 
[780] Train acc: 0.6250, Constr acc: 0.5625, CE loss: 2.146, DL2 loss: 29.434
10, 13, 2.1459, 0.0015, 62.500, 92.188, 0.496, 1.000, 
[795] Train acc: 0.3906, Constr acc: 0.6875, CE loss: 3.216, DL2 loss: 18.400
10, 12, 3.2163, 0.0015, 39.062, 96.875, 0.465, 1.000, 
[810] Train acc: 0.2656, Constr acc: 0.3125, CE loss: 3.633, DL2 loss: 50.112
10, 11, 3.6331, 0.0020, 26.562, 76.562, 0.285, 1.000, 
[825] Train acc: 0.0625, Constr acc: 0.0000, CE loss: 2.368, DL2 loss: 102.253
10, 10, 2.3680, 0.0023, 6.250, 37.500, 0.114, 1.000, 
[840] Train acc: 0.1250, Constr acc: 0.0625, CE loss: 2.325, DL2 loss: 104.487
10, 9, 2.3250, 0.0023, 12.500, 51.562, 0.114, 1.000, 
[855] Train acc: 0.0469, Constr acc: 0.0000, CE loss: 2.316, DL2 loss: 101.541
10, 8, 2.3156, 0.0023, 4.688, 48.438, 0.114, 1.000, 
[870] Train acc: 0.1094, Constr acc: 0.0000, CE loss: 2.283, DL2 loss: 96.952
10, 7, 2.2826, 0.0023, 10.938, 64.062, 0.114, 1.000, 
[885] Train acc: 0.1250, Constr acc: 0.0625, CE loss: 2.329, DL2 loss: 89.625
10, 6, 2.3288, 0.0023, 12.500, 46.875, 0.114, 1.000, 
[900] Train acc: 0.0938, Constr acc: 0.0000, CE loss: 2.302, DL2 loss: 91.821
10, 5, 2.3021, 0.0023, 9.375, 51.562, 0.114, 1.000, 
[915] Train acc: 0.1250, Constr acc: 0.0000, CE loss: 2.298, DL2 loss: 101.016
10, 4, 2.2980, 0.0023, 12.500, 54.688, 0.114, 1.000, 
[930] Train acc: 0.1250, Constr acc: 0.0312, CE loss: 2.298, DL2 loss: 89.788
10, 3, 2.2979, 0.0023, 12.500, 54.688, 0.114, 1.000, 
