pruning_engine.load_mask(): did not find mask file, will load nothing
epoch, neuron_units, loss, dl2_loss, top1, top5, dl2_p_acc, dl2_constraint_acc
[0] Train acc: 0.1406
1, 252, 2.2927, 0.0023, 14.062, 59.375, 0.103, 0.000, 
[15] Train acc: 0.1875
1, 252, 2.2763, 0.0023, 18.750, 68.750, 0.103, 0.000, 
[30] Train acc: 0.3125
1, 252, 2.2343, 0.0023, 31.250, 75.000, 0.205, 0.000, 
[45] Train acc: 0.3594
1, 252, 2.1083, 0.0022, 35.938, 89.062, 0.408, 0.000, 
[60] Train acc: 0.5625
1, 252, 1.8079, 0.0021, 56.250, 90.625, 0.576, 0.000, 
[75] Train acc: 0.6719
1, 252, 1.1560, 0.0017, 67.188, 95.312, 0.646, 0.000, 
[90] Train acc: 0.6250
1, 252, 1.0569, 0.0015, 62.500, 98.438, 0.674, 0.000, 
[105] Train acc: 0.7031
1, 252, 0.8945, 0.0013, 70.312, 95.312, 0.730, 0.000, 
[120] Train acc: 0.8125
1, 252, 0.5999, 0.0011, 81.250, 98.438, 0.806, 0.000, 
[135] Train acc: 0.8594
1, 252, 0.3908, 0.0010, 85.938, 100.000, 0.854, 0.000, 
[150] Train acc: 0.8594
1, 252, 0.5338, 0.0010, 85.938, 100.000, 0.820, 0.000, 
[165] Train acc: 0.8281
1, 252, 0.5438, 0.0010, 82.812, 98.438, 0.764, 0.000, 
[180] Train acc: 0.9062
1, 252, 0.4400, 0.0009, 90.625, 98.438, 0.846, 0.000, 
[195] Train acc: 0.9062
1, 252, 0.2807, 0.0009, 90.625, 100.000, 0.848, 0.000, 
[210] Train acc: 0.9219
1, 252, 0.3626, 0.0009, 92.188, 98.438, 0.857, 0.000, 
[225] Train acc: 0.8750
1, 252, 0.3995, 0.0008, 87.500, 100.000, 0.887, 0.000, 
[240] Train acc: 0.8750
1, 252, 0.4170, 0.0008, 87.500, 98.438, 0.877, 0.000, 
[255] Train acc: 0.8281
1, 252, 0.4295, 0.0008, 82.812, 100.000, 0.851, 0.000, 
[270] Train acc: 0.9219
1, 252, 0.2311, 0.0008, 92.188, 100.000, 0.843, 0.000, 
[285] Train acc: 0.9375
1, 252, 0.2467, 0.0007, 93.750, 100.000, 0.920, 0.000, 
[300] Train acc: 0.9062
1, 252, 0.2694, 0.0007, 90.625, 100.000, 0.911, 0.000, 
[315] Train acc: 0.9219
1, 252, 0.2680, 0.0007, 92.188, 98.438, 0.922, 0.000, 
[330] Train acc: 0.9062
1, 252, 0.3726, 0.0007, 90.625, 98.438, 0.864, 0.000, 
[345] Train acc: 0.8594
1, 252, 0.4701, 0.0007, 85.938, 98.438, 0.908, 0.000, 
[360] Train acc: 0.8750
1, 252, 0.2838, 0.0007, 87.500, 100.000, 0.909, 0.000, 
[375] Train acc: 0.9375
1, 252, 0.1560, 0.0007, 93.750, 100.000, 0.923, 0.000, 
[390] Train acc: 0.9062
1, 252, 0.2070, 0.0006, 90.625, 100.000, 0.915, 0.000, 
[405] Train acc: 0.9375
1, 252, 0.1975, 0.0006, 93.750, 100.000, 0.918, 0.000, 
[420] Train acc: 0.9219
1, 252, 0.2446, 0.0006, 92.188, 100.000, 0.936, 0.000, 
[435] Train acc: 0.9219
1, 252, 0.2261, 0.0006, 92.188, 100.000, 0.935, 0.000, 
[450] Train acc: 0.9219
1, 252, 0.1807, 0.0006, 92.188, 100.000, 0.942, 0.000, 
[465] Train acc: 0.8906
1, 252, 0.3503, 0.0006, 89.062, 100.000, 0.914, 0.000, 
[480] Train acc: 1.0000
1, 252, 0.0762, 0.0006, 100.000, 100.000, 0.934, 0.000, 
[495] Train acc: 0.9531
1, 252, 0.1621, 0.0006, 95.312, 100.000, 0.948, 0.000, 
[510] Train acc: 0.9219
1, 252, 0.1649, 0.0005, 92.188, 100.000, 0.949, 0.000, 
[525] Train acc: 0.9531
1, 252, 0.1392, 0.0006, 95.312, 100.000, 0.945, 0.000, 
[540] Train acc: 0.9531
1, 252, 0.2543, 0.0006, 95.312, 98.438, 0.933, 0.000, 
[555] Train acc: 0.9688
1, 252, 0.1702, 0.0005, 96.875, 98.438, 0.953, 0.000, 
[570] Train acc: 0.9531
1, 252, 0.1492, 0.0005, 95.312, 100.000, 0.925, 0.000, 
[585] Train acc: 0.9844
1, 252, 0.0822, 0.0005, 98.438, 100.000, 0.950, 0.000, 
[600] Train acc: 0.9531
1, 252, 0.1890, 0.0005, 95.312, 100.000, 0.951, 0.000, 
[615] Train acc: 0.9531
1, 252, 0.1561, 0.0005, 95.312, 100.000, 0.951, 0.000, 
[630] Train acc: 0.9375
1, 252, 0.3362, 0.0005, 93.750, 100.000, 0.956, 0.000, 
[645] Train acc: 0.9688
1, 252, 0.1513, 0.0005, 96.875, 100.000, 0.956, 0.000, 
[660] Train acc: 0.9688
1, 252, 0.1354, 0.0005, 96.875, 100.000, 0.956, 0.000, 
[675] Train acc: 0.9375
1, 252, 0.1571, 0.0005, 93.750, 100.000, 0.956, 0.000, 
[690] Train acc: 0.9688
1, 252, 0.1637, 0.0005, 96.875, 98.438, 0.958, 0.000, 
[705] Train acc: 0.8906
1, 252, 0.3415, 0.0005, 89.062, 100.000, 0.953, 0.000, 
[720] Train acc: 1.0000
1, 252, 0.0550, 0.0005, 100.000, 100.000, 0.958, 0.000, 
[735] Train acc: 0.9375
1, 252, 0.1595, 0.0005, 93.750, 100.000, 0.956, 0.000, 
[750] Train acc: 0.9688
1, 252, 0.0683, 0.0005, 96.875, 100.000, 0.950, 0.000, 
[765] Train acc: 0.9062
1, 252, 0.2801, 0.0005, 90.625, 100.000, 0.945, 0.000, 
[780] Train acc: 0.9219
1, 252, 0.1975, 0.0005, 92.188, 100.000, 0.965, 0.000, 
[795] Train acc: 0.9375
1, 252, 0.1232, 0.0005, 93.750, 100.000, 0.960, 0.000, 
[810] Train acc: 1.0000
1, 252, 0.0531, 0.0005, 100.000, 100.000, 0.963, 0.000, 
[825] Train acc: 0.9531
1, 252, 0.1005, 0.0005, 95.312, 100.000, 0.959, 0.000, 
[840] Train acc: 0.9531
1, 252, 0.1271, 0.0005, 95.312, 100.000, 0.969, 0.000, 
[855] Train acc: 0.9375
1, 252, 0.1566, 0.0005, 93.750, 100.000, 0.942, 0.000, 
[870] Train acc: 0.9531
1, 252, 0.1490, 0.0004, 95.312, 100.000, 0.963, 0.000, 
[885] Train acc: 0.9375
1, 252, 0.1344, 0.0005, 93.750, 100.000, 0.959, 0.000, 
[900] Train acc: 0.9531
1, 252, 0.1105, 0.0004, 95.312, 100.000, 0.962, 0.000, 
[915] Train acc: 0.9375
1, 252, 0.1970, 0.0004, 93.750, 100.000, 0.960, 0.000, 
[930] Train acc: 0.9375
1, 252, 0.1600, 0.0004, 93.750, 100.000, 0.965, 0.000, 
[0] Train acc: 0.9531
2, 252, 0.1407, 0.0004, 95.312, 100.000, 0.963, 0.000, 
[15] Train acc: 0.9844
2, 252, 0.0752, 0.0004, 98.438, 100.000, 0.967, 0.000, 
[30] Train acc: 0.9688
2, 252, 0.0801, 0.0004, 96.875, 100.000, 0.955, 0.000, 
[45] Train acc: 0.9688
2, 252, 0.0949, 0.0004, 96.875, 100.000, 0.965, 0.000, 
[60] Train acc: 0.9844
2, 252, 0.0438, 0.0004, 98.438, 100.000, 0.963, 0.000, 
[75] Train acc: 0.9688
2, 252, 0.1399, 0.0004, 96.875, 100.000, 0.966, 0.000, 
[90] Train acc: 0.9375
2, 252, 0.3302, 0.0004, 93.750, 100.000, 0.967, 0.000, 
[105] Train acc: 0.9844
2, 252, 0.0491, 0.0004, 98.438, 100.000, 0.970, 0.000, 
[120] Train acc: 0.9688
2, 252, 0.0914, 0.0004, 96.875, 100.000, 0.970, 0.000, 
[135] Train acc: 0.9688
2, 252, 0.1508, 0.0004, 96.875, 100.000, 0.964, 0.000, 
[150] Train acc: 0.9531
2, 252, 0.0793, 0.0004, 95.312, 100.000, 0.967, 0.000, 
[165] Train acc: 0.9844
2, 252, 0.0713, 0.0004, 98.438, 100.000, 0.969, 0.000, 
[180] Train acc: 0.9531
2, 252, 0.0830, 0.0004, 95.312, 100.000, 0.966, 0.000, 
[195] Train acc: 0.9844
2, 252, 0.0966, 0.0004, 98.438, 100.000, 0.961, 0.000, 
[210] Train acc: 0.9688
2, 252, 0.0620, 0.0004, 96.875, 100.000, 0.973, 0.000, 
[225] Train acc: 0.9531
2, 252, 0.1448, 0.0004, 95.312, 100.000, 0.965, 0.000, 
[240] Train acc: 0.9531
2, 252, 0.1479, 0.0004, 95.312, 100.000, 0.967, 0.000, 
[255] Train acc: 1.0000
2, 252, 0.0279, 0.0004, 100.000, 100.000, 0.968, 0.000, 
[270] Train acc: 0.9844
2, 252, 0.0609, 0.0003, 98.438, 100.000, 0.974, 0.000, 
[285] Train acc: 0.9844
2, 252, 0.0342, 0.0003, 98.438, 100.000, 0.975, 0.000, 
[300] Train acc: 0.9688
2, 252, 0.0782, 0.0004, 96.875, 100.000, 0.969, 0.000, 
[315] Train acc: 0.9375
2, 252, 0.1122, 0.0004, 93.750, 100.000, 0.975, 0.000, 
[330] Train acc: 0.9688
2, 252, 0.0469, 0.0004, 96.875, 100.000, 0.968, 0.000, 
[345] Train acc: 0.9531
2, 252, 0.2345, 0.0004, 95.312, 100.000, 0.977, 0.000, 
[360] Train acc: 0.9688
2, 252, 0.0647, 0.0004, 96.875, 100.000, 0.962, 0.000, 
[375] Train acc: 0.9531
2, 252, 0.1035, 0.0004, 95.312, 100.000, 0.976, 0.000, 
[390] Train acc: 0.9844
2, 252, 0.0274, 0.0004, 98.438, 100.000, 0.974, 0.000, 
[405] Train acc: 0.9844
2, 252, 0.0408, 0.0004, 98.438, 100.000, 0.968, 0.000, 
[420] Train acc: 0.9844
2, 252, 0.0255, 0.0004, 98.438, 100.000, 0.976, 0.000, 
[435] Train acc: 0.9844
2, 252, 0.0391, 0.0004, 98.438, 100.000, 0.977, 0.000, 
[450] Train acc: 0.9844
2, 252, 0.0888, 0.0003, 98.438, 100.000, 0.975, 0.000, 
[465] Train acc: 0.9688
2, 252, 0.0860, 0.0004, 96.875, 100.000, 0.972, 0.000, 
[480] Train acc: 0.9688
2, 252, 0.0826, 0.0004, 96.875, 100.000, 0.969, 0.000, 
[495] Train acc: 0.9375
2, 252, 0.1246, 0.0004, 93.750, 100.000, 0.972, 0.000, 
[510] Train acc: 1.0000
2, 252, 0.0169, 0.0004, 100.000, 100.000, 0.974, 0.000, 
[525] Train acc: 0.9688
2, 252, 0.1215, 0.0004, 96.875, 100.000, 0.977, 0.000, 
[540] Train acc: 0.9844
2, 252, 0.0627, 0.0004, 98.438, 100.000, 0.977, 0.000, 
[555] Train acc: 1.0000
2, 252, 0.0338, 0.0004, 100.000, 100.000, 0.977, 0.000, 
[570] Train acc: 0.9531
2, 252, 0.1980, 0.0004, 95.312, 100.000, 0.972, 0.000, 
[585] Train acc: 1.0000
2, 252, 0.0180, 0.0004, 100.000, 100.000, 0.965, 0.000, 
[600] Train acc: 0.9531
2, 252, 0.1889, 0.0004, 95.312, 100.000, 0.966, 0.000, 
[615] Train acc: 0.9531
2, 252, 0.1996, 0.0004, 95.312, 100.000, 0.972, 0.000, 
[630] Train acc: 0.9844
2, 252, 0.0752, 0.0004, 98.438, 100.000, 0.971, 0.000, 
[645] Train acc: 0.9062
2, 252, 0.2343, 0.0003, 90.625, 100.000, 0.980, 0.000, 
[660] Train acc: 0.9844
2, 252, 0.0542, 0.0003, 98.438, 100.000, 0.978, 0.000, 
[675] Train acc: 0.9844
2, 252, 0.0672, 0.0003, 98.438, 100.000, 0.977, 0.000, 
[690] Train acc: 0.9688
2, 252, 0.0481, 0.0003, 96.875, 100.000, 0.975, 0.000, 
[705] Train acc: 0.9844
2, 252, 0.0961, 0.0003, 98.438, 100.000, 0.970, 0.000, 
[720] Train acc: 0.9688
2, 252, 0.0633, 0.0003, 96.875, 100.000, 0.976, 0.000, 
[735] Train acc: 0.9844
2, 252, 0.0988, 0.0004, 98.438, 100.000, 0.959, 0.000, 
[750] Train acc: 0.9844
2, 252, 0.0208, 0.0003, 98.438, 100.000, 0.978, 0.000, 
[765] Train acc: 0.9688
2, 252, 0.0411, 0.0003, 96.875, 100.000, 0.978, 0.000, 
[780] Train acc: 0.9844
2, 252, 0.0408, 0.0003, 98.438, 100.000, 0.975, 0.000, 
[795] Train acc: 0.9688
2, 252, 0.0842, 0.0003, 96.875, 100.000, 0.976, 0.000, 
[810] Train acc: 0.9688
2, 252, 0.0810, 0.0003, 96.875, 100.000, 0.976, 0.000, 
[825] Train acc: 0.9375
2, 252, 0.2803, 0.0003, 93.750, 100.000, 0.979, 0.000, 
[840] Train acc: 1.0000
2, 252, 0.0204, 0.0003, 100.000, 100.000, 0.974, 0.000, 
[855] Train acc: 1.0000
2, 252, 0.0160, 0.0003, 100.000, 100.000, 0.980, 0.000, 
[870] Train acc: 1.0000
2, 252, 0.0261, 0.0003, 100.000, 100.000, 0.978, 0.000, 
[885] Train acc: 0.9844
2, 252, 0.0547, 0.0003, 98.438, 100.000, 0.977, 0.000, 
[900] Train acc: 0.9375
2, 252, 0.1150, 0.0003, 93.750, 100.000, 0.979, 0.000, 
[915] Train acc: 0.9688
2, 252, 0.0495, 0.0003, 96.875, 100.000, 0.981, 0.000, 
[930] Train acc: 0.9688
2, 252, 0.1090, 0.0003, 96.875, 100.000, 0.971, 0.000, 
[0] Train acc: 0.9688
3, 252, 0.1437, 0.0003, 96.875, 100.000, 0.970, 0.000, 
[15] Train acc: 1.0000
3, 252, 0.0285, 0.0003, 100.000, 100.000, 0.981, 0.000, 
[30] Train acc: 0.9844
3, 252, 0.0529, 0.0003, 98.438, 100.000, 0.978, 0.000, 
[45] Train acc: 0.9688
3, 252, 0.0809, 0.0004, 96.875, 100.000, 0.969, 0.000, 
[60] Train acc: 1.0000
3, 252, 0.0216, 0.0003, 100.000, 100.000, 0.981, 0.000, 
[75] Train acc: 0.9688
3, 252, 0.1329, 0.0003, 96.875, 100.000, 0.969, 0.000, 
[90] Train acc: 0.9844
3, 252, 0.0656, 0.0003, 98.438, 100.000, 0.976, 0.000, 
[105] Train acc: 1.0000
3, 252, 0.0243, 0.0003, 100.000, 100.000, 0.981, 0.000, 
[120] Train acc: 1.0000
3, 252, 0.0218, 0.0003, 100.000, 100.000, 0.979, 0.000, 
[135] Train acc: 0.9531
3, 252, 0.0817, 0.0003, 95.312, 100.000, 0.981, 0.000, 
[150] Train acc: 1.0000
3, 252, 0.0099, 0.0003, 100.000, 100.000, 0.975, 0.000, 
[165] Train acc: 0.9844
3, 252, 0.1767, 0.0003, 98.438, 100.000, 0.981, 0.000, 
[180] Train acc: 0.9531
3, 252, 0.1106, 0.0003, 95.312, 100.000, 0.981, 0.000, 
[195] Train acc: 0.9844
3, 252, 0.0700, 0.0003, 98.438, 100.000, 0.976, 0.000, 
[210] Train acc: 0.9531
3, 252, 0.0754, 0.0003, 95.312, 100.000, 0.972, 0.000, 
[225] Train acc: 1.0000
3, 252, 0.0133, 0.0003, 100.000, 100.000, 0.983, 0.000, 
[240] Train acc: 0.9688
3, 252, 0.0620, 0.0003, 96.875, 100.000, 0.980, 0.000, 
[255] Train acc: 0.9844
3, 252, 0.0525, 0.0003, 98.438, 100.000, 0.972, 0.000, 
[270] Train acc: 0.9688
3, 252, 0.0948, 0.0003, 96.875, 100.000, 0.982, 0.000, 
[285] Train acc: 0.9688
3, 252, 0.0618, 0.0003, 96.875, 100.000, 0.984, 0.000, 
[300] Train acc: 0.9844
3, 252, 0.0618, 0.0003, 98.438, 100.000, 0.981, 0.000, 
[315] Train acc: 0.9688
3, 252, 0.1432, 0.0003, 96.875, 100.000, 0.983, 0.000, 
[330] Train acc: 0.9531
3, 252, 0.1283, 0.0003, 95.312, 100.000, 0.978, 0.000, 
[345] Train acc: 1.0000
3, 252, 0.0156, 0.0003, 100.000, 100.000, 0.982, 0.000, 
[360] Train acc: 0.9844
3, 252, 0.0625, 0.0003, 98.438, 100.000, 0.979, 0.000, 
[375] Train acc: 1.0000
3, 252, 0.0429, 0.0003, 100.000, 100.000, 0.977, 0.000, 
[390] Train acc: 0.9375
3, 252, 0.2170, 0.0003, 93.750, 100.000, 0.966, 0.000, 
[405] Train acc: 0.9844
3, 252, 0.0477, 0.0003, 98.438, 100.000, 0.982, 0.000, 
[420] Train acc: 1.0000
3, 252, 0.0266, 0.0003, 100.000, 100.000, 0.982, 0.000, 
[435] Train acc: 0.9844
3, 252, 0.0296, 0.0003, 98.438, 100.000, 0.972, 0.000, 
[450] Train acc: 0.9844
3, 252, 0.0515, 0.0003, 98.438, 100.000, 0.979, 0.000, 
[465] Train acc: 1.0000
3, 252, 0.0425, 0.0003, 100.000, 100.000, 0.982, 0.000, 
[480] Train acc: 0.9844
3, 252, 0.1283, 0.0003, 98.438, 100.000, 0.981, 0.000, 
[495] Train acc: 0.9688
3, 252, 0.0506, 0.0003, 96.875, 100.000, 0.983, 0.000, 
[510] Train acc: 0.9688
3, 252, 0.0836, 0.0003, 96.875, 100.000, 0.982, 0.000, 
[525] Train acc: 0.9531
3, 252, 0.1020, 0.0003, 95.312, 100.000, 0.984, 0.000, 
[540] Train acc: 1.0000
3, 252, 0.0214, 0.0003, 100.000, 100.000, 0.982, 0.000, 
[555] Train acc: 0.9531
3, 252, 0.1520, 0.0003, 95.312, 100.000, 0.985, 0.000, 
[570] Train acc: 0.9844
3, 252, 0.0536, 0.0003, 98.438, 100.000, 0.978, 0.000, 
[585] Train acc: 1.0000
3, 252, 0.0112, 0.0003, 100.000, 100.000, 0.982, 0.000, 
[600] Train acc: 0.9375
3, 252, 0.1640, 0.0003, 93.750, 100.000, 0.980, 0.000, 
[615] Train acc: 0.9531
3, 252, 0.1815, 0.0003, 95.312, 100.000, 0.982, 0.000, 
[630] Train acc: 1.0000
3, 252, 0.0235, 0.0003, 100.000, 100.000, 0.984, 0.000, 
[645] Train acc: 0.9688
3, 252, 0.2124, 0.0003, 96.875, 100.000, 0.983, 0.000, 
[660] Train acc: 1.0000
3, 252, 0.0341, 0.0003, 100.000, 100.000, 0.983, 0.000, 
[675] Train acc: 1.0000
3, 252, 0.0153, 0.0003, 100.000, 100.000, 0.984, 0.000, 
[690] Train acc: 0.9844
3, 252, 0.0284, 0.0003, 98.438, 100.000, 0.985, 0.000, 
[705] Train acc: 1.0000
3, 252, 0.0274, 0.0003, 100.000, 100.000, 0.983, 0.000, 
[720] Train acc: 0.9844
3, 252, 0.0483, 0.0003, 98.438, 100.000, 0.984, 0.000, 
[735] Train acc: 0.9844
3, 252, 0.0342, 0.0003, 98.438, 100.000, 0.982, 0.000, 
[750] Train acc: 0.9844
3, 252, 0.0250, 0.0003, 98.438, 100.000, 0.986, 0.000, 
[765] Train acc: 1.0000
3, 252, 0.0191, 0.0003, 100.000, 100.000, 0.981, 0.000, 
[780] Train acc: 0.9531
3, 252, 0.1058, 0.0003, 95.312, 100.000, 0.984, 0.000, 
[795] Train acc: 0.9688
3, 252, 0.0497, 0.0003, 96.875, 100.000, 0.982, 0.000, 
[810] Train acc: 1.0000
3, 252, 0.0074, 0.0003, 100.000, 100.000, 0.978, 0.000, 
[825] Train acc: 1.0000
3, 252, 0.0133, 0.0002, 100.000, 100.000, 0.984, 0.000, 
[840] Train acc: 0.9531
3, 252, 0.0715, 0.0003, 95.312, 100.000, 0.981, 0.000, 
[855] Train acc: 1.0000
3, 252, 0.0085, 0.0003, 100.000, 100.000, 0.978, 0.000, 
[870] Train acc: 1.0000
3, 252, 0.0084, 0.0003, 100.000, 100.000, 0.981, 0.000, 
[885] Train acc: 1.0000
3, 252, 0.0144, 0.0003, 100.000, 100.000, 0.983, 0.000, 
[900] Train acc: 0.9844
3, 252, 0.0241, 0.0003, 98.438, 100.000, 0.981, 0.000, 
[915] Train acc: 0.9531
3, 252, 0.2423, 0.0003, 95.312, 100.000, 0.983, 0.000, 
[930] Train acc: 0.9844
3, 252, 0.0708, 0.0003, 98.438, 100.000, 0.987, 0.000, 
[0] Train acc: 0.9844
4, 252, 0.0484, 0.0003, 98.438, 100.000, 0.985, 0.000, 
[15] Train acc: 1.0000
4, 252, 0.0244, 0.0003, 100.000, 100.000, 0.983, 0.000, 
[30] Train acc: 0.9844
4, 252, 0.0416, 0.0003, 98.438, 100.000, 0.981, 0.000, 
[45] Train acc: 1.0000
4, 252, 0.0063, 0.0003, 100.000, 100.000, 0.985, 0.000, 
[60] Train acc: 1.0000
4, 252, 0.0215, 0.0003, 100.000, 100.000, 0.984, 0.000, 
[75] Train acc: 1.0000
4, 252, 0.0432, 0.0003, 100.000, 100.000, 0.972, 0.000, 
[90] Train acc: 0.9844
4, 252, 0.0448, 0.0002, 98.438, 100.000, 0.985, 0.000, 
[105] Train acc: 1.0000
4, 252, 0.0111, 0.0002, 100.000, 100.000, 0.984, 0.000, 
[120] Train acc: 0.9844
4, 252, 0.0530, 0.0003, 98.438, 100.000, 0.982, 0.000, 
[135] Train acc: 0.9844
4, 252, 0.0300, 0.0003, 98.438, 100.000, 0.985, 0.000, 
[150] Train acc: 0.9688
4, 252, 0.0593, 0.0002, 96.875, 100.000, 0.985, 0.000, 
[165] Train acc: 1.0000
4, 252, 0.0173, 0.0003, 100.000, 100.000, 0.982, 0.000, 
[180] Train acc: 0.9844
4, 252, 0.1133, 0.0002, 98.438, 100.000, 0.985, 0.000, 
[195] Train acc: 1.0000
4, 252, 0.0079, 0.0003, 100.000, 100.000, 0.983, 0.000, 
[210] Train acc: 0.9531
4, 252, 0.1191, 0.0003, 95.312, 100.000, 0.980, 0.000, 
[225] Train acc: 1.0000
4, 252, 0.0161, 0.0003, 100.000, 100.000, 0.985, 0.000, 
[240] Train acc: 1.0000
4, 252, 0.0187, 0.0003, 100.000, 100.000, 0.982, 0.000, 
[255] Train acc: 0.9844
4, 252, 0.1243, 0.0003, 98.438, 98.438, 0.983, 0.000, 
[270] Train acc: 1.0000
4, 252, 0.0103, 0.0002, 100.000, 100.000, 0.986, 0.000, 
[285] Train acc: 0.9688
4, 252, 0.0890, 0.0002, 96.875, 100.000, 0.986, 0.000, 
[300] Train acc: 1.0000
4, 252, 0.0147, 0.0003, 100.000, 100.000, 0.981, 0.000, 
[315] Train acc: 1.0000
4, 252, 0.0182, 0.0002, 100.000, 100.000, 0.985, 0.000, 
[330] Train acc: 1.0000
4, 252, 0.0325, 0.0003, 100.000, 100.000, 0.985, 0.000, 
[345] Train acc: 0.9531
4, 252, 0.0922, 0.0003, 95.312, 100.000, 0.983, 0.000, 
[360] Train acc: 0.9688
4, 252, 0.0669, 0.0003, 96.875, 100.000, 0.979, 0.000, 
[375] Train acc: 1.0000
4, 252, 0.0089, 0.0003, 100.000, 100.000, 0.987, 0.000, 
[390] Train acc: 1.0000
4, 252, 0.0179, 0.0003, 100.000, 100.000, 0.985, 0.000, 
[405] Train acc: 1.0000
4, 252, 0.0076, 0.0003, 100.000, 100.000, 0.982, 0.000, 
[420] Train acc: 0.9688
4, 252, 0.0540, 0.0003, 96.875, 100.000, 0.982, 0.000, 
[435] Train acc: 0.9688
4, 252, 0.0744, 0.0003, 96.875, 100.000, 0.984, 0.000, 
[450] Train acc: 1.0000
4, 252, 0.0152, 0.0003, 100.000, 100.000, 0.983, 0.000, 
[465] Train acc: 0.9844
4, 252, 0.0753, 0.0002, 98.438, 100.000, 0.985, 0.000, 
[480] Train acc: 0.9688
4, 252, 0.0678, 0.0002, 96.875, 100.000, 0.984, 0.000, 
[495] Train acc: 0.9844
4, 252, 0.0385, 0.0003, 98.438, 100.000, 0.985, 0.000, 
[510] Train acc: 0.9531
4, 252, 0.0576, 0.0003, 95.312, 100.000, 0.987, 0.000, 
[525] Train acc: 1.0000
4, 252, 0.0055, 0.0002, 100.000, 100.000, 0.985, 0.000, 
[540] Train acc: 1.0000
4, 252, 0.0088, 0.0003, 100.000, 100.000, 0.980, 0.000, 
[555] Train acc: 0.9844
4, 252, 0.0672, 0.0002, 98.438, 100.000, 0.984, 0.000, 
[570] Train acc: 1.0000
4, 252, 0.0215, 0.0003, 100.000, 100.000, 0.982, 0.000, 
[585] Train acc: 0.9531
4, 252, 0.1056, 0.0002, 95.312, 100.000, 0.986, 0.000, 
[600] Train acc: 1.0000
4, 252, 0.0105, 0.0002, 100.000, 100.000, 0.987, 0.000, 
[615] Train acc: 0.9844
4, 252, 0.0304, 0.0002, 98.438, 100.000, 0.986, 0.000, 
[630] Train acc: 0.9531
4, 252, 0.1299, 0.0002, 95.312, 100.000, 0.983, 0.000, 
[645] Train acc: 1.0000
4, 252, 0.0146, 0.0002, 100.000, 100.000, 0.985, 0.000, 
[660] Train acc: 1.0000
4, 252, 0.0169, 0.0002, 100.000, 100.000, 0.987, 0.000, 
[675] Train acc: 0.9688
4, 252, 0.0538, 0.0002, 96.875, 100.000, 0.986, 0.000, 
[690] Train acc: 0.9844
4, 252, 0.0774, 0.0002, 98.438, 100.000, 0.983, 0.000, 
[705] Train acc: 1.0000
4, 252, 0.0300, 0.0002, 100.000, 100.000, 0.986, 0.000, 
[720] Train acc: 0.9844
4, 252, 0.0937, 0.0002, 98.438, 100.000, 0.983, 0.000, 
[735] Train acc: 1.0000
4, 252, 0.0191, 0.0002, 100.000, 100.000, 0.980, 0.000, 
[750] Train acc: 1.0000
4, 252, 0.0044, 0.0002, 100.000, 100.000, 0.983, 0.000, 
[765] Train acc: 0.9531
4, 252, 0.0958, 0.0002, 95.312, 100.000, 0.985, 0.000, 
[780] Train acc: 0.9688
4, 252, 0.0661, 0.0002, 96.875, 100.000, 0.985, 0.000, 
[795] Train acc: 0.9531
4, 252, 0.1070, 0.0002, 95.312, 100.000, 0.983, 0.000, 
[810] Train acc: 1.0000
4, 252, 0.0131, 0.0002, 100.000, 100.000, 0.985, 0.000, 
[825] Train acc: 0.9688
4, 252, 0.0316, 0.0002, 96.875, 100.000, 0.985, 0.000, 
[840] Train acc: 1.0000
4, 252, 0.0235, 0.0002, 100.000, 100.000, 0.986, 0.000, 
[855] Train acc: 1.0000
4, 252, 0.0032, 0.0002, 100.000, 100.000, 0.986, 0.000, 
[870] Train acc: 0.9844
4, 252, 0.0457, 0.0003, 98.438, 100.000, 0.983, 0.000, 
[885] Train acc: 1.0000
4, 252, 0.0180, 0.0002, 100.000, 100.000, 0.983, 0.000, 
[900] Train acc: 0.9844
4, 252, 0.0469, 0.0003, 98.438, 100.000, 0.980, 0.000, 
[915] Train acc: 1.0000
4, 252, 0.0054, 0.0002, 100.000, 100.000, 0.987, 0.000, 
[930] Train acc: 0.9688
4, 252, 0.1351, 0.0002, 96.875, 100.000, 0.988, 0.000, 
[0] Train acc: 0.9531
5, 252, 0.1104, 0.0003, 95.312, 100.000, 0.982, 0.000, 
[15] Train acc: 0.9844
5, 252, 0.0755, 0.0002, 98.438, 100.000, 0.987, 0.000, 
[30] Train acc: 1.0000
5, 252, 0.0264, 0.0002, 100.000, 100.000, 0.988, 0.000, 
[45] Train acc: 0.9531
5, 252, 0.0984, 0.0002, 95.312, 100.000, 0.986, 0.000, 
[60] Train acc: 1.0000
5, 252, 0.0236, 0.0002, 100.000, 100.000, 0.983, 0.000, 
[75] Train acc: 0.9844
5, 252, 0.0256, 0.0002, 98.438, 100.000, 0.988, 0.000, 
[90] Train acc: 0.9531
5, 252, 0.1569, 0.0003, 95.312, 100.000, 0.984, 0.000, 
[105] Train acc: 0.9844
5, 252, 0.0473, 0.0002, 98.438, 100.000, 0.987, 0.000, 
[120] Train acc: 1.0000
5, 252, 0.0015, 0.0002, 100.000, 100.000, 0.986, 0.000, 
[135] Train acc: 0.9844
5, 252, 0.0393, 0.0002, 98.438, 100.000, 0.988, 0.000, 
[150] Train acc: 1.0000
5, 252, 0.0231, 0.0002, 100.000, 100.000, 0.988, 0.000, 
[165] Train acc: 0.9844
5, 252, 0.0324, 0.0002, 98.438, 100.000, 0.984, 0.000, 
[180] Train acc: 0.9844
5, 252, 0.0189, 0.0002, 98.438, 100.000, 0.985, 0.000, 
[195] Train acc: 1.0000
5, 252, 0.0243, 0.0002, 100.000, 100.000, 0.986, 0.000, 
[210] Train acc: 0.9688
5, 252, 0.2014, 0.0002, 96.875, 98.438, 0.986, 0.000, 
[225] Train acc: 0.9688
5, 252, 0.0636, 0.0002, 96.875, 100.000, 0.981, 0.000, 
[240] Train acc: 0.9844
5, 252, 0.0409, 0.0002, 98.438, 100.000, 0.988, 0.000, 
[255] Train acc: 0.9844
5, 252, 0.0414, 0.0002, 98.438, 100.000, 0.985, 0.000, 
[270] Train acc: 1.0000
5, 252, 0.0077, 0.0002, 100.000, 100.000, 0.984, 0.000, 
[285] Train acc: 0.9844
5, 252, 0.0314, 0.0002, 98.438, 100.000, 0.986, 0.000, 
[300] Train acc: 0.9688
5, 252, 0.0770, 0.0002, 96.875, 100.000, 0.987, 0.000, 
[315] Train acc: 0.9688
5, 252, 0.0528, 0.0002, 96.875, 100.000, 0.986, 0.000, 
[330] Train acc: 0.9844
5, 252, 0.0357, 0.0002, 98.438, 100.000, 0.986, 0.000, 
[345] Train acc: 1.0000
5, 252, 0.0078, 0.0002, 100.000, 100.000, 0.986, 0.000, 
[360] Train acc: 1.0000
5, 252, 0.0062, 0.0002, 100.000, 100.000, 0.988, 0.000, 
[375] Train acc: 1.0000
5, 252, 0.0182, 0.0002, 100.000, 100.000, 0.985, 0.000, 
[390] Train acc: 0.9844
5, 252, 0.0347, 0.0002, 98.438, 100.000, 0.986, 0.000, 
[405] Train acc: 0.9844
5, 252, 0.0357, 0.0002, 98.438, 100.000, 0.986, 0.000, 
[420] Train acc: 0.9844
5, 252, 0.0288, 0.0002, 98.438, 100.000, 0.987, 0.000, 
[435] Train acc: 1.0000
5, 252, 0.0384, 0.0002, 100.000, 100.000, 0.987, 0.000, 
[450] Train acc: 0.9688
5, 252, 0.0746, 0.0002, 96.875, 100.000, 0.986, 0.000, 
[465] Train acc: 0.9531
5, 252, 0.2299, 0.0003, 95.312, 100.000, 0.985, 0.000, 
[480] Train acc: 1.0000
5, 252, 0.0095, 0.0002, 100.000, 100.000, 0.985, 0.000, 
[495] Train acc: 0.9688
5, 252, 0.0636, 0.0002, 96.875, 100.000, 0.985, 0.000, 
[510] Train acc: 0.9531
5, 252, 0.0753, 0.0002, 95.312, 100.000, 0.987, 0.000, 
[525] Train acc: 0.9688
5, 252, 0.0763, 0.0002, 96.875, 100.000, 0.988, 0.000, 
[540] Train acc: 0.9688
5, 252, 0.1208, 0.0002, 96.875, 100.000, 0.988, 0.000, 
[555] Train acc: 0.9844
5, 252, 0.0301, 0.0002, 98.438, 100.000, 0.990, 0.000, 
[570] Train acc: 1.0000
5, 252, 0.0098, 0.0002, 100.000, 100.000, 0.986, 0.000, 
[585] Train acc: 1.0000
5, 252, 0.0090, 0.0002, 100.000, 100.000, 0.985, 0.000, 
[600] Train acc: 1.0000
5, 252, 0.0170, 0.0002, 100.000, 100.000, 0.985, 0.000, 
[615] Train acc: 0.9844
5, 252, 0.0246, 0.0002, 98.438, 100.000, 0.988, 0.000, 
[630] Train acc: 0.9219
5, 252, 0.1508, 0.0002, 92.188, 100.000, 0.987, 0.000, 
[645] Train acc: 1.0000
5, 252, 0.0039, 0.0002, 100.000, 100.000, 0.987, 0.000, 
[660] Train acc: 1.0000
5, 252, 0.0033, 0.0002, 100.000, 100.000, 0.987, 0.000, 
[675] Train acc: 1.0000
5, 252, 0.0219, 0.0002, 100.000, 100.000, 0.987, 0.000, 
[690] Train acc: 1.0000
5, 252, 0.0031, 0.0002, 100.000, 100.000, 0.986, 0.000, 
[705] Train acc: 1.0000
5, 252, 0.0078, 0.0002, 100.000, 100.000, 0.988, 0.000, 
[720] Train acc: 0.9844
5, 252, 0.0540, 0.0002, 98.438, 100.000, 0.986, 0.000, 
[735] Train acc: 0.9844
5, 252, 0.0684, 0.0002, 98.438, 100.000, 0.987, 0.000, 
[750] Train acc: 1.0000
5, 252, 0.0082, 0.0002, 100.000, 100.000, 0.986, 0.000, 
[765] Train acc: 1.0000
5, 252, 0.0112, 0.0002, 100.000, 100.000, 0.983, 0.000, 
[780] Train acc: 0.9531
5, 252, 0.2455, 0.0002, 95.312, 100.000, 0.988, 0.000, 
[795] Train acc: 0.9688
5, 252, 0.0589, 0.0002, 96.875, 100.000, 0.988, 0.000, 
[810] Train acc: 0.9844
5, 252, 0.0220, 0.0002, 98.438, 100.000, 0.986, 0.000, 
[825] Train acc: 1.0000
5, 252, 0.0090, 0.0002, 100.000, 100.000, 0.983, 0.000, 
[840] Train acc: 0.9844
5, 252, 0.0306, 0.0002, 98.438, 100.000, 0.987, 0.000, 
[855] Train acc: 1.0000
5, 252, 0.0127, 0.0002, 100.000, 100.000, 0.985, 0.000, 
[870] Train acc: 0.9688
5, 252, 0.1107, 0.0002, 96.875, 100.000, 0.980, 0.000, 
[885] Train acc: 1.0000
5, 252, 0.0024, 0.0002, 100.000, 100.000, 0.987, 0.000, 
[900] Train acc: 1.0000
5, 252, 0.0236, 0.0002, 100.000, 100.000, 0.987, 0.000, 
[915] Train acc: 0.9844
5, 252, 0.0203, 0.0002, 98.438, 100.000, 0.987, 0.000, 
[930] Train acc: 0.9844
5, 252, 0.0435, 0.0002, 98.438, 100.000, 0.986, 0.000, 
[0] Train acc: 1.0000
6, 252, 0.0085, 0.0002, 100.000, 100.000, 0.985, 0.000, 
[15] Train acc: 1.0000
6, 252, 0.0074, 0.0002, 100.000, 100.000, 0.990, 0.000, 
[30] Train acc: 0.9844
6, 252, 0.0378, 0.0002, 98.438, 100.000, 0.986, 0.000, 
[45] Train acc: 1.0000
6, 252, 0.0035, 0.0002, 100.000, 100.000, 0.989, 0.000, 
[60] Train acc: 1.0000
6, 252, 0.0291, 0.0002, 100.000, 100.000, 0.987, 0.000, 
[75] Train acc: 1.0000
6, 252, 0.0240, 0.0002, 100.000, 100.000, 0.986, 0.000, 
[90] Train acc: 1.0000
6, 252, 0.0225, 0.0002, 100.000, 100.000, 0.987, 0.000, 
[105] Train acc: 0.9688
6, 252, 0.0429, 0.0002, 96.875, 100.000, 0.987, 0.000, 
[120] Train acc: 0.9844
6, 252, 0.0526, 0.0002, 98.438, 100.000, 0.988, 0.000, 
[135] Train acc: 1.0000
6, 252, 0.0031, 0.0002, 100.000, 100.000, 0.988, 0.000, 
[150] Train acc: 1.0000
6, 252, 0.0227, 0.0002, 100.000, 100.000, 0.986, 0.000, 
[165] Train acc: 1.0000
6, 252, 0.0111, 0.0002, 100.000, 100.000, 0.986, 0.000, 
[180] Train acc: 1.0000
6, 252, 0.0106, 0.0002, 100.000, 100.000, 0.988, 0.000, 
[195] Train acc: 0.9688
6, 252, 0.0541, 0.0002, 96.875, 100.000, 0.988, 0.000, 
[210] Train acc: 0.9844
6, 252, 0.0496, 0.0002, 98.438, 100.000, 0.987, 0.000, 
[225] Train acc: 0.9688
6, 252, 0.0520, 0.0002, 96.875, 100.000, 0.989, 0.000, 
[240] Train acc: 1.0000
6, 252, 0.0066, 0.0002, 100.000, 100.000, 0.986, 0.000, 
[255] Train acc: 0.9844
6, 252, 0.0878, 0.0002, 98.438, 100.000, 0.987, 0.000, 
[270] Train acc: 1.0000
6, 252, 0.0132, 0.0002, 100.000, 100.000, 0.988, 0.000, 
[285] Train acc: 0.9688
6, 252, 0.0930, 0.0002, 96.875, 100.000, 0.988, 0.000, 
[300] Train acc: 0.9844
6, 252, 0.1033, 0.0002, 98.438, 100.000, 0.985, 0.000, 
[315] Train acc: 1.0000
6, 252, 0.0046, 0.0002, 100.000, 100.000, 0.988, 0.000, 
[330] Train acc: 0.9844
6, 252, 0.0216, 0.0002, 98.438, 100.000, 0.988, 0.000, 
[345] Train acc: 0.9688
6, 252, 0.1465, 0.0002, 96.875, 100.000, 0.989, 0.000, 
[360] Train acc: 0.9844
6, 252, 0.0298, 0.0002, 98.438, 100.000, 0.990, 0.000, 
[375] Train acc: 0.9844
6, 252, 0.0448, 0.0003, 98.438, 100.000, 0.984, 0.000, 
[390] Train acc: 0.9844
6, 252, 0.0541, 0.0002, 98.438, 100.000, 0.987, 0.000, 
[405] Train acc: 1.0000
6, 252, 0.0164, 0.0002, 100.000, 100.000, 0.984, 0.000, 
[420] Train acc: 1.0000
6, 252, 0.0045, 0.0002, 100.000, 100.000, 0.985, 0.000, 
[435] Train acc: 1.0000
6, 252, 0.0035, 0.0002, 100.000, 100.000, 0.988, 0.000, 
[450] Train acc: 1.0000
6, 252, 0.0090, 0.0002, 100.000, 100.000, 0.986, 0.000, 
[465] Train acc: 0.9844
6, 252, 0.0272, 0.0002, 98.438, 100.000, 0.989, 0.000, 
[480] Train acc: 1.0000
6, 252, 0.0067, 0.0002, 100.000, 100.000, 0.988, 0.000, 
[495] Train acc: 1.0000
6, 252, 0.0115, 0.0002, 100.000, 100.000, 0.987, 0.000, 
[510] Train acc: 0.9688
6, 252, 0.1064, 0.0002, 96.875, 100.000, 0.986, 0.000, 
[525] Train acc: 0.9688
6, 252, 0.0514, 0.0002, 96.875, 100.000, 0.991, 0.000, 
[540] Train acc: 0.9844
6, 252, 0.0582, 0.0002, 98.438, 100.000, 0.986, 0.000, 
[555] Train acc: 1.0000
6, 252, 0.0139, 0.0002, 100.000, 100.000, 0.989, 0.000, 
[570] Train acc: 0.9688
6, 252, 0.0436, 0.0002, 96.875, 100.000, 0.989, 0.000, 
[585] Train acc: 0.9844
6, 252, 0.0471, 0.0002, 98.438, 100.000, 0.988, 0.000, 
[600] Train acc: 1.0000
6, 252, 0.0010, 0.0002, 100.000, 100.000, 0.986, 0.000, 
[615] Train acc: 1.0000
6, 252, 0.0274, 0.0002, 100.000, 100.000, 0.989, 0.000, 
[630] Train acc: 0.9844
6, 252, 0.0533, 0.0002, 98.438, 100.000, 0.981, 0.000, 
[645] Train acc: 1.0000
6, 252, 0.0045, 0.0002, 100.000, 100.000, 0.989, 0.000, 
[660] Train acc: 1.0000
6, 252, 0.0103, 0.0002, 100.000, 100.000, 0.988, 0.000, 
[675] Train acc: 1.0000
6, 252, 0.0031, 0.0002, 100.000, 100.000, 0.990, 0.000, 
[690] Train acc: 1.0000
6, 252, 0.0067, 0.0002, 100.000, 100.000, 0.988, 0.000, 
[705] Train acc: 1.0000
6, 252, 0.0077, 0.0002, 100.000, 100.000, 0.986, 0.000, 
[720] Train acc: 0.9844
6, 252, 0.0290, 0.0002, 98.438, 100.000, 0.985, 0.000, 
[735] Train acc: 0.9844
6, 252, 0.0469, 0.0002, 98.438, 100.000, 0.988, 0.000, 
[750] Train acc: 0.9844
6, 252, 0.0277, 0.0002, 98.438, 100.000, 0.990, 0.000, 
[765] Train acc: 1.0000
6, 252, 0.0017, 0.0002, 100.000, 100.000, 0.989, 0.000, 
[780] Train acc: 1.0000
6, 252, 0.0126, 0.0002, 100.000, 100.000, 0.987, 0.000, 
[795] Train acc: 0.9844
6, 252, 0.0272, 0.0002, 98.438, 100.000, 0.988, 0.000, 
[810] Train acc: 1.0000
6, 252, 0.0162, 0.0002, 100.000, 100.000, 0.988, 0.000, 
[825] Train acc: 0.9688
6, 252, 0.0488, 0.0002, 96.875, 100.000, 0.988, 0.000, 
[840] Train acc: 0.9844
6, 252, 0.0506, 0.0002, 98.438, 100.000, 0.987, 0.000, 
[855] Train acc: 1.0000
6, 252, 0.0059, 0.0002, 100.000, 100.000, 0.987, 0.000, 
[870] Train acc: 1.0000
6, 252, 0.0069, 0.0002, 100.000, 100.000, 0.987, 0.000, 
[885] Train acc: 0.9688
6, 252, 0.0715, 0.0002, 96.875, 100.000, 0.987, 0.000, 
[900] Train acc: 1.0000
6, 252, 0.0087, 0.0002, 100.000, 100.000, 0.989, 0.000, 
[915] Train acc: 1.0000
6, 252, 0.0105, 0.0002, 100.000, 100.000, 0.988, 0.000, 
[930] Train acc: 1.0000
6, 252, 0.0081, 0.0002, 100.000, 100.000, 0.987, 0.000, 
[0] Train acc: 1.0000, Constr acc: 0.0000, CE loss: 0.005, DL2 loss: 0.314
7, 252, 0.0049, 0.0002, 100.000, 100.000, 0.989, 0.000, 
[15] Train acc: 1.0000, Constr acc: 0.0000, CE loss: 0.007, DL2 loss: 0.555
7, 251, 0.0065, 0.0002, 100.000, 100.000, 0.988, 0.000, 
[30] Train acc: 1.0000, Constr acc: 0.0000, CE loss: 0.007, DL2 loss: 0.417
7, 250, 0.0070, 0.0002, 100.000, 100.000, 0.987, 0.000, 
[45] Train acc: 0.9688, Constr acc: 0.0000, CE loss: 0.044, DL2 loss: 0.341
7, 249, 0.0440, 0.0002, 96.875, 100.000, 0.989, 0.000, 
[60] Train acc: 1.0000, Constr acc: 0.0000, CE loss: 0.002, DL2 loss: 0.515
7, 248, 0.0022, 0.0002, 100.000, 100.000, 0.988, 0.000, 
[75] Train acc: 0.9844, Constr acc: 0.0000, CE loss: 0.046, DL2 loss: 0.645
7, 247, 0.0458, 0.0002, 98.438, 100.000, 0.989, 0.000, 
[90] Train acc: 1.0000, Constr acc: 0.0000, CE loss: 0.004, DL2 loss: 0.568
7, 246, 0.0044, 0.0002, 100.000, 100.000, 0.989, 0.000, 
[105] Train acc: 1.0000, Constr acc: 0.0000, CE loss: 0.007, DL2 loss: 0.448
7, 245, 0.0069, 0.0002, 100.000, 100.000, 0.988, 0.000, 
[120] Train acc: 1.0000, Constr acc: 0.0000, CE loss: 0.007, DL2 loss: 0.371
7, 244, 0.0071, 0.0002, 100.000, 100.000, 0.988, 0.000, 
[135] Train acc: 1.0000, Constr acc: 0.0000, CE loss: 0.001, DL2 loss: 0.645
7, 243, 0.0013, 0.0002, 100.000, 100.000, 0.988, 0.000, 
[150] Train acc: 1.0000, Constr acc: 0.0000, CE loss: 0.006, DL2 loss: 0.620
7, 242, 0.0058, 0.0002, 100.000, 100.000, 0.988, 0.000, 
[165] Train acc: 1.0000, Constr acc: 0.0000, CE loss: 0.001, DL2 loss: 0.454
7, 241, 0.0014, 0.0002, 100.000, 100.000, 0.988, 0.000, 
[180] Train acc: 0.9844, Constr acc: 0.0000, CE loss: 0.036, DL2 loss: 0.285
7, 240, 0.0357, 0.0002, 98.438, 100.000, 0.988, 0.000, 
[195] Train acc: 0.9844, Constr acc: 0.0000, CE loss: 0.033, DL2 loss: 0.684
7, 239, 0.0333, 0.0002, 98.438, 100.000, 0.986, 0.000, 
[210] Train acc: 1.0000, Constr acc: 0.0000, CE loss: 0.004, DL2 loss: 0.503
7, 238, 0.0035, 0.0002, 100.000, 100.000, 0.989, 0.000, 
[225] Train acc: 1.0000, Constr acc: 0.0000, CE loss: 0.009, DL2 loss: 0.482
7, 237, 0.0093, 0.0002, 100.000, 100.000, 0.988, 0.000, 
[240] Train acc: 1.0000, Constr acc: 0.0000, CE loss: 0.008, DL2 loss: 0.407
7, 236, 0.0080, 0.0002, 100.000, 100.000, 0.986, 0.000, 
[255] Train acc: 1.0000, Constr acc: 0.0000, CE loss: 0.003, DL2 loss: 0.144
7, 235, 0.0034, 0.0002, 100.000, 100.000, 0.988, 0.000, 
[270] Train acc: 1.0000, Constr acc: 0.0000, CE loss: 0.017, DL2 loss: 0.738
7, 234, 0.0166, 0.0002, 100.000, 100.000, 0.986, 0.000, 
[285] Train acc: 1.0000, Constr acc: 0.0000, CE loss: 0.015, DL2 loss: 0.378
7, 233, 0.0149, 0.0002, 100.000, 100.000, 0.987, 0.000, 
[300] Train acc: 1.0000, Constr acc: 0.0000, CE loss: 0.013, DL2 loss: 0.397
7, 232, 0.0131, 0.0002, 100.000, 100.000, 0.990, 0.000, 
[315] Train acc: 1.0000, Constr acc: 0.0000, CE loss: 0.015, DL2 loss: 0.671
7, 231, 0.0151, 0.0002, 100.000, 100.000, 0.987, 0.000, 
[330] Train acc: 1.0000, Constr acc: 0.0000, CE loss: 0.004, DL2 loss: 0.493
7, 230, 0.0035, 0.0002, 100.000, 100.000, 0.989, 0.000, 
[345] Train acc: 0.9844, Constr acc: 0.0000, CE loss: 0.049, DL2 loss: 0.419
7, 229, 0.0490, 0.0002, 98.438, 100.000, 0.991, 0.000, 
[360] Train acc: 1.0000, Constr acc: 0.0000, CE loss: 0.006, DL2 loss: 0.476
7, 228, 0.0063, 0.0002, 100.000, 100.000, 0.989, 0.000, 
[375] Train acc: 0.9688, Constr acc: 0.0000, CE loss: 0.081, DL2 loss: 0.868
7, 227, 0.0809, 0.0002, 96.875, 100.000, 0.987, 0.000, 
[390] Train acc: 1.0000, Constr acc: 0.0000, CE loss: 0.015, DL2 loss: 0.546
7, 226, 0.0151, 0.0002, 100.000, 100.000, 0.988, 0.000, 
[405] Train acc: 0.9844, Constr acc: 0.0000, CE loss: 0.074, DL2 loss: 0.607
7, 225, 0.0738, 0.0002, 98.438, 100.000, 0.991, 0.000, 
[420] Train acc: 0.9688, Constr acc: 0.0000, CE loss: 0.046, DL2 loss: 0.180
7, 224, 0.0465, 0.0002, 96.875, 100.000, 0.985, 0.000, 
[435] Train acc: 0.9844, Constr acc: 0.0000, CE loss: 0.035, DL2 loss: 0.526
7, 223, 0.0354, 0.0002, 98.438, 100.000, 0.987, 0.000, 
[450] Train acc: 1.0000, Constr acc: 0.0000, CE loss: 0.009, DL2 loss: 0.156
7, 222, 0.0091, 0.0002, 100.000, 100.000, 0.990, 0.000, 
[465] Train acc: 1.0000, Constr acc: 0.0000, CE loss: 0.007, DL2 loss: 0.633
7, 221, 0.0069, 0.0002, 100.000, 100.000, 0.989, 0.000, 
[480] Train acc: 0.9844, Constr acc: 0.0000, CE loss: 0.062, DL2 loss: 0.629
7, 220, 0.0623, 0.0002, 98.438, 100.000, 0.989, 0.000, 
[495] Train acc: 1.0000, Constr acc: 0.0000, CE loss: 0.002, DL2 loss: 0.710
7, 219, 0.0022, 0.0002, 100.000, 100.000, 0.986, 0.000, 
[510] Train acc: 1.0000, Constr acc: 0.0000, CE loss: 0.008, DL2 loss: 0.393
7, 218, 0.0084, 0.0002, 100.000, 100.000, 0.990, 0.000, 
[525] Train acc: 0.9844, Constr acc: 0.0000, CE loss: 0.026, DL2 loss: 0.430
7, 217, 0.0256, 0.0002, 98.438, 100.000, 0.988, 0.000, 
[540] Train acc: 1.0000, Constr acc: 0.0000, CE loss: 0.002, DL2 loss: 0.388
7, 216, 0.0016, 0.0002, 100.000, 100.000, 0.988, 0.000, 
[555] Train acc: 0.9531, Constr acc: 0.0000, CE loss: 0.070, DL2 loss: 0.318
7, 215, 0.0701, 0.0002, 95.312, 100.000, 0.987, 0.000, 
[570] Train acc: 1.0000, Constr acc: 0.0000, CE loss: 0.012, DL2 loss: 0.705
7, 214, 0.0120, 0.0002, 100.000, 100.000, 0.989, 0.000, 
[585] Train acc: 0.9844, Constr acc: 0.0000, CE loss: 0.059, DL2 loss: 0.584
7, 213, 0.0594, 0.0002, 98.438, 100.000, 0.988, 0.000, 
[600] Train acc: 1.0000, Constr acc: 0.0000, CE loss: 0.003, DL2 loss: 0.219
7, 212, 0.0032, 0.0002, 100.000, 100.000, 0.987, 0.000, 
[615] Train acc: 1.0000, Constr acc: 0.0000, CE loss: 0.006, DL2 loss: 0.570
7, 211, 0.0060, 0.0002, 100.000, 100.000, 0.989, 0.000, 
[630] Train acc: 0.9844, Constr acc: 0.0000, CE loss: 0.045, DL2 loss: 0.824
7, 210, 0.0445, 0.0002, 98.438, 100.000, 0.989, 0.000, 
[645] Train acc: 0.9531, Constr acc: 0.0000, CE loss: 0.107, DL2 loss: 0.059
7, 209, 0.1066, 0.0002, 95.312, 100.000, 0.988, 0.000, 
[660] Train acc: 1.0000, Constr acc: 0.0000, CE loss: 0.003, DL2 loss: 0.707
7, 208, 0.0032, 0.0002, 100.000, 100.000, 0.986, 0.000, 
[675] Train acc: 1.0000, Constr acc: 0.0000, CE loss: 0.014, DL2 loss: 0.603
7, 207, 0.0142, 0.0002, 100.000, 100.000, 0.988, 0.000, 
[690] Train acc: 1.0000, Constr acc: 0.0000, CE loss: 0.007, DL2 loss: 0.352
7, 206, 0.0074, 0.0002, 100.000, 100.000, 0.989, 0.000, 
[705] Train acc: 1.0000, Constr acc: 0.0000, CE loss: 0.005, DL2 loss: 0.606
7, 205, 0.0055, 0.0002, 100.000, 100.000, 0.987, 0.000, 
[720] Train acc: 1.0000, Constr acc: 0.0000, CE loss: 0.019, DL2 loss: 0.437
7, 204, 0.0195, 0.0002, 100.000, 100.000, 0.986, 0.000, 
[735] Train acc: 0.9688, Constr acc: 0.0000, CE loss: 0.053, DL2 loss: 0.401
7, 203, 0.0532, 0.0002, 96.875, 100.000, 0.989, 0.000, 
[750] Train acc: 1.0000, Constr acc: 0.0000, CE loss: 0.005, DL2 loss: 0.556
7, 202, 0.0054, 0.0002, 100.000, 100.000, 0.989, 0.000, 
[765] Train acc: 0.9844, Constr acc: 0.0000, CE loss: 0.023, DL2 loss: 0.347
7, 201, 0.0228, 0.0002, 98.438, 100.000, 0.987, 0.000, 
[780] Train acc: 1.0000, Constr acc: 0.0000, CE loss: 0.009, DL2 loss: 0.685
7, 200, 0.0087, 0.0002, 100.000, 100.000, 0.989, 0.000, 
[795] Train acc: 1.0000, Constr acc: 0.0000, CE loss: 0.007, DL2 loss: 0.487
7, 199, 0.0066, 0.0002, 100.000, 100.000, 0.989, 0.000, 
[810] Train acc: 0.9844, Constr acc: 0.0000, CE loss: 0.022, DL2 loss: 0.646
7, 198, 0.0219, 0.0002, 98.438, 100.000, 0.988, 0.000, 
[825] Train acc: 0.9844, Constr acc: 0.0000, CE loss: 0.027, DL2 loss: 0.471
7, 197, 0.0275, 0.0002, 98.438, 100.000, 0.988, 0.000, 
[840] Train acc: 1.0000, Constr acc: 0.0000, CE loss: 0.013, DL2 loss: 0.559
7, 196, 0.0129, 0.0002, 100.000, 100.000, 0.989, 0.000, 
[855] Train acc: 1.0000, Constr acc: 0.0000, CE loss: 0.006, DL2 loss: 0.475
7, 195, 0.0056, 0.0002, 100.000, 100.000, 0.989, 0.000, 
[870] Train acc: 1.0000, Constr acc: 0.0000, CE loss: 0.006, DL2 loss: 0.597
7, 194, 0.0058, 0.0002, 100.000, 100.000, 0.987, 0.000, 
[885] Train acc: 0.9844, Constr acc: 0.0000, CE loss: 0.030, DL2 loss: 0.783
7, 193, 0.0301, 0.0002, 98.438, 100.000, 0.989, 0.000, 
[900] Train acc: 0.9844, Constr acc: 0.0000, CE loss: 0.025, DL2 loss: 0.162
7, 192, 0.0247, 0.0002, 98.438, 100.000, 0.988, 0.000, 
[915] Train acc: 0.9844, Constr acc: 0.0000, CE loss: 0.061, DL2 loss: 0.515
7, 191, 0.0608, 0.0002, 98.438, 100.000, 0.988, 0.000, 
[930] Train acc: 0.9844, Constr acc: 0.0000, CE loss: 0.070, DL2 loss: 0.326
7, 190, 0.0697, 0.0002, 98.438, 100.000, 0.988, 0.000, 
[0] Train acc: 1.0000, Constr acc: 0.0000, CE loss: 0.005, DL2 loss: 0.692
8, 190, 0.0053, 0.0002, 100.000, 100.000, 0.989, 0.000, 
[15] Train acc: 1.0000, Constr acc: 0.0000, CE loss: 0.009, DL2 loss: 0.739
8, 189, 0.0094, 0.0002, 100.000, 100.000, 0.989, 0.000, 
[30] Train acc: 1.0000, Constr acc: 0.0000, CE loss: 0.017, DL2 loss: 0.419
8, 188, 0.0165, 0.0002, 100.000, 100.000, 0.989, 0.000, 
[45] Train acc: 1.0000, Constr acc: 0.0000, CE loss: 0.008, DL2 loss: 0.562
8, 187, 0.0081, 0.0002, 100.000, 100.000, 0.990, 0.000, 
[60] Train acc: 0.9531, Constr acc: 0.0000, CE loss: 0.130, DL2 loss: 0.247
8, 186, 0.1304, 0.0002, 95.312, 100.000, 0.987, 0.000, 
[75] Train acc: 1.0000, Constr acc: 0.0000, CE loss: 0.003, DL2 loss: 0.269
8, 185, 0.0028, 0.0002, 100.000, 100.000, 0.986, 0.000, 
[90] Train acc: 1.0000, Constr acc: 0.0000, CE loss: 0.023, DL2 loss: 0.613
8, 184, 0.0226, 0.0002, 100.000, 100.000, 0.988, 0.000, 
[105] Train acc: 0.9844, Constr acc: 0.0000, CE loss: 0.016, DL2 loss: 0.418
8, 183, 0.0165, 0.0002, 98.438, 100.000, 0.988, 0.000, 
[120] Train acc: 0.9844, Constr acc: 0.0000, CE loss: 0.039, DL2 loss: 0.581
8, 182, 0.0392, 0.0002, 98.438, 100.000, 0.987, 0.000, 
[135] Train acc: 1.0000, Constr acc: 0.0000, CE loss: 0.003, DL2 loss: 0.568
8, 181, 0.0034, 0.0002, 100.000, 100.000, 0.984, 0.000, 
[150] Train acc: 0.9844, Constr acc: 0.0000, CE loss: 0.040, DL2 loss: 0.347
8, 180, 0.0399, 0.0002, 98.438, 100.000, 0.988, 0.000, 
[165] Train acc: 1.0000, Constr acc: 0.0000, CE loss: 0.018, DL2 loss: 0.403
8, 179, 0.0180, 0.0002, 100.000, 100.000, 0.986, 0.000, 
[180] Train acc: 1.0000, Constr acc: 0.0000, CE loss: 0.004, DL2 loss: 0.659
8, 178, 0.0041, 0.0002, 100.000, 100.000, 0.988, 0.000, 
[195] Train acc: 0.9844, Constr acc: 0.0000, CE loss: 0.023, DL2 loss: 0.512
8, 177, 0.0233, 0.0002, 98.438, 100.000, 0.987, 0.000, 
[210] Train acc: 1.0000, Constr acc: 0.0000, CE loss: 0.010, DL2 loss: 0.352
8, 176, 0.0099, 0.0002, 100.000, 100.000, 0.987, 0.000, 
[225] Train acc: 1.0000, Constr acc: 0.0000, CE loss: 0.002, DL2 loss: 0.489
8, 175, 0.0017, 0.0002, 100.000, 100.000, 0.986, 0.000, 
[240] Train acc: 0.9688, Constr acc: 0.0000, CE loss: 0.041, DL2 loss: 0.572
8, 174, 0.0406, 0.0002, 96.875, 100.000, 0.987, 0.000, 
[255] Train acc: 0.9844, Constr acc: 0.0000, CE loss: 0.044, DL2 loss: 0.409
8, 173, 0.0437, 0.0002, 98.438, 100.000, 0.988, 0.000, 
[270] Train acc: 0.9844, Constr acc: 0.0000, CE loss: 0.049, DL2 loss: 0.831
8, 172, 0.0492, 0.0002, 98.438, 100.000, 0.986, 0.000, 
[285] Train acc: 0.9844, Constr acc: 0.0000, CE loss: 0.039, DL2 loss: 0.235
8, 171, 0.0385, 0.0002, 98.438, 100.000, 0.987, 0.000, 
[300] Train acc: 1.0000, Constr acc: 0.0000, CE loss: 0.022, DL2 loss: 0.551
8, 170, 0.0221, 0.0002, 100.000, 100.000, 0.987, 0.000, 
[315] Train acc: 0.9844, Constr acc: 0.0000, CE loss: 0.034, DL2 loss: 0.676
8, 169, 0.0342, 0.0002, 98.438, 100.000, 0.988, 0.000, 
[330] Train acc: 1.0000, Constr acc: 0.0000, CE loss: 0.005, DL2 loss: 0.296
8, 168, 0.0055, 0.0002, 100.000, 100.000, 0.987, 0.000, 
[345] Train acc: 1.0000, Constr acc: 0.0000, CE loss: 0.009, DL2 loss: 0.418
8, 167, 0.0090, 0.0002, 100.000, 100.000, 0.990, 0.000, 
[360] Train acc: 0.9688, Constr acc: 0.0000, CE loss: 0.170, DL2 loss: 0.479
8, 166, 0.1702, 0.0002, 96.875, 100.000, 0.987, 0.000, 
[375] Train acc: 0.9844, Constr acc: 0.0000, CE loss: 0.036, DL2 loss: 0.970
8, 165, 0.0355, 0.0002, 98.438, 100.000, 0.989, 0.000, 
[390] Train acc: 1.0000, Constr acc: 0.0000, CE loss: 0.002, DL2 loss: 0.262
8, 164, 0.0024, 0.0002, 100.000, 100.000, 0.988, 0.000, 
[405] Train acc: 1.0000, Constr acc: 0.0000, CE loss: 0.006, DL2 loss: 0.531
8, 163, 0.0058, 0.0002, 100.000, 100.000, 0.989, 0.000, 
[420] Train acc: 1.0000, Constr acc: 0.0000, CE loss: 0.007, DL2 loss: 0.386
8, 162, 0.0069, 0.0002, 100.000, 100.000, 0.989, 0.000, 
[435] Train acc: 0.9688, Constr acc: 0.0000, CE loss: 0.129, DL2 loss: 0.347
8, 161, 0.1292, 0.0002, 96.875, 100.000, 0.987, 0.000, 
[450] Train acc: 0.9844, Constr acc: 0.0000, CE loss: 0.021, DL2 loss: 0.699
8, 160, 0.0210, 0.0002, 98.438, 100.000, 0.988, 0.000, 
[465] Train acc: 0.9531, Constr acc: 0.0000, CE loss: 0.124, DL2 loss: 0.471
8, 159, 0.1239, 0.0002, 95.312, 100.000, 0.986, 0.000, 
[480] Train acc: 1.0000, Constr acc: 0.0000, CE loss: 0.004, DL2 loss: 0.438
8, 158, 0.0043, 0.0002, 100.000, 100.000, 0.988, 0.000, 
[495] Train acc: 1.0000, Constr acc: 0.0000, CE loss: 0.009, DL2 loss: 0.327
8, 157, 0.0094, 0.0002, 100.000, 100.000, 0.987, 0.000, 
[510] Train acc: 1.0000, Constr acc: 0.0000, CE loss: 0.002, DL2 loss: 0.601
8, 156, 0.0020, 0.0002, 100.000, 100.000, 0.987, 0.000, 
[525] Train acc: 0.9844, Constr acc: 0.0000, CE loss: 0.029, DL2 loss: 0.542
8, 155, 0.0292, 0.0002, 98.438, 100.000, 0.988, 0.000, 
[540] Train acc: 0.9844, Constr acc: 0.0000, CE loss: 0.068, DL2 loss: 0.232
8, 154, 0.0682, 0.0002, 98.438, 100.000, 0.989, 0.000, 
[555] Train acc: 0.9688, Constr acc: 0.0000, CE loss: 0.074, DL2 loss: 0.531
8, 153, 0.0735, 0.0002, 96.875, 100.000, 0.989, 0.000, 
[570] Train acc: 1.0000, Constr acc: 0.0000, CE loss: 0.006, DL2 loss: 0.740
8, 152, 0.0059, 0.0002, 100.000, 100.000, 0.989, 0.000, 
[585] Train acc: 1.0000, Constr acc: 0.0000, CE loss: 0.005, DL2 loss: 0.259
8, 151, 0.0052, 0.0002, 100.000, 100.000, 0.989, 0.000, 
[600] Train acc: 0.9844, Constr acc: 0.0000, CE loss: 0.059, DL2 loss: 0.312
8, 150, 0.0594, 0.0002, 98.438, 100.000, 0.987, 0.000, 
[615] Train acc: 0.9844, Constr acc: 0.0000, CE loss: 0.048, DL2 loss: 0.313
8, 149, 0.0485, 0.0003, 98.438, 100.000, 0.983, 0.000, 
[630] Train acc: 0.9844, Constr acc: 0.0000, CE loss: 0.043, DL2 loss: 0.734
8, 148, 0.0433, 0.0003, 98.438, 100.000, 0.985, 0.000, 
[645] Train acc: 0.9844, Constr acc: 0.0000, CE loss: 0.029, DL2 loss: 0.426
8, 147, 0.0294, 0.0002, 98.438, 100.000, 0.987, 0.000, 
[660] Train acc: 0.9688, Constr acc: 0.0000, CE loss: 0.083, DL2 loss: 0.586
8, 146, 0.0830, 0.0003, 96.875, 100.000, 0.988, 0.000, 
[675] Train acc: 1.0000, Constr acc: 0.0000, CE loss: 0.022, DL2 loss: 0.543
8, 145, 0.0216, 0.0003, 100.000, 100.000, 0.989, 0.000, 
[690] Train acc: 1.0000, Constr acc: 0.0000, CE loss: 0.016, DL2 loss: 0.436
8, 144, 0.0159, 0.0002, 100.000, 100.000, 0.987, 0.000, 
[705] Train acc: 0.9688, Constr acc: 0.0000, CE loss: 0.173, DL2 loss: 0.336
8, 143, 0.1727, 0.0003, 96.875, 100.000, 0.990, 0.000, 
[720] Train acc: 0.9844, Constr acc: 0.0000, CE loss: 0.029, DL2 loss: 0.189
8, 142, 0.0290, 0.0003, 98.438, 100.000, 0.990, 0.000, 
[735] Train acc: 1.0000, Constr acc: 0.0000, CE loss: 0.021, DL2 loss: 0.348
8, 141, 0.0211, 0.0003, 100.000, 100.000, 0.988, 0.000, 
[750] Train acc: 0.9688, Constr acc: 0.0000, CE loss: 0.090, DL2 loss: 0.450
8, 140, 0.0896, 0.0003, 96.875, 100.000, 0.987, 0.000, 
[765] Train acc: 0.9844, Constr acc: 0.0000, CE loss: 0.030, DL2 loss: 0.411
8, 139, 0.0299, 0.0003, 98.438, 100.000, 0.989, 0.000, 
[780] Train acc: 0.9844, Constr acc: 0.0000, CE loss: 0.030, DL2 loss: 0.415
8, 138, 0.0297, 0.0003, 98.438, 100.000, 0.985, 0.000, 
[795] Train acc: 1.0000, Constr acc: 0.0000, CE loss: 0.013, DL2 loss: 0.621
8, 137, 0.0134, 0.0003, 100.000, 100.000, 0.988, 0.000, 
[810] Train acc: 0.9844, Constr acc: 0.0000, CE loss: 0.076, DL2 loss: 0.693
8, 136, 0.0759, 0.0003, 98.438, 100.000, 0.988, 0.000, 
[825] Train acc: 0.9844, Constr acc: 0.0000, CE loss: 0.070, DL2 loss: 0.437
8, 135, 0.0700, 0.0003, 98.438, 100.000, 0.988, 0.000, 
[840] Train acc: 1.0000, Constr acc: 0.0000, CE loss: 0.018, DL2 loss: 0.399
8, 134, 0.0181, 0.0003, 100.000, 100.000, 0.989, 0.000, 
[855] Train acc: 0.9844, Constr acc: 0.0000, CE loss: 0.024, DL2 loss: 0.626
8, 133, 0.0240, 0.0003, 98.438, 100.000, 0.989, 0.000, 
[870] Train acc: 1.0000, Constr acc: 0.0000, CE loss: 0.029, DL2 loss: 0.493
8, 132, 0.0292, 0.0003, 100.000, 100.000, 0.988, 0.000, 
[885] Train acc: 1.0000, Constr acc: 0.0000, CE loss: 0.018, DL2 loss: 0.543
8, 131, 0.0183, 0.0003, 100.000, 100.000, 0.987, 0.000, 
[900] Train acc: 0.9688, Constr acc: 0.0000, CE loss: 0.098, DL2 loss: 0.203
8, 130, 0.0975, 0.0003, 96.875, 98.438, 0.989, 0.000, 
[915] Train acc: 0.9844, Constr acc: 0.0000, CE loss: 0.035, DL2 loss: 0.522
8, 129, 0.0352, 0.0003, 98.438, 100.000, 0.986, 0.000, 
[930] Train acc: 1.0000, Constr acc: 0.0000, CE loss: 0.009, DL2 loss: 0.281
8, 128, 0.0088, 0.0003, 100.000, 100.000, 0.982, 0.000, 
[0] Train acc: 1.0000, Constr acc: 0.0000, CE loss: 0.022, DL2 loss: 0.718
9, 127, 0.0225, 0.0003, 100.000, 100.000, 0.988, 0.000, 
[15] Train acc: 0.9844, Constr acc: 0.0000, CE loss: 0.036, DL2 loss: 0.396
9, 126, 0.0357, 0.0003, 98.438, 100.000, 0.988, 0.000, 
[30] Train acc: 1.0000, Constr acc: 0.0000, CE loss: 0.015, DL2 loss: 0.455
9, 125, 0.0150, 0.0003, 100.000, 100.000, 0.988, 0.000, 
[45] Train acc: 1.0000, Constr acc: 0.0000, CE loss: 0.034, DL2 loss: 0.451
9, 124, 0.0342, 0.0003, 100.000, 100.000, 0.989, 0.000, 
[60] Train acc: 1.0000, Constr acc: 0.0000, CE loss: 0.023, DL2 loss: 0.819
9, 123, 0.0235, 0.0003, 100.000, 100.000, 0.984, 0.000, 
[75] Train acc: 1.0000, Constr acc: 0.0000, CE loss: 0.013, DL2 loss: 0.689
9, 122, 0.0133, 0.0003, 100.000, 100.000, 0.987, 0.000, 
[90] Train acc: 0.9844, Constr acc: 0.0000, CE loss: 0.036, DL2 loss: 0.289
9, 121, 0.0364, 0.0003, 98.438, 100.000, 0.985, 0.000, 
[105] Train acc: 1.0000, Constr acc: 0.0000, CE loss: 0.013, DL2 loss: 0.440
9, 120, 0.0129, 0.0003, 100.000, 100.000, 0.986, 0.000, 
[120] Train acc: 1.0000, Constr acc: 0.0000, CE loss: 0.022, DL2 loss: 0.392
9, 119, 0.0224, 0.0003, 100.000, 100.000, 0.986, 0.000, 
[135] Train acc: 1.0000, Constr acc: 0.0000, CE loss: 0.039, DL2 loss: 0.284
9, 118, 0.0393, 0.0003, 100.000, 100.000, 0.985, 0.000, 
[150] Train acc: 1.0000, Constr acc: 0.0000, CE loss: 0.027, DL2 loss: 0.417
9, 117, 0.0269, 0.0003, 100.000, 100.000, 0.988, 0.000, 
[165] Train acc: 0.9844, Constr acc: 0.0000, CE loss: 0.026, DL2 loss: 0.642
9, 116, 0.0260, 0.0003, 98.438, 100.000, 0.988, 0.000, 
[180] Train acc: 1.0000, Constr acc: 0.0000, CE loss: 0.026, DL2 loss: 0.270
9, 115, 0.0265, 0.0003, 100.000, 100.000, 0.985, 0.000, 
[195] Train acc: 0.9844, Constr acc: 0.0000, CE loss: 0.045, DL2 loss: 0.489
9, 114, 0.0446, 0.0003, 98.438, 100.000, 0.987, 0.000, 
[210] Train acc: 0.9844, Constr acc: 0.0000, CE loss: 0.024, DL2 loss: 0.608
9, 113, 0.0239, 0.0003, 98.438, 100.000, 0.986, 0.000, 
[225] Train acc: 0.9844, Constr acc: 0.0000, CE loss: 0.035, DL2 loss: 0.561
9, 112, 0.0351, 0.0003, 98.438, 100.000, 0.984, 0.000, 
[240] Train acc: 0.9844, Constr acc: 0.0000, CE loss: 0.031, DL2 loss: 0.593
9, 111, 0.0307, 0.0003, 98.438, 100.000, 0.985, 0.000, 
[255] Train acc: 1.0000, Constr acc: 0.0000, CE loss: 0.019, DL2 loss: 0.495
9, 110, 0.0192, 0.0003, 100.000, 100.000, 0.987, 0.000, 
[270] Train acc: 0.9688, Constr acc: 0.0000, CE loss: 0.141, DL2 loss: 0.249
9, 109, 0.1412, 0.0004, 96.875, 100.000, 0.981, 0.000, 
[285] Train acc: 0.9688, Constr acc: 0.0000, CE loss: 0.076, DL2 loss: 0.569
9, 108, 0.0764, 0.0004, 96.875, 100.000, 0.984, 0.000, 
[300] Train acc: 1.0000, Constr acc: 0.0000, CE loss: 0.026, DL2 loss: 0.553
9, 107, 0.0260, 0.0004, 100.000, 100.000, 0.978, 0.000, 
[315] Train acc: 0.9844, Constr acc: 0.0000, CE loss: 0.068, DL2 loss: 0.473
9, 106, 0.0679, 0.0003, 98.438, 100.000, 0.988, 0.000, 
[330] Train acc: 0.9688, Constr acc: 0.0000, CE loss: 0.076, DL2 loss: 0.642
9, 105, 0.0764, 0.0003, 96.875, 100.000, 0.987, 0.000, 
[345] Train acc: 1.0000, Constr acc: 0.0000, CE loss: 0.014, DL2 loss: 0.413
9, 104, 0.0144, 0.0003, 100.000, 100.000, 0.985, 0.000, 
[360] Train acc: 0.9844, Constr acc: 0.0000, CE loss: 0.046, DL2 loss: 0.229
9, 103, 0.0459, 0.0003, 98.438, 100.000, 0.986, 0.000, 
[375] Train acc: 1.0000, Constr acc: 0.0000, CE loss: 0.016, DL2 loss: 0.319
9, 102, 0.0157, 0.0003, 100.000, 100.000, 0.983, 0.000, 
[390] Train acc: 0.9844, Constr acc: 0.0000, CE loss: 0.075, DL2 loss: 0.669
9, 101, 0.0749, 0.0003, 98.438, 100.000, 0.984, 0.000, 
[405] Train acc: 0.9844, Constr acc: 0.0000, CE loss: 0.024, DL2 loss: 0.518
9, 100, 0.0240, 0.0003, 98.438, 100.000, 0.984, 0.000, 
[420] Train acc: 1.0000, Constr acc: 0.0000, CE loss: 0.036, DL2 loss: 0.626
9, 99, 0.0358, 0.0003, 100.000, 100.000, 0.984, 0.000, 
[435] Train acc: 0.9688, Constr acc: 0.0000, CE loss: 0.051, DL2 loss: 0.688
9, 98, 0.0513, 0.0004, 96.875, 100.000, 0.977, 0.000, 
[450] Train acc: 0.9688, Constr acc: 0.0000, CE loss: 0.072, DL2 loss: 0.173
9, 97, 0.0717, 0.0004, 96.875, 100.000, 0.977, 0.000, 
[465] Train acc: 0.9844, Constr acc: 0.0000, CE loss: 0.053, DL2 loss: 0.446
9, 96, 0.0530, 0.0004, 98.438, 100.000, 0.980, 0.000, 
[480] Train acc: 0.9688, Constr acc: 0.0000, CE loss: 0.050, DL2 loss: 0.315
9, 95, 0.0497, 0.0003, 96.875, 100.000, 0.985, 0.000, 
[495] Train acc: 1.0000, Constr acc: 0.0000, CE loss: 0.015, DL2 loss: 0.320
9, 94, 0.0149, 0.0003, 100.000, 100.000, 0.984, 0.000, 
[510] Train acc: 0.9844, Constr acc: 0.0000, CE loss: 0.037, DL2 loss: 0.561
9, 93, 0.0372, 0.0003, 98.438, 100.000, 0.985, 0.000, 
[525] Train acc: 0.9375, Constr acc: 0.0000, CE loss: 0.154, DL2 loss: 0.631
9, 92, 0.1536, 0.0004, 93.750, 100.000, 0.983, 0.000, 
[540] Train acc: 0.9688, Constr acc: 0.0000, CE loss: 0.054, DL2 loss: 0.564
9, 91, 0.0537, 0.0004, 96.875, 100.000, 0.975, 0.000, 
[555] Train acc: 0.9844, Constr acc: 0.0000, CE loss: 0.054, DL2 loss: 0.452
9, 90, 0.0536, 0.0004, 98.438, 100.000, 0.984, 0.000, 
[570] Train acc: 1.0000, Constr acc: 0.0000, CE loss: 0.024, DL2 loss: 0.634
9, 89, 0.0245, 0.0004, 100.000, 100.000, 0.980, 0.000, 
[585] Train acc: 0.9844, Constr acc: 0.0000, CE loss: 0.022, DL2 loss: 0.518
9, 88, 0.0224, 0.0004, 98.438, 100.000, 0.985, 0.000, 
[600] Train acc: 1.0000, Constr acc: 0.0000, CE loss: 0.019, DL2 loss: 0.528
9, 87, 0.0194, 0.0004, 100.000, 100.000, 0.985, 0.000, 
[615] Train acc: 0.9844, Constr acc: 0.0000, CE loss: 0.036, DL2 loss: 0.494
9, 86, 0.0362, 0.0004, 98.438, 100.000, 0.985, 0.000, 
[630] Train acc: 1.0000, Constr acc: 0.0000, CE loss: 0.020, DL2 loss: 0.416
9, 85, 0.0201, 0.0004, 100.000, 100.000, 0.981, 0.000, 
[645] Train acc: 0.9844, Constr acc: 0.0000, CE loss: 0.050, DL2 loss: 1.031
9, 84, 0.0501, 0.0003, 98.438, 100.000, 0.982, 0.000, 
[660] Train acc: 0.9531, Constr acc: 0.0000, CE loss: 0.120, DL2 loss: 0.689
9, 83, 0.1196, 0.0004, 95.312, 98.438, 0.984, 0.000, 
[675] Train acc: 0.9062, Constr acc: 0.0000, CE loss: 0.215, DL2 loss: 0.395
9, 82, 0.2148, 0.0004, 90.625, 100.000, 0.974, 0.000, 
[690] Train acc: 1.0000, Constr acc: 0.0000, CE loss: 0.020, DL2 loss: 0.398
9, 81, 0.0197, 0.0004, 100.000, 100.000, 0.984, 0.000, 
[705] Train acc: 1.0000, Constr acc: 0.0000, CE loss: 0.028, DL2 loss: 0.860
9, 80, 0.0283, 0.0004, 100.000, 100.000, 0.981, 0.000, 
[720] Train acc: 0.9688, Constr acc: 0.0000, CE loss: 0.099, DL2 loss: 0.392
9, 79, 0.0993, 0.0004, 96.875, 100.000, 0.981, 0.000, 
[735] Train acc: 0.9531, Constr acc: 0.0000, CE loss: 0.165, DL2 loss: 0.537
9, 78, 0.1652, 0.0005, 95.312, 100.000, 0.971, 0.000, 
[750] Train acc: 0.9844, Constr acc: 0.0000, CE loss: 0.035, DL2 loss: 0.569
9, 77, 0.0351, 0.0004, 98.438, 100.000, 0.979, 0.000, 
[765] Train acc: 0.9844, Constr acc: 0.0000, CE loss: 0.040, DL2 loss: 0.608
9, 76, 0.0404, 0.0004, 98.438, 100.000, 0.983, 0.000, 
[780] Train acc: 0.9688, Constr acc: 0.0000, CE loss: 0.066, DL2 loss: 0.783
9, 75, 0.0656, 0.0004, 96.875, 100.000, 0.981, 0.000, 
[795] Train acc: 1.0000, Constr acc: 0.0000, CE loss: 0.041, DL2 loss: 0.507
9, 74, 0.0408, 0.0004, 100.000, 100.000, 0.981, 0.000, 
[810] Train acc: 0.9688, Constr acc: 0.0000, CE loss: 0.055, DL2 loss: 0.642
9, 73, 0.0550, 0.0004, 96.875, 100.000, 0.982, 0.000, 
[825] Train acc: 0.9375, Constr acc: 0.0000, CE loss: 0.106, DL2 loss: 0.585
9, 72, 0.1062, 0.0004, 93.750, 100.000, 0.982, 0.000, 
[840] Train acc: 0.9531, Constr acc: 0.0000, CE loss: 0.076, DL2 loss: 0.505
9, 71, 0.0763, 0.0004, 95.312, 100.000, 0.977, 0.000, 
[855] Train acc: 0.9375, Constr acc: 0.0000, CE loss: 0.243, DL2 loss: 0.477
9, 70, 0.2430, 0.0004, 93.750, 98.438, 0.977, 0.000, 
[870] Train acc: 0.9531, Constr acc: 0.0000, CE loss: 0.166, DL2 loss: 0.485
9, 69, 0.1663, 0.0004, 95.312, 100.000, 0.980, 0.000, 
[885] Train acc: 0.9688, Constr acc: 0.0000, CE loss: 0.073, DL2 loss: 0.598
9, 68, 0.0730, 0.0005, 96.875, 100.000, 0.965, 0.000, 
[900] Train acc: 0.9844, Constr acc: 0.0000, CE loss: 0.062, DL2 loss: 0.919
9, 67, 0.0619, 0.0004, 98.438, 100.000, 0.979, 0.000, 
[915] Train acc: 0.9688, Constr acc: 0.0000, CE loss: 0.052, DL2 loss: 0.284
9, 66, 0.0521, 0.0004, 96.875, 100.000, 0.977, 0.000, 
[930] Train acc: 0.9844, Constr acc: 0.0000, CE loss: 0.042, DL2 loss: 0.482
9, 65, 0.0421, 0.0004, 98.438, 100.000, 0.977, 0.000, 
[0] Train acc: 0.9844, Constr acc: 0.0000, CE loss: 0.055, DL2 loss: 0.308
10, 65, 0.0547, 0.0005, 98.438, 100.000, 0.973, 0.000, 
[15] Train acc: 0.9531, Constr acc: 0.0000, CE loss: 0.185, DL2 loss: 0.657
10, 64, 0.1849, 0.0004, 95.312, 100.000, 0.979, 0.000, 
[30] Train acc: 1.0000, Constr acc: 0.0000, CE loss: 0.035, DL2 loss: 0.269
10, 63, 0.0354, 0.0005, 100.000, 100.000, 0.973, 0.000, 
[45] Train acc: 0.9688, Constr acc: 0.0000, CE loss: 0.080, DL2 loss: 0.377
10, 62, 0.0804, 0.0004, 96.875, 100.000, 0.978, 0.000, 
[60] Train acc: 0.9844, Constr acc: 0.0000, CE loss: 0.055, DL2 loss: 0.145
10, 61, 0.0546, 0.0004, 98.438, 100.000, 0.976, 0.000, 
[75] Train acc: 0.9844, Constr acc: 0.0000, CE loss: 0.077, DL2 loss: 0.630
10, 60, 0.0770, 0.0005, 98.438, 100.000, 0.979, 0.000, 
[90] Train acc: 0.9844, Constr acc: 0.0000, CE loss: 0.054, DL2 loss: 0.585
10, 59, 0.0541, 0.0005, 98.438, 100.000, 0.973, 0.000, 
[105] Train acc: 0.9531, Constr acc: 0.0000, CE loss: 0.065, DL2 loss: 0.090
10, 58, 0.0649, 0.0005, 95.312, 100.000, 0.980, 0.000, 
[120] Train acc: 0.9844, Constr acc: 0.0000, CE loss: 0.045, DL2 loss: 0.477
10, 57, 0.0453, 0.0005, 98.438, 100.000, 0.973, 0.000, 
[135] Train acc: 0.9688, Constr acc: 0.0000, CE loss: 0.082, DL2 loss: 0.203
10, 56, 0.0821, 0.0005, 96.875, 100.000, 0.968, 0.000, 
[150] Train acc: 0.9844, Constr acc: 0.0000, CE loss: 0.098, DL2 loss: 0.308
10, 55, 0.0978, 0.0005, 98.438, 100.000, 0.974, 0.000, 
[165] Train acc: 0.9844, Constr acc: 0.0000, CE loss: 0.070, DL2 loss: 0.539
10, 54, 0.0699, 0.0005, 98.438, 100.000, 0.977, 0.000, 
[180] Train acc: 0.9844, Constr acc: 0.0000, CE loss: 0.075, DL2 loss: 0.608
10, 53, 0.0753, 0.0005, 98.438, 100.000, 0.973, 0.000, 
[195] Train acc: 0.9531, Constr acc: 0.0000, CE loss: 0.094, DL2 loss: 0.441
10, 52, 0.0938, 0.0005, 95.312, 100.000, 0.970, 0.000, 
[210] Train acc: 1.0000, Constr acc: 0.0000, CE loss: 0.042, DL2 loss: 0.576
10, 51, 0.0424, 0.0005, 100.000, 100.000, 0.976, 0.000, 
[225] Train acc: 1.0000, Constr acc: 0.0000, CE loss: 0.038, DL2 loss: 0.442
10, 50, 0.0385, 0.0005, 100.000, 100.000, 0.970, 0.000, 
[240] Train acc: 0.9688, Constr acc: 0.0000, CE loss: 0.134, DL2 loss: 0.551
10, 49, 0.1337, 0.0005, 96.875, 100.000, 0.961, 0.000, 
[255] Train acc: 0.9531, Constr acc: 0.0000, CE loss: 0.103, DL2 loss: 0.548
10, 48, 0.1025, 0.0005, 95.312, 100.000, 0.968, 0.000, 
[270] Train acc: 0.9375, Constr acc: 0.0000, CE loss: 0.119, DL2 loss: 0.465
10, 47, 0.1185, 0.0006, 93.750, 100.000, 0.959, 0.000, 
[285] Train acc: 0.9531, Constr acc: 0.0000, CE loss: 0.128, DL2 loss: 0.498
10, 46, 0.1276, 0.0005, 95.312, 100.000, 0.972, 0.000, 
[300] Train acc: 0.9688, Constr acc: 0.0000, CE loss: 0.109, DL2 loss: 0.425
10, 45, 0.1090, 0.0005, 96.875, 100.000, 0.969, 0.000, 
[315] Train acc: 0.9688, Constr acc: 0.0000, CE loss: 0.084, DL2 loss: 0.382
10, 44, 0.0839, 0.0005, 96.875, 100.000, 0.973, 0.000, 
[330] Train acc: 0.9531, Constr acc: 0.0000, CE loss: 0.261, DL2 loss: 0.193
10, 43, 0.2613, 0.0006, 95.312, 100.000, 0.954, 0.000, 
[345] Train acc: 0.9844, Constr acc: 0.0000, CE loss: 0.088, DL2 loss: 0.369
10, 42, 0.0883, 0.0006, 98.438, 100.000, 0.962, 0.000, 
[360] Train acc: 0.9688, Constr acc: 0.0000, CE loss: 0.069, DL2 loss: 0.463
10, 41, 0.0689, 0.0006, 96.875, 100.000, 0.960, 0.000, 
[375] Train acc: 0.9844, Constr acc: 0.0000, CE loss: 0.061, DL2 loss: 0.572
10, 40, 0.0612, 0.0006, 98.438, 100.000, 0.970, 0.000, 
[390] Train acc: 0.9844, Constr acc: 0.0000, CE loss: 0.040, DL2 loss: 0.387
10, 39, 0.0404, 0.0006, 98.438, 100.000, 0.963, 0.000, 
[405] Train acc: 1.0000, Constr acc: 0.0000, CE loss: 0.037, DL2 loss: 0.409
10, 38, 0.0368, 0.0006, 100.000, 100.000, 0.966, 0.000, 
[420] Train acc: 0.9844, Constr acc: 0.0000, CE loss: 0.111, DL2 loss: 0.275
10, 37, 0.1105, 0.0006, 98.438, 100.000, 0.963, 0.000, 
[435] Train acc: 0.9688, Constr acc: 0.0000, CE loss: 0.190, DL2 loss: 0.622
10, 36, 0.1895, 0.0006, 96.875, 100.000, 0.960, 0.000, 
[450] Train acc: 0.9688, Constr acc: 0.0000, CE loss: 0.103, DL2 loss: 0.347
10, 35, 0.1030, 0.0006, 96.875, 100.000, 0.968, 0.000, 
[465] Train acc: 0.9062, Constr acc: 0.0000, CE loss: 0.183, DL2 loss: 0.503
10, 34, 0.1830, 0.0006, 90.625, 100.000, 0.961, 0.000, 
[480] Train acc: 0.9531, Constr acc: 0.0000, CE loss: 0.194, DL2 loss: 0.216
10, 33, 0.1942, 0.0006, 95.312, 100.000, 0.953, 0.000, 
[495] Train acc: 0.9844, Constr acc: 0.0000, CE loss: 0.106, DL2 loss: 0.412
10, 32, 0.1059, 0.0006, 98.438, 100.000, 0.964, 0.000, 
[510] Train acc: 0.9844, Constr acc: 0.0000, CE loss: 0.087, DL2 loss: 0.618
10, 31, 0.0874, 0.0006, 98.438, 100.000, 0.958, 0.000, 
[525] Train acc: 0.9531, Constr acc: 0.0000, CE loss: 0.179, DL2 loss: 0.534
10, 30, 0.1794, 0.0007, 95.312, 100.000, 0.959, 0.000, 
[540] Train acc: 0.9375, Constr acc: 0.0000, CE loss: 0.260, DL2 loss: 0.428
10, 29, 0.2599, 0.0007, 93.750, 100.000, 0.961, 0.000, 
[555] Train acc: 0.9531, Constr acc: 0.0000, CE loss: 0.194, DL2 loss: 0.783
10, 28, 0.1941, 0.0006, 95.312, 100.000, 0.962, 0.000, 
[570] Train acc: 0.8594, Constr acc: 0.0000, CE loss: 0.304, DL2 loss: 0.228
10, 27, 0.3038, 0.0007, 85.938, 100.000, 0.942, 0.000, 
[585] Train acc: 0.9375, Constr acc: 0.0000, CE loss: 0.255, DL2 loss: 0.409
10, 26, 0.2548, 0.0007, 93.750, 100.000, 0.947, 0.000, 
[600] Train acc: 0.9375, Constr acc: 0.0000, CE loss: 0.193, DL2 loss: 0.395
10, 25, 0.1933, 0.0007, 93.750, 100.000, 0.943, 0.000, 
[615] Train acc: 0.9062, Constr acc: 0.0000, CE loss: 0.277, DL2 loss: 0.369
10, 24, 0.2772, 0.0008, 90.625, 98.438, 0.938, 0.000, 
[630] Train acc: 0.9375, Constr acc: 0.0000, CE loss: 0.244, DL2 loss: 0.257
10, 23, 0.2440, 0.0007, 93.750, 100.000, 0.943, 0.000, 
[645] Train acc: 0.8750, Constr acc: 0.0000, CE loss: 0.267, DL2 loss: 0.457
10, 22, 0.2666, 0.0008, 87.500, 100.000, 0.919, 0.000, 
[660] Train acc: 0.8906, Constr acc: 0.0000, CE loss: 0.403, DL2 loss: 0.884
10, 21, 0.4032, 0.0009, 89.062, 98.438, 0.913, 0.000, 
[675] Train acc: 0.9219, Constr acc: 0.0000, CE loss: 0.406, DL2 loss: 0.914
10, 20, 0.4060, 0.0010, 92.188, 98.438, 0.854, 0.000, 
[690] Train acc: 0.7812, Constr acc: 0.0000, CE loss: 0.581, DL2 loss: 0.811
10, 19, 0.5807, 0.0011, 78.125, 98.438, 0.709, 0.000, 
[705] Train acc: 0.7969, Constr acc: 0.0000, CE loss: 0.672, DL2 loss: 0.542
10, 18, 0.6724, 0.0011, 79.688, 100.000, 0.777, 0.000, 
[720] Train acc: 0.7812, Constr acc: 0.0000, CE loss: 0.666, DL2 loss: 0.331
10, 17, 0.6657, 0.0012, 78.125, 98.438, 0.789, 0.000, 
[735] Train acc: 0.6250, Constr acc: 0.0000, CE loss: 0.963, DL2 loss: 0.738
10, 16, 0.9628, 0.0016, 62.500, 92.188, 0.550, 0.000, 
[750] Train acc: 0.6094, Constr acc: 0.0000, CE loss: 1.069, DL2 loss: 0.810
10, 15, 1.0694, 0.0015, 60.938, 90.625, 0.495, 0.000, 
[765] Train acc: 0.5781, Constr acc: 0.0000, CE loss: 1.302, DL2 loss: 0.843
10, 14, 1.3024, 0.0016, 57.812, 92.188, 0.471, 0.000, 
[780] Train acc: 0.2812, Constr acc: 0.0000, CE loss: 1.636, DL2 loss: 0.583
10, 13, 1.6362, 0.0019, 28.125, 85.938, 0.229, 0.000, 
[795] Train acc: 0.5469, Constr acc: 0.0000, CE loss: 1.592, DL2 loss: 0.677
10, 12, 1.5925, 0.0019, 54.688, 87.500, 0.351, 0.000, 
[810] Train acc: 0.2031, Constr acc: 0.0000, CE loss: 2.123, DL2 loss: 1.037
10, 11, 2.1234, 0.0021, 20.312, 84.375, 0.230, 0.000, 
[825] Train acc: 0.1406, Constr acc: 0.0000, CE loss: nan, DL2 loss: nan
10, 10, nan, nan, 9.375, 60.938, 0.098, 0.000, 
[840] Train acc: 0.1250, Constr acc: 0.0000, CE loss: nan, DL2 loss: nan
10, 10, nan, nan, 10.938, 45.312, 0.098, 0.000, 
[855] Train acc: 0.0938, Constr acc: 0.0000, CE loss: nan, DL2 loss: nan
10, 10, nan, nan, 7.812, 43.750, 0.098, 0.000, 
[870] Train acc: 0.0469, Constr acc: 0.0000, CE loss: nan, DL2 loss: nan
10, 10, nan, nan, 9.375, 48.438, 0.098, 0.000, 
[885] Train acc: 0.0312, Constr acc: 0.0000, CE loss: nan, DL2 loss: nan
10, 10, nan, nan, 14.062, 60.938, 0.098, 0.000, 
[900] Train acc: 0.0469, Constr acc: 0.0000, CE loss: nan, DL2 loss: nan
10, 10, nan, nan, 10.938, 57.812, 0.098, 0.000, 
[915] Train acc: 0.0938, Constr acc: 0.0000, CE loss: nan, DL2 loss: nan
10, 10, nan, nan, 9.375, 50.000, 0.098, 0.000, 
[930] Train acc: 0.0781, Constr acc: 0.0000, CE loss: nan, DL2 loss: nan
10, 10, nan, nan, 10.938, 57.812, 0.098, 0.000, 
