epoch, neuron_units, loss, dl2_loss, top1, top5, dl2_p_acc, dl2_constraint_acc
1, 252, 0.3913, 0.0007, 84.375, 100.000, 0.920, 0.191, 0.9037, 0.7428, 0.5231, 0.2805, 0.1124, 0.0370, 
1, 251, 0.2357, 0.0005, 92.188, 100.000, 0.922, 0.353, 0.9261, 0.8070, 0.6405, 0.4627, 0.2877, 0.1308, 
1, 250, 0.7055, 0.0007, 76.562, 100.000, 0.830, 0.240, 0.8716, 0.7245, 0.5671, 0.4194, 0.2781, 0.1713, 
1, 249, 0.3619, 0.0005, 92.188, 100.000, 0.942, 0.404, 0.9301, 0.8105, 0.6236, 0.3941, 0.1777, 0.0579, 
1, 248, 0.2292, 0.0005, 89.062, 100.000, 0.920, 0.422, 0.9123, 0.7842, 0.6144, 0.4360, 0.2492, 0.0764, 
1, 247, 0.4315, 0.0006, 84.375, 98.438, 0.878, 0.381, 0.8690, 0.7014, 0.4920, 0.2941, 0.1535, 0.0685, 
1, 246, 0.2437, 0.0004, 90.625, 100.000, 0.944, 0.498, 0.9337, 0.8198, 0.6474, 0.4393, 0.2342, 0.0958, 
1, 245, 0.1911, 0.0005, 95.312, 98.438, 0.936, 0.310, 0.9314, 0.8130, 0.6534, 0.4611, 0.2847, 0.1484, 
1, 244, 0.2668, 0.0005, 92.188, 100.000, 0.945, 0.292, 0.9361, 0.8248, 0.6519, 0.4190, 0.2035, 0.0766, 
1, 243, 0.2535, 0.0006, 92.188, 100.000, 0.919, 0.341, 0.9075, 0.7727, 0.6157, 0.4284, 0.2666, 0.1449, 
1, 242, 0.2582, 0.0004, 93.750, 98.438, 0.937, 0.526, 0.9342, 0.8212, 0.6307, 0.3964, 0.1851, 0.0695, 
1, 241, 0.2592, 0.0005, 90.625, 100.000, 0.945, 0.379, 0.9410, 0.8338, 0.6691, 0.4469, 0.2144, 0.0692, 
1, 240, 0.3315, 0.0005, 92.188, 100.000, 0.886, 0.493, 0.9150, 0.8003, 0.6229, 0.3848, 0.1800, 0.0818, 
1, 239, 0.2213, 0.0005, 95.312, 100.000, 0.944, 0.295, 0.9470, 0.8559, 0.7133, 0.5247, 0.3091, 0.1237, 
1, 238, 0.1374, 0.0005, 92.188, 100.000, 0.943, 0.368, 0.9318, 0.8239, 0.6799, 0.4973, 0.3168, 0.1495, 
1, 237, 0.2589, 0.0005, 93.750, 100.000, 0.953, 0.362, 0.9411, 0.8385, 0.6785, 0.4773, 0.2640, 0.1001, 
1, 236, 0.1316, 0.0005, 96.875, 100.000, 0.955, 0.365, 0.9429, 0.8369, 0.6891, 0.5155, 0.3361, 0.1781, 
1, 235, 0.1634, 0.0005, 92.188, 100.000, 0.901, 0.435, 0.9031, 0.7623, 0.5752, 0.3691, 0.1973, 0.1001, 
1, 234, 0.1645, 0.0005, 95.312, 100.000, 0.950, 0.333, 0.9412, 0.8411, 0.6946, 0.4906, 0.2536, 0.0836, 
1, 233, 0.0992, 0.0005, 96.875, 100.000, 0.958, 0.258, 0.9452, 0.8492, 0.7037, 0.4914, 0.2591, 0.0982, 
1, 232, 0.2645, 0.0006, 90.625, 100.000, 0.850, 0.479, 0.9084, 0.7901, 0.6263, 0.4247, 0.2367, 0.1118, 
1, 231, 0.0611, 0.0005, 96.875, 100.000, 0.936, 0.434, 0.9306, 0.8130, 0.6352, 0.4079, 0.1983, 0.0803, 
1, 230, 0.3472, 0.0005, 93.750, 98.438, 0.951, 0.407, 0.9416, 0.8421, 0.7037, 0.5232, 0.3350, 0.1713, 
1, 229, 0.2246, 0.0005, 92.188, 100.000, 0.942, 0.331, 0.9426, 0.8450, 0.7017, 0.5117, 0.3184, 0.1474, 
1, 228, 0.1836, 0.0005, 92.188, 100.000, 0.949, 0.376, 0.9431, 0.8566, 0.7171, 0.5302, 0.3096, 0.1426, 
1, 227, 0.1514, 0.0005, 95.312, 100.000, 0.956, 0.330, 0.9473, 0.8482, 0.7051, 0.5116, 0.3046, 0.1402, 
1, 226, 0.2534, 0.0005, 96.875, 100.000, 0.944, 0.308, 0.9414, 0.8463, 0.6933, 0.4688, 0.2298, 0.0660, 
1, 225, 0.0538, 0.0004, 98.438, 100.000, 0.948, 0.479, 0.9367, 0.8403, 0.6995, 0.4952, 0.2739, 0.1108, 
1, 224, 0.1844, 0.0004, 92.188, 100.000, 0.953, 0.506, 0.9420, 0.8352, 0.6613, 0.4563, 0.2667, 0.1322, 
1, 223, 0.3284, 0.0005, 90.625, 100.000, 0.951, 0.283, 0.9448, 0.8468, 0.7051, 0.5150, 0.3129, 0.1410, 
1, 222, 0.2915, 0.0004, 93.750, 100.000, 0.956, 0.443, 0.9426, 0.8468, 0.7081, 0.5179, 0.3350, 0.1996, 
2, 221, 0.1232, 0.0005, 96.875, 100.000, 0.946, 0.341, 0.9357, 0.8295, 0.6883, 0.5094, 0.3304, 0.2021, 
2, 220, 0.1302, 0.0005, 92.188, 100.000, 0.960, 0.323, 0.9455, 0.8448, 0.6780, 0.4643, 0.2607, 0.1219, 
2, 219, 0.1862, 0.0004, 95.312, 100.000, 0.957, 0.467, 0.9513, 0.8536, 0.7034, 0.4864, 0.2632, 0.1066, 
2, 218, 0.2345, 0.0004, 93.750, 100.000, 0.963, 0.411, 0.9455, 0.8442, 0.6883, 0.4858, 0.2834, 0.1263, 
2, 217, 0.1799, 0.0004, 95.312, 100.000, 0.961, 0.425, 0.9485, 0.8520, 0.6895, 0.4765, 0.2686, 0.1187, 
2, 216, 0.0878, 0.0005, 96.875, 100.000, 0.956, 0.358, 0.9450, 0.8418, 0.6748, 0.4487, 0.2328, 0.0770, 
2, 215, 0.1478, 0.0004, 92.188, 100.000, 0.952, 0.441, 0.9446, 0.8338, 0.6598, 0.4122, 0.1873, 0.0540, 
2, 214, 0.1183, 0.0004, 96.875, 98.438, 0.951, 0.455, 0.9381, 0.8324, 0.6708, 0.4664, 0.2588, 0.1005, 
2, 213, 0.0640, 0.0004, 96.875, 100.000, 0.965, 0.516, 0.9561, 0.8702, 0.7213, 0.5004, 0.2707, 0.1097, 
2, 212, 0.2693, 0.0005, 93.750, 98.438, 0.928, 0.387, 0.9190, 0.7839, 0.5964, 0.3548, 0.1562, 0.0682, 
2, 211, 0.1591, 0.0004, 93.750, 100.000, 0.957, 0.522, 0.9503, 0.8611, 0.7252, 0.5164, 0.2894, 0.1133, 
2, 210, 0.3441, 0.0003, 92.188, 100.000, 0.957, 0.586, 0.9506, 0.8529, 0.7132, 0.5090, 0.3085, 0.1429, 
2, 209, 0.1118, 0.0004, 96.875, 100.000, 0.953, 0.446, 0.9401, 0.8369, 0.6749, 0.4624, 0.2418, 0.0894, 
2, 208, 0.0514, 0.0004, 96.875, 100.000, 0.964, 0.440, 0.9521, 0.8612, 0.7032, 0.4953, 0.2631, 0.1070, 
2, 207, 0.1368, 0.0003, 93.750, 100.000, 0.966, 0.607, 0.9580, 0.8743, 0.7361, 0.5429, 0.3409, 0.1746, 
2, 206, 0.0257, 0.0004, 98.438, 100.000, 0.970, 0.501, 0.9614, 0.8819, 0.7444, 0.5429, 0.3112, 0.1344, 
2, 205, 0.2508, 0.0005, 92.188, 100.000, 0.914, 0.420, 0.9033, 0.7636, 0.5765, 0.3542, 0.1767, 0.1018, 
2, 204, 0.0824, 0.0005, 96.875, 100.000, 0.928, 0.362, 0.9282, 0.7927, 0.5953, 0.3766, 0.2019, 0.1037, 
2, 203, 0.1973, 0.0005, 90.625, 100.000, 0.922, 0.457, 0.9357, 0.8307, 0.6807, 0.4795, 0.2778, 0.1376, 
2, 202, 0.1129, 0.0004, 96.875, 100.000, 0.964, 0.495, 0.9501, 0.8530, 0.7111, 0.5241, 0.3315, 0.1698, 
2, 201, 0.3859, 0.0004, 92.188, 100.000, 0.954, 0.516, 0.9396, 0.8338, 0.6825, 0.4817, 0.2860, 0.1339, 
2, 200, 0.1231, 0.0004, 93.750, 100.000, 0.964, 0.515, 0.9551, 0.8684, 0.7339, 0.5483, 0.3438, 0.1682, 
2, 199, 0.0761, 0.0004, 96.875, 100.000, 0.963, 0.532, 0.9532, 0.8614, 0.7225, 0.5476, 0.3748, 0.2241, 
2, 198, 0.0821, 0.0004, 96.875, 100.000, 0.940, 0.551, 0.9338, 0.8396, 0.7116, 0.5304, 0.3226, 0.1581, 
2, 197, 0.3162, 0.0004, 95.312, 100.000, 0.960, 0.491, 0.9426, 0.8358, 0.6728, 0.4653, 0.2770, 0.1342, 
2, 196, 0.1828, 0.0004, 92.188, 100.000, 0.919, 0.541, 0.9191, 0.8079, 0.6576, 0.4935, 0.3362, 0.1835, 
2, 195, 0.0491, 0.0004, 98.438, 100.000, 0.971, 0.432, 0.9530, 0.8646, 0.7257, 0.5514, 0.3584, 0.1843, 
2, 194, 0.0524, 0.0004, 98.438, 100.000, 0.966, 0.447, 0.9523, 0.8579, 0.7131, 0.5094, 0.2915, 0.1321, 
2, 193, 0.1323, 0.0005, 93.750, 100.000, 0.963, 0.360, 0.9519, 0.8611, 0.7042, 0.5053, 0.3020, 0.1494, 
2, 192, 0.1386, 0.0003, 96.875, 98.438, 0.969, 0.559, 0.9621, 0.8883, 0.7633, 0.5774, 0.3547, 0.1683, 
2, 191, 0.2340, 0.0005, 93.750, 100.000, 0.923, 0.453, 0.9223, 0.8126, 0.6650, 0.4588, 0.2268, 0.0871, 
3, 190, 0.0751, 0.0004, 96.875, 100.000, 0.971, 0.388, 0.9554, 0.8727, 0.7298, 0.5178, 0.2898, 0.1147, 
3, 189, 0.1092, 0.0005, 95.312, 100.000, 0.956, 0.344, 0.9479, 0.8527, 0.6922, 0.4849, 0.2776, 0.1250, 
3, 188, 0.4584, 0.0004, 89.062, 98.438, 0.969, 0.496, 0.9507, 0.8524, 0.6953, 0.5051, 0.3098, 0.1389, 
3, 187, 0.2915, 0.0005, 93.750, 98.438, 0.932, 0.397, 0.9304, 0.8235, 0.6616, 0.4578, 0.2410, 0.0959, 
3, 186, 0.0407, 0.0004, 98.438, 100.000, 0.961, 0.466, 0.9403, 0.8458, 0.6981, 0.5178, 0.3352, 0.1911, 
3, 185, 0.0904, 0.0005, 95.312, 100.000, 0.971, 0.278, 0.9553, 0.8668, 0.7102, 0.4773, 0.2259, 0.0850, 
3, 184, 0.1766, 0.0005, 96.875, 100.000, 0.942, 0.383, 0.9258, 0.8187, 0.6660, 0.4559, 0.2320, 0.0954, 
3, 183, 0.0188, 0.0004, 100.000, 100.000, 0.964, 0.528, 0.9585, 0.8735, 0.7427, 0.5668, 0.3585, 0.1745, 
3, 182, 0.2750, 0.0003, 93.750, 98.438, 0.967, 0.555, 0.9580, 0.8746, 0.7471, 0.5784, 0.3788, 0.1998, 
3, 181, 0.2200, 0.0004, 89.062, 100.000, 0.968, 0.549, 0.9541, 0.8679, 0.7249, 0.5238, 0.3013, 0.1346, 
3, 180, 0.3899, 0.0004, 89.062, 100.000, 0.966, 0.474, 0.9468, 0.8552, 0.7101, 0.5303, 0.3221, 0.1648, 
3, 179, 0.1097, 0.0006, 96.875, 100.000, 0.913, 0.334, 0.9115, 0.7928, 0.6425, 0.4430, 0.2424, 0.0842, 
3, 178, 0.1326, 0.0003, 95.312, 100.000, 0.966, 0.563, 0.9463, 0.8529, 0.7140, 0.5262, 0.3183, 0.1414, 
3, 177, 0.5376, 0.0004, 90.625, 100.000, 0.953, 0.425, 0.9293, 0.8087, 0.6520, 0.4796, 0.3154, 0.1742, 
3, 176, 0.1406, 0.0004, 92.188, 100.000, 0.963, 0.560, 0.9465, 0.8443, 0.6924, 0.4971, 0.3112, 0.1535, 
3, 175, 0.2707, 0.0004, 90.625, 100.000, 0.950, 0.552, 0.9342, 0.8202, 0.6473, 0.4536, 0.2848, 0.1499, 
3, 174, 0.1385, 0.0004, 92.188, 100.000, 0.956, 0.474, 0.9346, 0.8267, 0.6776, 0.4803, 0.2735, 0.1104, 
3, 173, 0.2498, 0.0004, 95.312, 98.438, 0.958, 0.399, 0.9483, 0.8528, 0.7065, 0.4825, 0.2314, 0.0785, 
3, 172, 0.1999, 0.0004, 92.188, 100.000, 0.950, 0.422, 0.9466, 0.8572, 0.7109, 0.5197, 0.3141, 0.1398, 
3, 171, 0.1747, 0.0004, 90.625, 98.438, 0.970, 0.475, 0.9578, 0.8757, 0.7435, 0.5584, 0.3577, 0.1743, 
3, 170, 0.1062, 0.0004, 96.875, 100.000, 0.970, 0.490, 0.9564, 0.8746, 0.7335, 0.5305, 0.3151, 0.1359, 
3, 169, 0.1158, 0.0004, 95.312, 100.000, 0.968, 0.468, 0.9457, 0.8541, 0.7080, 0.5144, 0.3202, 0.1571, 
3, 168, 0.0784, 0.0004, 98.438, 100.000, 0.960, 0.494, 0.9420, 0.8546, 0.7228, 0.5445, 0.3488, 0.1859, 
3, 167, 0.3725, 0.0004, 95.312, 98.438, 0.948, 0.534, 0.9493, 0.8583, 0.7196, 0.5409, 0.3622, 0.2167, 
3, 166, 0.0485, 0.0004, 98.438, 100.000, 0.967, 0.515, 0.9516, 0.8615, 0.7040, 0.5103, 0.3132, 0.1468, 
3, 165, 0.0786, 0.0004, 96.875, 100.000, 0.965, 0.477, 0.9533, 0.8685, 0.7452, 0.5748, 0.3721, 0.1722, 
3, 164, 0.0136, 0.0004, 100.000, 100.000, 0.966, 0.534, 0.9510, 0.8645, 0.7331, 0.5706, 0.3976, 0.2347, 
3, 163, 0.0795, 0.0004, 98.438, 100.000, 0.970, 0.512, 0.9550, 0.8728, 0.7369, 0.5517, 0.3413, 0.1612, 
3, 162, 0.0448, 0.0004, 98.438, 100.000, 0.968, 0.510, 0.9520, 0.8680, 0.7367, 0.5535, 0.3409, 0.1670, 
3, 161, 0.1784, 0.0005, 95.312, 100.000, 0.963, 0.289, 0.9478, 0.8568, 0.7093, 0.5023, 0.2651, 0.1022, 
3, 160, 0.1083, 0.0004, 95.312, 100.000, 0.946, 0.467, 0.9392, 0.8360, 0.6780, 0.4696, 0.2621, 0.1054, 
3, 159, 0.1959, 0.0004, 92.188, 100.000, 0.964, 0.541, 0.9464, 0.8560, 0.7180, 0.5483, 0.3682, 0.2088, 
4, 159, 0.0512, 0.0004, 98.438, 100.000, 0.970, 0.518, 0.9565, 0.8759, 0.7494, 0.5681, 0.3548, 0.1615, 
4, 158, 0.0792, 0.0005, 98.438, 98.438, 0.966, 0.347, 0.9522, 0.8628, 0.7142, 0.5007, 0.2745, 0.1215, 
4, 157, 0.0824, 0.0005, 96.875, 100.000, 0.943, 0.429, 0.9386, 0.8226, 0.6393, 0.4174, 0.2147, 0.0798, 
4, 156, 0.0890, 0.0003, 96.875, 100.000, 0.967, 0.594, 0.9541, 0.8664, 0.7228, 0.5118, 0.2730, 0.1082, 
4, 155, 0.0991, 0.0004, 96.875, 100.000, 0.938, 0.558, 0.9355, 0.8296, 0.6535, 0.4260, 0.2063, 0.0846, 
4, 154, 0.1129, 0.0003, 96.875, 100.000, 0.969, 0.610, 0.9585, 0.8716, 0.7231, 0.4998, 0.2639, 0.1021, 
4, 153, 0.0653, 0.0003, 96.875, 100.000, 0.972, 0.570, 0.9611, 0.8825, 0.7519, 0.5579, 0.3198, 0.1299, 
4, 152, 0.0684, 0.0003, 98.438, 100.000, 0.967, 0.600, 0.9508, 0.8675, 0.7342, 0.5459, 0.3258, 0.1414, 
4, 151, 0.1875, 0.0004, 92.188, 100.000, 0.932, 0.461, 0.9286, 0.8139, 0.6496, 0.4316, 0.2023, 0.0721, 
4, 150, 0.0327, 0.0004, 100.000, 100.000, 0.948, 0.430, 0.9416, 0.8385, 0.6927, 0.5059, 0.2919, 0.1172, 
4, 149, 0.1102, 0.0004, 95.312, 100.000, 0.962, 0.500, 0.9456, 0.8567, 0.7203, 0.5284, 0.3128, 0.1344, 
4, 148, 0.0731, 0.0004, 96.875, 100.000, 0.960, 0.512, 0.9469, 0.8545, 0.7253, 0.5604, 0.3673, 0.1657, 
4, 147, 0.0704, 0.0004, 96.875, 100.000, 0.969, 0.507, 0.9526, 0.8624, 0.7257, 0.5416, 0.3454, 0.1676, 
4, 146, 0.0935, 0.0004, 96.875, 100.000, 0.967, 0.404, 0.9470, 0.8497, 0.6888, 0.4814, 0.2632, 0.1076, 
4, 145, 0.2748, 0.0004, 92.188, 100.000, 0.966, 0.415, 0.9511, 0.8611, 0.7068, 0.4953, 0.2540, 0.0791, 
4, 144, 0.0856, 0.0004, 96.875, 100.000, 0.971, 0.371, 0.9558, 0.8671, 0.7189, 0.4955, 0.2702, 0.1099, 
4, 143, 0.0430, 0.0004, 98.438, 100.000, 0.968, 0.449, 0.9546, 0.8802, 0.7402, 0.5263, 0.3000, 0.1346, 
4, 142, 0.1176, 0.0004, 96.875, 100.000, 0.958, 0.523, 0.9521, 0.8660, 0.7366, 0.5431, 0.3425, 0.1788, 
4, 141, 0.1079, 0.0003, 98.438, 100.000, 0.966, 0.585, 0.9579, 0.8791, 0.7483, 0.5528, 0.3438, 0.1662, 
4, 140, 0.0929, 0.0004, 95.312, 100.000, 0.939, 0.551, 0.9257, 0.8153, 0.6643, 0.4928, 0.3216, 0.1819, 
4, 139, 0.1028, 0.0004, 98.438, 100.000, 0.965, 0.526, 0.9592, 0.8767, 0.7409, 0.5447, 0.3257, 0.1448, 
4, 138, 0.1952, 0.0004, 93.750, 100.000, 0.972, 0.534, 0.9591, 0.8872, 0.7556, 0.5695, 0.3578, 0.1699, 
4, 137, 0.0987, 0.0004, 98.438, 100.000, 0.975, 0.467, 0.9620, 0.8888, 0.7646, 0.5803, 0.3636, 0.1720, 
4, 136, 0.1304, 0.0004, 96.875, 100.000, 0.970, 0.424, 0.9536, 0.8743, 0.7406, 0.5534, 0.3363, 0.1548, 
4, 135, 0.0593, 0.0003, 98.438, 100.000, 0.967, 0.605, 0.9521, 0.8692, 0.7391, 0.5523, 0.3442, 0.1648, 
4, 134, 0.1431, 0.0004, 96.875, 98.438, 0.965, 0.344, 0.9511, 0.8624, 0.7302, 0.5270, 0.3008, 0.1310, 
4, 133, 0.1482, 0.0005, 95.312, 100.000, 0.966, 0.341, 0.9465, 0.8452, 0.6903, 0.4951, 0.2844, 0.1283, 
4, 132, 0.2174, 0.0005, 92.188, 100.000, 0.952, 0.340, 0.9316, 0.7959, 0.5992, 0.3671, 0.1625, 0.0625, 
4, 131, 0.1301, 0.0004, 96.875, 100.000, 0.969, 0.515, 0.9558, 0.8764, 0.7490, 0.5536, 0.3033, 0.1166, 
4, 130, 0.0254, 0.0004, 100.000, 100.000, 0.964, 0.388, 0.9470, 0.8573, 0.7103, 0.4973, 0.2582, 0.1158, 
4, 129, 0.0881, 0.0005, 96.875, 100.000, 0.966, 0.331, 0.9459, 0.8404, 0.6734, 0.4404, 0.2193, 0.0931, 
4, 128, 0.0945, 0.0004, 96.875, 100.000, 0.972, 0.425, 0.9539, 0.8729, 0.7281, 0.5223, 0.2827, 0.1023, 
5, 126, 0.0593, 0.0004, 98.438, 100.000, 0.973, 0.487, 0.9586, 0.8787, 0.7530, 0.5587, 0.3339, 0.1500, 
5, 125, 0.0472, 0.0004, 98.438, 100.000, 0.956, 0.382, 0.9386, 0.8367, 0.6912, 0.5053, 0.2936, 0.1332, 
5, 124, 0.1379, 0.0005, 95.312, 100.000, 0.956, 0.377, 0.9320, 0.8187, 0.6511, 0.4418, 0.2286, 0.0898, 
5, 123, 0.0444, 0.0004, 98.438, 100.000, 0.964, 0.501, 0.9518, 0.8660, 0.7214, 0.5044, 0.2794, 0.1171, 
5, 122, 0.1061, 0.0004, 98.438, 100.000, 0.964, 0.534, 0.9533, 0.8693, 0.7401, 0.5599, 0.3455, 0.1573, 
5, 121, 0.1861, 0.0004, 93.750, 100.000, 0.964, 0.533, 0.9550, 0.8727, 0.7420, 0.5665, 0.3661, 0.1855, 
5, 120, 0.0420, 0.0003, 98.438, 100.000, 0.969, 0.586, 0.9586, 0.8725, 0.7378, 0.5567, 0.3717, 0.2045, 
5, 119, 0.0214, 0.0003, 100.000, 100.000, 0.974, 0.553, 0.9587, 0.8823, 0.7611, 0.5963, 0.4076, 0.2162, 
5, 118, 0.0750, 0.0004, 95.312, 100.000, 0.972, 0.463, 0.9607, 0.8809, 0.7584, 0.5820, 0.3639, 0.1594, 
5, 117, 0.0521, 0.0004, 100.000, 100.000, 0.962, 0.425, 0.9521, 0.8636, 0.7276, 0.5319, 0.3066, 0.1232, 
5, 116, 0.0897, 0.0004, 98.438, 100.000, 0.972, 0.409, 0.9586, 0.8711, 0.7167, 0.4935, 0.2545, 0.0912, 
5, 115, 0.0239, 0.0003, 98.438, 100.000, 0.970, 0.537, 0.9580, 0.8729, 0.7394, 0.5594, 0.3602, 0.1981, 
5, 114, 0.1544, 0.0004, 96.875, 98.438, 0.972, 0.470, 0.9569, 0.8666, 0.7297, 0.5497, 0.3458, 0.1693, 
5, 113, 0.0537, 0.0005, 98.438, 100.000, 0.920, 0.514, 0.9192, 0.8022, 0.6536, 0.4808, 0.3089, 0.1757, 
5, 112, 0.1319, 0.0003, 95.312, 100.000, 0.966, 0.577, 0.9552, 0.8698, 0.7459, 0.5573, 0.3472, 0.1684, 
5, 111, 0.1916, 0.0003, 96.875, 100.000, 0.973, 0.535, 0.9524, 0.8717, 0.7336, 0.5558, 0.3431, 0.1694, 
5, 110, 0.0396, 0.0003, 100.000, 100.000, 0.972, 0.568, 0.9557, 0.8717, 0.7350, 0.5510, 0.3432, 0.1765, 
5, 109, 0.0962, 0.0004, 96.875, 100.000, 0.964, 0.498, 0.9530, 0.8613, 0.7190, 0.5111, 0.3034, 0.1307, 
5, 108, 0.0898, 0.0004, 96.875, 100.000, 0.963, 0.487, 0.9564, 0.8731, 0.7342, 0.5425, 0.3312, 0.1491, 
5, 107, 0.0957, 0.0004, 95.312, 100.000, 0.965, 0.501, 0.9566, 0.8751, 0.7410, 0.5532, 0.3378, 0.1539, 
5, 106, 0.0980, 0.0004, 96.875, 100.000, 0.973, 0.446, 0.9591, 0.8823, 0.7521, 0.5630, 0.3402, 0.1583, 
5, 105, 0.0237, 0.0004, 100.000, 100.000, 0.958, 0.568, 0.9512, 0.8701, 0.7430, 0.5771, 0.3821, 0.2169, 
5, 104, 0.2518, 0.0005, 90.625, 100.000, 0.904, 0.399, 0.9295, 0.8341, 0.6906, 0.4821, 0.2462, 0.0951, 
5, 103, 0.2076, 0.0004, 93.750, 98.438, 0.963, 0.489, 0.9569, 0.8721, 0.7367, 0.5493, 0.3196, 0.1308, 
5, 102, 0.2368, 0.0005, 95.312, 100.000, 0.954, 0.403, 0.9462, 0.8543, 0.7065, 0.4876, 0.2555, 0.0898, 
5, 101, 0.2059, 0.0004, 93.750, 100.000, 0.954, 0.429, 0.9388, 0.8283, 0.6547, 0.4323, 0.2313, 0.1091, 
5, 100, 0.2906, 0.0004, 89.062, 100.000, 0.960, 0.464, 0.9534, 0.8691, 0.7232, 0.4967, 0.2564, 0.1057, 
5, 99, 0.1300, 0.0004, 96.875, 100.000, 0.962, 0.384, 0.9461, 0.8442, 0.6591, 0.4085, 0.2083, 0.0946, 
5, 98, 0.0575, 0.0004, 96.875, 100.000, 0.967, 0.422, 0.9573, 0.8816, 0.7540, 0.5558, 0.3228, 0.1393, 
5, 97, 0.0634, 0.0005, 96.875, 100.000, 0.951, 0.352, 0.9465, 0.8527, 0.7035, 0.4979, 0.2732, 0.1138, 
5, 96, 0.0791, 0.0005, 96.875, 100.000, 0.968, 0.352, 0.9547, 0.8682, 0.7387, 0.5375, 0.3069, 0.1273, 
6, 95, 0.1467, 0.0004, 98.438, 100.000, 0.953, 0.422, 0.9490, 0.8590, 0.7204, 0.5246, 0.3090, 0.1462, 
6, 94, 0.1224, 0.0004, 98.438, 100.000, 0.966, 0.448, 0.9504, 0.8601, 0.7263, 0.5527, 0.3561, 0.1884, 
6, 93, 0.2063, 0.0004, 92.188, 98.438, 0.973, 0.424, 0.9577, 0.8720, 0.7474, 0.5741, 0.3596, 0.1622, 
6, 92, 0.0469, 0.0004, 98.438, 100.000, 0.970, 0.525, 0.9572, 0.8823, 0.7600, 0.6014, 0.3998, 0.2071, 
6, 91, 0.0945, 0.0004, 95.312, 100.000, 0.966, 0.455, 0.9525, 0.8659, 0.7288, 0.5427, 0.3149, 0.1167, 
6, 90, 0.0367, 0.0004, 98.438, 100.000, 0.972, 0.516, 0.9558, 0.8717, 0.7508, 0.5840, 0.3880, 0.1917, 
6, 89, 0.1360, 0.0004, 96.875, 100.000, 0.964, 0.417, 0.9504, 0.8513, 0.6939, 0.4856, 0.2803, 0.1352, 
6, 88, 0.0183, 0.0004, 100.000, 100.000, 0.968, 0.501, 0.9547, 0.8704, 0.7401, 0.5364, 0.3179, 0.1415, 
6, 87, 0.0555, 0.0004, 98.438, 100.000, 0.964, 0.445, 0.9491, 0.8684, 0.7336, 0.5334, 0.2944, 0.1084, 
6, 86, 0.1571, 0.0004, 95.312, 100.000, 0.967, 0.493, 0.9573, 0.8774, 0.7511, 0.5649, 0.3404, 0.1569, 
6, 85, 0.1828, 0.0004, 96.875, 100.000, 0.968, 0.440, 0.9520, 0.8640, 0.7290, 0.5305, 0.3159, 0.1410, 
6, 84, 0.0224, 0.0004, 100.000, 100.000, 0.976, 0.509, 0.9578, 0.8838, 0.7625, 0.5872, 0.3660, 0.1775, 
6, 83, 0.1146, 0.0004, 98.438, 100.000, 0.964, 0.480, 0.9481, 0.8623, 0.7395, 0.5711, 0.3674, 0.1738, 
6, 82, 0.1702, 0.0005, 92.188, 100.000, 0.964, 0.370, 0.9466, 0.8576, 0.7052, 0.5057, 0.2967, 0.1311, 
6, 81, 0.1248, 0.0004, 95.312, 100.000, 0.956, 0.455, 0.9438, 0.8578, 0.7341, 0.5894, 0.4135, 0.2387, 
6, 80, 0.0774, 0.0005, 98.438, 100.000, 0.942, 0.397, 0.9308, 0.8168, 0.6653, 0.4744, 0.2974, 0.1709, 
6, 79, 0.0699, 0.0005, 98.438, 100.000, 0.971, 0.343, 0.9583, 0.8782, 0.7522, 0.5539, 0.3282, 0.1467, 
6, 78, 0.4625, 0.0005, 89.062, 98.438, 0.951, 0.414, 0.9403, 0.8472, 0.7177, 0.5510, 0.3671, 0.1925, 
6, 77, 0.1282, 0.0004, 95.312, 100.000, 0.962, 0.463, 0.9520, 0.8674, 0.7443, 0.5723, 0.3833, 0.2019, 
6, 76, 0.1634, 0.0004, 95.312, 100.000, 0.968, 0.456, 0.9584, 0.8770, 0.7463, 0.5588, 0.3295, 0.1343, 
6, 75, 0.1353, 0.0005, 95.312, 100.000, 0.948, 0.386, 0.9480, 0.8551, 0.7056, 0.4892, 0.2657, 0.1057, 
6, 74, 0.0996, 0.0005, 96.875, 100.000, 0.968, 0.388, 0.9484, 0.8423, 0.6551, 0.4136, 0.1990, 0.0683, 
6, 73, 0.0536, 0.0005, 100.000, 100.000, 0.952, 0.364, 0.9312, 0.8080, 0.6203, 0.3829, 0.1718, 0.0561, 
6, 72, 0.0744, 0.0005, 96.875, 100.000, 0.967, 0.439, 0.9459, 0.8372, 0.6629, 0.4374, 0.2418, 0.1052, 
6, 71, 0.0746, 0.0004, 98.438, 100.000, 0.968, 0.471, 0.9436, 0.8361, 0.6580, 0.4218, 0.2157, 0.0949, 
6, 70, 0.0528, 0.0004, 100.000, 100.000, 0.954, 0.482, 0.9363, 0.8201, 0.6373, 0.4056, 0.1984, 0.0809, 
6, 69, 0.0598, 0.0004, 98.438, 100.000, 0.971, 0.498, 0.9548, 0.8711, 0.7461, 0.5766, 0.3657, 0.1710, 
6, 68, 0.1113, 0.0005, 95.312, 100.000, 0.965, 0.397, 0.9509, 0.8687, 0.7313, 0.5345, 0.2995, 0.1186, 
6, 67, 0.0161, 0.0005, 100.000, 100.000, 0.947, 0.439, 0.9203, 0.7854, 0.5945, 0.3717, 0.1772, 0.0705, 
6, 66, 0.1918, 0.0005, 93.750, 100.000, 0.962, 0.393, 0.9455, 0.8560, 0.7110, 0.5084, 0.2836, 0.1203, 
6, 65, 0.0965, 0.0005, 95.312, 100.000, 0.953, 0.424, 0.9434, 0.8474, 0.7160, 0.5358, 0.3149, 0.1264, 
7, 65, 0.1052, 0.0005, 96.875, 98.438, 0.931, 0.464, 0.9223, 0.8088, 0.6598, 0.4564, 0.2629, 0.1371, 
7, 64, 0.1325, 0.0004, 96.875, 100.000, 0.957, 0.456, 0.9446, 0.8514, 0.7030, 0.4986, 0.2737, 0.1102, 
7, 63, 0.1867, 0.0004, 93.750, 98.438, 0.970, 0.514, 0.9500, 0.8647, 0.7288, 0.5414, 0.3197, 0.1466, 
7, 62, 0.1148, 0.0004, 96.875, 100.000, 0.960, 0.470, 0.9410, 0.8368, 0.7009, 0.5287, 0.3485, 0.1924, 
7, 61, 0.3833, 0.0005, 90.625, 100.000, 0.939, 0.457, 0.9335, 0.8232, 0.6641, 0.4542, 0.2316, 0.0927, 
7, 60, 0.1647, 0.0004, 93.750, 100.000, 0.966, 0.456, 0.9481, 0.8634, 0.7274, 0.5445, 0.3486, 0.1691, 
7, 59, 0.1238, 0.0005, 98.438, 100.000, 0.958, 0.369, 0.9453, 0.8410, 0.6891, 0.4958, 0.2841, 0.1311, 
7, 58, 0.2014, 0.0005, 92.188, 100.000, 0.945, 0.379, 0.9355, 0.8400, 0.7013, 0.5173, 0.2916, 0.1163, 
7, 57, 0.0608, 0.0004, 98.438, 100.000, 0.929, 0.501, 0.9200, 0.8152, 0.6900, 0.5391, 0.3852, 0.2164, 
7, 56, 0.2185, 0.0005, 95.312, 100.000, 0.969, 0.379, 0.9456, 0.8537, 0.7105, 0.5128, 0.2808, 0.1098, 
7, 55, 0.0684, 0.0005, 98.438, 100.000, 0.965, 0.395, 0.9384, 0.8397, 0.7055, 0.5373, 0.3613, 0.2064, 
7, 54, 0.0424, 0.0005, 100.000, 100.000, 0.967, 0.301, 0.9507, 0.8707, 0.7403, 0.5658, 0.3490, 0.1536, 
7, 53, 0.2514, 0.0005, 93.750, 98.438, 0.948, 0.297, 0.9278, 0.8005, 0.6238, 0.4047, 0.2172, 0.0988, 
7, 52, 0.1074, 0.0005, 93.750, 100.000, 0.948, 0.327, 0.9282, 0.8107, 0.6412, 0.4393, 0.2576, 0.1320, 
7, 51, 0.2070, 0.0004, 95.312, 100.000, 0.959, 0.481, 0.9407, 0.8389, 0.6902, 0.5194, 0.3368, 0.1721, 
7, 50, 0.0991, 0.0004, 98.438, 100.000, 0.965, 0.441, 0.9513, 0.8656, 0.7372, 0.5409, 0.3048, 0.1229, 
7, 49, 0.0725, 0.0005, 96.875, 100.000, 0.965, 0.363, 0.9399, 0.8414, 0.6903, 0.4782, 0.2445, 0.0907, 
7, 48, 0.1103, 0.0005, 96.875, 100.000, 0.952, 0.389, 0.9399, 0.8362, 0.6850, 0.4819, 0.2534, 0.0965, 
7, 47, 0.1078, 0.0005, 95.312, 100.000, 0.959, 0.360, 0.9436, 0.8479, 0.7119, 0.5272, 0.3065, 0.1255, 
7, 46, 0.1063, 0.0005, 95.312, 100.000, 0.959, 0.377, 0.9499, 0.8564, 0.7153, 0.5188, 0.2981, 0.1189, 
7, 45, 0.1828, 0.0004, 93.750, 100.000, 0.963, 0.384, 0.9531, 0.8597, 0.7107, 0.5071, 0.2707, 0.0954, 
7, 44, 0.2759, 0.0005, 87.500, 98.438, 0.947, 0.382, 0.9208, 0.7923, 0.6080, 0.4022, 0.2096, 0.0943, 
7, 43, 0.1450, 0.0005, 96.875, 100.000, 0.957, 0.376, 0.9393, 0.8266, 0.6569, 0.4468, 0.2525, 0.1180, 
7, 42, 0.1138, 0.0005, 98.438, 100.000, 0.958, 0.266, 0.9270, 0.7898, 0.5917, 0.3732, 0.1859, 0.0786, 
7, 41, 0.1544, 0.0005, 98.438, 100.000, 0.962, 0.343, 0.9372, 0.8364, 0.6838, 0.4852, 0.2582, 0.0933, 
7, 40, 0.3346, 0.0005, 90.625, 100.000, 0.906, 0.415, 0.8799, 0.7141, 0.5173, 0.3139, 0.1410, 0.0541, 
7, 39, 0.3674, 0.0005, 90.625, 100.000, 0.961, 0.401, 0.9383, 0.8223, 0.6416, 0.4430, 0.2371, 0.0964, 
7, 38, 0.4031, 0.0005, 92.188, 100.000, 0.945, 0.314, 0.9194, 0.7806, 0.5885, 0.3719, 0.1947, 0.0933, 
7, 37, 0.0564, 0.0005, 98.438, 100.000, 0.925, 0.360, 0.9043, 0.7597, 0.5615, 0.3579, 0.2036, 0.0996, 
7, 36, 0.1939, 0.0005, 95.312, 98.438, 0.918, 0.435, 0.9075, 0.7821, 0.6319, 0.4578, 0.2755, 0.1315, 
7, 35, 0.1215, 0.0005, 95.312, 100.000, 0.924, 0.442, 0.9091, 0.7740, 0.5974, 0.4010, 0.2149, 0.1031, 
7, 34, 0.4064, 0.0005, 92.188, 100.000, 0.948, 0.377, 0.9289, 0.8207, 0.6640, 0.4833, 0.2956, 0.1386, 
8, 34, 0.3899, 0.0006, 90.625, 100.000, 0.919, 0.383, 0.8985, 0.7530, 0.5852, 0.4002, 0.2400, 0.1223, 
8, 33, 0.1702, 0.0004, 96.875, 100.000, 0.919, 0.568, 0.9165, 0.7940, 0.6367, 0.4531, 0.2780, 0.1372, 
8, 32, 0.2229, 0.0005, 89.062, 100.000, 0.937, 0.510, 0.9246, 0.8055, 0.6472, 0.4527, 0.2645, 0.1354, 
8, 31, 0.2033, 0.0005, 90.625, 100.000, 0.928, 0.432, 0.9063, 0.7649, 0.5721, 0.3602, 0.2031, 0.1054, 
8, 30, 0.2970, 0.0005, 90.625, 100.000, 0.929, 0.453, 0.9107, 0.7844, 0.6186, 0.4383, 0.2620, 0.1337, 
8, 29, 0.2143, 0.0005, 93.750, 100.000, 0.911, 0.524, 0.8988, 0.7559, 0.5866, 0.4146, 0.2498, 0.1195, 
8, 28, 0.1843, 0.0005, 93.750, 98.438, 0.938, 0.423, 0.9099, 0.7551, 0.5655, 0.3718, 0.1926, 0.0799, 
8, 27, 0.0707, 0.0006, 98.438, 100.000, 0.923, 0.406, 0.8835, 0.7120, 0.5294, 0.3528, 0.1979, 0.0956, 
8, 26, 0.3514, 0.0006, 84.375, 100.000, 0.892, 0.350, 0.8647, 0.6901, 0.5071, 0.3510, 0.2239, 0.1366, 
8, 25, 0.5102, 0.0007, 82.812, 98.438, 0.869, 0.377, 0.8562, 0.6910, 0.5214, 0.3691, 0.2508, 0.1554, 
8, 24, 0.5172, 0.0008, 90.625, 100.000, 0.813, 0.387, 0.8096, 0.6116, 0.4356, 0.2755, 0.1526, 0.0672, 
8, 23, 0.1954, 0.0007, 93.750, 100.000, 0.829, 0.392, 0.7876, 0.5328, 0.3118, 0.1688, 0.0913, 0.0520, 
8, 22, 0.7167, 0.0008, 79.688, 100.000, 0.827, 0.344, 0.8485, 0.6624, 0.4692, 0.3037, 0.1684, 0.0785, 
8, 21, 0.6617, 0.0010, 79.688, 98.438, 0.747, 0.321, 0.8224, 0.6171, 0.4130, 0.2297, 0.0950, 0.0471, 
8, 20, 0.3777, 0.0008, 87.500, 100.000, 0.844, 0.435, 0.8373, 0.6217, 0.3997, 0.2324, 0.1263, 0.0677, 
8, 19, 0.8079, 0.0010, 70.312, 100.000, 0.651, 0.372, 0.7606, 0.5038, 0.2997, 0.1555, 0.0810, 0.0579, 
8, 18, 0.7604, 0.0010, 71.875, 100.000, 0.692, 0.362, 0.8187, 0.6521, 0.4770, 0.3070, 0.1593, 0.0775, 
8, 17, 0.7178, 0.0010, 75.000, 98.438, 0.749, 0.353, 0.7306, 0.4629, 0.2606, 0.1282, 0.0652, 0.0371, 
8, 16, 1.1944, 0.0010, 65.625, 98.438, 0.704, 0.327, 0.7665, 0.5449, 0.3474, 0.2008, 0.1011, 0.0553, 
8, 15, 0.9553, 0.0010, 64.062, 98.438, 0.681, 0.437, 0.7339, 0.5143, 0.3476, 0.2024, 0.0893, 0.0305, 
8, 14, 0.6547, 0.0010, 81.250, 100.000, 0.763, 0.344, 0.7711, 0.5316, 0.3368, 0.1769, 0.0769, 0.0356, 
8, 13, 0.8278, 0.0009, 71.875, 100.000, 0.722, 0.408, 0.8097, 0.5947, 0.4047, 0.2479, 0.1169, 0.0587, 
8, 12, 1.3322, 0.0012, 62.500, 100.000, 0.611, 0.413, 0.7909, 0.6140, 0.4396, 0.2642, 0.1286, 0.0737, 
8, 11, 1.5116, 0.0013, 54.688, 92.188, 0.555, 0.296, 0.6639, 0.3476, 0.2143, 0.1604, 0.1278, 0.1081, 
8, 10, 2.1159, 0.0018, 37.500, 93.750, 0.330, 0.205, 0.6182, 0.3645, 0.2225, 0.1362, 0.1035, 0.0993, 
8, 9, 1.7292, 0.0015, 51.562, 90.625, 0.452, 0.304, 0.5442, 0.3100, 0.1866, 0.1227, 0.0851, 0.0522, 
8, 8, 2.7631, 0.0017, 31.250, 76.562, 0.323, 0.269, 0.7727, 0.5377, 0.2946, 0.1498, 0.1042, 0.0893, 
8, 7, 2.2919, 0.0017, 29.688, 85.938, 0.347, 0.372, 0.7846, 0.6069, 0.4078, 0.1512, 0.0239, 0.0132, 
8, 6, 2.6195, 0.0020, 26.562, 75.000, 0.248, 0.118, 0.6551, 0.5639, 0.3651, 0.1428, 0.1226, 0.1045, 
8, 5, 2.7255, 0.0021, 6.250, 70.312, 0.159, 0.069, 0.7692, 0.5572, 0.4447, 0.4434, 0.4434, 0.4434, 
8, 4, 2.5797, 0.0021, 9.375, 73.438, 0.154, 0.108, 0.6912, 0.4727, 0.3505, 0.3329, 0.3329, 0.3329, 
8, 3, 2.4061, 0.0024, 6.250, 53.125, 0.097, 0.052, 1.0000, 1.0000, 1.0000, 1.0000, 1.0000, 1.0000, 
9, 1, 2.2836, 0.0024, 9.375, 57.812, 0.097, 0.051, 1.0000, 1.0000, 1.0000, 1.0000, 1.0000, 1.0000, 
9, 0, 2.4327, 0.0024, 10.938, 43.750, 0.097, 0.052, 1.0000, 1.0000, 1.0000, 1.0000, 1.0000, 1.0000,
