main_dl2.py --pruning=True --tensorboard=True --log-interval=15 --pruning_config=./configs/mnist_22_15.json --constraint RobustnessDandR(eps1=7.8, eps2=2.9) --print-after-epoch=0 --dl2-weight=0.2 --delay=6
pruning_engine.load_mask(): did not find mask file, will load nothing
epoch, neuron_units, loss, dl2_loss, top1, top5, dl2_p_acc, dl2_constraint_acc
[0] Train acc: 0.1406
1, 252, 2.2927, 0.0023, 14.062, 59.375, 0.103, 1.000, 
[15] Train acc: 0.1875
1, 252, 2.2763, 0.0023, 18.750, 68.750, 0.103, 0.910, 
[30] Train acc: 0.3125
1, 252, 2.2343, 0.0023, 31.250, 75.000, 0.205, 0.636, 
[45] Train acc: 0.3594
1, 252, 2.1083, 0.0022, 35.938, 89.062, 0.408, 0.641, 
[60] Train acc: 0.5625
1, 252, 1.8079, 0.0021, 56.250, 90.625, 0.576, 0.257, 
[75] Train acc: 0.6719
1, 252, 1.1560, 0.0017, 67.188, 95.312, 0.646, 0.341, 
[90] Train acc: 0.6250
1, 252, 1.0569, 0.0015, 62.500, 98.438, 0.674, 0.341, 
[105] Train acc: 0.7031
1, 252, 0.8945, 0.0013, 70.312, 95.312, 0.730, 0.151, 
[120] Train acc: 0.8125
1, 252, 0.5999, 0.0011, 81.250, 98.438, 0.806, 0.066, 
[135] Train acc: 0.8594
1, 252, 0.3908, 0.0010, 85.938, 100.000, 0.854, 0.083, 
[150] Train acc: 0.8594
1, 252, 0.5338, 0.0010, 85.938, 100.000, 0.820, 0.351, 
[165] Train acc: 0.8281
1, 252, 0.5438, 0.0010, 82.812, 98.438, 0.764, 0.297, 
[180] Train acc: 0.9062
1, 252, 0.4400, 0.0009, 90.625, 98.438, 0.846, 0.317, 
[195] Train acc: 0.9062
1, 252, 0.2807, 0.0009, 90.625, 100.000, 0.848, 0.322, 
[210] Train acc: 0.9219
1, 252, 0.3620, 0.0009, 92.188, 98.438, 0.857, 0.132, 
[225] Train acc: 0.8906
1, 252, 0.3961, 0.0008, 89.062, 100.000, 0.886, 0.410, 
[240] Train acc: 0.8750
1, 252, 0.4191, 0.0008, 87.500, 98.438, 0.877, 0.270, 
[255] Train acc: 0.8281
1, 252, 0.4304, 0.0008, 82.812, 100.000, 0.853, 0.197, 
[270] Train acc: 0.9219
1, 252, 0.2301, 0.0008, 92.188, 100.000, 0.844, 0.361, 
[285] Train acc: 0.9375
1, 252, 0.2475, 0.0007, 93.750, 100.000, 0.920, 0.317, 
[300] Train acc: 0.9062
1, 252, 0.2684, 0.0007, 90.625, 100.000, 0.911, 0.251, 
[315] Train acc: 0.9375
1, 252, 0.2690, 0.0007, 93.750, 98.438, 0.921, 0.317, 
[330] Train acc: 0.9062
1, 252, 0.3765, 0.0007, 90.625, 98.438, 0.864, 0.328, 
[345] Train acc: 0.8594
1, 252, 0.4717, 0.0007, 85.938, 98.438, 0.908, 0.420, 
[360] Train acc: 0.8750
1, 252, 0.2840, 0.0007, 87.500, 100.000, 0.908, 0.337, 
[375] Train acc: 0.9375
1, 252, 0.1569, 0.0007, 93.750, 100.000, 0.922, 0.349, 
[390] Train acc: 0.9219
1, 252, 0.2107, 0.0006, 92.188, 100.000, 0.915, 0.427, 
[405] Train acc: 0.9375
1, 252, 0.1972, 0.0006, 93.750, 100.000, 0.917, 0.270, 
[420] Train acc: 0.9375
1, 252, 0.2407, 0.0006, 93.750, 100.000, 0.935, 0.366, 
[435] Train acc: 0.9219
1, 252, 0.2249, 0.0006, 92.188, 100.000, 0.934, 0.366, 
[450] Train acc: 0.9219
1, 252, 0.1830, 0.0006, 92.188, 100.000, 0.942, 0.338, 
[465] Train acc: 0.8906
1, 252, 0.3452, 0.0006, 89.062, 100.000, 0.912, 0.338, 
[480] Train acc: 1.0000
1, 252, 0.0759, 0.0006, 100.000, 100.000, 0.935, 0.426, 
[495] Train acc: 0.9531
1, 252, 0.1630, 0.0006, 95.312, 100.000, 0.947, 0.332, 
[510] Train acc: 0.9219
1, 252, 0.1678, 0.0005, 92.188, 100.000, 0.948, 0.414, 
[525] Train acc: 0.9531
1, 252, 0.1374, 0.0006, 95.312, 100.000, 0.945, 0.393, 
[540] Train acc: 0.9531
1, 252, 0.2549, 0.0006, 95.312, 98.438, 0.932, 0.323, 
[555] Train acc: 0.9688
1, 252, 0.1706, 0.0005, 96.875, 98.438, 0.953, 0.377, 
[570] Train acc: 0.9531
1, 252, 0.1493, 0.0005, 95.312, 100.000, 0.924, 0.465, 
[585] Train acc: 0.9844
1, 252, 0.0839, 0.0005, 98.438, 100.000, 0.950, 0.357, 
[600] Train acc: 0.9531
1, 252, 0.1911, 0.0005, 95.312, 100.000, 0.951, 0.441, 
[615] Train acc: 0.9531
1, 252, 0.1562, 0.0005, 95.312, 100.000, 0.951, 0.383, 
[630] Train acc: 0.9375
1, 252, 0.3316, 0.0005, 93.750, 100.000, 0.956, 0.372, 
[645] Train acc: 0.9688
1, 252, 0.1515, 0.0005, 96.875, 100.000, 0.956, 0.380, 
[660] Train acc: 0.9688
1, 252, 0.1340, 0.0005, 96.875, 100.000, 0.956, 0.428, 
[675] Train acc: 0.9219
1, 252, 0.1611, 0.0005, 92.188, 100.000, 0.956, 0.421, 
[690] Train acc: 0.9688
1, 252, 0.1636, 0.0005, 96.875, 98.438, 0.957, 0.440, 
[705] Train acc: 0.8906
1, 252, 0.3456, 0.0005, 89.062, 100.000, 0.951, 0.471, 
[720] Train acc: 1.0000
1, 252, 0.0531, 0.0005, 100.000, 100.000, 0.958, 0.443, 
[735] Train acc: 0.9375
1, 252, 0.1569, 0.0005, 93.750, 100.000, 0.957, 0.394, 
[750] Train acc: 0.9688
1, 252, 0.0697, 0.0005, 96.875, 100.000, 0.950, 0.508, 
[765] Train acc: 0.9062
1, 252, 0.2833, 0.0005, 90.625, 100.000, 0.946, 0.446, 
[780] Train acc: 0.9219
1, 252, 0.1946, 0.0005, 92.188, 100.000, 0.964, 0.350, 
[795] Train acc: 0.9375
1, 252, 0.1266, 0.0005, 93.750, 100.000, 0.960, 0.438, 
[810] Train acc: 1.0000
1, 252, 0.0542, 0.0005, 100.000, 100.000, 0.964, 0.357, 
[825] Train acc: 0.9531
1, 252, 0.1051, 0.0005, 95.312, 100.000, 0.960, 0.362, 
[840] Train acc: 0.9531
1, 252, 0.1322, 0.0005, 95.312, 100.000, 0.968, 0.399, 
[855] Train acc: 0.9375
1, 252, 0.1512, 0.0005, 93.750, 100.000, 0.942, 0.394, 
[870] Train acc: 0.9531
1, 252, 0.1509, 0.0004, 95.312, 100.000, 0.964, 0.426, 
[885] Train acc: 0.9375
1, 252, 0.1358, 0.0005, 93.750, 100.000, 0.959, 0.445, 
[900] Train acc: 0.9531
1, 252, 0.1066, 0.0004, 95.312, 100.000, 0.962, 0.468, 
[915] Train acc: 0.9375
1, 252, 0.1932, 0.0004, 93.750, 100.000, 0.960, 0.464, 
[930] Train acc: 0.9375
1, 252, 0.1555, 0.0004, 93.750, 100.000, 0.964, 0.470, 
[0] Train acc: 0.9531
2, 252, 0.1419, 0.0004, 95.312, 100.000, 0.963, 0.486, 
[15] Train acc: 0.9844
2, 252, 0.0728, 0.0004, 98.438, 100.000, 0.968, 0.505, 
[30] Train acc: 0.9688
2, 252, 0.0831, 0.0004, 96.875, 100.000, 0.955, 0.571, 
[45] Train acc: 0.9688
2, 252, 0.0926, 0.0004, 96.875, 100.000, 0.965, 0.516, 
[60] Train acc: 0.9844
2, 252, 0.0453, 0.0004, 98.438, 100.000, 0.963, 0.534, 
[75] Train acc: 0.9688
2, 252, 0.1387, 0.0004, 96.875, 100.000, 0.966, 0.530, 
[90] Train acc: 0.9375
2, 252, 0.3302, 0.0004, 93.750, 100.000, 0.967, 0.463, 
[105] Train acc: 0.9844
2, 252, 0.0469, 0.0004, 98.438, 100.000, 0.969, 0.433, 
[120] Train acc: 0.9844
2, 252, 0.0899, 0.0004, 98.438, 100.000, 0.970, 0.522, 
[135] Train acc: 0.9688
2, 252, 0.1524, 0.0004, 96.875, 100.000, 0.963, 0.460, 
[150] Train acc: 0.9531
2, 252, 0.0857, 0.0004, 95.312, 100.000, 0.967, 0.519, 
[165] Train acc: 0.9844
2, 252, 0.0723, 0.0004, 98.438, 100.000, 0.968, 0.560, 
[180] Train acc: 0.9531
2, 252, 0.0809, 0.0004, 95.312, 100.000, 0.967, 0.546, 
[195] Train acc: 0.9844
2, 252, 0.0929, 0.0004, 98.438, 100.000, 0.960, 0.500, 
[210] Train acc: 0.9688
2, 252, 0.0649, 0.0004, 96.875, 100.000, 0.973, 0.590, 
[225] Train acc: 0.9531
2, 252, 0.1443, 0.0004, 95.312, 100.000, 0.966, 0.606, 
[240] Train acc: 0.9531
2, 252, 0.1491, 0.0004, 95.312, 100.000, 0.966, 0.472, 
[255] Train acc: 1.0000
2, 252, 0.0272, 0.0004, 100.000, 100.000, 0.968, 0.509, 
[270] Train acc: 0.9844
2, 252, 0.0611, 0.0003, 98.438, 100.000, 0.973, 0.579, 
[285] Train acc: 0.9844
2, 252, 0.0364, 0.0003, 98.438, 100.000, 0.975, 0.612, 
[300] Train acc: 0.9688
2, 252, 0.0821, 0.0004, 96.875, 100.000, 0.969, 0.571, 
[315] Train acc: 0.9375
2, 252, 0.1149, 0.0004, 93.750, 100.000, 0.975, 0.592, 
[330] Train acc: 0.9688
2, 252, 0.0534, 0.0004, 96.875, 100.000, 0.968, 0.530, 
[345] Train acc: 0.9531
2, 252, 0.2329, 0.0004, 95.312, 100.000, 0.976, 0.506, 
[360] Train acc: 0.9688
2, 252, 0.0643, 0.0004, 96.875, 100.000, 0.962, 0.422, 
[375] Train acc: 0.9688
2, 252, 0.1032, 0.0004, 96.875, 100.000, 0.976, 0.460, 
[390] Train acc: 0.9844
2, 252, 0.0273, 0.0004, 98.438, 100.000, 0.975, 0.511, 
[405] Train acc: 0.9844
2, 252, 0.0432, 0.0004, 98.438, 100.000, 0.968, 0.512, 
[420] Train acc: 0.9844
2, 252, 0.0258, 0.0003, 98.438, 100.000, 0.976, 0.556, 
[435] Train acc: 0.9844
2, 252, 0.0375, 0.0004, 98.438, 100.000, 0.977, 0.515, 
[450] Train acc: 0.9844
2, 252, 0.0817, 0.0003, 98.438, 100.000, 0.974, 0.562, 
[465] Train acc: 0.9688
2, 252, 0.0876, 0.0004, 96.875, 100.000, 0.972, 0.569, 
[480] Train acc: 0.9688
2, 252, 0.0873, 0.0004, 96.875, 100.000, 0.969, 0.522, 
[495] Train acc: 0.9531
2, 252, 0.1178, 0.0004, 95.312, 100.000, 0.972, 0.594, 
[510] Train acc: 1.0000
2, 252, 0.0177, 0.0004, 100.000, 100.000, 0.974, 0.490, 
[525] Train acc: 0.9688
2, 252, 0.1225, 0.0004, 96.875, 100.000, 0.978, 0.507, 
[540] Train acc: 0.9688
2, 252, 0.0677, 0.0004, 96.875, 100.000, 0.977, 0.456, 
[555] Train acc: 1.0000
2, 252, 0.0318, 0.0004, 100.000, 100.000, 0.977, 0.502, 
[570] Train acc: 0.9531
2, 252, 0.1975, 0.0004, 95.312, 100.000, 0.971, 0.504, 
[585] Train acc: 1.0000
2, 252, 0.0184, 0.0004, 100.000, 100.000, 0.964, 0.484, 
[600] Train acc: 0.9531
2, 252, 0.1874, 0.0004, 95.312, 100.000, 0.964, 0.515, 
[615] Train acc: 0.9531
2, 252, 0.1911, 0.0004, 95.312, 100.000, 0.974, 0.527, 
[630] Train acc: 0.9844
2, 252, 0.0757, 0.0004, 98.438, 100.000, 0.970, 0.510, 
[645] Train acc: 0.9062
2, 252, 0.2339, 0.0003, 90.625, 100.000, 0.980, 0.564, 
[660] Train acc: 0.9844
2, 252, 0.0507, 0.0003, 98.438, 100.000, 0.977, 0.606, 
[675] Train acc: 0.9844
2, 252, 0.0637, 0.0003, 98.438, 100.000, 0.978, 0.657, 
[690] Train acc: 0.9688
2, 252, 0.0459, 0.0003, 96.875, 100.000, 0.975, 0.664, 
[705] Train acc: 0.9844
2, 252, 0.0947, 0.0003, 98.438, 100.000, 0.970, 0.620, 
[720] Train acc: 0.9688
2, 252, 0.0641, 0.0003, 96.875, 100.000, 0.977, 0.617, 
[735] Train acc: 0.9844
2, 252, 0.1057, 0.0003, 98.438, 100.000, 0.959, 0.672, 
[750] Train acc: 1.0000
2, 252, 0.0183, 0.0003, 100.000, 100.000, 0.978, 0.615, 
[765] Train acc: 1.0000
2, 252, 0.0371, 0.0003, 100.000, 100.000, 0.978, 0.637, 
[780] Train acc: 0.9844
2, 252, 0.0421, 0.0003, 98.438, 100.000, 0.974, 0.651, 
[795] Train acc: 0.9688
2, 252, 0.0918, 0.0003, 96.875, 100.000, 0.976, 0.584, 
[810] Train acc: 0.9688
2, 252, 0.0796, 0.0003, 96.875, 100.000, 0.976, 0.616, 
[825] Train acc: 0.9375
2, 252, 0.2884, 0.0003, 93.750, 100.000, 0.979, 0.607, 
[840] Train acc: 1.0000
2, 252, 0.0218, 0.0003, 100.000, 100.000, 0.975, 0.604, 
[855] Train acc: 1.0000
2, 252, 0.0167, 0.0003, 100.000, 100.000, 0.980, 0.611, 
[870] Train acc: 0.9844
2, 252, 0.0273, 0.0003, 98.438, 100.000, 0.978, 0.611, 
[885] Train acc: 0.9688
2, 252, 0.0610, 0.0003, 96.875, 100.000, 0.977, 0.618, 
[900] Train acc: 0.9375
2, 252, 0.1101, 0.0003, 93.750, 100.000, 0.978, 0.574, 
[915] Train acc: 0.9844
2, 252, 0.0516, 0.0003, 98.438, 100.000, 0.981, 0.672, 
[930] Train acc: 0.9688
2, 252, 0.1069, 0.0003, 96.875, 100.000, 0.971, 0.636, 
[0] Train acc: 0.9688
3, 252, 0.1489, 0.0003, 96.875, 100.000, 0.969, 0.572, 
[15] Train acc: 1.0000
3, 252, 0.0289, 0.0003, 100.000, 100.000, 0.981, 0.605, 
[30] Train acc: 0.9844
3, 252, 0.0524, 0.0003, 98.438, 100.000, 0.977, 0.623, 
[45] Train acc: 0.9688
3, 252, 0.0788, 0.0004, 96.875, 100.000, 0.970, 0.560, 
[60] Train acc: 1.0000
3, 252, 0.0204, 0.0003, 100.000, 100.000, 0.981, 0.647, 
[75] Train acc: 0.9531
3, 252, 0.1291, 0.0003, 95.312, 100.000, 0.969, 0.605, 
[90] Train acc: 0.9688
3, 252, 0.0700, 0.0003, 96.875, 100.000, 0.975, 0.634, 
[105] Train acc: 1.0000
3, 252, 0.0225, 0.0003, 100.000, 100.000, 0.981, 0.617, 
[120] Train acc: 1.0000
3, 252, 0.0228, 0.0003, 100.000, 100.000, 0.979, 0.669, 
[135] Train acc: 0.9531
3, 252, 0.0802, 0.0003, 95.312, 100.000, 0.981, 0.631, 
[150] Train acc: 1.0000
3, 252, 0.0099, 0.0003, 100.000, 100.000, 0.974, 0.563, 
[165] Train acc: 0.9688
3, 252, 0.1813, 0.0003, 96.875, 100.000, 0.982, 0.590, 
[180] Train acc: 0.9531
3, 252, 0.1139, 0.0003, 95.312, 100.000, 0.980, 0.635, 
[195] Train acc: 0.9844
3, 252, 0.0672, 0.0003, 98.438, 100.000, 0.977, 0.620, 
[210] Train acc: 0.9688
3, 252, 0.0690, 0.0003, 96.875, 100.000, 0.971, 0.678, 
[225] Train acc: 1.0000
3, 252, 0.0137, 0.0003, 100.000, 100.000, 0.982, 0.659, 
[240] Train acc: 0.9688
3, 252, 0.0634, 0.0003, 96.875, 100.000, 0.979, 0.690, 
[255] Train acc: 0.9844
3, 252, 0.0525, 0.0003, 98.438, 100.000, 0.973, 0.687, 
[270] Train acc: 0.9531
3, 252, 0.1225, 0.0003, 95.312, 100.000, 0.982, 0.676, 
[285] Train acc: 0.9688
3, 252, 0.0596, 0.0003, 96.875, 100.000, 0.984, 0.650, 
[300] Train acc: 0.9844
3, 252, 0.0657, 0.0003, 98.438, 100.000, 0.980, 0.608, 
[315] Train acc: 0.9688
3, 252, 0.1433, 0.0003, 96.875, 100.000, 0.983, 0.622, 
[330] Train acc: 0.9531
3, 252, 0.1233, 0.0003, 95.312, 100.000, 0.978, 0.707, 
[345] Train acc: 1.0000
3, 252, 0.0148, 0.0003, 100.000, 100.000, 0.982, 0.662, 
[360] Train acc: 0.9844
3, 252, 0.0623, 0.0003, 98.438, 100.000, 0.979, 0.694, 
[375] Train acc: 1.0000
3, 252, 0.0419, 0.0003, 100.000, 100.000, 0.976, 0.697, 
[390] Train acc: 0.9375
3, 252, 0.2216, 0.0003, 93.750, 100.000, 0.967, 0.747, 
[405] Train acc: 0.9844
3, 252, 0.0486, 0.0003, 98.438, 100.000, 0.982, 0.729, 
[420] Train acc: 1.0000
3, 252, 0.0293, 0.0003, 100.000, 100.000, 0.983, 0.688, 
[435] Train acc: 0.9844
3, 252, 0.0260, 0.0003, 98.438, 100.000, 0.974, 0.669, 
[450] Train acc: 0.9844
3, 252, 0.0510, 0.0003, 98.438, 100.000, 0.979, 0.659, 
[465] Train acc: 0.9844
3, 252, 0.0471, 0.0003, 98.438, 100.000, 0.982, 0.685, 
[480] Train acc: 0.9844
3, 252, 0.1269, 0.0003, 98.438, 100.000, 0.982, 0.653, 
[495] Train acc: 0.9688
3, 252, 0.0567, 0.0003, 96.875, 100.000, 0.983, 0.675, 
[510] Train acc: 0.9531
3, 252, 0.0854, 0.0003, 95.312, 100.000, 0.982, 0.660, 
[525] Train acc: 0.9531
3, 252, 0.1040, 0.0003, 95.312, 100.000, 0.984, 0.648, 
[540] Train acc: 1.0000
3, 252, 0.0216, 0.0003, 100.000, 100.000, 0.982, 0.664, 
[555] Train acc: 0.9531
3, 252, 0.1553, 0.0003, 95.312, 100.000, 0.985, 0.572, 
[570] Train acc: 0.9844
3, 252, 0.0607, 0.0003, 98.438, 100.000, 0.978, 0.593, 
[585] Train acc: 1.0000
3, 252, 0.0113, 0.0003, 100.000, 100.000, 0.983, 0.703, 
[600] Train acc: 0.9375
3, 252, 0.1608, 0.0003, 93.750, 98.438, 0.980, 0.582, 
[615] Train acc: 0.9531
3, 252, 0.1858, 0.0003, 95.312, 100.000, 0.983, 0.663, 
[630] Train acc: 1.0000
3, 252, 0.0248, 0.0003, 100.000, 100.000, 0.983, 0.653, 
[645] Train acc: 0.9688
3, 252, 0.2095, 0.0003, 96.875, 100.000, 0.983, 0.640, 
[660] Train acc: 1.0000
3, 252, 0.0344, 0.0003, 100.000, 100.000, 0.983, 0.584, 
[675] Train acc: 1.0000
3, 252, 0.0165, 0.0003, 100.000, 100.000, 0.984, 0.619, 
[690] Train acc: 0.9844
3, 252, 0.0297, 0.0003, 98.438, 100.000, 0.984, 0.627, 
[705] Train acc: 1.0000
3, 252, 0.0265, 0.0003, 100.000, 100.000, 0.982, 0.631, 
[720] Train acc: 0.9844
3, 252, 0.0475, 0.0003, 98.438, 100.000, 0.983, 0.615, 
[735] Train acc: 0.9844
3, 252, 0.0325, 0.0003, 98.438, 100.000, 0.983, 0.675, 
[750] Train acc: 1.0000
3, 252, 0.0210, 0.0003, 100.000, 100.000, 0.985, 0.635, 
[765] Train acc: 1.0000
3, 252, 0.0205, 0.0003, 100.000, 100.000, 0.981, 0.640, 
[780] Train acc: 0.9531
3, 252, 0.1131, 0.0003, 95.312, 100.000, 0.983, 0.662, 
[795] Train acc: 0.9688
3, 252, 0.0429, 0.0003, 96.875, 100.000, 0.982, 0.689, 
[810] Train acc: 1.0000
3, 252, 0.0081, 0.0003, 100.000, 100.000, 0.978, 0.726, 
[825] Train acc: 1.0000
3, 252, 0.0135, 0.0002, 100.000, 100.000, 0.984, 0.738, 
[840] Train acc: 0.9531
3, 252, 0.0637, 0.0003, 95.312, 100.000, 0.981, 0.676, 
[855] Train acc: 1.0000
3, 252, 0.0079, 0.0003, 100.000, 100.000, 0.977, 0.623, 
[870] Train acc: 1.0000
3, 252, 0.0084, 0.0003, 100.000, 100.000, 0.982, 0.674, 
[885] Train acc: 1.0000
3, 252, 0.0130, 0.0003, 100.000, 100.000, 0.982, 0.669, 
[900] Train acc: 0.9844
3, 252, 0.0273, 0.0003, 98.438, 100.000, 0.981, 0.665, 
[915] Train acc: 0.9531
3, 252, 0.2454, 0.0003, 95.312, 100.000, 0.984, 0.650, 
[930] Train acc: 0.9844
3, 252, 0.0700, 0.0003, 98.438, 100.000, 0.987, 0.689, 
[0] Train acc: 0.9844
4, 252, 0.0492, 0.0003, 98.438, 100.000, 0.985, 0.687, 
[15] Train acc: 1.0000
4, 252, 0.0252, 0.0003, 100.000, 100.000, 0.984, 0.677, 
[30] Train acc: 0.9844
4, 252, 0.0465, 0.0003, 98.438, 100.000, 0.981, 0.684, 
[45] Train acc: 1.0000
4, 252, 0.0069, 0.0003, 100.000, 100.000, 0.985, 0.680, 
[60] Train acc: 1.0000
4, 252, 0.0200, 0.0003, 100.000, 100.000, 0.985, 0.668, 
[75] Train acc: 1.0000
4, 252, 0.0442, 0.0003, 100.000, 100.000, 0.973, 0.630, 
[90] Train acc: 0.9844
4, 252, 0.0424, 0.0002, 98.438, 100.000, 0.986, 0.731, 
[105] Train acc: 1.0000
4, 252, 0.0098, 0.0002, 100.000, 100.000, 0.984, 0.713, 
[120] Train acc: 0.9844
4, 252, 0.0582, 0.0003, 98.438, 100.000, 0.982, 0.703, 
[135] Train acc: 0.9844
4, 252, 0.0365, 0.0003, 98.438, 100.000, 0.985, 0.710, 
[150] Train acc: 0.9688
4, 252, 0.0530, 0.0003, 96.875, 100.000, 0.986, 0.727, 
[165] Train acc: 1.0000
4, 252, 0.0181, 0.0003, 100.000, 100.000, 0.983, 0.731, 
[180] Train acc: 0.9844
4, 252, 0.1068, 0.0002, 98.438, 100.000, 0.985, 0.710, 
[195] Train acc: 1.0000
4, 252, 0.0065, 0.0002, 100.000, 100.000, 0.984, 0.717, 
[210] Train acc: 0.9688
4, 252, 0.1149, 0.0003, 96.875, 100.000, 0.980, 0.703, 
[225] Train acc: 0.9844
4, 252, 0.0266, 0.0003, 98.438, 100.000, 0.984, 0.665, 
[240] Train acc: 1.0000
4, 252, 0.0188, 0.0003, 100.000, 100.000, 0.983, 0.676, 
[255] Train acc: 0.9844
4, 252, 0.1269, 0.0003, 98.438, 98.438, 0.984, 0.692, 
[270] Train acc: 1.0000
4, 252, 0.0097, 0.0002, 100.000, 100.000, 0.986, 0.718, 
[285] Train acc: 0.9844
4, 252, 0.0872, 0.0002, 98.438, 100.000, 0.986, 0.766, 
[300] Train acc: 1.0000
4, 252, 0.0138, 0.0003, 100.000, 100.000, 0.981, 0.699, 
[315] Train acc: 1.0000
4, 252, 0.0184, 0.0003, 100.000, 100.000, 0.985, 0.697, 
[330] Train acc: 1.0000
4, 252, 0.0371, 0.0003, 100.000, 100.000, 0.985, 0.685, 
[345] Train acc: 0.9531
4, 252, 0.0905, 0.0003, 95.312, 100.000, 0.983, 0.673, 
[360] Train acc: 0.9688
4, 252, 0.0696, 0.0003, 96.875, 100.000, 0.980, 0.652, 
[375] Train acc: 1.0000
4, 252, 0.0083, 0.0003, 100.000, 100.000, 0.987, 0.658, 
[390] Train acc: 1.0000
4, 252, 0.0169, 0.0003, 100.000, 100.000, 0.985, 0.699, 
[405] Train acc: 1.0000
4, 252, 0.0087, 0.0003, 100.000, 100.000, 0.983, 0.678, 
[420] Train acc: 0.9688
4, 252, 0.0532, 0.0003, 96.875, 100.000, 0.983, 0.703, 
[435] Train acc: 0.9688
4, 252, 0.0706, 0.0003, 96.875, 100.000, 0.984, 0.697, 
[450] Train acc: 0.9844
4, 252, 0.0191, 0.0003, 98.438, 100.000, 0.983, 0.694, 
[465] Train acc: 0.9844
4, 252, 0.0746, 0.0002, 98.438, 100.000, 0.986, 0.698, 
[480] Train acc: 0.9688
4, 252, 0.0676, 0.0002, 96.875, 100.000, 0.984, 0.717, 
[495] Train acc: 0.9844
4, 252, 0.0458, 0.0003, 98.438, 100.000, 0.986, 0.721, 
[510] Train acc: 0.9688
4, 252, 0.0589, 0.0002, 96.875, 100.000, 0.986, 0.703, 
[525] Train acc: 1.0000
4, 252, 0.0050, 0.0002, 100.000, 100.000, 0.985, 0.723, 
[540] Train acc: 1.0000
4, 252, 0.0088, 0.0003, 100.000, 100.000, 0.979, 0.701, 
[555] Train acc: 0.9844
4, 252, 0.0708, 0.0002, 98.438, 100.000, 0.984, 0.729, 
[570] Train acc: 1.0000
4, 252, 0.0223, 0.0003, 100.000, 100.000, 0.982, 0.722, 
[585] Train acc: 0.9531
4, 252, 0.1069, 0.0002, 95.312, 100.000, 0.986, 0.693, 
[600] Train acc: 1.0000
4, 252, 0.0118, 0.0002, 100.000, 100.000, 0.986, 0.719, 
[615] Train acc: 0.9844
4, 252, 0.0314, 0.0002, 98.438, 100.000, 0.986, 0.752, 
[630] Train acc: 0.9531
4, 252, 0.1357, 0.0002, 95.312, 100.000, 0.983, 0.755, 
[645] Train acc: 1.0000
4, 252, 0.0155, 0.0002, 100.000, 100.000, 0.984, 0.730, 
[660] Train acc: 1.0000
4, 252, 0.0163, 0.0002, 100.000, 100.000, 0.987, 0.712, 
[675] Train acc: 0.9688
4, 252, 0.0475, 0.0002, 96.875, 100.000, 0.985, 0.712, 
[690] Train acc: 0.9844
4, 252, 0.0805, 0.0002, 98.438, 100.000, 0.984, 0.759, 
[705] Train acc: 1.0000
4, 252, 0.0358, 0.0002, 100.000, 100.000, 0.986, 0.738, 
[720] Train acc: 0.9844
4, 252, 0.0912, 0.0002, 98.438, 100.000, 0.983, 0.746, 
[735] Train acc: 1.0000
4, 252, 0.0193, 0.0002, 100.000, 100.000, 0.981, 0.754, 
[750] Train acc: 1.0000
4, 252, 0.0035, 0.0002, 100.000, 100.000, 0.984, 0.775, 
[765] Train acc: 0.9375
4, 252, 0.1056, 0.0002, 93.750, 100.000, 0.983, 0.723, 
[780] Train acc: 0.9688
4, 252, 0.0596, 0.0002, 96.875, 100.000, 0.985, 0.737, 
[795] Train acc: 0.9531
4, 252, 0.1130, 0.0002, 95.312, 100.000, 0.983, 0.724, 
[810] Train acc: 0.9844
4, 252, 0.0195, 0.0002, 98.438, 100.000, 0.985, 0.701, 
[825] Train acc: 0.9688
4, 252, 0.0343, 0.0002, 96.875, 100.000, 0.985, 0.730, 
[840] Train acc: 1.0000
4, 252, 0.0193, 0.0002, 100.000, 100.000, 0.985, 0.705, 
[855] Train acc: 1.0000
4, 252, 0.0029, 0.0002, 100.000, 100.000, 0.985, 0.715, 
[870] Train acc: 0.9844
4, 252, 0.0470, 0.0003, 98.438, 100.000, 0.983, 0.698, 
[885] Train acc: 1.0000
4, 252, 0.0200, 0.0002, 100.000, 100.000, 0.983, 0.724, 
[900] Train acc: 0.9844
4, 252, 0.0475, 0.0003, 98.438, 100.000, 0.980, 0.688, 
[915] Train acc: 1.0000
4, 252, 0.0056, 0.0002, 100.000, 100.000, 0.987, 0.742, 
[930] Train acc: 0.9688
4, 252, 0.1391, 0.0002, 96.875, 100.000, 0.987, 0.708, 
[0] Train acc: 0.9531
5, 252, 0.1102, 0.0003, 95.312, 100.000, 0.983, 0.730, 
[15] Train acc: 0.9844
5, 252, 0.0720, 0.0002, 98.438, 100.000, 0.987, 0.710, 
[30] Train acc: 1.0000
5, 252, 0.0294, 0.0002, 100.000, 100.000, 0.987, 0.746, 
[45] Train acc: 0.9531
5, 252, 0.1029, 0.0002, 95.312, 100.000, 0.985, 0.731, 
[60] Train acc: 1.0000
5, 252, 0.0252, 0.0002, 100.000, 100.000, 0.983, 0.757, 
[75] Train acc: 0.9844
5, 252, 0.0287, 0.0002, 98.438, 100.000, 0.987, 0.746, 
[90] Train acc: 0.9531
5, 252, 0.1605, 0.0003, 95.312, 100.000, 0.984, 0.743, 
[105] Train acc: 0.9844
5, 252, 0.0386, 0.0002, 98.438, 100.000, 0.986, 0.713, 
[120] Train acc: 1.0000
5, 252, 0.0022, 0.0002, 100.000, 100.000, 0.985, 0.706, 
[135] Train acc: 0.9844
5, 252, 0.0400, 0.0002, 98.438, 100.000, 0.988, 0.742, 
[150] Train acc: 1.0000
5, 252, 0.0239, 0.0002, 100.000, 100.000, 0.988, 0.740, 
[165] Train acc: 0.9844
5, 252, 0.0322, 0.0002, 98.438, 100.000, 0.984, 0.715, 
[180] Train acc: 1.0000
5, 252, 0.0168, 0.0002, 100.000, 100.000, 0.986, 0.768, 
[195] Train acc: 0.9844
5, 252, 0.0289, 0.0002, 98.438, 100.000, 0.985, 0.749, 
[210] Train acc: 0.9688
5, 252, 0.2134, 0.0002, 96.875, 98.438, 0.986, 0.715, 
[225] Train acc: 0.9688
5, 252, 0.0581, 0.0002, 96.875, 100.000, 0.981, 0.743, 
[240] Train acc: 0.9844
5, 252, 0.0447, 0.0002, 98.438, 100.000, 0.987, 0.736, 
[255] Train acc: 0.9844
5, 252, 0.0388, 0.0002, 98.438, 100.000, 0.986, 0.713, 
[270] Train acc: 1.0000
5, 252, 0.0078, 0.0003, 100.000, 100.000, 0.983, 0.740, 
[285] Train acc: 0.9844
5, 252, 0.0373, 0.0002, 98.438, 100.000, 0.986, 0.687, 
[300] Train acc: 0.9688
5, 252, 0.0721, 0.0002, 96.875, 100.000, 0.986, 0.729, 
[315] Train acc: 0.9688
5, 252, 0.0610, 0.0002, 96.875, 100.000, 0.985, 0.710, 
[330] Train acc: 1.0000
5, 252, 0.0311, 0.0002, 100.000, 100.000, 0.985, 0.725, 
[345] Train acc: 1.0000
5, 252, 0.0053, 0.0002, 100.000, 100.000, 0.986, 0.741, 
[360] Train acc: 1.0000
5, 252, 0.0069, 0.0002, 100.000, 100.000, 0.988, 0.739, 
[375] Train acc: 1.0000
5, 252, 0.0180, 0.0002, 100.000, 100.000, 0.985, 0.755, 
[390] Train acc: 0.9844
5, 252, 0.0299, 0.0002, 98.438, 100.000, 0.987, 0.753, 
[405] Train acc: 0.9688
5, 252, 0.0394, 0.0002, 96.875, 100.000, 0.986, 0.762, 
[420] Train acc: 0.9844
5, 252, 0.0280, 0.0002, 98.438, 100.000, 0.987, 0.797, 
[435] Train acc: 0.9844
5, 252, 0.0364, 0.0002, 98.438, 100.000, 0.986, 0.790, 
[450] Train acc: 0.9688
5, 252, 0.0735, 0.0002, 96.875, 100.000, 0.987, 0.780, 
[465] Train acc: 0.9531
5, 252, 0.2302, 0.0003, 95.312, 100.000, 0.986, 0.682, 
[480] Train acc: 1.0000
5, 252, 0.0074, 0.0002, 100.000, 100.000, 0.985, 0.709, 
[495] Train acc: 0.9688
5, 252, 0.0723, 0.0003, 96.875, 100.000, 0.986, 0.705, 
[510] Train acc: 0.9531
5, 252, 0.0750, 0.0002, 95.312, 100.000, 0.987, 0.725, 
[525] Train acc: 0.9688
5, 252, 0.0753, 0.0002, 96.875, 100.000, 0.988, 0.769, 
[540] Train acc: 0.9688
5, 252, 0.1275, 0.0002, 96.875, 100.000, 0.988, 0.767, 
[555] Train acc: 0.9844
5, 252, 0.0237, 0.0002, 98.438, 100.000, 0.989, 0.752, 
[570] Train acc: 1.0000
5, 252, 0.0092, 0.0002, 100.000, 100.000, 0.987, 0.758, 
[585] Train acc: 1.0000
5, 252, 0.0076, 0.0002, 100.000, 100.000, 0.985, 0.749, 
[600] Train acc: 1.0000
5, 252, 0.0149, 0.0002, 100.000, 100.000, 0.986, 0.723, 
[615] Train acc: 0.9844
5, 252, 0.0203, 0.0002, 98.438, 100.000, 0.988, 0.698, 
[630] Train acc: 0.9375
5, 252, 0.1450, 0.0002, 93.750, 100.000, 0.988, 0.736, 
[645] Train acc: 1.0000
5, 252, 0.0040, 0.0002, 100.000, 100.000, 0.987, 0.743, 
[660] Train acc: 1.0000
5, 252, 0.0038, 0.0002, 100.000, 100.000, 0.987, 0.739, 
[675] Train acc: 1.0000
5, 252, 0.0193, 0.0002, 100.000, 100.000, 0.987, 0.731, 
[690] Train acc: 1.0000
5, 252, 0.0028, 0.0002, 100.000, 100.000, 0.987, 0.773, 
[705] Train acc: 1.0000
5, 252, 0.0094, 0.0002, 100.000, 100.000, 0.988, 0.737, 
[720] Train acc: 0.9844
5, 252, 0.0522, 0.0002, 98.438, 100.000, 0.988, 0.745, 
[735] Train acc: 0.9844
5, 252, 0.0574, 0.0002, 98.438, 100.000, 0.988, 0.735, 
[750] Train acc: 1.0000
5, 252, 0.0062, 0.0002, 100.000, 100.000, 0.986, 0.765, 
[765] Train acc: 0.9844
5, 252, 0.0172, 0.0002, 98.438, 100.000, 0.984, 0.749, 
[780] Train acc: 0.9531
5, 252, 0.2520, 0.0002, 95.312, 100.000, 0.987, 0.712, 
[795] Train acc: 0.9688
5, 252, 0.0624, 0.0002, 96.875, 100.000, 0.988, 0.729, 
[810] Train acc: 0.9844
5, 252, 0.0244, 0.0002, 98.438, 100.000, 0.986, 0.742, 
[825] Train acc: 1.0000
5, 252, 0.0097, 0.0002, 100.000, 100.000, 0.986, 0.757, 
[840] Train acc: 0.9844
5, 252, 0.0248, 0.0002, 98.438, 100.000, 0.988, 0.761, 
[855] Train acc: 1.0000
5, 252, 0.0125, 0.0002, 100.000, 100.000, 0.985, 0.772, 
[870] Train acc: 0.9688
5, 252, 0.1250, 0.0002, 96.875, 100.000, 0.980, 0.787, 
[885] Train acc: 1.0000
5, 252, 0.0025, 0.0002, 100.000, 100.000, 0.988, 0.739, 
[900] Train acc: 1.0000
5, 252, 0.0236, 0.0002, 100.000, 100.000, 0.987, 0.738, 
[915] Train acc: 0.9844
5, 252, 0.0192, 0.0002, 98.438, 100.000, 0.987, 0.749, 
[930] Train acc: 0.9844
5, 252, 0.0358, 0.0003, 98.438, 100.000, 0.984, 0.696, 
[0] Train acc: 1.0000
6, 252, 0.0100, 0.0002, 100.000, 100.000, 0.986, 0.746, 
[15] Train acc: 1.0000
6, 252, 0.0078, 0.0002, 100.000, 100.000, 0.990, 0.738, 
[30] Train acc: 0.9844
6, 252, 0.0399, 0.0002, 98.438, 100.000, 0.986, 0.705, 
[45] Train acc: 1.0000
6, 252, 0.0039, 0.0002, 100.000, 100.000, 0.989, 0.695, 
[60] Train acc: 0.9844
6, 252, 0.0358, 0.0002, 98.438, 100.000, 0.987, 0.720, 
[75] Train acc: 1.0000
6, 252, 0.0224, 0.0002, 100.000, 100.000, 0.987, 0.787, 
[90] Train acc: 1.0000
6, 252, 0.0267, 0.0002, 100.000, 100.000, 0.988, 0.780, 
[105] Train acc: 0.9844
6, 252, 0.0392, 0.0002, 98.438, 100.000, 0.987, 0.775, 
[120] Train acc: 0.9844
6, 252, 0.0495, 0.0002, 98.438, 100.000, 0.988, 0.814, 
[135] Train acc: 1.0000
6, 252, 0.0039, 0.0002, 100.000, 100.000, 0.989, 0.785, 
[150] Train acc: 1.0000
6, 252, 0.0166, 0.0002, 100.000, 100.000, 0.985, 0.766, 
[165] Train acc: 1.0000
6, 252, 0.0103, 0.0002, 100.000, 100.000, 0.986, 0.750, 
[180] Train acc: 1.0000
6, 252, 0.0103, 0.0002, 100.000, 100.000, 0.988, 0.780, 
[195] Train acc: 0.9688
6, 252, 0.0573, 0.0002, 96.875, 100.000, 0.987, 0.767, 
[210] Train acc: 0.9844
6, 252, 0.0431, 0.0002, 98.438, 100.000, 0.987, 0.738, 
[225] Train acc: 0.9688
6, 252, 0.0422, 0.0002, 96.875, 100.000, 0.989, 0.752, 
[240] Train acc: 1.0000
6, 252, 0.0054, 0.0002, 100.000, 100.000, 0.986, 0.748, 
[255] Train acc: 0.9844
6, 252, 0.0919, 0.0002, 98.438, 100.000, 0.986, 0.758, 
[270] Train acc: 1.0000
6, 252, 0.0132, 0.0002, 100.000, 100.000, 0.987, 0.738, 
[285] Train acc: 0.9688
6, 252, 0.1043, 0.0002, 96.875, 100.000, 0.988, 0.755, 
[300] Train acc: 0.9844
6, 252, 0.1036, 0.0002, 98.438, 100.000, 0.985, 0.710, 
[315] Train acc: 1.0000
6, 252, 0.0044, 0.0002, 100.000, 100.000, 0.988, 0.751, 
[330] Train acc: 1.0000
6, 252, 0.0161, 0.0002, 100.000, 100.000, 0.988, 0.735, 
[345] Train acc: 0.9688
6, 252, 0.1493, 0.0002, 96.875, 100.000, 0.989, 0.750, 
[360] Train acc: 0.9844
6, 252, 0.0295, 0.0002, 98.438, 100.000, 0.989, 0.726, 
[375] Train acc: 0.9844
6, 252, 0.0457, 0.0002, 98.438, 100.000, 0.985, 0.703, 
[390] Train acc: 0.9844
6, 252, 0.0532, 0.0002, 98.438, 100.000, 0.987, 0.743, 
[405] Train acc: 0.9844
6, 252, 0.0209, 0.0002, 98.438, 100.000, 0.985, 0.753, 
[420] Train acc: 1.0000
6, 252, 0.0041, 0.0002, 100.000, 100.000, 0.985, 0.781, 
[435] Train acc: 1.0000
6, 252, 0.0039, 0.0002, 100.000, 100.000, 0.987, 0.814, 
[450] Train acc: 1.0000
6, 252, 0.0092, 0.0002, 100.000, 100.000, 0.987, 0.757, 
[465] Train acc: 0.9844
6, 252, 0.0293, 0.0002, 98.438, 100.000, 0.989, 0.729, 
[480] Train acc: 1.0000
6, 252, 0.0078, 0.0002, 100.000, 100.000, 0.988, 0.723, 
[495] Train acc: 1.0000
6, 252, 0.0118, 0.0002, 100.000, 100.000, 0.987, 0.741, 
[510] Train acc: 0.9688
6, 252, 0.1119, 0.0002, 96.875, 100.000, 0.987, 0.752, 
[525] Train acc: 0.9688
6, 252, 0.0495, 0.0002, 96.875, 100.000, 0.991, 0.767, 
[540] Train acc: 0.9688
6, 252, 0.0535, 0.0002, 96.875, 100.000, 0.986, 0.727, 
[555] Train acc: 1.0000
6, 252, 0.0165, 0.0002, 100.000, 100.000, 0.988, 0.781, 
[570] Train acc: 0.9844
6, 252, 0.0528, 0.0002, 98.438, 100.000, 0.989, 0.760, 
[585] Train acc: 0.9844
6, 252, 0.0452, 0.0002, 98.438, 100.000, 0.988, 0.747, 
[600] Train acc: 1.0000
6, 252, 0.0011, 0.0002, 100.000, 100.000, 0.985, 0.748, 
[615] Train acc: 0.9844
6, 252, 0.0370, 0.0002, 98.438, 100.000, 0.988, 0.819, 
[630] Train acc: 0.9844
6, 252, 0.0510, 0.0002, 98.438, 100.000, 0.982, 0.770, 
[645] Train acc: 1.0000
6, 252, 0.0039, 0.0002, 100.000, 100.000, 0.989, 0.801, 
[660] Train acc: 1.0000
6, 252, 0.0106, 0.0002, 100.000, 100.000, 0.989, 0.780, 
[675] Train acc: 1.0000
6, 252, 0.0028, 0.0002, 100.000, 100.000, 0.990, 0.772, 
[690] Train acc: 1.0000
6, 252, 0.0075, 0.0002, 100.000, 100.000, 0.988, 0.778, 
[705] Train acc: 1.0000
6, 252, 0.0077, 0.0002, 100.000, 100.000, 0.987, 0.763, 
[720] Train acc: 0.9844
6, 252, 0.0294, 0.0002, 98.438, 100.000, 0.984, 0.762, 
[735] Train acc: 0.9844
6, 252, 0.0521, 0.0002, 98.438, 100.000, 0.988, 0.778, 
[750] Train acc: 0.9844
6, 252, 0.0211, 0.0002, 98.438, 100.000, 0.990, 0.735, 
[765] Train acc: 1.0000
6, 252, 0.0021, 0.0002, 100.000, 100.000, 0.987, 0.735, 
[780] Train acc: 1.0000
6, 252, 0.0118, 0.0002, 100.000, 100.000, 0.987, 0.788, 
[795] Train acc: 0.9844
6, 252, 0.0259, 0.0002, 98.438, 100.000, 0.989, 0.768, 
[810] Train acc: 1.0000
6, 252, 0.0199, 0.0002, 100.000, 100.000, 0.987, 0.816, 
[825] Train acc: 0.9688
6, 252, 0.0521, 0.0002, 96.875, 100.000, 0.987, 0.752, 
[840] Train acc: 0.9844
6, 252, 0.0415, 0.0002, 98.438, 100.000, 0.987, 0.754, 
[855] Train acc: 1.0000
6, 252, 0.0056, 0.0002, 100.000, 100.000, 0.987, 0.769, 
[870] Train acc: 1.0000
6, 252, 0.0069, 0.0002, 100.000, 100.000, 0.988, 0.794, 
[885] Train acc: 0.9688
6, 252, 0.0726, 0.0002, 96.875, 100.000, 0.988, 0.771, 
[900] Train acc: 1.0000
6, 252, 0.0110, 0.0002, 100.000, 100.000, 0.988, 0.766, 
[915] Train acc: 1.0000
6, 252, 0.0109, 0.0002, 100.000, 100.000, 0.988, 0.762, 
[930] Train acc: 1.0000
6, 252, 0.0092, 0.0002, 100.000, 100.000, 0.988, 0.754, 
[0] Train acc: 1.0000, Constr acc: 0.8125, CE loss: 0.006, DL2 loss: 11.426
7, 252, 0.0063, 0.0002, 100.000, 100.000, 0.985, 0.795, 
[15] Train acc: 0.6406, Constr acc: 0.6250, CE loss: 1.628, DL2 loss: 16.437
7, 251, 1.6283, 0.0007, 64.062, 96.875, 0.815, 0.688, 
[30] Train acc: 0.9688, Constr acc: 0.9062, CE loss: 0.092, DL2 loss: 4.710
7, 250, 0.0919, 0.0004, 96.875, 100.000, 0.963, 0.411, 
[45] Train acc: 0.9531, Constr acc: 0.9062, CE loss: 0.107, DL2 loss: 4.739
7, 249, 0.1066, 0.0004, 95.312, 100.000, 0.953, 0.648, 
[60] Train acc: 0.8906, Constr acc: 0.8125, CE loss: 0.357, DL2 loss: 11.885
7, 248, 0.3567, 0.0004, 89.062, 100.000, 0.949, 0.656, 
[75] Train acc: 0.8438, Constr acc: 0.8750, CE loss: 0.410, DL2 loss: 5.557
7, 247, 0.4100, 0.0004, 84.375, 100.000, 0.925, 0.662, 
[90] Train acc: 0.9844, Constr acc: 0.8750, CE loss: 0.042, DL2 loss: 6.225
7, 246, 0.0417, 0.0004, 98.438, 100.000, 0.939, 0.651, 
[105] Train acc: 1.0000, Constr acc: 0.7500, CE loss: 0.020, DL2 loss: 12.597
7, 245, 0.0200, 0.0005, 100.000, 100.000, 0.905, 0.603, 
[120] Train acc: 0.9531, Constr acc: 0.9375, CE loss: 0.267, DL2 loss: 2.324
7, 244, 0.2666, 0.0006, 95.312, 98.438, 0.881, 0.554, 
[135] Train acc: 0.8750, Constr acc: 0.9062, CE loss: 0.285, DL2 loss: 2.815
7, 243, 0.2850, 0.0006, 87.500, 100.000, 0.883, 0.481, 
[150] Train acc: 0.9219, Constr acc: 0.7500, CE loss: 0.222, DL2 loss: 14.084
7, 242, 0.2224, 0.0006, 92.188, 100.000, 0.904, 0.536, 
[165] Train acc: 0.9844, Constr acc: 0.8750, CE loss: 0.056, DL2 loss: 6.353
7, 241, 0.0556, 0.0006, 98.438, 100.000, 0.947, 0.217, 
[180] Train acc: 0.9844, Constr acc: 0.9375, CE loss: 0.109, DL2 loss: 2.665
7, 240, 0.1090, 0.0006, 98.438, 100.000, 0.934, 0.324, 
[195] Train acc: 0.8906, Constr acc: 0.6875, CE loss: 0.345, DL2 loss: 14.964
7, 239, 0.3453, 0.0006, 89.062, 98.438, 0.893, 0.498, 
[210] Train acc: 0.9844, Constr acc: 0.9062, CE loss: 0.096, DL2 loss: 6.034
7, 238, 0.0964, 0.0005, 98.438, 100.000, 0.932, 0.436, 
[225] Train acc: 0.9531, Constr acc: 0.8750, CE loss: 0.155, DL2 loss: 4.603
7, 237, 0.1553, 0.0005, 95.312, 98.438, 0.934, 0.525, 
[240] Train acc: 0.9062, Constr acc: 0.9062, CE loss: 0.550, DL2 loss: 5.361
7, 236, 0.5496, 0.0004, 90.625, 98.438, 0.935, 0.685, 
[255] Train acc: 0.9531, Constr acc: 0.8438, CE loss: 0.215, DL2 loss: 5.737
7, 235, 0.2150, 0.0003, 95.312, 100.000, 0.957, 0.629, 
[270] Train acc: 0.9844, Constr acc: 0.8438, CE loss: 0.065, DL2 loss: 10.696
7, 234, 0.0646, 0.0004, 98.438, 100.000, 0.952, 0.519, 
[285] Train acc: 0.9062, Constr acc: 0.6875, CE loss: 0.276, DL2 loss: 13.945
7, 233, 0.2757, 0.0005, 90.625, 100.000, 0.924, 0.474, 
[300] Train acc: 0.9844, Constr acc: 0.8750, CE loss: 0.100, DL2 loss: 4.922
7, 232, 0.0997, 0.0004, 98.438, 100.000, 0.944, 0.645, 
[315] Train acc: 0.9688, Constr acc: 0.9375, CE loss: 0.166, DL2 loss: 4.670
7, 231, 0.1662, 0.0004, 96.875, 100.000, 0.939, 0.545, 
[330] Train acc: 0.9688, Constr acc: 0.8438, CE loss: 0.095, DL2 loss: 8.402
7, 230, 0.0946, 0.0005, 96.875, 100.000, 0.929, 0.531, 
[345] Train acc: 0.8281, Constr acc: 0.8438, CE loss: 0.670, DL2 loss: 7.055
7, 229, 0.6705, 0.0005, 82.812, 100.000, 0.903, 0.505, 
[360] Train acc: 0.9375, Constr acc: 0.9062, CE loss: 0.265, DL2 loss: 6.405
7, 228, 0.2655, 0.0004, 93.750, 100.000, 0.950, 0.617, 
[375] Train acc: 0.8906, Constr acc: 0.9688, CE loss: 0.500, DL2 loss: 2.890
7, 227, 0.5003, 0.0004, 89.062, 100.000, 0.952, 0.550, 
[390] Train acc: 0.9375, Constr acc: 0.9062, CE loss: 0.272, DL2 loss: 5.601
7, 226, 0.2718, 0.0004, 93.750, 100.000, 0.954, 0.539, 
[405] Train acc: 0.8906, Constr acc: 0.8750, CE loss: 0.259, DL2 loss: 6.299
7, 225, 0.2592, 0.0004, 89.062, 100.000, 0.924, 0.586, 
[420] Train acc: 0.9375, Constr acc: 0.9375, CE loss: 0.153, DL2 loss: 3.097
7, 224, 0.1526, 0.0004, 93.750, 100.000, 0.957, 0.535, 
[435] Train acc: 0.8906, Constr acc: 0.9688, CE loss: 0.427, DL2 loss: 1.177
7, 223, 0.4272, 0.0004, 89.062, 100.000, 0.931, 0.476, 
[450] Train acc: 0.9219, Constr acc: 0.6875, CE loss: 0.419, DL2 loss: 13.127
7, 222, 0.4191, 0.0006, 92.188, 100.000, 0.870, 0.438, 
[465] Train acc: 0.9531, Constr acc: 0.8125, CE loss: 0.106, DL2 loss: 8.699
7, 221, 0.1063, 0.0006, 95.312, 100.000, 0.872, 0.472, 
[480] Train acc: 0.9062, Constr acc: 0.9062, CE loss: 0.250, DL2 loss: 5.592
7, 220, 0.2496, 0.0005, 90.625, 100.000, 0.945, 0.416, 
[495] Train acc: 0.9375, Constr acc: 0.9375, CE loss: 0.173, DL2 loss: 3.086
7, 219, 0.1735, 0.0004, 93.750, 100.000, 0.932, 0.614, 
[510] Train acc: 0.9531, Constr acc: 0.8125, CE loss: 0.173, DL2 loss: 8.831
7, 218, 0.1731, 0.0005, 95.312, 100.000, 0.943, 0.570, 
[525] Train acc: 0.9531, Constr acc: 0.9062, CE loss: 0.320, DL2 loss: 3.067
7, 217, 0.3199, 0.0004, 95.312, 100.000, 0.930, 0.593, 
[540] Train acc: 0.9844, Constr acc: 0.9688, CE loss: 0.146, DL2 loss: 2.382
7, 216, 0.1463, 0.0004, 98.438, 100.000, 0.932, 0.661, 
[555] Train acc: 0.8906, Constr acc: 0.7812, CE loss: 0.265, DL2 loss: 8.218
7, 215, 0.2655, 0.0007, 89.062, 100.000, 0.798, 0.685, 
[570] Train acc: 0.9219, Constr acc: 0.9375, CE loss: 0.261, DL2 loss: 4.513
7, 214, 0.2611, 0.0006, 92.188, 100.000, 0.906, 0.491, 
[585] Train acc: 0.8906, Constr acc: 0.8750, CE loss: 0.510, DL2 loss: 4.203
7, 213, 0.5098, 0.0006, 89.062, 98.438, 0.874, 0.552, 
[600] Train acc: 0.9219, Constr acc: 0.8750, CE loss: 0.219, DL2 loss: 5.221
7, 212, 0.2190, 0.0004, 92.188, 100.000, 0.909, 0.642, 
[615] Train acc: 0.8906, Constr acc: 0.8750, CE loss: 0.220, DL2 loss: 5.565
7, 211, 0.2197, 0.0005, 89.062, 100.000, 0.868, 0.622, 
[630] Train acc: 0.9531, Constr acc: 0.9375, CE loss: 0.159, DL2 loss: 3.798
7, 210, 0.1594, 0.0004, 95.312, 100.000, 0.943, 0.581, 
[645] Train acc: 0.9531, Constr acc: 0.7188, CE loss: 0.234, DL2 loss: 11.112
7, 209, 0.2345, 0.0004, 95.312, 100.000, 0.905, 0.658, 
[660] Train acc: 0.9375, Constr acc: 0.8750, CE loss: 0.400, DL2 loss: 7.068
7, 208, 0.3995, 0.0005, 93.750, 100.000, 0.889, 0.558, 
[675] Train acc: 0.9219, Constr acc: 0.7812, CE loss: 0.181, DL2 loss: 11.244
7, 207, 0.1810, 0.0005, 92.188, 100.000, 0.918, 0.547, 
[690] Train acc: 0.9531, Constr acc: 0.9062, CE loss: 0.109, DL2 loss: 6.066
7, 206, 0.1086, 0.0004, 95.312, 100.000, 0.940, 0.554, 
[705] Train acc: 0.9375, Constr acc: 0.8438, CE loss: 0.126, DL2 loss: 7.524
7, 205, 0.1261, 0.0004, 93.750, 100.000, 0.953, 0.495, 
[720] Train acc: 0.9375, Constr acc: 0.9375, CE loss: 0.102, DL2 loss: 3.650
7, 204, 0.1017, 0.0004, 93.750, 100.000, 0.943, 0.538, 
[735] Train acc: 0.9375, Constr acc: 0.8750, CE loss: 0.288, DL2 loss: 7.539
7, 203, 0.2879, 0.0004, 93.750, 100.000, 0.930, 0.548, 
[750] Train acc: 0.9375, Constr acc: 0.9062, CE loss: 0.191, DL2 loss: 3.942
7, 202, 0.1906, 0.0004, 93.750, 100.000, 0.956, 0.568, 
[765] Train acc: 0.9531, Constr acc: 0.9688, CE loss: 0.090, DL2 loss: 0.620
7, 201, 0.0897, 0.0004, 95.312, 100.000, 0.956, 0.578, 
[780] Train acc: 0.9375, Constr acc: 1.0000, CE loss: 0.132, DL2 loss: 0.000
7, 200, 0.1325, 0.0004, 93.750, 100.000, 0.957, 0.601, 
[795] Train acc: 0.9219, Constr acc: 0.9375, CE loss: 0.167, DL2 loss: 2.366
7, 199, 0.1667, 0.0004, 92.188, 100.000, 0.959, 0.530, 
[810] Train acc: 0.9688, Constr acc: 0.9375, CE loss: 0.108, DL2 loss: 3.407
7, 198, 0.1078, 0.0004, 96.875, 100.000, 0.963, 0.554, 
[825] Train acc: 0.9531, Constr acc: 0.8438, CE loss: 0.094, DL2 loss: 7.938
7, 197, 0.0942, 0.0004, 95.312, 100.000, 0.939, 0.495, 
[840] Train acc: 0.9531, Constr acc: 0.9688, CE loss: 0.099, DL2 loss: 2.254
7, 196, 0.0989, 0.0003, 95.312, 100.000, 0.961, 0.637, 
[855] Train acc: 0.9688, Constr acc: 0.8750, CE loss: 0.195, DL2 loss: 8.439
7, 195, 0.1946, 0.0004, 96.875, 100.000, 0.948, 0.581, 
[870] Train acc: 0.9688, Constr acc: 0.9375, CE loss: 0.128, DL2 loss: 1.913
7, 194, 0.1283, 0.0004, 96.875, 100.000, 0.955, 0.597, 
[885] Train acc: 0.9531, Constr acc: 0.8438, CE loss: 0.155, DL2 loss: 12.017
7, 193, 0.1553, 0.0003, 95.312, 100.000, 0.959, 0.685, 
[900] Train acc: 0.9531, Constr acc: 0.8750, CE loss: 0.166, DL2 loss: 5.804
7, 192, 0.1661, 0.0004, 95.312, 100.000, 0.930, 0.622, 
[915] Train acc: 0.8906, Constr acc: 0.8750, CE loss: 0.297, DL2 loss: 7.612
7, 191, 0.2975, 0.0004, 89.062, 100.000, 0.951, 0.640, 
[930] Train acc: 0.9375, Constr acc: 0.9062, CE loss: 0.212, DL2 loss: 3.661
7, 190, 0.2120, 0.0003, 93.750, 100.000, 0.957, 0.727, 
[0] Train acc: 0.9844, Constr acc: 0.9062, CE loss: 0.042, DL2 loss: 7.235
8, 190, 0.0418, 0.0003, 98.438, 100.000, 0.951, 0.754, 
[15] Train acc: 0.9844, Constr acc: 0.9375, CE loss: 0.092, DL2 loss: 2.047
8, 189, 0.0923, 0.0003, 98.438, 100.000, 0.963, 0.679, 
[30] Train acc: 0.9688, Constr acc: 0.8750, CE loss: 0.099, DL2 loss: 6.852
8, 188, 0.0987, 0.0004, 96.875, 100.000, 0.954, 0.606, 
[45] Train acc: 0.9844, Constr acc: 0.7812, CE loss: 0.169, DL2 loss: 11.248
8, 187, 0.1688, 0.0003, 98.438, 100.000, 0.952, 0.656, 
[60] Train acc: 0.8750, Constr acc: 0.8438, CE loss: 0.473, DL2 loss: 6.997
8, 186, 0.4733, 0.0003, 87.500, 100.000, 0.953, 0.653, 
[75] Train acc: 0.9531, Constr acc: 0.8125, CE loss: 0.099, DL2 loss: 10.370
8, 185, 0.0987, 0.0004, 95.312, 100.000, 0.928, 0.656, 
[90] Train acc: 0.9375, Constr acc: 0.8750, CE loss: 0.146, DL2 loss: 7.267
8, 184, 0.1459, 0.0005, 93.750, 100.000, 0.926, 0.496, 
[105] Train acc: 0.9531, Constr acc: 0.9688, CE loss: 0.133, DL2 loss: 2.130
8, 183, 0.1331, 0.0004, 95.312, 100.000, 0.946, 0.575, 
[120] Train acc: 0.9219, Constr acc: 1.0000, CE loss: 0.215, DL2 loss: 0.000
8, 182, 0.2149, 0.0003, 92.188, 100.000, 0.959, 0.656, 
[135] Train acc: 1.0000, Constr acc: 0.9375, CE loss: 0.034, DL2 loss: 2.396
8, 181, 0.0337, 0.0003, 100.000, 100.000, 0.956, 0.667, 
[150] Train acc: 0.9219, Constr acc: 0.8750, CE loss: 0.465, DL2 loss: 6.764
8, 180, 0.4653, 0.0004, 92.188, 100.000, 0.953, 0.532, 
[165] Train acc: 0.9219, Constr acc: 0.8125, CE loss: 0.176, DL2 loss: 6.713
8, 179, 0.1763, 0.0004, 92.188, 100.000, 0.960, 0.557, 
[180] Train acc: 0.9219, Constr acc: 0.9688, CE loss: 0.152, DL2 loss: 2.753
8, 178, 0.1521, 0.0004, 92.188, 100.000, 0.950, 0.579, 
[195] Train acc: 0.9688, Constr acc: 0.9375, CE loss: 0.164, DL2 loss: 4.031
8, 177, 0.1640, 0.0004, 96.875, 100.000, 0.943, 0.573, 
[210] Train acc: 0.8906, Constr acc: 0.6875, CE loss: 0.338, DL2 loss: 14.576
8, 176, 0.3378, 0.0006, 89.062, 100.000, 0.901, 0.552, 
[225] Train acc: 0.9844, Constr acc: 1.0000, CE loss: 0.050, DL2 loss: 0.000
8, 175, 0.0495, 0.0005, 98.438, 100.000, 0.948, 0.540, 
[240] Train acc: 0.9219, Constr acc: 0.8438, CE loss: 0.373, DL2 loss: 6.433
8, 174, 0.3729, 0.0004, 92.188, 96.875, 0.912, 0.606, 
[255] Train acc: 0.9062, Constr acc: 0.8438, CE loss: 0.272, DL2 loss: 9.709
8, 173, 0.2724, 0.0004, 90.625, 100.000, 0.949, 0.569, 
[270] Train acc: 0.9531, Constr acc: 0.9688, CE loss: 0.179, DL2 loss: 2.021
8, 172, 0.1787, 0.0004, 95.312, 100.000, 0.958, 0.546, 
[285] Train acc: 0.9844, Constr acc: 0.9375, CE loss: 0.086, DL2 loss: 2.057
8, 171, 0.0862, 0.0004, 98.438, 100.000, 0.953, 0.516, 
[300] Train acc: 0.8438, Constr acc: 0.9375, CE loss: 0.459, DL2 loss: 1.749
8, 170, 0.4585, 0.0005, 84.375, 100.000, 0.899, 0.525, 
[315] Train acc: 0.9375, Constr acc: 0.8438, CE loss: 0.256, DL2 loss: 4.365
8, 169, 0.2562, 0.0004, 93.750, 98.438, 0.954, 0.501, 
[330] Train acc: 0.9844, Constr acc: 0.9688, CE loss: 0.066, DL2 loss: 0.863
8, 168, 0.0665, 0.0003, 98.438, 100.000, 0.959, 0.621, 
[345] Train acc: 0.8906, Constr acc: 0.8438, CE loss: 0.428, DL2 loss: 6.916
8, 167, 0.4277, 0.0003, 89.062, 98.438, 0.952, 0.710, 
[360] Train acc: 0.9531, Constr acc: 0.9062, CE loss: 0.346, DL2 loss: 6.033
8, 166, 0.3459, 0.0004, 95.312, 100.000, 0.963, 0.569, 
[375] Train acc: 0.9688, Constr acc: 1.0000, CE loss: 0.062, DL2 loss: 0.000
8, 165, 0.0623, 0.0003, 96.875, 100.000, 0.959, 0.591, 
[390] Train acc: 0.9219, Constr acc: 0.8750, CE loss: 0.248, DL2 loss: 6.379
8, 164, 0.2482, 0.0003, 92.188, 100.000, 0.964, 0.613, 
[405] Train acc: 0.9688, Constr acc: 0.9688, CE loss: 0.123, DL2 loss: 2.353
8, 163, 0.1233, 0.0004, 96.875, 100.000, 0.947, 0.676, 
[420] Train acc: 0.9688, Constr acc: 0.8438, CE loss: 0.119, DL2 loss: 7.175
8, 162, 0.1187, 0.0004, 96.875, 100.000, 0.964, 0.562, 
[435] Train acc: 0.9219, Constr acc: 0.8438, CE loss: 0.401, DL2 loss: 7.157
8, 161, 0.4007, 0.0004, 92.188, 100.000, 0.946, 0.566, 
[450] Train acc: 0.9531, Constr acc: 0.8750, CE loss: 0.124, DL2 loss: 7.396
8, 160, 0.1243, 0.0004, 95.312, 100.000, 0.956, 0.502, 
[465] Train acc: 0.8438, Constr acc: 0.9062, CE loss: 0.718, DL2 loss: 4.867
8, 159, 0.7184, 0.0004, 84.375, 93.750, 0.957, 0.542, 
[480] Train acc: 0.9062, Constr acc: 0.9062, CE loss: 0.254, DL2 loss: 3.968
8, 158, 0.2545, 0.0004, 90.625, 100.000, 0.956, 0.473, 
[495] Train acc: 0.9688, Constr acc: 0.8438, CE loss: 0.057, DL2 loss: 7.301
8, 157, 0.0575, 0.0005, 96.875, 100.000, 0.958, 0.339, 
[510] Train acc: 1.0000, Constr acc: 0.9688, CE loss: 0.019, DL2 loss: 1.335
8, 156, 0.0194, 0.0004, 100.000, 100.000, 0.964, 0.480, 
[525] Train acc: 0.9844, Constr acc: 0.9375, CE loss: 0.090, DL2 loss: 3.371
8, 155, 0.0902, 0.0004, 98.438, 100.000, 0.964, 0.545, 
[540] Train acc: 0.9219, Constr acc: 0.8125, CE loss: 0.443, DL2 loss: 7.771
8, 154, 0.4428, 0.0007, 92.188, 98.438, 0.865, 0.414, 
[555] Train acc: 0.9375, Constr acc: 0.9375, CE loss: 0.273, DL2 loss: 4.398
8, 153, 0.2731, 0.0004, 93.750, 100.000, 0.963, 0.434, 
[570] Train acc: 0.9844, Constr acc: 0.9375, CE loss: 0.051, DL2 loss: 4.702
8, 152, 0.0514, 0.0004, 98.438, 100.000, 0.961, 0.469, 
[585] Train acc: 1.0000, Constr acc: 0.9062, CE loss: 0.024, DL2 loss: 5.097
8, 151, 0.0237, 0.0004, 100.000, 100.000, 0.958, 0.603, 
[600] Train acc: 0.9375, Constr acc: 0.8750, CE loss: 0.158, DL2 loss: 4.104
8, 150, 0.1577, 0.0004, 93.750, 100.000, 0.966, 0.497, 
[615] Train acc: 0.9531, Constr acc: 0.9062, CE loss: 0.239, DL2 loss: 4.205
8, 149, 0.2395, 0.0004, 95.312, 100.000, 0.962, 0.509, 
[630] Train acc: 0.9375, Constr acc: 0.8750, CE loss: 0.134, DL2 loss: 6.861
8, 148, 0.1343, 0.0004, 93.750, 100.000, 0.961, 0.522, 
[645] Train acc: 0.9375, Constr acc: 0.8750, CE loss: 0.244, DL2 loss: 4.176
8, 147, 0.2437, 0.0005, 93.750, 98.438, 0.937, 0.466, 
[660] Train acc: 0.9531, Constr acc: 0.8438, CE loss: 0.205, DL2 loss: 9.401
8, 146, 0.2048, 0.0003, 95.312, 100.000, 0.971, 0.575, 
[675] Train acc: 1.0000, Constr acc: 0.9375, CE loss: 0.035, DL2 loss: 4.264
8, 145, 0.0354, 0.0004, 100.000, 100.000, 0.968, 0.528, 
[690] Train acc: 0.9375, Constr acc: 0.9062, CE loss: 0.096, DL2 loss: 2.659
8, 144, 0.0962, 0.0004, 93.750, 100.000, 0.963, 0.502, 
[705] Train acc: 0.9375, Constr acc: 0.9375, CE loss: 0.279, DL2 loss: 2.700
8, 143, 0.2789, 0.0004, 93.750, 100.000, 0.960, 0.453, 
[720] Train acc: 0.9375, Constr acc: 0.8125, CE loss: 0.138, DL2 loss: 7.021
8, 142, 0.1382, 0.0004, 93.750, 100.000, 0.964, 0.582, 
[735] Train acc: 0.9688, Constr acc: 0.8750, CE loss: 0.100, DL2 loss: 6.573
8, 141, 0.1004, 0.0004, 96.875, 100.000, 0.953, 0.518, 
[750] Train acc: 0.9062, Constr acc: 0.8750, CE loss: 0.261, DL2 loss: 5.188
8, 140, 0.2614, 0.0004, 90.625, 100.000, 0.954, 0.488, 
[765] Train acc: 0.9688, Constr acc: 0.8125, CE loss: 0.092, DL2 loss: 10.702
8, 139, 0.0917, 0.0004, 96.875, 100.000, 0.968, 0.451, 
[780] Train acc: 0.9688, Constr acc: 0.9375, CE loss: 0.131, DL2 loss: 3.476
8, 138, 0.1308, 0.0003, 96.875, 100.000, 0.969, 0.658, 
[795] Train acc: 0.9844, Constr acc: 0.8125, CE loss: 0.027, DL2 loss: 10.852
8, 137, 0.0274, 0.0003, 98.438, 100.000, 0.968, 0.562, 
[810] Train acc: 0.9688, Constr acc: 1.0000, CE loss: 0.144, DL2 loss: 0.000
8, 136, 0.1444, 0.0004, 96.875, 98.438, 0.951, 0.484, 
[825] Train acc: 0.9531, Constr acc: 0.9375, CE loss: 0.175, DL2 loss: 4.278
8, 135, 0.1752, 0.0004, 95.312, 100.000, 0.959, 0.463, 
[840] Train acc: 0.9531, Constr acc: 0.9062, CE loss: 0.116, DL2 loss: 4.257
8, 134, 0.1162, 0.0005, 95.312, 100.000, 0.961, 0.371, 
[855] Train acc: 0.9531, Constr acc: 0.8438, CE loss: 0.120, DL2 loss: 10.161
8, 133, 0.1202, 0.0004, 95.312, 98.438, 0.963, 0.426, 
[870] Train acc: 0.9219, Constr acc: 0.8125, CE loss: 0.219, DL2 loss: 8.488
8, 132, 0.2188, 0.0004, 92.188, 100.000, 0.963, 0.498, 
[885] Train acc: 0.9375, Constr acc: 0.9062, CE loss: 0.198, DL2 loss: 6.350
8, 131, 0.1978, 0.0004, 93.750, 100.000, 0.961, 0.539, 
[900] Train acc: 0.8750, Constr acc: 0.8750, CE loss: 0.707, DL2 loss: 3.769
8, 130, 0.7074, 0.0007, 87.500, 100.000, 0.857, 0.418, 
[915] Train acc: 0.9531, Constr acc: 0.8750, CE loss: 0.132, DL2 loss: 8.406
8, 129, 0.1322, 0.0003, 95.312, 100.000, 0.968, 0.570, 
[930] Train acc: 0.9219, Constr acc: 0.9375, CE loss: 0.111, DL2 loss: 3.449
8, 128, 0.1109, 0.0005, 92.188, 100.000, 0.943, 0.385, 
[0] Train acc: 0.9531, Constr acc: 0.8125, CE loss: 0.133, DL2 loss: 12.107
9, 127, 0.1329, 0.0005, 95.312, 100.000, 0.955, 0.343, 
[15] Train acc: 0.9062, Constr acc: 0.8438, CE loss: 0.252, DL2 loss: 9.376
9, 126, 0.2523, 0.0005, 90.625, 100.000, 0.953, 0.372, 
[30] Train acc: 1.0000, Constr acc: 0.8125, CE loss: 0.020, DL2 loss: 12.801
9, 125, 0.0197, 0.0004, 100.000, 100.000, 0.962, 0.389, 
[45] Train acc: 0.9531, Constr acc: 0.9062, CE loss: 0.177, DL2 loss: 4.587
9, 124, 0.1774, 0.0004, 95.312, 100.000, 0.963, 0.431, 
[60] Train acc: 0.9531, Constr acc: 0.9062, CE loss: 0.104, DL2 loss: 4.467
9, 123, 0.1042, 0.0004, 95.312, 100.000, 0.964, 0.546, 
[75] Train acc: 0.9531, Constr acc: 1.0000, CE loss: 0.099, DL2 loss: 0.000
9, 122, 0.0987, 0.0004, 95.312, 100.000, 0.969, 0.415, 
[90] Train acc: 0.9688, Constr acc: 0.7500, CE loss: 0.097, DL2 loss: 10.759
9, 121, 0.0973, 0.0005, 96.875, 100.000, 0.947, 0.507, 
[105] Train acc: 0.9531, Constr acc: 0.9062, CE loss: 0.225, DL2 loss: 6.088
9, 120, 0.2248, 0.0005, 95.312, 100.000, 0.954, 0.453, 
[120] Train acc: 0.9531, Constr acc: 0.9062, CE loss: 0.214, DL2 loss: 3.641
9, 119, 0.2144, 0.0004, 95.312, 100.000, 0.964, 0.496, 
[135] Train acc: 0.9688, Constr acc: 0.8750, CE loss: 0.137, DL2 loss: 6.736
9, 118, 0.1366, 0.0004, 96.875, 100.000, 0.962, 0.567, 
[150] Train acc: 0.9375, Constr acc: 0.9375, CE loss: 0.163, DL2 loss: 1.432
9, 117, 0.1625, 0.0004, 93.750, 100.000, 0.926, 0.548, 
[165] Train acc: 0.9219, Constr acc: 0.8750, CE loss: 0.262, DL2 loss: 7.069
9, 116, 0.2615, 0.0004, 92.188, 100.000, 0.959, 0.488, 
[180] Train acc: 0.8906, Constr acc: 0.9062, CE loss: 0.369, DL2 loss: 3.206
9, 115, 0.3692, 0.0004, 89.062, 100.000, 0.955, 0.578, 
[195] Train acc: 0.9844, Constr acc: 0.9375, CE loss: 0.103, DL2 loss: 2.887
9, 114, 0.1027, 0.0004, 98.438, 100.000, 0.955, 0.638, 
[210] Train acc: 0.9375, Constr acc: 0.9062, CE loss: 0.212, DL2 loss: 6.426
9, 113, 0.2119, 0.0004, 93.750, 100.000, 0.960, 0.533, 
[225] Train acc: 0.9062, Constr acc: 0.9375, CE loss: 0.351, DL2 loss: 3.252
9, 112, 0.3514, 0.0004, 90.625, 100.000, 0.960, 0.541, 
[240] Train acc: 0.9688, Constr acc: 0.8438, CE loss: 0.092, DL2 loss: 8.274
9, 111, 0.0921, 0.0004, 96.875, 100.000, 0.970, 0.509, 
[255] Train acc: 0.9219, Constr acc: 0.9062, CE loss: 0.222, DL2 loss: 4.477
9, 110, 0.2223, 0.0004, 92.188, 100.000, 0.951, 0.458, 
[270] Train acc: 0.9219, Constr acc: 0.8750, CE loss: 0.182, DL2 loss: 5.911
9, 109, 0.1823, 0.0004, 92.188, 100.000, 0.964, 0.437, 
[285] Train acc: 0.9219, Constr acc: 0.8750, CE loss: 0.187, DL2 loss: 7.201
9, 108, 0.1871, 0.0005, 92.188, 100.000, 0.932, 0.454, 
[300] Train acc: 1.0000, Constr acc: 0.9062, CE loss: 0.026, DL2 loss: 3.267
9, 107, 0.0265, 0.0005, 100.000, 100.000, 0.952, 0.385, 
[315] Train acc: 0.9531, Constr acc: 0.7500, CE loss: 0.267, DL2 loss: 11.504
9, 106, 0.2670, 0.0004, 95.312, 100.000, 0.936, 0.747, 
[330] Train acc: 0.9375, Constr acc: 0.8750, CE loss: 0.203, DL2 loss: 6.994
9, 105, 0.2032, 0.0004, 93.750, 100.000, 0.931, 0.617, 
[345] Train acc: 0.9844, Constr acc: 0.9062, CE loss: 0.048, DL2 loss: 3.393
9, 104, 0.0484, 0.0004, 98.438, 100.000, 0.962, 0.577, 
[360] Train acc: 0.9531, Constr acc: 0.9062, CE loss: 0.205, DL2 loss: 3.333
9, 103, 0.2054, 0.0005, 95.312, 100.000, 0.944, 0.401, 
[375] Train acc: 0.9219, Constr acc: 0.9375, CE loss: 0.155, DL2 loss: 2.387
9, 102, 0.1546, 0.0004, 92.188, 100.000, 0.954, 0.472, 
[390] Train acc: 0.9531, Constr acc: 0.9375, CE loss: 0.114, DL2 loss: 3.674
9, 101, 0.1144, 0.0005, 95.312, 100.000, 0.961, 0.361, 
[405] Train acc: 0.9531, Constr acc: 0.7500, CE loss: 0.099, DL2 loss: 14.754
9, 100, 0.0993, 0.0005, 95.312, 100.000, 0.961, 0.412, 
[420] Train acc: 1.0000, Constr acc: 0.9062, CE loss: 0.033, DL2 loss: 3.722
9, 99, 0.0329, 0.0004, 100.000, 100.000, 0.946, 0.527, 
[435] Train acc: 0.9531, Constr acc: 0.9375, CE loss: 0.142, DL2 loss: 3.132
9, 98, 0.1418, 0.0004, 95.312, 100.000, 0.960, 0.549, 
[450] Train acc: 0.9375, Constr acc: 0.9062, CE loss: 0.200, DL2 loss: 3.424
9, 97, 0.2000, 0.0004, 93.750, 100.000, 0.950, 0.456, 
[465] Train acc: 0.9531, Constr acc: 0.8125, CE loss: 0.145, DL2 loss: 7.426
9, 96, 0.1449, 0.0004, 95.312, 100.000, 0.967, 0.544, 
[480] Train acc: 0.9219, Constr acc: 0.9062, CE loss: 0.215, DL2 loss: 6.233
9, 95, 0.2150, 0.0004, 92.188, 100.000, 0.949, 0.515, 
[495] Train acc: 0.9531, Constr acc: 0.8438, CE loss: 0.111, DL2 loss: 9.006
9, 94, 0.1108, 0.0004, 95.312, 100.000, 0.956, 0.501, 
[510] Train acc: 0.9688, Constr acc: 0.8750, CE loss: 0.132, DL2 loss: 8.461
9, 93, 0.1318, 0.0005, 96.875, 100.000, 0.942, 0.463, 
[525] Train acc: 0.9219, Constr acc: 0.8750, CE loss: 0.220, DL2 loss: 7.670
9, 92, 0.2199, 0.0005, 92.188, 100.000, 0.954, 0.280, 
[540] Train acc: 0.9688, Constr acc: 0.8750, CE loss: 0.123, DL2 loss: 8.990
9, 91, 0.1229, 0.0005, 96.875, 100.000, 0.966, 0.238, 
[555] Train acc: 0.9219, Constr acc: 0.8438, CE loss: 0.116, DL2 loss: 6.346
9, 90, 0.1163, 0.0005, 92.188, 100.000, 0.964, 0.395, 
[570] Train acc: 0.9688, Constr acc: 0.9062, CE loss: 0.089, DL2 loss: 5.839
9, 89, 0.0888, 0.0005, 96.875, 100.000, 0.951, 0.462, 
[585] Train acc: 1.0000, Constr acc: 0.8438, CE loss: 0.024, DL2 loss: 8.018
9, 88, 0.0239, 0.0005, 100.000, 100.000, 0.935, 0.472, 
[600] Train acc: 0.9375, Constr acc: 0.7812, CE loss: 0.181, DL2 loss: 13.015
9, 87, 0.1813, 0.0005, 93.750, 100.000, 0.962, 0.460, 
[615] Train acc: 0.9688, Constr acc: 0.8438, CE loss: 0.141, DL2 loss: 8.022
9, 86, 0.1406, 0.0005, 96.875, 100.000, 0.962, 0.398, 
[630] Train acc: 0.9688, Constr acc: 0.8125, CE loss: 0.096, DL2 loss: 11.068
9, 85, 0.0957, 0.0005, 96.875, 100.000, 0.960, 0.333, 
[645] Train acc: 0.9219, Constr acc: 0.9375, CE loss: 0.245, DL2 loss: 4.961
9, 84, 0.2445, 0.0004, 92.188, 100.000, 0.959, 0.412, 
[660] Train acc: 1.0000, Constr acc: 0.7500, CE loss: 0.057, DL2 loss: 13.461
9, 83, 0.0571, 0.0005, 100.000, 100.000, 0.916, 0.492, 
[675] Train acc: 0.8906, Constr acc: 0.9375, CE loss: 0.558, DL2 loss: 3.461
9, 82, 0.5576, 0.0005, 89.062, 96.875, 0.946, 0.425, 
[690] Train acc: 0.9844, Constr acc: 1.0000, CE loss: 0.059, DL2 loss: 0.000
9, 81, 0.0591, 0.0005, 98.438, 100.000, 0.945, 0.435, 
[705] Train acc: 0.9062, Constr acc: 0.9688, CE loss: 0.255, DL2 loss: 2.187
9, 80, 0.2545, 0.0005, 90.625, 100.000, 0.950, 0.402, 
[720] Train acc: 0.9531, Constr acc: 0.8750, CE loss: 0.196, DL2 loss: 6.452
9, 79, 0.1961, 0.0004, 95.312, 98.438, 0.971, 0.419, 
[735] Train acc: 0.8906, Constr acc: 0.8750, CE loss: 0.494, DL2 loss: 6.390
9, 78, 0.4936, 0.0005, 89.062, 100.000, 0.910, 0.350, 
[750] Train acc: 0.9531, Constr acc: 0.8438, CE loss: 0.111, DL2 loss: 8.054
9, 77, 0.1113, 0.0005, 95.312, 100.000, 0.959, 0.342, 
[765] Train acc: 0.9531, Constr acc: 0.8438, CE loss: 0.197, DL2 loss: 6.974
9, 76, 0.1970, 0.0005, 95.312, 100.000, 0.959, 0.382, 
[780] Train acc: 0.9062, Constr acc: 0.9375, CE loss: 0.257, DL2 loss: 2.472
9, 75, 0.2573, 0.0005, 90.625, 100.000, 0.941, 0.387, 
[795] Train acc: 0.9375, Constr acc: 0.8750, CE loss: 0.148, DL2 loss: 7.110
9, 74, 0.1477, 0.0005, 93.750, 100.000, 0.964, 0.310, 
[810] Train acc: 0.9688, Constr acc: 0.9375, CE loss: 0.141, DL2 loss: 4.382
9, 73, 0.1408, 0.0004, 96.875, 100.000, 0.959, 0.468, 
[825] Train acc: 0.9531, Constr acc: 0.9375, CE loss: 0.128, DL2 loss: 3.577
9, 72, 0.1277, 0.0005, 95.312, 100.000, 0.964, 0.430, 
[840] Train acc: 0.9219, Constr acc: 0.9375, CE loss: 0.259, DL2 loss: 3.952
9, 71, 0.2589, 0.0005, 92.188, 100.000, 0.948, 0.420, 
[855] Train acc: 0.9375, Constr acc: 0.8750, CE loss: 0.295, DL2 loss: 6.424
9, 70, 0.2950, 0.0005, 93.750, 100.000, 0.960, 0.354, 
[870] Train acc: 0.9062, Constr acc: 0.8125, CE loss: 0.168, DL2 loss: 10.321
9, 69, 0.1680, 0.0005, 90.625, 100.000, 0.924, 0.430, 
[885] Train acc: 0.9531, Constr acc: 0.8438, CE loss: 0.108, DL2 loss: 9.251
9, 68, 0.1081, 0.0005, 95.312, 100.000, 0.957, 0.240, 
[900] Train acc: 0.9219, Constr acc: 0.8750, CE loss: 0.138, DL2 loss: 6.650
9, 67, 0.1376, 0.0005, 92.188, 100.000, 0.954, 0.297, 
[915] Train acc: 0.9219, Constr acc: 0.9062, CE loss: 0.215, DL2 loss: 4.736
9, 66, 0.2148, 0.0006, 92.188, 100.000, 0.940, 0.262, 
[930] Train acc: 0.8906, Constr acc: 0.8438, CE loss: 0.318, DL2 loss: 7.303
9, 65, 0.3184, 0.0005, 89.062, 100.000, 0.959, 0.371, 
[0] Train acc: 0.8594, Constr acc: 0.8750, CE loss: 0.454, DL2 loss: 5.454
10, 65, 0.4535, 0.0006, 85.938, 100.000, 0.879, 0.410, 
[15] Train acc: 0.8438, Constr acc: 0.8125, CE loss: 0.488, DL2 loss: 7.124
10, 64, 0.4880, 0.0004, 84.375, 98.438, 0.948, 0.535, 
[30] Train acc: 0.9844, Constr acc: 0.9375, CE loss: 0.062, DL2 loss: 3.007
10, 63, 0.0624, 0.0004, 98.438, 100.000, 0.953, 0.497, 
[45] Train acc: 0.9375, Constr acc: 0.8750, CE loss: 0.211, DL2 loss: 6.630
10, 62, 0.2108, 0.0005, 93.750, 100.000, 0.954, 0.386, 
[60] Train acc: 0.9844, Constr acc: 0.7500, CE loss: 0.079, DL2 loss: 9.097
10, 61, 0.0790, 0.0005, 98.438, 100.000, 0.939, 0.450, 
[75] Train acc: 0.8438, Constr acc: 0.9062, CE loss: 0.483, DL2 loss: 4.068
10, 60, 0.4827, 0.0006, 84.375, 100.000, 0.901, 0.467, 
[90] Train acc: 0.9844, Constr acc: 0.8125, CE loss: 0.060, DL2 loss: 7.366
10, 59, 0.0600, 0.0005, 98.438, 100.000, 0.936, 0.555, 
[105] Train acc: 0.9375, Constr acc: 0.8438, CE loss: 0.200, DL2 loss: 4.629
10, 58, 0.1999, 0.0004, 93.750, 100.000, 0.953, 0.581, 
[120] Train acc: 0.9375, Constr acc: 0.8750, CE loss: 0.234, DL2 loss: 5.068
10, 57, 0.2336, 0.0006, 93.750, 100.000, 0.877, 0.492, 
[135] Train acc: 0.8438, Constr acc: 0.8125, CE loss: 0.717, DL2 loss: 8.997
10, 56, 0.7171, 0.0005, 84.375, 100.000, 0.921, 0.402, 
[150] Train acc: 0.9531, Constr acc: 0.8438, CE loss: 0.157, DL2 loss: 8.744
10, 55, 0.1567, 0.0005, 95.312, 100.000, 0.943, 0.420, 
[165] Train acc: 0.9219, Constr acc: 0.9375, CE loss: 0.428, DL2 loss: 0.525
10, 54, 0.4283, 0.0005, 92.188, 100.000, 0.933, 0.369, 
[180] Train acc: 0.9531, Constr acc: 0.9062, CE loss: 0.211, DL2 loss: 3.698
10, 53, 0.2109, 0.0005, 95.312, 100.000, 0.947, 0.454, 
[195] Train acc: 0.9219, Constr acc: 0.9375, CE loss: 0.267, DL2 loss: 1.757
10, 52, 0.2670, 0.0005, 92.188, 100.000, 0.939, 0.479, 
[210] Train acc: 0.9375, Constr acc: 0.7812, CE loss: 0.178, DL2 loss: 9.083
10, 51, 0.1778, 0.0005, 93.750, 100.000, 0.924, 0.574, 
[225] Train acc: 0.9688, Constr acc: 0.9062, CE loss: 0.147, DL2 loss: 4.335
10, 50, 0.1468, 0.0005, 96.875, 96.875, 0.933, 0.494, 
[240] Train acc: 0.8594, Constr acc: 0.8438, CE loss: 0.551, DL2 loss: 6.228
10, 49, 0.5514, 0.0004, 85.938, 100.000, 0.940, 0.526, 
[255] Train acc: 0.7812, Constr acc: 0.8750, CE loss: 0.617, DL2 loss: 7.928
10, 48, 0.6165, 0.0005, 78.125, 100.000, 0.914, 0.560, 
[270] Train acc: 0.9375, Constr acc: 0.8750, CE loss: 0.130, DL2 loss: 7.907
10, 47, 0.1302, 0.0006, 93.750, 100.000, 0.937, 0.298, 
[285] Train acc: 0.8750, Constr acc: 0.7188, CE loss: 0.464, DL2 loss: 16.100
10, 46, 0.4645, 0.0006, 87.500, 100.000, 0.918, 0.391, 
[300] Train acc: 0.9219, Constr acc: 0.8438, CE loss: 0.279, DL2 loss: 5.736
10, 45, 0.2789, 0.0005, 92.188, 100.000, 0.924, 0.533, 
[315] Train acc: 0.9375, Constr acc: 0.7812, CE loss: 0.218, DL2 loss: 12.403
10, 44, 0.2179, 0.0006, 93.750, 100.000, 0.922, 0.372, 
[330] Train acc: 0.9531, Constr acc: 0.9062, CE loss: 0.453, DL2 loss: 3.479
10, 43, 0.4534, 0.0006, 95.312, 98.438, 0.901, 0.392, 
[345] Train acc: 0.9219, Constr acc: 0.8438, CE loss: 0.218, DL2 loss: 5.947
10, 42, 0.2177, 0.0005, 92.188, 100.000, 0.911, 0.457, 
[360] Train acc: 0.9375, Constr acc: 0.8750, CE loss: 0.250, DL2 loss: 6.326
10, 41, 0.2500, 0.0006, 93.750, 98.438, 0.920, 0.432, 
[375] Train acc: 0.9688, Constr acc: 0.6875, CE loss: 0.170, DL2 loss: 12.035
10, 40, 0.1704, 0.0006, 96.875, 100.000, 0.906, 0.506, 
[390] Train acc: 0.9688, Constr acc: 0.8125, CE loss: 0.050, DL2 loss: 10.719
10, 39, 0.0500, 0.0006, 96.875, 100.000, 0.927, 0.346, 
[405] Train acc: 0.9531, Constr acc: 0.8438, CE loss: 0.107, DL2 loss: 7.851
10, 38, 0.1068, 0.0005, 95.312, 100.000, 0.937, 0.355, 
[420] Train acc: 0.9219, Constr acc: 0.8438, CE loss: 0.302, DL2 loss: 7.489
10, 37, 0.3024, 0.0005, 92.188, 100.000, 0.926, 0.444, 
[435] Train acc: 0.8750, Constr acc: 0.9062, CE loss: 0.459, DL2 loss: 5.613
10, 36, 0.4588, 0.0005, 87.500, 100.000, 0.914, 0.419, 
[450] Train acc: 0.8750, Constr acc: 0.8750, CE loss: 0.379, DL2 loss: 7.687
10, 35, 0.3785, 0.0006, 87.500, 100.000, 0.915, 0.402, 
[465] Train acc: 0.8438, Constr acc: 0.8750, CE loss: 0.518, DL2 loss: 4.616
10, 34, 0.5177, 0.0006, 84.375, 98.438, 0.920, 0.423, 
[480] Train acc: 0.7969, Constr acc: 0.7500, CE loss: 0.708, DL2 loss: 10.651
10, 33, 0.7076, 0.0006, 79.688, 98.438, 0.904, 0.484, 
[495] Train acc: 0.9375, Constr acc: 0.8750, CE loss: 0.281, DL2 loss: 8.412
10, 32, 0.2806, 0.0006, 93.750, 98.438, 0.910, 0.443, 
[510] Train acc: 0.8906, Constr acc: 0.8438, CE loss: 0.361, DL2 loss: 4.893
10, 31, 0.3611, 0.0006, 89.062, 98.438, 0.892, 0.567, 
[525] Train acc: 0.9375, Constr acc: 0.9062, CE loss: 0.129, DL2 loss: 4.933
10, 30, 0.1295, 0.0006, 93.750, 100.000, 0.935, 0.317, 
[540] Train acc: 0.8125, Constr acc: 0.7500, CE loss: 0.599, DL2 loss: 11.264
10, 29, 0.5994, 0.0008, 81.250, 98.438, 0.862, 0.215, 
[555] Train acc: 0.8750, Constr acc: 0.8125, CE loss: 0.295, DL2 loss: 10.170
10, 28, 0.2948, 0.0007, 87.500, 100.000, 0.834, 0.450, 
[570] Train acc: 0.9062, Constr acc: 0.9375, CE loss: 0.504, DL2 loss: 2.248
10, 27, 0.5035, 0.0007, 90.625, 100.000, 0.907, 0.402, 
[585] Train acc: 0.7500, Constr acc: 0.7812, CE loss: 0.793, DL2 loss: 7.231
10, 26, 0.7927, 0.0008, 75.000, 96.875, 0.835, 0.467, 
[600] Train acc: 0.8594, Constr acc: 0.8125, CE loss: 0.778, DL2 loss: 12.545
10, 25, 0.7782, 0.0007, 85.938, 98.438, 0.801, 0.629, 
[615] Train acc: 0.9219, Constr acc: 0.7500, CE loss: 0.278, DL2 loss: 11.902
10, 24, 0.2777, 0.0007, 92.188, 100.000, 0.890, 0.527, 
[630] Train acc: 0.8594, Constr acc: 0.8438, CE loss: 0.492, DL2 loss: 5.563
10, 23, 0.4920, 0.0007, 85.938, 100.000, 0.890, 0.480, 
[645] Train acc: 0.7031, Constr acc: 0.8438, CE loss: 1.362, DL2 loss: 8.741
10, 22, 1.3616, 0.0009, 70.312, 96.875, 0.704, 0.570, 
[660] Train acc: 0.8281, Constr acc: 0.8438, CE loss: 0.575, DL2 loss: 9.329
10, 21, 0.5747, 0.0009, 82.812, 98.438, 0.782, 0.650, 
[675] Train acc: 0.8750, Constr acc: 0.9375, CE loss: 0.452, DL2 loss: 1.790
10, 20, 0.4517, 0.0008, 87.500, 100.000, 0.807, 0.602, 
[690] Train acc: 0.6406, Constr acc: 0.7188, CE loss: 1.166, DL2 loss: 14.263
10, 19, 1.1658, 0.0009, 64.062, 96.875, 0.804, 0.534, 
[705] Train acc: 0.7500, Constr acc: 0.8438, CE loss: 0.898, DL2 loss: 6.006
10, 18, 0.8980, 0.0009, 75.000, 96.875, 0.761, 0.515, 
[720] Train acc: 0.6562, Constr acc: 0.7812, CE loss: 1.015, DL2 loss: 9.645
10, 17, 1.0145, 0.0011, 65.625, 93.750, 0.606, 0.599, 
[735] Train acc: 0.5781, Constr acc: 0.6250, CE loss: 0.922, DL2 loss: 21.430
10, 16, 0.9221, 0.0011, 57.812, 98.438, 0.595, 0.701, 
[750] Train acc: 0.5156, Constr acc: 0.7812, CE loss: 1.644, DL2 loss: 8.204
10, 15, 1.6436, 0.0015, 51.562, 98.438, 0.410, 0.454, 
[765] Train acc: 0.4844, Constr acc: 0.7188, CE loss: 1.673, DL2 loss: 13.149
10, 14, 1.6725, 0.0014, 48.438, 95.312, 0.511, 0.423, 
[780] Train acc: 0.3281, Constr acc: 0.6250, CE loss: 2.267, DL2 loss: 19.848
10, 13, 2.2666, 0.0017, 32.812, 90.625, 0.402, 0.611, 
[795] Train acc: 0.5781, Constr acc: 0.7188, CE loss: 1.890, DL2 loss: 15.362
10, 12, 1.8903, 0.0015, 57.812, 90.625, 0.503, 0.722, 
[810] Train acc: 0.2812, Constr acc: 0.3125, CE loss: 2.624, DL2 loss: 31.388
10, 11, 2.6241, 0.0021, 28.125, 84.375, 0.267, 1.000, 
[825] Train acc: 0.4062, Constr acc: 0.5938, CE loss: 2.209, DL2 loss: 15.111
10, 10, 2.2089, 0.0017, 40.625, 82.812, 0.461, 0.612, 
[840] Train acc: 0.2500, Constr acc: 0.3125, CE loss: 3.039, DL2 loss: 33.738
10, 9, 3.0388, 0.0021, 25.000, 81.250, 0.207, 0.671, 
[855] Train acc: 0.2188, Constr acc: 0.2812, CE loss: 2.624, DL2 loss: 32.564
10, 8, 2.6237, 0.0022, 21.875, 68.750, 0.187, 0.940, 
[870] Train acc: 0.2188, Constr acc: 0.1562, CE loss: 2.993, DL2 loss: 46.077
10, 7, 2.9929, 0.0021, 21.875, 76.562, 0.209, 0.737, 
[885] Train acc: 0.1094, Constr acc: 0.1562, CE loss: 3.411, DL2 loss: 41.119
10, 6, 3.4110, 0.0020, 10.938, 68.750, 0.214, 0.930, 
[900] Train acc: 0.1250, Constr acc: 0.0000, CE loss: 2.310, DL2 loss: 68.665
10, 5, 2.3101, 0.0024, 12.500, 54.688, 0.103, 1.000, 
[915] Train acc: 0.1406, Constr acc: 0.0000, CE loss: 2.320, DL2 loss: 71.998
10, 4, 2.3204, 0.0024, 14.062, 53.125, 0.103, 1.000, 
[930] Train acc: 0.1250, Constr acc: 0.0000, CE loss: 2.367, DL2 loss: 67.815
10, 3, 2.3670, 0.0024, 12.500, 53.125, 0.103, 1.000, 
