main_allinputs_dl2.py --pruning=True --tensorboard=True --log-interval=15 --pruning_config=./configs/mnist_22_15.json --constraint RobustnessMany(eps1=10, eps2=4, eps3=25, eps4=8) --print-after-epoch=0 --dl2-weight=0.2 --delay=6
pruning_engine.load_mask(): did not find mask file, will load nothing
epoch, neuron_units, loss, dl2_loss, top1, top5, dl2_p_acc, dl2_constraint_acc
[0] Train acc: 0.1406
1, 252, 2.2927, 0.0023, 14.062, 59.375, 0.103, 1.000, 
[15] Train acc: 0.1875
1, 252, 2.2763, 0.0023, 18.750, 68.750, 0.103, 1.000, 
[30] Train acc: 0.3125
1, 252, 2.2343, 0.0023, 31.250, 75.000, 0.205, 1.000, 
[45] Train acc: 0.3594
1, 252, 2.1083, 0.0022, 35.938, 89.062, 0.408, 1.000, 
[60] Train acc: 0.5625
1, 252, 1.8079, 0.0021, 56.250, 90.625, 0.576, 1.000, 
[75] Train acc: 0.6719
1, 252, 1.1560, 0.0017, 67.188, 95.312, 0.646, 1.000, 
[90] Train acc: 0.6250
1, 252, 1.0569, 0.0015, 62.500, 98.438, 0.674, 1.000, 
[105] Train acc: 0.7031
1, 252, 0.8945, 0.0013, 70.312, 95.312, 0.730, 1.000, 
[120] Train acc: 0.8125
1, 252, 0.5999, 0.0011, 81.250, 98.438, 0.806, 1.000, 
[135] Train acc: 0.8594
1, 252, 0.3908, 0.0010, 85.938, 100.000, 0.854, 1.000, 
[150] Train acc: 0.8594
1, 252, 0.5338, 0.0010, 85.938, 100.000, 0.820, 1.000, 
[165] Train acc: 0.8281
1, 252, 0.5438, 0.0010, 82.812, 98.438, 0.764, 1.000, 
[180] Train acc: 0.9062
1, 252, 0.4400, 0.0009, 90.625, 98.438, 0.846, 1.000, 
[195] Train acc: 0.9062
1, 252, 0.2807, 0.0009, 90.625, 100.000, 0.848, 0.999, 
[210] Train acc: 0.9219
1, 252, 0.3620, 0.0009, 92.188, 98.438, 0.857, 1.000, 
[225] Train acc: 0.8906
1, 252, 0.3961, 0.0008, 89.062, 100.000, 0.886, 1.000, 
[240] Train acc: 0.8750
1, 252, 0.4191, 0.0008, 87.500, 98.438, 0.877, 0.998, 
[255] Train acc: 0.8281
1, 252, 0.4304, 0.0008, 82.812, 100.000, 0.853, 0.999, 
[270] Train acc: 0.9219
1, 252, 0.2301, 0.0008, 92.188, 100.000, 0.844, 1.000, 
[285] Train acc: 0.9375
1, 252, 0.2473, 0.0007, 93.750, 100.000, 0.920, 0.998, 
[300] Train acc: 0.9062
1, 252, 0.2676, 0.0007, 90.625, 100.000, 0.912, 0.999, 
[315] Train acc: 0.9375
1, 252, 0.2680, 0.0007, 93.750, 98.438, 0.920, 0.997, 
[330] Train acc: 0.9062
1, 252, 0.3760, 0.0007, 90.625, 98.438, 0.864, 0.997, 
[345] Train acc: 0.8594
1, 252, 0.4707, 0.0007, 85.938, 98.438, 0.908, 0.999, 
[360] Train acc: 0.8750
1, 252, 0.2857, 0.0007, 87.500, 100.000, 0.908, 0.998, 
[375] Train acc: 0.9375
1, 252, 0.1565, 0.0007, 93.750, 100.000, 0.922, 0.997, 
[390] Train acc: 0.9219
1, 252, 0.2108, 0.0006, 92.188, 100.000, 0.914, 0.997, 
[405] Train acc: 0.9375
1, 252, 0.1969, 0.0006, 93.750, 100.000, 0.917, 0.998, 
[420] Train acc: 0.9219
1, 252, 0.2400, 0.0006, 92.188, 100.000, 0.936, 0.996, 
[435] Train acc: 0.9219
1, 252, 0.2270, 0.0006, 92.188, 100.000, 0.933, 0.994, 
[450] Train acc: 0.9219
1, 252, 0.1798, 0.0006, 92.188, 100.000, 0.942, 0.995, 
[465] Train acc: 0.8906
1, 252, 0.3462, 0.0006, 89.062, 100.000, 0.916, 0.992, 
[480] Train acc: 1.0000
1, 252, 0.0755, 0.0006, 100.000, 100.000, 0.934, 0.990, 
[495] Train acc: 0.9531
1, 252, 0.1632, 0.0006, 95.312, 100.000, 0.947, 0.994, 
[510] Train acc: 0.9219
1, 252, 0.1653, 0.0005, 92.188, 100.000, 0.949, 0.991, 
[525] Train acc: 0.9531
1, 252, 0.1390, 0.0006, 95.312, 100.000, 0.945, 0.990, 
[540] Train acc: 0.9531
1, 252, 0.2509, 0.0006, 95.312, 98.438, 0.934, 0.993, 
[555] Train acc: 0.9531
1, 252, 0.1703, 0.0005, 95.312, 98.438, 0.953, 0.989, 
[570] Train acc: 0.9531
1, 252, 0.1515, 0.0005, 95.312, 100.000, 0.923, 0.987, 
[585] Train acc: 0.9844
1, 252, 0.0830, 0.0005, 98.438, 100.000, 0.950, 0.990, 
[600] Train acc: 0.9531
1, 252, 0.1891, 0.0005, 95.312, 100.000, 0.951, 0.990, 
[615] Train acc: 0.9531
1, 252, 0.1560, 0.0005, 95.312, 100.000, 0.951, 0.991, 
[630] Train acc: 0.9375
1, 252, 0.3314, 0.0005, 93.750, 100.000, 0.956, 0.991, 
[645] Train acc: 0.9688
1, 252, 0.1526, 0.0005, 96.875, 100.000, 0.956, 0.990, 
[660] Train acc: 0.9688
1, 252, 0.1363, 0.0005, 96.875, 100.000, 0.955, 0.985, 
[675] Train acc: 0.9219
1, 252, 0.1621, 0.0005, 92.188, 100.000, 0.956, 0.985, 
[690] Train acc: 0.9688
1, 252, 0.1655, 0.0005, 96.875, 98.438, 0.958, 0.988, 
[705] Train acc: 0.8906
1, 252, 0.3465, 0.0005, 89.062, 100.000, 0.951, 0.983, 
[720] Train acc: 1.0000
1, 252, 0.0519, 0.0005, 100.000, 100.000, 0.958, 0.978, 
[735] Train acc: 0.9375
1, 252, 0.1611, 0.0005, 93.750, 100.000, 0.956, 0.986, 
[750] Train acc: 0.9688
1, 252, 0.0681, 0.0005, 96.875, 100.000, 0.951, 0.976, 
[765] Train acc: 0.9062
1, 252, 0.2858, 0.0005, 90.625, 100.000, 0.946, 0.985, 
[780] Train acc: 0.9219
1, 252, 0.1961, 0.0005, 92.188, 100.000, 0.964, 0.989, 
[795] Train acc: 0.9375
1, 252, 0.1240, 0.0005, 93.750, 100.000, 0.959, 0.993, 
[810] Train acc: 1.0000
1, 252, 0.0541, 0.0005, 100.000, 100.000, 0.963, 0.987, 
[825] Train acc: 0.9531
1, 252, 0.1063, 0.0005, 95.312, 100.000, 0.961, 0.988, 
[840] Train acc: 0.9531
1, 252, 0.1269, 0.0005, 95.312, 100.000, 0.969, 0.986, 
[855] Train acc: 0.9375
1, 252, 0.1498, 0.0005, 93.750, 100.000, 0.944, 0.985, 
[870] Train acc: 0.9531
1, 252, 0.1492, 0.0004, 95.312, 100.000, 0.964, 0.984, 
[885] Train acc: 0.9375
1, 252, 0.1354, 0.0005, 93.750, 100.000, 0.960, 0.988, 
[900] Train acc: 0.9531
1, 252, 0.1045, 0.0004, 95.312, 100.000, 0.963, 0.980, 
[915] Train acc: 0.9375
1, 252, 0.1984, 0.0004, 93.750, 100.000, 0.960, 0.977, 
[930] Train acc: 0.9375
1, 252, 0.1602, 0.0004, 93.750, 100.000, 0.964, 0.975, 
[0] Train acc: 0.9531
2, 252, 0.1422, 0.0004, 95.312, 100.000, 0.963, 0.969, 
[15] Train acc: 0.9844
2, 252, 0.0743, 0.0004, 98.438, 100.000, 0.967, 0.971, 
[30] Train acc: 0.9688
2, 252, 0.0818, 0.0004, 96.875, 100.000, 0.955, 0.967, 
[45] Train acc: 0.9688
2, 252, 0.0931, 0.0004, 96.875, 100.000, 0.966, 0.960, 
[60] Train acc: 0.9844
2, 252, 0.0457, 0.0004, 98.438, 100.000, 0.963, 0.976, 
[75] Train acc: 0.9688
2, 252, 0.1403, 0.0004, 96.875, 100.000, 0.966, 0.971, 
[90] Train acc: 0.9375
2, 252, 0.3260, 0.0004, 93.750, 100.000, 0.968, 0.974, 
[105] Train acc: 0.9844
2, 252, 0.0472, 0.0004, 98.438, 100.000, 0.969, 0.980, 
[120] Train acc: 0.9844
2, 252, 0.0902, 0.0004, 98.438, 100.000, 0.970, 0.975, 
[135] Train acc: 0.9688
2, 252, 0.1529, 0.0004, 96.875, 100.000, 0.963, 0.975, 
[150] Train acc: 0.9531
2, 252, 0.0850, 0.0004, 95.312, 100.000, 0.967, 0.968, 
[165] Train acc: 0.9844
2, 252, 0.0711, 0.0004, 98.438, 100.000, 0.968, 0.968, 
[180] Train acc: 0.9531
2, 252, 0.0894, 0.0004, 95.312, 100.000, 0.967, 0.958, 
[195] Train acc: 0.9688
2, 252, 0.0980, 0.0004, 96.875, 100.000, 0.961, 0.970, 
[210] Train acc: 0.9688
2, 252, 0.0667, 0.0004, 96.875, 100.000, 0.973, 0.946, 
[225] Train acc: 0.9531
2, 252, 0.1516, 0.0004, 95.312, 100.000, 0.965, 0.954, 
[240] Train acc: 0.9531
2, 252, 0.1471, 0.0004, 95.312, 100.000, 0.966, 0.970, 
[255] Train acc: 1.0000
2, 252, 0.0243, 0.0004, 100.000, 100.000, 0.968, 0.962, 
[270] Train acc: 0.9844
2, 252, 0.0624, 0.0003, 98.438, 100.000, 0.973, 0.948, 
[285] Train acc: 0.9844
2, 252, 0.0390, 0.0003, 98.438, 100.000, 0.975, 0.943, 
[300] Train acc: 0.9688
2, 252, 0.0785, 0.0004, 96.875, 100.000, 0.969, 0.949, 
[315] Train acc: 0.9375
2, 252, 0.1171, 0.0004, 93.750, 100.000, 0.976, 0.958, 
[330] Train acc: 0.9688
2, 252, 0.0509, 0.0004, 96.875, 100.000, 0.970, 0.953, 
[345] Train acc: 0.9531
2, 252, 0.2349, 0.0004, 95.312, 100.000, 0.977, 0.968, 
[360] Train acc: 0.9688
2, 252, 0.0656, 0.0004, 96.875, 100.000, 0.962, 0.979, 
[375] Train acc: 0.9531
2, 252, 0.1001, 0.0004, 95.312, 100.000, 0.976, 0.968, 
[390] Train acc: 0.9844
2, 252, 0.0292, 0.0004, 98.438, 100.000, 0.973, 0.964, 
[405] Train acc: 0.9844
2, 252, 0.0423, 0.0004, 98.438, 100.000, 0.969, 0.963, 
[420] Train acc: 0.9844
2, 252, 0.0240, 0.0003, 98.438, 100.000, 0.976, 0.951, 
[435] Train acc: 0.9844
2, 252, 0.0399, 0.0004, 98.438, 100.000, 0.977, 0.959, 
[450] Train acc: 0.9844
2, 252, 0.0881, 0.0004, 98.438, 100.000, 0.974, 0.960, 
[465] Train acc: 0.9688
2, 252, 0.0881, 0.0004, 96.875, 100.000, 0.974, 0.960, 
[480] Train acc: 0.9688
2, 252, 0.0879, 0.0004, 96.875, 100.000, 0.969, 0.957, 
[495] Train acc: 0.9375
2, 252, 0.1214, 0.0004, 93.750, 100.000, 0.972, 0.951, 
[510] Train acc: 1.0000
2, 252, 0.0172, 0.0004, 100.000, 100.000, 0.974, 0.966, 
[525] Train acc: 0.9688
2, 252, 0.1268, 0.0004, 96.875, 100.000, 0.978, 0.965, 
[540] Train acc: 0.9688
2, 252, 0.0655, 0.0004, 96.875, 100.000, 0.978, 0.974, 
[555] Train acc: 1.0000
2, 252, 0.0348, 0.0004, 100.000, 100.000, 0.977, 0.969, 
[570] Train acc: 0.9375
2, 252, 0.1934, 0.0004, 93.750, 100.000, 0.972, 0.962, 
[585] Train acc: 1.0000
2, 252, 0.0182, 0.0004, 100.000, 100.000, 0.966, 0.958, 
[600] Train acc: 0.9531
2, 252, 0.1915, 0.0004, 95.312, 100.000, 0.964, 0.960, 
[615] Train acc: 0.9531
2, 252, 0.1949, 0.0004, 95.312, 100.000, 0.973, 0.955, 
[630] Train acc: 0.9844
2, 252, 0.0737, 0.0004, 98.438, 100.000, 0.972, 0.952, 
[645] Train acc: 0.9062
2, 252, 0.2306, 0.0003, 90.625, 100.000, 0.980, 0.952, 
[660] Train acc: 0.9844
2, 252, 0.0522, 0.0003, 98.438, 100.000, 0.977, 0.947, 
[675] Train acc: 0.9844
2, 252, 0.0637, 0.0003, 98.438, 100.000, 0.978, 0.935, 
[690] Train acc: 0.9688
2, 252, 0.0455, 0.0003, 96.875, 100.000, 0.974, 0.926, 
[705] Train acc: 0.9844
2, 252, 0.0957, 0.0003, 98.438, 100.000, 0.970, 0.931, 
[720] Train acc: 0.9688
2, 252, 0.0663, 0.0003, 96.875, 100.000, 0.976, 0.931, 
[735] Train acc: 0.9844
2, 252, 0.1004, 0.0003, 98.438, 100.000, 0.960, 0.933, 
[750] Train acc: 1.0000
2, 252, 0.0186, 0.0003, 100.000, 100.000, 0.978, 0.936, 
[765] Train acc: 0.9844
2, 252, 0.0402, 0.0003, 98.438, 100.000, 0.978, 0.921, 
[780] Train acc: 0.9844
2, 252, 0.0377, 0.0003, 98.438, 100.000, 0.974, 0.923, 
[795] Train acc: 0.9688
2, 252, 0.0857, 0.0003, 96.875, 100.000, 0.977, 0.940, 
[810] Train acc: 0.9688
2, 252, 0.0765, 0.0003, 96.875, 100.000, 0.976, 0.929, 
[825] Train acc: 0.9375
2, 252, 0.2790, 0.0003, 93.750, 100.000, 0.979, 0.941, 
[840] Train acc: 1.0000
2, 252, 0.0193, 0.0003, 100.000, 100.000, 0.974, 0.939, 
[855] Train acc: 1.0000
2, 252, 0.0162, 0.0003, 100.000, 100.000, 0.980, 0.935, 
[870] Train acc: 0.9844
2, 252, 0.0265, 0.0003, 98.438, 100.000, 0.978, 0.936, 
[885] Train acc: 0.9844
2, 252, 0.0532, 0.0003, 98.438, 100.000, 0.977, 0.944, 
[900] Train acc: 0.9375
2, 252, 0.1047, 0.0003, 93.750, 100.000, 0.979, 0.941, 
[915] Train acc: 0.9844
2, 252, 0.0519, 0.0003, 98.438, 100.000, 0.981, 0.918, 
[930] Train acc: 0.9688
2, 252, 0.1086, 0.0003, 96.875, 100.000, 0.971, 0.936, 
[0] Train acc: 0.9688
3, 252, 0.1501, 0.0003, 96.875, 100.000, 0.970, 0.938, 
[15] Train acc: 1.0000
3, 252, 0.0251, 0.0003, 100.000, 100.000, 0.981, 0.935, 
[30] Train acc: 0.9844
3, 252, 0.0499, 0.0003, 98.438, 100.000, 0.977, 0.938, 
[45] Train acc: 0.9688
3, 252, 0.0734, 0.0004, 96.875, 100.000, 0.970, 0.934, 
[60] Train acc: 1.0000
3, 252, 0.0208, 0.0003, 100.000, 100.000, 0.980, 0.930, 
[75] Train acc: 0.9688
3, 252, 0.1420, 0.0003, 96.875, 100.000, 0.967, 0.937, 
[90] Train acc: 0.9688
3, 252, 0.0717, 0.0003, 96.875, 100.000, 0.974, 0.926, 
[105] Train acc: 1.0000
3, 252, 0.0252, 0.0003, 100.000, 100.000, 0.981, 0.928, 
[120] Train acc: 1.0000
3, 252, 0.0197, 0.0003, 100.000, 100.000, 0.979, 0.932, 
[135] Train acc: 0.9531
3, 252, 0.0737, 0.0003, 95.312, 100.000, 0.981, 0.933, 
[150] Train acc: 1.0000
3, 252, 0.0099, 0.0003, 100.000, 100.000, 0.976, 0.943, 
[165] Train acc: 0.9688
3, 252, 0.1759, 0.0003, 96.875, 100.000, 0.981, 0.943, 
[180] Train acc: 0.9531
3, 252, 0.1120, 0.0003, 95.312, 100.000, 0.981, 0.929, 
[195] Train acc: 0.9844
3, 252, 0.0655, 0.0003, 98.438, 100.000, 0.977, 0.927, 
[210] Train acc: 0.9531
3, 252, 0.0744, 0.0003, 95.312, 100.000, 0.971, 0.924, 
[225] Train acc: 1.0000
3, 252, 0.0150, 0.0003, 100.000, 100.000, 0.982, 0.906, 
[240] Train acc: 0.9844
3, 252, 0.0536, 0.0003, 98.438, 100.000, 0.980, 0.902, 
[255] Train acc: 0.9844
3, 252, 0.0566, 0.0003, 98.438, 100.000, 0.973, 0.908, 
[270] Train acc: 0.9688
3, 252, 0.1104, 0.0003, 96.875, 100.000, 0.981, 0.904, 
[285] Train acc: 0.9688
3, 252, 0.0566, 0.0003, 96.875, 100.000, 0.984, 0.908, 
[300] Train acc: 0.9844
3, 252, 0.0678, 0.0003, 98.438, 100.000, 0.981, 0.936, 
[315] Train acc: 0.9688
3, 252, 0.1390, 0.0003, 96.875, 100.000, 0.983, 0.931, 
[330] Train acc: 0.9531
3, 252, 0.1307, 0.0003, 95.312, 100.000, 0.979, 0.924, 
[345] Train acc: 1.0000
3, 252, 0.0148, 0.0003, 100.000, 100.000, 0.982, 0.910, 
[360] Train acc: 0.9844
3, 252, 0.0636, 0.0003, 98.438, 100.000, 0.979, 0.909, 
[375] Train acc: 1.0000
3, 252, 0.0416, 0.0003, 100.000, 100.000, 0.976, 0.902, 
[390] Train acc: 0.9375
3, 252, 0.2297, 0.0003, 93.750, 100.000, 0.965, 0.907, 
[405] Train acc: 0.9844
3, 252, 0.0452, 0.0003, 98.438, 100.000, 0.982, 0.892, 
[420] Train acc: 1.0000
3, 252, 0.0281, 0.0003, 100.000, 100.000, 0.983, 0.893, 
[435] Train acc: 0.9844
3, 252, 0.0278, 0.0003, 98.438, 100.000, 0.974, 0.922, 
[450] Train acc: 0.9844
3, 252, 0.0485, 0.0003, 98.438, 100.000, 0.979, 0.905, 
[465] Train acc: 1.0000
3, 252, 0.0423, 0.0003, 100.000, 100.000, 0.982, 0.907, 
[480] Train acc: 0.9844
3, 252, 0.1305, 0.0003, 98.438, 100.000, 0.981, 0.926, 
[495] Train acc: 0.9688
3, 252, 0.0578, 0.0003, 96.875, 100.000, 0.982, 0.903, 
[510] Train acc: 0.9688
3, 252, 0.0865, 0.0003, 96.875, 100.000, 0.982, 0.915, 
[525] Train acc: 0.9531
3, 252, 0.1020, 0.0003, 95.312, 100.000, 0.983, 0.909, 
[540] Train acc: 1.0000
3, 252, 0.0191, 0.0003, 100.000, 100.000, 0.983, 0.906, 
[555] Train acc: 0.9531
3, 252, 0.1622, 0.0003, 95.312, 100.000, 0.985, 0.943, 
[570] Train acc: 0.9844
3, 252, 0.0546, 0.0003, 98.438, 100.000, 0.978, 0.927, 
[585] Train acc: 1.0000
3, 252, 0.0108, 0.0003, 100.000, 100.000, 0.983, 0.903, 
[600] Train acc: 0.9531
3, 252, 0.1549, 0.0003, 95.312, 100.000, 0.981, 0.932, 
[615] Train acc: 0.9531
3, 252, 0.1733, 0.0003, 95.312, 100.000, 0.983, 0.924, 
[630] Train acc: 1.0000
3, 252, 0.0238, 0.0003, 100.000, 100.000, 0.984, 0.917, 
[645] Train acc: 0.9688
3, 252, 0.2059, 0.0003, 96.875, 100.000, 0.982, 0.922, 
[660] Train acc: 1.0000
3, 252, 0.0328, 0.0003, 100.000, 100.000, 0.983, 0.939, 
[675] Train acc: 1.0000
3, 252, 0.0158, 0.0003, 100.000, 100.000, 0.984, 0.924, 
[690] Train acc: 0.9844
3, 252, 0.0297, 0.0003, 98.438, 100.000, 0.984, 0.917, 
[705] Train acc: 1.0000
3, 252, 0.0261, 0.0003, 100.000, 100.000, 0.983, 0.915, 
[720] Train acc: 0.9844
3, 252, 0.0484, 0.0003, 98.438, 100.000, 0.984, 0.920, 
[735] Train acc: 0.9844
3, 252, 0.0383, 0.0003, 98.438, 100.000, 0.981, 0.909, 
[750] Train acc: 1.0000
3, 252, 0.0242, 0.0003, 100.000, 100.000, 0.985, 0.918, 
[765] Train acc: 1.0000
3, 252, 0.0230, 0.0003, 100.000, 100.000, 0.981, 0.912, 
[780] Train acc: 0.9688
3, 252, 0.1031, 0.0003, 96.875, 100.000, 0.984, 0.912, 
[795] Train acc: 0.9688
3, 252, 0.0400, 0.0003, 96.875, 100.000, 0.983, 0.900, 
[810] Train acc: 1.0000
3, 252, 0.0077, 0.0003, 100.000, 100.000, 0.977, 0.875, 
[825] Train acc: 1.0000
3, 252, 0.0114, 0.0002, 100.000, 100.000, 0.983, 0.881, 
[840] Train acc: 0.9531
3, 252, 0.0659, 0.0003, 95.312, 100.000, 0.981, 0.896, 
[855] Train acc: 1.0000
3, 252, 0.0088, 0.0003, 100.000, 100.000, 0.978, 0.926, 
[870] Train acc: 1.0000
3, 252, 0.0065, 0.0003, 100.000, 100.000, 0.982, 0.912, 
[885] Train acc: 1.0000
3, 252, 0.0153, 0.0003, 100.000, 100.000, 0.983, 0.907, 
[900] Train acc: 0.9844
3, 252, 0.0251, 0.0003, 98.438, 100.000, 0.981, 0.913, 
[915] Train acc: 0.9531
3, 252, 0.2445, 0.0003, 95.312, 100.000, 0.984, 0.909, 
[930] Train acc: 0.9844
3, 252, 0.0619, 0.0003, 98.438, 100.000, 0.987, 0.902, 
[0] Train acc: 0.9844
4, 252, 0.0490, 0.0003, 98.438, 100.000, 0.986, 0.905, 
[15] Train acc: 1.0000
4, 252, 0.0256, 0.0003, 100.000, 100.000, 0.984, 0.904, 
[30] Train acc: 0.9844
4, 252, 0.0464, 0.0003, 98.438, 100.000, 0.980, 0.906, 
[45] Train acc: 1.0000
4, 252, 0.0067, 0.0003, 100.000, 100.000, 0.985, 0.903, 
[60] Train acc: 1.0000
4, 252, 0.0234, 0.0003, 100.000, 100.000, 0.985, 0.905, 
[75] Train acc: 0.9844
4, 252, 0.0512, 0.0003, 98.438, 100.000, 0.973, 0.901, 
[90] Train acc: 0.9844
4, 252, 0.0420, 0.0002, 98.438, 100.000, 0.986, 0.878, 
[105] Train acc: 1.0000
4, 252, 0.0132, 0.0003, 100.000, 100.000, 0.984, 0.891, 
[120] Train acc: 0.9844
4, 252, 0.0523, 0.0003, 98.438, 100.000, 0.984, 0.915, 
[135] Train acc: 0.9844
4, 252, 0.0351, 0.0003, 98.438, 100.000, 0.986, 0.897, 
[150] Train acc: 0.9688
4, 252, 0.0495, 0.0003, 96.875, 100.000, 0.986, 0.886, 
[165] Train acc: 1.0000
4, 252, 0.0170, 0.0003, 100.000, 100.000, 0.982, 0.893, 
[180] Train acc: 0.9844
4, 252, 0.1124, 0.0002, 98.438, 100.000, 0.985, 0.882, 
[195] Train acc: 1.0000
4, 252, 0.0074, 0.0002, 100.000, 100.000, 0.983, 0.877, 
[210] Train acc: 0.9688
4, 252, 0.1098, 0.0003, 96.875, 100.000, 0.980, 0.869, 
[225] Train acc: 0.9844
4, 252, 0.0262, 0.0003, 98.438, 100.000, 0.985, 0.898, 
[240] Train acc: 1.0000
4, 252, 0.0203, 0.0003, 100.000, 100.000, 0.982, 0.897, 
[255] Train acc: 0.9844
4, 252, 0.1230, 0.0003, 98.438, 98.438, 0.984, 0.895, 
[270] Train acc: 1.0000
4, 252, 0.0095, 0.0002, 100.000, 100.000, 0.985, 0.874, 
[285] Train acc: 0.9844
4, 252, 0.0919, 0.0002, 98.438, 100.000, 0.986, 0.871, 
[300] Train acc: 1.0000
4, 252, 0.0137, 0.0003, 100.000, 100.000, 0.981, 0.892, 
[315] Train acc: 1.0000
4, 252, 0.0170, 0.0002, 100.000, 100.000, 0.985, 0.880, 
[330] Train acc: 0.9688
4, 252, 0.0415, 0.0003, 96.875, 100.000, 0.985, 0.888, 
[345] Train acc: 0.9531
4, 252, 0.0926, 0.0003, 95.312, 100.000, 0.983, 0.900, 
[360] Train acc: 0.9688
4, 252, 0.0735, 0.0003, 96.875, 100.000, 0.979, 0.909, 
[375] Train acc: 1.0000
4, 252, 0.0085, 0.0003, 100.000, 100.000, 0.987, 0.902, 
[390] Train acc: 1.0000
4, 252, 0.0141, 0.0003, 100.000, 100.000, 0.985, 0.884, 
[405] Train acc: 1.0000
4, 252, 0.0082, 0.0003, 100.000, 100.000, 0.983, 0.896, 
[420] Train acc: 0.9688
4, 252, 0.0491, 0.0003, 96.875, 100.000, 0.982, 0.882, 
[435] Train acc: 0.9844
4, 252, 0.0682, 0.0003, 98.438, 100.000, 0.985, 0.892, 
[450] Train acc: 1.0000
4, 252, 0.0189, 0.0003, 100.000, 100.000, 0.983, 0.900, 
[465] Train acc: 0.9844
4, 252, 0.0690, 0.0003, 98.438, 100.000, 0.985, 0.893, 
[480] Train acc: 0.9688
4, 252, 0.0650, 0.0002, 96.875, 100.000, 0.984, 0.880, 
[495] Train acc: 0.9844
4, 252, 0.0433, 0.0003, 98.438, 100.000, 0.986, 0.895, 
[510] Train acc: 0.9688
4, 252, 0.0584, 0.0003, 96.875, 100.000, 0.986, 0.894, 
[525] Train acc: 1.0000
4, 252, 0.0049, 0.0002, 100.000, 100.000, 0.985, 0.889, 
[540] Train acc: 1.0000
4, 252, 0.0088, 0.0003, 100.000, 100.000, 0.980, 0.884, 
[555] Train acc: 0.9844
4, 252, 0.0660, 0.0002, 98.438, 100.000, 0.985, 0.881, 
[570] Train acc: 1.0000
4, 252, 0.0238, 0.0003, 100.000, 100.000, 0.982, 0.881, 
[585] Train acc: 0.9531
4, 252, 0.1068, 0.0003, 95.312, 100.000, 0.986, 0.886, 
[600] Train acc: 1.0000
4, 252, 0.0131, 0.0002, 100.000, 100.000, 0.987, 0.883, 
[615] Train acc: 0.9844
4, 252, 0.0329, 0.0002, 98.438, 100.000, 0.985, 0.872, 
[630] Train acc: 0.9531
4, 252, 0.1284, 0.0002, 95.312, 100.000, 0.982, 0.889, 
[645] Train acc: 1.0000
4, 252, 0.0141, 0.0002, 100.000, 100.000, 0.984, 0.866, 
[660] Train acc: 1.0000
4, 252, 0.0164, 0.0002, 100.000, 100.000, 0.987, 0.887, 
[675] Train acc: 0.9531
4, 252, 0.0542, 0.0002, 95.312, 100.000, 0.986, 0.880, 
[690] Train acc: 0.9844
4, 252, 0.0741, 0.0002, 98.438, 100.000, 0.984, 0.887, 
[705] Train acc: 0.9844
4, 252, 0.0347, 0.0002, 98.438, 100.000, 0.986, 0.871, 
[720] Train acc: 0.9844
4, 252, 0.0883, 0.0002, 98.438, 100.000, 0.983, 0.875, 
[735] Train acc: 1.0000
4, 252, 0.0180, 0.0002, 100.000, 100.000, 0.982, 0.864, 
[750] Train acc: 1.0000
4, 252, 0.0037, 0.0002, 100.000, 100.000, 0.983, 0.867, 
[765] Train acc: 0.9375
4, 252, 0.1026, 0.0002, 93.750, 100.000, 0.983, 0.873, 
[780] Train acc: 0.9688
4, 252, 0.0618, 0.0002, 96.875, 100.000, 0.986, 0.862, 
[795] Train acc: 0.9531
4, 252, 0.1134, 0.0002, 95.312, 100.000, 0.984, 0.877, 
[810] Train acc: 0.9844
4, 252, 0.0255, 0.0002, 98.438, 100.000, 0.985, 0.878, 
[825] Train acc: 0.9688
4, 252, 0.0317, 0.0002, 96.875, 100.000, 0.985, 0.881, 
[840] Train acc: 1.0000
4, 252, 0.0205, 0.0002, 100.000, 100.000, 0.986, 0.891, 
[855] Train acc: 1.0000
4, 252, 0.0028, 0.0002, 100.000, 100.000, 0.986, 0.888, 
[870] Train acc: 0.9844
4, 252, 0.0441, 0.0003, 98.438, 100.000, 0.982, 0.889, 
[885] Train acc: 1.0000
4, 252, 0.0189, 0.0002, 100.000, 100.000, 0.983, 0.876, 
[900] Train acc: 0.9844
4, 252, 0.0483, 0.0003, 98.438, 100.000, 0.981, 0.886, 
[915] Train acc: 1.0000
4, 252, 0.0061, 0.0002, 100.000, 100.000, 0.988, 0.864, 
[930] Train acc: 0.9688
4, 252, 0.1484, 0.0002, 96.875, 100.000, 0.988, 0.875, 
[0] Train acc: 0.9531
5, 252, 0.1111, 0.0003, 95.312, 100.000, 0.983, 0.875, 
[15] Train acc: 0.9844
5, 252, 0.0725, 0.0002, 98.438, 100.000, 0.987, 0.878, 
[30] Train acc: 1.0000
5, 252, 0.0307, 0.0002, 100.000, 100.000, 0.988, 0.858, 
[45] Train acc: 0.9531
5, 252, 0.0974, 0.0002, 95.312, 100.000, 0.987, 0.866, 
[60] Train acc: 1.0000
5, 252, 0.0257, 0.0002, 100.000, 100.000, 0.983, 0.853, 
[75] Train acc: 0.9844
5, 252, 0.0265, 0.0002, 98.438, 100.000, 0.987, 0.862, 
[90] Train acc: 0.9531
5, 252, 0.1579, 0.0003, 95.312, 100.000, 0.984, 0.883, 
[105] Train acc: 0.9844
5, 252, 0.0386, 0.0002, 98.438, 100.000, 0.986, 0.867, 
[120] Train acc: 1.0000
5, 252, 0.0017, 0.0002, 100.000, 100.000, 0.986, 0.884, 
[135] Train acc: 0.9844
5, 252, 0.0378, 0.0002, 98.438, 100.000, 0.988, 0.887, 
[150] Train acc: 1.0000
5, 252, 0.0248, 0.0002, 100.000, 100.000, 0.988, 0.867, 
[165] Train acc: 0.9844
5, 252, 0.0313, 0.0002, 98.438, 100.000, 0.984, 0.891, 
[180] Train acc: 1.0000
5, 252, 0.0177, 0.0002, 100.000, 100.000, 0.986, 0.873, 
[195] Train acc: 0.9844
5, 252, 0.0261, 0.0002, 98.438, 100.000, 0.986, 0.873, 
[210] Train acc: 0.9688
5, 252, 0.2018, 0.0002, 96.875, 98.438, 0.986, 0.878, 
[225] Train acc: 0.9688
5, 252, 0.0630, 0.0002, 96.875, 100.000, 0.982, 0.868, 
[240] Train acc: 0.9844
5, 252, 0.0421, 0.0002, 98.438, 100.000, 0.987, 0.868, 
[255] Train acc: 0.9844
5, 252, 0.0400, 0.0002, 98.438, 100.000, 0.986, 0.885, 
[270] Train acc: 1.0000
5, 252, 0.0125, 0.0003, 100.000, 100.000, 0.983, 0.874, 
[285] Train acc: 0.9844
5, 252, 0.0382, 0.0002, 98.438, 100.000, 0.986, 0.876, 
[300] Train acc: 0.9844
5, 252, 0.0596, 0.0002, 98.438, 100.000, 0.988, 0.882, 
[315] Train acc: 0.9688
5, 252, 0.0619, 0.0002, 96.875, 100.000, 0.985, 0.881, 
[330] Train acc: 0.9688
5, 252, 0.0354, 0.0002, 96.875, 100.000, 0.986, 0.876, 
[345] Train acc: 1.0000
5, 252, 0.0056, 0.0002, 100.000, 100.000, 0.985, 0.870, 
[360] Train acc: 1.0000
5, 252, 0.0058, 0.0002, 100.000, 100.000, 0.987, 0.867, 
[375] Train acc: 1.0000
5, 252, 0.0171, 0.0002, 100.000, 100.000, 0.984, 0.855, 
[390] Train acc: 0.9844
5, 252, 0.0335, 0.0002, 98.438, 100.000, 0.987, 0.846, 
[405] Train acc: 0.9688
5, 252, 0.0375, 0.0002, 96.875, 100.000, 0.986, 0.853, 
[420] Train acc: 0.9844
5, 252, 0.0315, 0.0002, 98.438, 100.000, 0.987, 0.839, 
[435] Train acc: 0.9844
5, 252, 0.0440, 0.0002, 98.438, 100.000, 0.986, 0.823, 
[450] Train acc: 0.9688
5, 252, 0.0599, 0.0002, 96.875, 100.000, 0.987, 0.855, 
[465] Train acc: 0.9531
5, 252, 0.2102, 0.0002, 95.312, 100.000, 0.986, 0.874, 
[480] Train acc: 1.0000
5, 252, 0.0091, 0.0002, 100.000, 100.000, 0.985, 0.879, 
[495] Train acc: 0.9688
5, 252, 0.0673, 0.0002, 96.875, 100.000, 0.985, 0.881, 
[510] Train acc: 0.9531
5, 252, 0.0763, 0.0002, 95.312, 100.000, 0.988, 0.877, 
[525] Train acc: 0.9688
5, 252, 0.0685, 0.0002, 96.875, 100.000, 0.988, 0.838, 
[540] Train acc: 0.9688
5, 252, 0.1217, 0.0002, 96.875, 100.000, 0.988, 0.846, 
[555] Train acc: 0.9844
5, 252, 0.0280, 0.0002, 98.438, 100.000, 0.989, 0.854, 
[570] Train acc: 1.0000
5, 252, 0.0093, 0.0002, 100.000, 100.000, 0.987, 0.852, 
[585] Train acc: 1.0000
5, 252, 0.0100, 0.0002, 100.000, 100.000, 0.985, 0.855, 
[600] Train acc: 1.0000
5, 252, 0.0176, 0.0002, 100.000, 100.000, 0.985, 0.865, 
[615] Train acc: 0.9844
5, 252, 0.0287, 0.0002, 98.438, 100.000, 0.988, 0.882, 
[630] Train acc: 0.9219
5, 252, 0.1512, 0.0002, 92.188, 100.000, 0.987, 0.870, 
[645] Train acc: 1.0000
5, 252, 0.0033, 0.0002, 100.000, 100.000, 0.987, 0.859, 
[660] Train acc: 1.0000
5, 252, 0.0050, 0.0002, 100.000, 100.000, 0.987, 0.855, 
[675] Train acc: 1.0000
5, 252, 0.0227, 0.0002, 100.000, 100.000, 0.988, 0.868, 
[690] Train acc: 1.0000
5, 252, 0.0036, 0.0002, 100.000, 100.000, 0.987, 0.856, 
[705] Train acc: 1.0000
5, 252, 0.0076, 0.0002, 100.000, 100.000, 0.988, 0.864, 
[720] Train acc: 0.9844
5, 252, 0.0513, 0.0002, 98.438, 100.000, 0.987, 0.861, 
[735] Train acc: 0.9844
5, 252, 0.0698, 0.0002, 98.438, 100.000, 0.987, 0.853, 
[750] Train acc: 1.0000
5, 252, 0.0060, 0.0002, 100.000, 100.000, 0.986, 0.846, 
[765] Train acc: 0.9844
5, 252, 0.0171, 0.0003, 98.438, 100.000, 0.983, 0.872, 
[780] Train acc: 0.9531
5, 252, 0.2504, 0.0002, 95.312, 100.000, 0.987, 0.873, 
[795] Train acc: 0.9688
5, 252, 0.0540, 0.0002, 96.875, 100.000, 0.987, 0.867, 
[810] Train acc: 0.9844
5, 252, 0.0298, 0.0002, 98.438, 100.000, 0.986, 0.875, 
[825] Train acc: 1.0000
5, 252, 0.0093, 0.0002, 100.000, 100.000, 0.984, 0.871, 
[840] Train acc: 0.9844
5, 252, 0.0289, 0.0002, 98.438, 100.000, 0.988, 0.857, 
[855] Train acc: 1.0000
5, 252, 0.0141, 0.0002, 100.000, 100.000, 0.985, 0.854, 
[870] Train acc: 0.9688
5, 252, 0.1173, 0.0002, 96.875, 100.000, 0.982, 0.851, 
[885] Train acc: 1.0000
5, 252, 0.0029, 0.0002, 100.000, 100.000, 0.986, 0.878, 
[900] Train acc: 1.0000
5, 252, 0.0236, 0.0002, 100.000, 100.000, 0.987, 0.872, 
[915] Train acc: 1.0000
5, 252, 0.0157, 0.0002, 100.000, 100.000, 0.987, 0.886, 
[930] Train acc: 0.9844
5, 252, 0.0355, 0.0003, 98.438, 100.000, 0.985, 0.885, 
[0] Train acc: 1.0000
6, 252, 0.0077, 0.0002, 100.000, 100.000, 0.986, 0.866, 
[15] Train acc: 1.0000
6, 252, 0.0069, 0.0002, 100.000, 100.000, 0.990, 0.865, 
[30] Train acc: 1.0000
6, 252, 0.0320, 0.0002, 100.000, 100.000, 0.987, 0.892, 
[45] Train acc: 1.0000
6, 252, 0.0037, 0.0002, 100.000, 100.000, 0.989, 0.882, 
[60] Train acc: 0.9844
6, 252, 0.0310, 0.0002, 98.438, 100.000, 0.988, 0.875, 
[75] Train acc: 0.9844
6, 252, 0.0252, 0.0002, 98.438, 100.000, 0.987, 0.856, 
[90] Train acc: 1.0000
6, 252, 0.0226, 0.0002, 100.000, 100.000, 0.987, 0.852, 
[105] Train acc: 0.9688
6, 252, 0.0455, 0.0002, 96.875, 100.000, 0.987, 0.844, 
[120] Train acc: 0.9844
6, 252, 0.0428, 0.0002, 98.438, 100.000, 0.988, 0.839, 
[135] Train acc: 1.0000
6, 252, 0.0032, 0.0002, 100.000, 100.000, 0.988, 0.825, 
[150] Train acc: 1.0000
6, 252, 0.0162, 0.0002, 100.000, 100.000, 0.985, 0.846, 
[165] Train acc: 1.0000
6, 252, 0.0108, 0.0002, 100.000, 100.000, 0.986, 0.851, 
[180] Train acc: 1.0000
6, 252, 0.0093, 0.0002, 100.000, 100.000, 0.988, 0.839, 
[195] Train acc: 0.9531
6, 252, 0.0641, 0.0002, 95.312, 100.000, 0.988, 0.842, 
[210] Train acc: 0.9844
6, 252, 0.0510, 0.0002, 98.438, 100.000, 0.988, 0.869, 
[225] Train acc: 0.9688
6, 252, 0.0479, 0.0002, 96.875, 100.000, 0.989, 0.855, 
[240] Train acc: 1.0000
6, 252, 0.0071, 0.0002, 100.000, 100.000, 0.986, 0.863, 
[255] Train acc: 0.9844
6, 252, 0.0890, 0.0002, 98.438, 100.000, 0.987, 0.850, 
[270] Train acc: 1.0000
6, 252, 0.0099, 0.0002, 100.000, 100.000, 0.988, 0.865, 
[285] Train acc: 0.9688
6, 252, 0.1037, 0.0002, 96.875, 100.000, 0.988, 0.861, 
[300] Train acc: 0.9844
6, 252, 0.0990, 0.0002, 98.438, 100.000, 0.985, 0.873, 
[315] Train acc: 1.0000
6, 252, 0.0039, 0.0002, 100.000, 100.000, 0.988, 0.861, 
[330] Train acc: 1.0000
6, 252, 0.0165, 0.0002, 100.000, 100.000, 0.988, 0.859, 
[345] Train acc: 0.9688
6, 252, 0.1460, 0.0002, 96.875, 100.000, 0.988, 0.858, 
[360] Train acc: 0.9844
6, 252, 0.0293, 0.0002, 98.438, 100.000, 0.989, 0.866, 
[375] Train acc: 0.9844
6, 252, 0.0530, 0.0003, 98.438, 100.000, 0.985, 0.880, 
[390] Train acc: 0.9844
6, 252, 0.0525, 0.0002, 98.438, 100.000, 0.987, 0.857, 
[405] Train acc: 0.9844
6, 252, 0.0208, 0.0002, 98.438, 100.000, 0.985, 0.863, 
[420] Train acc: 1.0000
6, 252, 0.0034, 0.0002, 100.000, 100.000, 0.985, 0.861, 
[435] Train acc: 1.0000
6, 252, 0.0031, 0.0002, 100.000, 100.000, 0.988, 0.854, 
[450] Train acc: 1.0000
6, 252, 0.0083, 0.0002, 100.000, 100.000, 0.987, 0.851, 
[465] Train acc: 0.9844
6, 252, 0.0316, 0.0002, 98.438, 100.000, 0.989, 0.857, 
[480] Train acc: 1.0000
6, 252, 0.0076, 0.0002, 100.000, 100.000, 0.988, 0.871, 
[495] Train acc: 1.0000
6, 252, 0.0132, 0.0002, 100.000, 100.000, 0.987, 0.851, 
[510] Train acc: 0.9688
6, 252, 0.1074, 0.0002, 96.875, 100.000, 0.986, 0.855, 
[525] Train acc: 0.9688
6, 252, 0.0541, 0.0002, 96.875, 100.000, 0.991, 0.861, 
[540] Train acc: 0.9688
6, 252, 0.0622, 0.0002, 96.875, 100.000, 0.985, 0.862, 
[555] Train acc: 1.0000
6, 252, 0.0138, 0.0002, 100.000, 100.000, 0.989, 0.847, 
[570] Train acc: 0.9844
6, 252, 0.0553, 0.0002, 98.438, 100.000, 0.989, 0.842, 
[585] Train acc: 0.9844
6, 252, 0.0454, 0.0002, 98.438, 100.000, 0.988, 0.852, 
[600] Train acc: 1.0000
6, 252, 0.0010, 0.0002, 100.000, 100.000, 0.986, 0.854, 
[615] Train acc: 0.9844
6, 252, 0.0376, 0.0002, 98.438, 100.000, 0.988, 0.812, 
[630] Train acc: 0.9844
6, 252, 0.0523, 0.0002, 98.438, 100.000, 0.982, 0.834, 
[645] Train acc: 1.0000
6, 252, 0.0097, 0.0002, 100.000, 100.000, 0.989, 0.832, 
[660] Train acc: 1.0000
6, 252, 0.0105, 0.0002, 100.000, 100.000, 0.989, 0.839, 
[675] Train acc: 1.0000
6, 252, 0.0029, 0.0002, 100.000, 100.000, 0.989, 0.840, 
[690] Train acc: 1.0000
6, 252, 0.0066, 0.0002, 100.000, 100.000, 0.987, 0.833, 
[705] Train acc: 1.0000
6, 252, 0.0072, 0.0002, 100.000, 100.000, 0.986, 0.849, 
[720] Train acc: 0.9844
6, 252, 0.0383, 0.0002, 98.438, 100.000, 0.985, 0.851, 
[735] Train acc: 0.9844
6, 252, 0.0485, 0.0002, 98.438, 100.000, 0.988, 0.840, 
[750] Train acc: 0.9844
6, 252, 0.0240, 0.0002, 98.438, 100.000, 0.989, 0.858, 
[765] Train acc: 1.0000
6, 252, 0.0020, 0.0002, 100.000, 100.000, 0.988, 0.864, 
[780] Train acc: 1.0000
6, 252, 0.0093, 0.0002, 100.000, 100.000, 0.988, 0.863, 
[795] Train acc: 0.9844
6, 252, 0.0299, 0.0002, 98.438, 100.000, 0.988, 0.848, 
[810] Train acc: 1.0000
6, 252, 0.0196, 0.0002, 100.000, 100.000, 0.988, 0.841, 
[825] Train acc: 0.9688
6, 252, 0.0554, 0.0002, 96.875, 100.000, 0.988, 0.850, 
[840] Train acc: 0.9844
6, 252, 0.0489, 0.0002, 98.438, 100.000, 0.987, 0.857, 
[855] Train acc: 1.0000
6, 252, 0.0058, 0.0002, 100.000, 100.000, 0.987, 0.843, 
[870] Train acc: 1.0000
6, 252, 0.0059, 0.0002, 100.000, 100.000, 0.988, 0.835, 
[885] Train acc: 0.9688
6, 252, 0.0620, 0.0002, 96.875, 100.000, 0.987, 0.847, 
[900] Train acc: 1.0000
6, 252, 0.0079, 0.0002, 100.000, 100.000, 0.987, 0.854, 
[915] Train acc: 1.0000
6, 252, 0.0101, 0.0002, 100.000, 100.000, 0.988, 0.842, 
[930] Train acc: 1.0000
6, 252, 0.0074, 0.0002, 100.000, 100.000, 0.988, 0.840, 
[0] Train acc: 1.0000, Constr acc: 0.7188, CE loss: 0.005, DL2 loss: 8.186
7, 252, 0.0048, 0.0003, 100.000, 100.000, 0.924, 0.849, 
[15] Train acc: 0.9688, Constr acc: 0.8750, CE loss: 0.080, DL2 loss: 6.213
7, 251, 0.0805, 0.0002, 96.875, 100.000, 0.959, 0.726, 
[30] Train acc: 0.9844, Constr acc: 0.9375, CE loss: 0.087, DL2 loss: 3.112
7, 250, 0.0870, 0.0002, 98.438, 100.000, 0.915, 0.724, 
[45] Train acc: 0.9844, Constr acc: 0.9375, CE loss: 0.020, DL2 loss: 3.385
7, 249, 0.0202, 0.0001, 98.438, 100.000, 0.971, 0.722, 
[60] Train acc: 1.0000, Constr acc: 0.8438, CE loss: 0.001, DL2 loss: 7.476
7, 248, 0.0008, 0.0002, 100.000, 100.000, 0.961, 0.716, 
[75] Train acc: 0.9062, Constr acc: 0.8750, CE loss: 0.449, DL2 loss: 7.312
7, 247, 0.4488, 0.0002, 90.625, 100.000, 0.944, 0.770, 
[90] Train acc: 0.9844, Constr acc: 0.8750, CE loss: 0.053, DL2 loss: 4.098
7, 246, 0.0529, 0.0002, 98.438, 100.000, 0.948, 0.727, 
[105] Train acc: 1.0000, Constr acc: 0.8125, CE loss: 0.014, DL2 loss: 5.817
7, 245, 0.0144, 0.0002, 100.000, 100.000, 0.937, 0.702, 
[120] Train acc: 0.9688, Constr acc: 0.9688, CE loss: 0.045, DL2 loss: 0.842
7, 244, 0.0451, 0.0002, 96.875, 100.000, 0.945, 0.696, 
[135] Train acc: 1.0000, Constr acc: 0.9688, CE loss: 0.001, DL2 loss: 0.121
7, 243, 0.0009, 0.0001, 100.000, 100.000, 0.970, 0.698, 
[150] Train acc: 1.0000, Constr acc: 0.7500, CE loss: 0.011, DL2 loss: 14.640
7, 242, 0.0114, 0.0002, 100.000, 100.000, 0.942, 0.709, 
[165] Train acc: 1.0000, Constr acc: 0.9062, CE loss: 0.007, DL2 loss: 5.638
7, 241, 0.0072, 0.0001, 100.000, 100.000, 0.972, 0.686, 
[180] Train acc: 0.9844, Constr acc: 0.9688, CE loss: 0.089, DL2 loss: 0.406
7, 240, 0.0886, 0.0001, 98.438, 100.000, 0.973, 0.698, 
[195] Train acc: 0.9219, Constr acc: 0.7812, CE loss: 0.423, DL2 loss: 11.200
7, 239, 0.4232, 0.0001, 92.188, 100.000, 0.970, 0.689, 
[210] Train acc: 1.0000, Constr acc: 0.8438, CE loss: 0.004, DL2 loss: 4.569
7, 238, 0.0043, 0.0002, 100.000, 100.000, 0.952, 0.695, 
[225] Train acc: 0.9844, Constr acc: 0.8750, CE loss: 0.037, DL2 loss: 4.759
7, 237, 0.0374, 0.0001, 98.438, 100.000, 0.962, 0.693, 
[240] Train acc: 0.9844, Constr acc: 0.9062, CE loss: 0.043, DL2 loss: 3.974
7, 236, 0.0426, 0.0001, 98.438, 100.000, 0.978, 0.685, 
[255] Train acc: 0.9844, Constr acc: 0.9062, CE loss: 0.067, DL2 loss: 1.220
7, 235, 0.0670, 0.0002, 98.438, 100.000, 0.963, 0.721, 
[270] Train acc: 0.9531, Constr acc: 0.8125, CE loss: 0.104, DL2 loss: 11.136
7, 234, 0.1039, 0.0003, 95.312, 100.000, 0.925, 0.742, 
[285] Train acc: 0.9531, Constr acc: 0.7812, CE loss: 0.115, DL2 loss: 9.072
7, 233, 0.1146, 0.0002, 95.312, 100.000, 0.965, 0.726, 
[300] Train acc: 0.9844, Constr acc: 0.8750, CE loss: 0.032, DL2 loss: 5.638
7, 232, 0.0315, 0.0001, 98.438, 100.000, 0.975, 0.718, 
[315] Train acc: 0.9531, Constr acc: 0.9375, CE loss: 0.388, DL2 loss: 4.297
7, 231, 0.3881, 0.0002, 95.312, 100.000, 0.929, 0.735, 
[330] Train acc: 0.9688, Constr acc: 0.9062, CE loss: 0.266, DL2 loss: 3.960
7, 230, 0.2655, 0.0001, 96.875, 100.000, 0.966, 0.695, 
[345] Train acc: 0.8906, Constr acc: 0.8438, CE loss: 0.721, DL2 loss: 3.052
7, 229, 0.7213, 0.0003, 89.062, 100.000, 0.927, 0.754, 
[360] Train acc: 0.8750, Constr acc: 0.8438, CE loss: 0.334, DL2 loss: 6.822
7, 228, 0.3338, 0.0003, 87.500, 100.000, 0.938, 0.786, 
[375] Train acc: 0.9219, Constr acc: 0.9688, CE loss: 0.293, DL2 loss: 3.683
7, 227, 0.2926, 0.0002, 92.188, 100.000, 0.960, 0.717, 
[390] Train acc: 0.9688, Constr acc: 0.9062, CE loss: 0.085, DL2 loss: 3.785
7, 226, 0.0852, 0.0002, 96.875, 100.000, 0.959, 0.707, 
[405] Train acc: 0.9844, Constr acc: 0.9688, CE loss: 0.126, DL2 loss: 3.665
7, 225, 0.1259, 0.0001, 98.438, 98.438, 0.959, 0.689, 
[420] Train acc: 0.9531, Constr acc: 0.8750, CE loss: 0.082, DL2 loss: 0.550
7, 224, 0.0823, 0.0001, 95.312, 100.000, 0.963, 0.713, 
[435] Train acc: 0.9375, Constr acc: 0.9375, CE loss: 0.358, DL2 loss: 0.888
7, 223, 0.3580, 0.0003, 93.750, 100.000, 0.913, 0.738, 
[450] Train acc: 0.9688, Constr acc: 0.8438, CE loss: 0.118, DL2 loss: 7.987
7, 222, 0.1176, 0.0002, 96.875, 100.000, 0.959, 0.724, 
[465] Train acc: 0.9844, Constr acc: 0.8125, CE loss: 0.037, DL2 loss: 10.662
7, 221, 0.0366, 0.0002, 98.438, 100.000, 0.947, 0.718, 
[480] Train acc: 0.9531, Constr acc: 0.8438, CE loss: 0.188, DL2 loss: 7.354
7, 220, 0.1883, 0.0001, 95.312, 100.000, 0.963, 0.716, 
[495] Train acc: 0.9531, Constr acc: 0.9688, CE loss: 0.135, DL2 loss: 0.095
7, 219, 0.1346, 0.0002, 95.312, 100.000, 0.959, 0.724, 
[510] Train acc: 0.9531, Constr acc: 0.9062, CE loss: 0.288, DL2 loss: 5.018
7, 218, 0.2878, 0.0001, 95.312, 100.000, 0.967, 0.707, 
[525] Train acc: 0.9062, Constr acc: 0.9062, CE loss: 0.346, DL2 loss: 2.208
7, 217, 0.3459, 0.0001, 90.625, 100.000, 0.975, 0.693, 
[540] Train acc: 1.0000, Constr acc: 0.9375, CE loss: 0.002, DL2 loss: 5.433
7, 216, 0.0016, 0.0001, 100.000, 100.000, 0.972, 0.712, 
[555] Train acc: 0.9531, Constr acc: 0.8438, CE loss: 0.315, DL2 loss: 6.032
7, 215, 0.3154, 0.0001, 95.312, 100.000, 0.971, 0.702, 
[570] Train acc: 0.9688, Constr acc: 0.9375, CE loss: 0.135, DL2 loss: 3.869
7, 214, 0.1355, 0.0001, 96.875, 100.000, 0.967, 0.704, 
[585] Train acc: 0.9844, Constr acc: 0.9688, CE loss: 0.072, DL2 loss: 2.874
7, 213, 0.0716, 0.0001, 98.438, 100.000, 0.975, 0.691, 
[600] Train acc: 0.6406, Constr acc: 0.7812, CE loss: 5.929, DL2 loss: 9.471
7, 212, 5.9287, 0.0004, 64.062, 93.750, 0.873, 0.769, 
[615] Train acc: 0.9844, Constr acc: 0.8750, CE loss: 0.030, DL2 loss: 4.391
7, 211, 0.0305, 0.0002, 98.438, 100.000, 0.947, 0.718, 
[630] Train acc: 0.8906, Constr acc: 0.8438, CE loss: 0.757, DL2 loss: 6.590
7, 210, 0.7570, 0.0001, 89.062, 100.000, 0.965, 0.694, 
[645] Train acc: 0.9531, Constr acc: 0.8438, CE loss: 0.274, DL2 loss: 4.230
7, 209, 0.2741, 0.0002, 95.312, 100.000, 0.949, 0.691, 
[660] Train acc: 0.9844, Constr acc: 0.9062, CE loss: 0.015, DL2 loss: 5.150
7, 208, 0.0146, 0.0001, 98.438, 100.000, 0.963, 0.708, 
[675] Train acc: 0.9844, Constr acc: 0.7812, CE loss: 0.195, DL2 loss: 12.245
7, 207, 0.1947, 0.0008, 98.438, 100.000, 0.798, 0.718, 
[690] Train acc: 0.9219, Constr acc: 0.9062, CE loss: 0.412, DL2 loss: 4.012
7, 206, 0.4118, 0.0002, 92.188, 100.000, 0.944, 0.702, 
[705] Train acc: 1.0000, Constr acc: 0.8750, CE loss: 0.012, DL2 loss: 4.735
7, 205, 0.0116, 0.0001, 100.000, 100.000, 0.966, 0.704, 
[720] Train acc: 0.9844, Constr acc: 0.9375, CE loss: 0.099, DL2 loss: 2.529
7, 204, 0.0988, 0.0001, 98.438, 100.000, 0.967, 0.684, 
[735] Train acc: 0.9844, Constr acc: 0.9062, CE loss: 0.112, DL2 loss: 7.613
7, 203, 0.1121, 0.0001, 98.438, 100.000, 0.964, 0.669, 
[750] Train acc: 0.9531, Constr acc: 0.9062, CE loss: 0.141, DL2 loss: 2.021
7, 202, 0.1413, 0.0001, 95.312, 100.000, 0.969, 0.678, 
[765] Train acc: 1.0000, Constr acc: 1.0000, CE loss: 0.009, DL2 loss: 0.000
7, 201, 0.0090, 0.0001, 100.000, 100.000, 0.966, 0.672, 
[780] Train acc: 0.9844, Constr acc: 1.0000, CE loss: 0.031, DL2 loss: 0.000
7, 200, 0.0312, 0.0001, 98.438, 100.000, 0.967, 0.690, 
[795] Train acc: 0.9844, Constr acc: 0.9375, CE loss: 0.073, DL2 loss: 2.869
7, 199, 0.0728, 0.0001, 98.438, 100.000, 0.976, 0.683, 
[810] Train acc: 0.9375, Constr acc: 0.9375, CE loss: 0.229, DL2 loss: 3.562
7, 198, 0.2289, 0.0001, 93.750, 100.000, 0.964, 0.703, 
[825] Train acc: 0.9844, Constr acc: 0.8750, CE loss: 0.043, DL2 loss: 3.797
7, 197, 0.0432, 0.0002, 98.438, 100.000, 0.953, 0.737, 
[840] Train acc: 0.9688, Constr acc: 0.9688, CE loss: 0.106, DL2 loss: 1.919
7, 196, 0.1060, 0.0001, 96.875, 100.000, 0.975, 0.688, 
[855] Train acc: 0.9688, Constr acc: 0.8750, CE loss: 0.068, DL2 loss: 8.957
7, 195, 0.0677, 0.0002, 96.875, 100.000, 0.950, 0.706, 
[870] Train acc: 0.9531, Constr acc: 0.9688, CE loss: 0.200, DL2 loss: 0.291
7, 194, 0.1998, 0.0001, 95.312, 100.000, 0.976, 0.687, 
[885] Train acc: 0.9375, Constr acc: 0.8438, CE loss: 0.147, DL2 loss: 13.015
7, 193, 0.1470, 0.0001, 93.750, 100.000, 0.976, 0.671, 
[900] Train acc: 0.9219, Constr acc: 0.8750, CE loss: 0.346, DL2 loss: 3.084
7, 192, 0.3461, 0.0002, 92.188, 100.000, 0.944, 0.709, 
[915] Train acc: 0.9688, Constr acc: 0.8125, CE loss: 0.147, DL2 loss: 6.356
7, 191, 0.1468, 0.0002, 96.875, 98.438, 0.960, 0.704, 
[930] Train acc: 0.9688, Constr acc: 0.8750, CE loss: 0.197, DL2 loss: 2.860
7, 190, 0.1966, 0.0001, 96.875, 100.000, 0.961, 0.696, 
[0] Train acc: 0.9531, Constr acc: 0.9062, CE loss: 0.189, DL2 loss: 7.550
8, 190, 0.1894, 0.0002, 95.312, 100.000, 0.946, 0.706, 
[15] Train acc: 0.9531, Constr acc: 0.9062, CE loss: 0.116, DL2 loss: 2.422
8, 189, 0.1161, 0.0001, 95.312, 100.000, 0.968, 0.678, 
[30] Train acc: 0.9688, Constr acc: 0.9062, CE loss: 0.122, DL2 loss: 5.379
8, 188, 0.1218, 0.0001, 96.875, 100.000, 0.973, 0.676, 
[45] Train acc: 0.9844, Constr acc: 0.8125, CE loss: 0.046, DL2 loss: 10.031
8, 187, 0.0463, 0.0001, 98.438, 100.000, 0.965, 0.697, 
[60] Train acc: 0.9062, Constr acc: 0.8125, CE loss: 0.495, DL2 loss: 6.881
8, 186, 0.4947, 0.0001, 90.625, 100.000, 0.973, 0.679, 
[75] Train acc: 1.0000, Constr acc: 0.8438, CE loss: 0.016, DL2 loss: 4.805
8, 185, 0.0159, 0.0001, 100.000, 100.000, 0.958, 0.679, 
[90] Train acc: 0.9844, Constr acc: 0.9062, CE loss: 0.034, DL2 loss: 4.917
8, 184, 0.0341, 0.0001, 98.438, 100.000, 0.973, 0.676, 
[105] Train acc: 0.9531, Constr acc: 0.9688, CE loss: 0.348, DL2 loss: 1.576
8, 183, 0.3477, 0.0001, 95.312, 100.000, 0.964, 0.674, 
[120] Train acc: 0.9531, Constr acc: 0.9688, CE loss: 0.152, DL2 loss: 0.006
8, 182, 0.1524, 0.0001, 95.312, 100.000, 0.973, 0.679, 
[135] Train acc: 1.0000, Constr acc: 0.9062, CE loss: 0.005, DL2 loss: 4.618
8, 181, 0.0054, 0.0001, 100.000, 100.000, 0.970, 0.688, 
[150] Train acc: 0.9062, Constr acc: 0.9688, CE loss: 0.974, DL2 loss: 2.566
8, 180, 0.9742, 0.0002, 90.625, 100.000, 0.940, 0.683, 
[165] Train acc: 1.0000, Constr acc: 0.8438, CE loss: 0.006, DL2 loss: 2.304
8, 179, 0.0060, 0.0002, 100.000, 100.000, 0.938, 0.694, 
[180] Train acc: 0.9688, Constr acc: 0.9688, CE loss: 0.094, DL2 loss: 3.271
8, 178, 0.0938, 0.0002, 96.875, 100.000, 0.946, 0.675, 
[195] Train acc: 0.9688, Constr acc: 0.9062, CE loss: 0.325, DL2 loss: 3.274
8, 177, 0.3248, 0.0001, 96.875, 100.000, 0.974, 0.666, 
[210] Train acc: 0.9688, Constr acc: 0.8438, CE loss: 0.122, DL2 loss: 8.809
8, 176, 0.1222, 0.0001, 96.875, 100.000, 0.972, 0.678, 
[225] Train acc: 0.9531, Constr acc: 0.9688, CE loss: 0.390, DL2 loss: 0.127
8, 175, 0.3897, 0.0001, 95.312, 100.000, 0.969, 0.687, 
[240] Train acc: 0.9688, Constr acc: 0.8750, CE loss: 0.239, DL2 loss: 5.250
8, 174, 0.2388, 0.0001, 96.875, 100.000, 0.968, 0.686, 
[255] Train acc: 0.9688, Constr acc: 0.9062, CE loss: 0.095, DL2 loss: 6.941
8, 173, 0.0947, 0.0001, 96.875, 100.000, 0.973, 0.680, 
[270] Train acc: 0.9531, Constr acc: 0.9375, CE loss: 0.112, DL2 loss: 2.020
8, 172, 0.1121, 0.0001, 95.312, 100.000, 0.973, 0.693, 
[285] Train acc: 0.9531, Constr acc: 0.9375, CE loss: 0.443, DL2 loss: 1.964
8, 171, 0.4434, 0.0001, 95.312, 100.000, 0.960, 0.686, 
[300] Train acc: 0.9688, Constr acc: 0.9375, CE loss: 0.112, DL2 loss: 1.509
8, 170, 0.1118, 0.0001, 96.875, 100.000, 0.973, 0.732, 
[315] Train acc: 0.9062, Constr acc: 0.9375, CE loss: 0.329, DL2 loss: 2.936
8, 169, 0.3290, 0.0001, 90.625, 100.000, 0.972, 0.691, 
[330] Train acc: 1.0000, Constr acc: 0.9688, CE loss: 0.001, DL2 loss: 0.013
8, 168, 0.0007, 0.0001, 100.000, 100.000, 0.979, 0.688, 
[345] Train acc: 0.9688, Constr acc: 0.8750, CE loss: 0.132, DL2 loss: 7.241
8, 167, 0.1316, 0.0001, 96.875, 100.000, 0.976, 0.677, 
[360] Train acc: 0.9688, Constr acc: 0.9062, CE loss: 0.427, DL2 loss: 3.753
8, 166, 0.4270, 0.0001, 96.875, 100.000, 0.974, 0.668, 
[375] Train acc: 0.9688, Constr acc: 0.9688, CE loss: 0.188, DL2 loss: 2.133
8, 165, 0.1882, 0.0001, 96.875, 100.000, 0.976, 0.689, 
[390] Train acc: 0.9844, Constr acc: 0.9375, CE loss: 0.049, DL2 loss: 1.818
8, 164, 0.0491, 0.0001, 98.438, 100.000, 0.974, 0.672, 
[405] Train acc: 0.9844, Constr acc: 0.9688, CE loss: 0.020, DL2 loss: 2.191
8, 163, 0.0198, 0.0001, 98.438, 100.000, 0.974, 0.682, 
[420] Train acc: 1.0000, Constr acc: 0.9375, CE loss: 0.006, DL2 loss: 3.663
8, 162, 0.0058, 0.0001, 100.000, 100.000, 0.980, 0.688, 
[435] Train acc: 0.9375, Constr acc: 0.9375, CE loss: 0.515, DL2 loss: 3.699
8, 161, 0.5154, 0.0001, 93.750, 98.438, 0.974, 0.683, 
[450] Train acc: 0.9844, Constr acc: 0.9062, CE loss: 0.072, DL2 loss: 7.571
8, 160, 0.0722, 0.0001, 98.438, 100.000, 0.974, 0.686, 
[465] Train acc: 0.9531, Constr acc: 0.9062, CE loss: 0.310, DL2 loss: 4.369
8, 159, 0.3101, 0.0001, 95.312, 100.000, 0.980, 0.680, 
[480] Train acc: 0.9531, Constr acc: 0.8438, CE loss: 0.116, DL2 loss: 4.244
8, 158, 0.1165, 0.0001, 95.312, 100.000, 0.978, 0.670, 
[495] Train acc: 1.0000, Constr acc: 0.9375, CE loss: 0.006, DL2 loss: 2.460
8, 157, 0.0056, 0.0001, 100.000, 100.000, 0.975, 0.684, 
[510] Train acc: 1.0000, Constr acc: 0.9688, CE loss: 0.017, DL2 loss: 0.541
8, 156, 0.0175, 0.0001, 100.000, 100.000, 0.978, 0.674, 
[525] Train acc: 1.0000, Constr acc: 0.9688, CE loss: 0.009, DL2 loss: 0.323
8, 155, 0.0091, 0.0004, 100.000, 100.000, 0.887, 0.707, 
[540] Train acc: 0.9688, Constr acc: 0.8125, CE loss: 0.154, DL2 loss: 5.491
8, 154, 0.1540, 0.0001, 96.875, 100.000, 0.976, 0.699, 
[555] Train acc: 0.9531, Constr acc: 0.9375, CE loss: 0.210, DL2 loss: 3.780
8, 153, 0.2105, 0.0001, 95.312, 100.000, 0.976, 0.683, 
[570] Train acc: 1.0000, Constr acc: 0.9375, CE loss: 0.022, DL2 loss: 4.371
8, 152, 0.0223, 0.0001, 100.000, 100.000, 0.958, 0.675, 
[585] Train acc: 1.0000, Constr acc: 0.9375, CE loss: 0.000, DL2 loss: 3.658
8, 151, 0.0004, 0.0001, 100.000, 100.000, 0.976, 0.683, 
[600] Train acc: 0.9688, Constr acc: 0.9062, CE loss: 0.090, DL2 loss: 3.285
8, 150, 0.0895, 0.0001, 96.875, 100.000, 0.978, 0.673, 
[615] Train acc: 0.9531, Constr acc: 0.9062, CE loss: 0.272, DL2 loss: 2.555
8, 149, 0.2716, 0.0001, 95.312, 100.000, 0.977, 0.677, 
[630] Train acc: 0.9531, Constr acc: 0.8750, CE loss: 0.248, DL2 loss: 8.564
8, 148, 0.2480, 0.0001, 95.312, 100.000, 0.976, 0.675, 
[645] Train acc: 0.9844, Constr acc: 0.9375, CE loss: 0.163, DL2 loss: 3.441
8, 147, 0.1633, 0.0001, 98.438, 100.000, 0.976, 0.684, 
[660] Train acc: 0.9219, Constr acc: 0.8438, CE loss: 0.369, DL2 loss: 7.103
8, 146, 0.3692, 0.0001, 92.188, 100.000, 0.981, 0.678, 
[675] Train acc: 0.9688, Constr acc: 0.8750, CE loss: 0.078, DL2 loss: 3.407
8, 145, 0.0779, 0.0001, 96.875, 100.000, 0.971, 0.679, 
[690] Train acc: 0.9844, Constr acc: 0.8750, CE loss: 0.081, DL2 loss: 6.559
8, 144, 0.0806, 0.0004, 98.438, 100.000, 0.870, 0.713, 
[705] Train acc: 0.9531, Constr acc: 0.9688, CE loss: 0.470, DL2 loss: 0.485
8, 143, 0.4702, 0.0001, 95.312, 100.000, 0.970, 0.715, 
[720] Train acc: 0.9844, Constr acc: 0.9375, CE loss: 0.048, DL2 loss: 1.926
8, 142, 0.0483, 0.0001, 98.438, 100.000, 0.976, 0.727, 
[735] Train acc: 0.9844, Constr acc: 0.9062, CE loss: 0.047, DL2 loss: 2.838
8, 141, 0.0467, 0.0001, 98.438, 100.000, 0.969, 0.720, 
[750] Train acc: 0.9375, Constr acc: 0.8750, CE loss: 0.153, DL2 loss: 4.295
8, 140, 0.1528, 0.0001, 93.750, 100.000, 0.974, 0.702, 
[765] Train acc: 0.9688, Constr acc: 0.8125, CE loss: 0.099, DL2 loss: 6.136
8, 139, 0.0991, 0.0001, 96.875, 100.000, 0.977, 0.686, 
[780] Train acc: 0.9688, Constr acc: 0.9062, CE loss: 0.206, DL2 loss: 1.193
8, 138, 0.2064, 0.0001, 96.875, 100.000, 0.980, 0.689, 
[795] Train acc: 0.9844, Constr acc: 0.7500, CE loss: 0.062, DL2 loss: 11.443
8, 137, 0.0624, 0.0001, 98.438, 100.000, 0.971, 0.687, 
[810] Train acc: 0.9375, Constr acc: 1.0000, CE loss: 0.286, DL2 loss: 0.000
8, 136, 0.2863, 0.0001, 93.750, 100.000, 0.968, 0.691, 
[825] Train acc: 0.9688, Constr acc: 0.9375, CE loss: 0.132, DL2 loss: 3.210
8, 135, 0.1321, 0.0001, 96.875, 100.000, 0.977, 0.691, 
[840] Train acc: 0.9531, Constr acc: 0.9375, CE loss: 0.134, DL2 loss: 1.815
8, 134, 0.1342, 0.0001, 95.312, 100.000, 0.970, 0.699, 
[855] Train acc: 0.9531, Constr acc: 0.8125, CE loss: 0.247, DL2 loss: 13.967
8, 133, 0.2469, 0.0001, 95.312, 100.000, 0.961, 0.711, 
[870] Train acc: 0.9375, Constr acc: 0.8438, CE loss: 0.143, DL2 loss: 5.466
8, 132, 0.1434, 0.0001, 93.750, 100.000, 0.978, 0.698, 
[885] Train acc: 1.0000, Constr acc: 0.8750, CE loss: 0.001, DL2 loss: 4.790
8, 131, 0.0012, 0.0001, 100.000, 100.000, 0.970, 0.696, 
[900] Train acc: 0.9688, Constr acc: 0.8750, CE loss: 0.161, DL2 loss: 1.473
8, 130, 0.1606, 0.0001, 96.875, 98.438, 0.979, 0.679, 
[915] Train acc: 0.9844, Constr acc: 0.8438, CE loss: 0.102, DL2 loss: 6.449
8, 129, 0.1016, 0.0001, 98.438, 100.000, 0.982, 0.695, 
[930] Train acc: 1.0000, Constr acc: 0.9688, CE loss: 0.002, DL2 loss: 1.048
8, 128, 0.0021, 0.0001, 100.000, 100.000, 0.982, 0.686, 
[0] Train acc: 0.9688, Constr acc: 0.8125, CE loss: 0.201, DL2 loss: 10.196
9, 127, 0.2013, 0.0001, 96.875, 100.000, 0.982, 0.691, 
[15] Train acc: 0.9844, Constr acc: 0.8438, CE loss: 0.056, DL2 loss: 9.769
9, 126, 0.0557, 0.0001, 98.438, 100.000, 0.981, 0.687, 
[30] Train acc: 1.0000, Constr acc: 0.8438, CE loss: 0.001, DL2 loss: 10.302
9, 125, 0.0008, 0.0001, 100.000, 100.000, 0.982, 0.676, 
[45] Train acc: 0.9844, Constr acc: 0.9375, CE loss: 0.107, DL2 loss: 2.253
9, 124, 0.1067, 0.0001, 98.438, 100.000, 0.980, 0.690, 
[60] Train acc: 1.0000, Constr acc: 0.9375, CE loss: 0.001, DL2 loss: 4.174
9, 123, 0.0014, 0.0001, 100.000, 100.000, 0.981, 0.676, 
[75] Train acc: 0.9688, Constr acc: 1.0000, CE loss: 0.069, DL2 loss: 0.000
9, 122, 0.0692, 0.0001, 96.875, 100.000, 0.982, 0.686, 
[90] Train acc: 1.0000, Constr acc: 0.8125, CE loss: 0.010, DL2 loss: 3.851
9, 121, 0.0100, 0.0001, 100.000, 100.000, 0.978, 0.678, 
[105] Train acc: 1.0000, Constr acc: 0.9375, CE loss: 0.000, DL2 loss: 4.564
9, 120, 0.0003, 0.0001, 100.000, 100.000, 0.979, 0.685, 
[120] Train acc: 0.9844, Constr acc: 0.9688, CE loss: 0.043, DL2 loss: 2.131
9, 119, 0.0434, 0.0001, 98.438, 100.000, 0.981, 0.689, 
[135] Train acc: 0.9688, Constr acc: 0.8750, CE loss: 0.082, DL2 loss: 2.620
9, 118, 0.0819, 0.0002, 96.875, 100.000, 0.949, 0.706, 
[150] Train acc: 0.9844, Constr acc: 0.9688, CE loss: 0.053, DL2 loss: 1.675
9, 117, 0.0526, 0.0001, 98.438, 100.000, 0.980, 0.672, 
[165] Train acc: 0.9688, Constr acc: 1.0000, CE loss: 0.031, DL2 loss: 0.000
9, 116, 0.0310, 0.0001, 96.875, 100.000, 0.967, 0.680, 
[180] Train acc: 0.9688, Constr acc: 0.9375, CE loss: 0.154, DL2 loss: 6.322
9, 115, 0.1536, 0.0001, 96.875, 100.000, 0.976, 0.677, 
[195] Train acc: 0.9531, Constr acc: 0.9688, CE loss: 0.087, DL2 loss: 0.045
9, 114, 0.0869, 0.0001, 95.312, 100.000, 0.976, 0.659, 
[210] Train acc: 0.9688, Constr acc: 0.9062, CE loss: 0.283, DL2 loss: 6.702
9, 113, 0.2831, 0.0001, 96.875, 100.000, 0.972, 0.690, 
[225] Train acc: 0.9688, Constr acc: 0.9062, CE loss: 0.144, DL2 loss: 2.238
9, 112, 0.1444, 0.0001, 96.875, 100.000, 0.968, 0.709, 
[240] Train acc: 1.0000, Constr acc: 0.8438, CE loss: 0.004, DL2 loss: 4.503
9, 111, 0.0037, 0.0002, 100.000, 100.000, 0.951, 0.703, 
[255] Train acc: 1.0000, Constr acc: 0.9375, CE loss: 0.007, DL2 loss: 3.051
9, 110, 0.0074, 0.0001, 100.000, 100.000, 0.979, 0.699, 
[270] Train acc: 0.9375, Constr acc: 0.8125, CE loss: 0.349, DL2 loss: 1.962
9, 109, 0.3493, 0.0001, 93.750, 100.000, 0.967, 0.686, 
[285] Train acc: 0.9531, Constr acc: 0.9062, CE loss: 0.099, DL2 loss: 5.939
9, 108, 0.0986, 0.0001, 95.312, 100.000, 0.966, 0.703, 
[300] Train acc: 0.9688, Constr acc: 0.8750, CE loss: 0.071, DL2 loss: 4.409
9, 107, 0.0714, 0.0001, 96.875, 100.000, 0.964, 0.715, 
[315] Train acc: 0.9219, Constr acc: 0.8438, CE loss: 0.383, DL2 loss: 11.296
9, 106, 0.3831, 0.0001, 92.188, 100.000, 0.963, 0.695, 
[330] Train acc: 0.9844, Constr acc: 0.8750, CE loss: 0.210, DL2 loss: 3.623
9, 105, 0.2101, 0.0001, 98.438, 100.000, 0.965, 0.706, 
[345] Train acc: 0.9688, Constr acc: 0.8750, CE loss: 0.049, DL2 loss: 1.569
9, 104, 0.0494, 0.0001, 96.875, 100.000, 0.972, 0.699, 
[360] Train acc: 0.9844, Constr acc: 0.9688, CE loss: 0.027, DL2 loss: 1.173
9, 103, 0.0271, 0.0001, 98.438, 100.000, 0.976, 0.738, 
[375] Train acc: 0.9688, Constr acc: 0.9688, CE loss: 0.063, DL2 loss: 0.745
9, 102, 0.0635, 0.0001, 96.875, 100.000, 0.976, 0.736, 
[390] Train acc: 0.9844, Constr acc: 0.9375, CE loss: 0.140, DL2 loss: 2.244
9, 101, 0.1401, 0.0001, 98.438, 100.000, 0.979, 0.722, 
[405] Train acc: 0.9844, Constr acc: 0.8125, CE loss: 0.028, DL2 loss: 6.943
9, 100, 0.0283, 0.0001, 98.438, 100.000, 0.973, 0.718, 
[420] Train acc: 0.9688, Constr acc: 0.8750, CE loss: 0.084, DL2 loss: 5.145
9, 99, 0.0845, 0.0001, 96.875, 100.000, 0.965, 0.712, 
[435] Train acc: 0.9688, Constr acc: 0.9375, CE loss: 0.092, DL2 loss: 2.260
9, 98, 0.0923, 0.0001, 96.875, 100.000, 0.980, 0.699, 
[450] Train acc: 0.9375, Constr acc: 0.9062, CE loss: 0.204, DL2 loss: 2.687
9, 97, 0.2044, 0.0001, 93.750, 100.000, 0.975, 0.740, 
[465] Train acc: 0.9688, Constr acc: 0.9062, CE loss: 0.130, DL2 loss: 4.927
9, 96, 0.1296, 0.0001, 96.875, 100.000, 0.977, 0.736, 
[480] Train acc: 0.9531, Constr acc: 0.8750, CE loss: 0.113, DL2 loss: 4.391
9, 95, 0.1129, 0.0001, 95.312, 100.000, 0.975, 0.723, 
[495] Train acc: 1.0000, Constr acc: 0.8438, CE loss: 0.001, DL2 loss: 4.908
9, 94, 0.0009, 0.0001, 100.000, 100.000, 0.972, 0.701, 
[510] Train acc: 0.9688, Constr acc: 0.8750, CE loss: 0.068, DL2 loss: 7.498
9, 93, 0.0683, 0.0001, 96.875, 100.000, 0.972, 0.708, 
[525] Train acc: 0.9375, Constr acc: 0.8750, CE loss: 0.453, DL2 loss: 7.756
9, 92, 0.4527, 0.0001, 93.750, 98.438, 0.974, 0.703, 
[540] Train acc: 0.9375, Constr acc: 0.8438, CE loss: 0.458, DL2 loss: 8.934
9, 91, 0.4579, 0.0001, 93.750, 100.000, 0.973, 0.700, 
[555] Train acc: 0.9688, Constr acc: 0.9375, CE loss: 0.144, DL2 loss: 3.293
9, 90, 0.1437, 0.0001, 96.875, 100.000, 0.974, 0.698, 
[570] Train acc: 1.0000, Constr acc: 0.9375, CE loss: 0.003, DL2 loss: 2.079
9, 89, 0.0027, 0.0001, 100.000, 100.000, 0.972, 0.705, 
[585] Train acc: 1.0000, Constr acc: 0.8125, CE loss: 0.003, DL2 loss: 6.903
9, 88, 0.0033, 0.0001, 100.000, 100.000, 0.971, 0.708, 
[600] Train acc: 0.9375, Constr acc: 0.7812, CE loss: 0.171, DL2 loss: 8.257
9, 87, 0.1709, 0.0001, 93.750, 100.000, 0.976, 0.700, 
[615] Train acc: 1.0000, Constr acc: 0.9062, CE loss: 0.016, DL2 loss: 6.476
9, 86, 0.0159, 0.0001, 100.000, 100.000, 0.977, 0.710, 
[630] Train acc: 0.9062, Constr acc: 0.7188, CE loss: 0.832, DL2 loss: 9.530
9, 85, 0.8323, 0.0003, 90.625, 96.875, 0.914, 0.765, 
[645] Train acc: 0.9844, Constr acc: 0.9062, CE loss: 0.035, DL2 loss: 7.879
9, 84, 0.0352, 0.0002, 98.438, 100.000, 0.947, 0.752, 
[660] Train acc: 0.9531, Constr acc: 0.7812, CE loss: 0.286, DL2 loss: 13.433
9, 83, 0.2857, 0.0001, 95.312, 100.000, 0.968, 0.717, 
[675] Train acc: 0.9531, Constr acc: 0.8750, CE loss: 0.498, DL2 loss: 2.169
9, 82, 0.4976, 0.0001, 95.312, 98.438, 0.968, 0.723, 
[690] Train acc: 0.9844, Constr acc: 0.9375, CE loss: 0.022, DL2 loss: 0.858
9, 81, 0.0215, 0.0001, 98.438, 100.000, 0.977, 0.703, 
[705] Train acc: 0.9531, Constr acc: 0.9688, CE loss: 0.299, DL2 loss: 2.899
9, 80, 0.2990, 0.0004, 95.312, 100.000, 0.881, 0.693, 
[720] Train acc: 0.9062, Constr acc: 0.8750, CE loss: 0.381, DL2 loss: 3.812
9, 79, 0.3811, 0.0002, 90.625, 98.438, 0.960, 0.698, 
[735] Train acc: 0.9375, Constr acc: 0.8438, CE loss: 0.303, DL2 loss: 8.324
9, 78, 0.3032, 0.0001, 93.750, 98.438, 0.973, 0.721, 
[750] Train acc: 0.9219, Constr acc: 0.8125, CE loss: 0.160, DL2 loss: 7.821
9, 77, 0.1598, 0.0002, 92.188, 100.000, 0.958, 0.719, 
[765] Train acc: 0.9219, Constr acc: 0.8750, CE loss: 0.172, DL2 loss: 4.000
9, 76, 0.1719, 0.0001, 92.188, 100.000, 0.972, 0.706, 
[780] Train acc: 0.9531, Constr acc: 0.8750, CE loss: 0.196, DL2 loss: 1.881
9, 75, 0.1955, 0.0001, 95.312, 100.000, 0.973, 0.710, 
[795] Train acc: 0.9688, Constr acc: 0.9062, CE loss: 0.228, DL2 loss: 4.715
9, 74, 0.2284, 0.0001, 96.875, 100.000, 0.975, 0.724, 
[810] Train acc: 0.9688, Constr acc: 0.8750, CE loss: 0.101, DL2 loss: 5.403
9, 73, 0.1013, 0.0002, 96.875, 100.000, 0.970, 0.720, 
[825] Train acc: 0.9375, Constr acc: 0.9375, CE loss: 0.202, DL2 loss: 1.954
9, 72, 0.2022, 0.0001, 93.750, 100.000, 0.972, 0.705, 
[840] Train acc: 0.9375, Constr acc: 0.9375, CE loss: 0.211, DL2 loss: 4.175
9, 71, 0.2111, 0.0001, 93.750, 100.000, 0.965, 0.706, 
[855] Train acc: 0.9531, Constr acc: 0.9062, CE loss: 0.726, DL2 loss: 2.974
9, 70, 0.7256, 0.0002, 95.312, 98.438, 0.959, 0.706, 
[870] Train acc: 0.9219, Constr acc: 0.8438, CE loss: 0.334, DL2 loss: 7.384
9, 69, 0.3337, 0.0001, 92.188, 100.000, 0.974, 0.710, 
[885] Train acc: 0.9531, Constr acc: 0.8125, CE loss: 0.213, DL2 loss: 6.557
9, 68, 0.2130, 0.0004, 95.312, 100.000, 0.878, 0.789, 
[900] Train acc: 1.0000, Constr acc: 0.8750, CE loss: 0.012, DL2 loss: 5.493
9, 67, 0.0119, 0.0002, 100.000, 100.000, 0.956, 0.721, 
[915] Train acc: 0.9844, Constr acc: 0.9062, CE loss: 0.126, DL2 loss: 1.698
9, 66, 0.1259, 0.0001, 98.438, 100.000, 0.970, 0.722, 
[930] Train acc: 0.9531, Constr acc: 0.8750, CE loss: 0.152, DL2 loss: 3.489
9, 65, 0.1517, 0.0001, 95.312, 100.000, 0.967, 0.711, 
[0] Train acc: 0.9688, Constr acc: 0.8750, CE loss: 0.148, DL2 loss: 3.206
10, 65, 0.1477, 0.0002, 96.875, 100.000, 0.958, 0.732, 
[15] Train acc: 0.8906, Constr acc: 0.8438, CE loss: 0.741, DL2 loss: 7.650
10, 64, 0.7411, 0.0001, 89.062, 98.438, 0.969, 0.718, 
[30] Train acc: 1.0000, Constr acc: 0.9062, CE loss: 0.010, DL2 loss: 0.985
10, 63, 0.0097, 0.0001, 100.000, 100.000, 0.967, 0.718, 
[45] Train acc: 0.9375, Constr acc: 0.8750, CE loss: 0.139, DL2 loss: 5.080
10, 62, 0.1393, 0.0002, 93.750, 100.000, 0.968, 0.746, 
[60] Train acc: 0.9375, Constr acc: 0.8438, CE loss: 0.135, DL2 loss: 3.672
10, 61, 0.1351, 0.0003, 93.750, 100.000, 0.919, 0.724, 
[75] Train acc: 0.9688, Constr acc: 0.8750, CE loss: 0.058, DL2 loss: 5.146
10, 60, 0.0578, 0.0002, 96.875, 100.000, 0.958, 0.738, 
[90] Train acc: 0.9844, Constr acc: 0.8438, CE loss: 0.035, DL2 loss: 4.048
10, 59, 0.0346, 0.0005, 98.438, 100.000, 0.874, 0.758, 
[105] Train acc: 0.9844, Constr acc: 0.9062, CE loss: 0.102, DL2 loss: 2.158
10, 58, 0.1017, 0.0002, 98.438, 100.000, 0.965, 0.713, 
[120] Train acc: 0.9219, Constr acc: 0.8438, CE loss: 0.543, DL2 loss: 6.978
10, 57, 0.5428, 0.0002, 92.188, 100.000, 0.953, 0.724, 
[135] Train acc: 0.9531, Constr acc: 0.8750, CE loss: 0.124, DL2 loss: 3.257
10, 56, 0.1239, 0.0001, 95.312, 100.000, 0.968, 0.723, 
[150] Train acc: 0.9688, Constr acc: 0.8438, CE loss: 0.096, DL2 loss: 5.234
10, 55, 0.0961, 0.0002, 96.875, 100.000, 0.956, 0.724, 
[165] Train acc: 0.9375, Constr acc: 1.0000, CE loss: 0.147, DL2 loss: 0.000
10, 54, 0.1467, 0.0002, 93.750, 100.000, 0.933, 0.736, 
[180] Train acc: 0.9688, Constr acc: 0.9062, CE loss: 0.100, DL2 loss: 4.318
10, 53, 0.0998, 0.0002, 96.875, 100.000, 0.946, 0.730, 
[195] Train acc: 0.9844, Constr acc: 0.9375, CE loss: 0.099, DL2 loss: 2.849
10, 52, 0.0988, 0.0001, 98.438, 100.000, 0.962, 0.729, 
[210] Train acc: 0.9531, Constr acc: 0.7500, CE loss: 0.199, DL2 loss: 9.294
10, 51, 0.1993, 0.0001, 95.312, 100.000, 0.965, 0.712, 
[225] Train acc: 0.9688, Constr acc: 0.9375, CE loss: 0.079, DL2 loss: 1.632
10, 50, 0.0790, 0.0002, 96.875, 100.000, 0.964, 0.727, 
[240] Train acc: 0.9219, Constr acc: 0.8438, CE loss: 0.283, DL2 loss: 7.809
10, 49, 0.2829, 0.0002, 92.188, 100.000, 0.961, 0.721, 
[255] Train acc: 0.9688, Constr acc: 0.8750, CE loss: 0.216, DL2 loss: 6.410
10, 48, 0.2164, 0.0002, 96.875, 100.000, 0.939, 0.745, 
[270] Train acc: 0.9531, Constr acc: 0.9062, CE loss: 0.239, DL2 loss: 6.507
10, 47, 0.2391, 0.0002, 95.312, 100.000, 0.950, 0.765, 
[285] Train acc: 0.9688, Constr acc: 0.7500, CE loss: 0.182, DL2 loss: 11.716
10, 46, 0.1816, 0.0003, 96.875, 100.000, 0.914, 0.746, 
[300] Train acc: 0.9688, Constr acc: 0.9062, CE loss: 0.166, DL2 loss: 4.421
10, 45, 0.1657, 0.0002, 96.875, 100.000, 0.946, 0.780, 
[315] Train acc: 0.9688, Constr acc: 0.8125, CE loss: 0.099, DL2 loss: 9.155
10, 44, 0.0988, 0.0002, 96.875, 100.000, 0.940, 0.770, 
[330] Train acc: 0.9375, Constr acc: 0.9688, CE loss: 0.854, DL2 loss: 1.003
10, 43, 0.8542, 0.0002, 93.750, 98.438, 0.938, 0.739, 
[345] Train acc: 0.9531, Constr acc: 0.9062, CE loss: 0.177, DL2 loss: 3.593
10, 42, 0.1767, 0.0003, 95.312, 100.000, 0.925, 0.725, 
[360] Train acc: 0.9375, Constr acc: 0.9375, CE loss: 0.149, DL2 loss: 0.838
10, 41, 0.1491, 0.0002, 93.750, 100.000, 0.929, 0.756, 
[375] Train acc: 0.9688, Constr acc: 0.7812, CE loss: 0.032, DL2 loss: 8.263
10, 40, 0.0320, 0.0003, 96.875, 100.000, 0.941, 0.788, 
[390] Train acc: 0.9844, Constr acc: 0.8750, CE loss: 0.063, DL2 loss: 4.954
10, 39, 0.0628, 0.0002, 98.438, 100.000, 0.934, 0.756, 
[405] Train acc: 0.9688, Constr acc: 0.8750, CE loss: 0.098, DL2 loss: 6.920
10, 38, 0.0979, 0.0002, 96.875, 100.000, 0.952, 0.744, 
[420] Train acc: 0.8750, Constr acc: 0.8438, CE loss: 1.517, DL2 loss: 7.305
10, 37, 1.5166, 0.0007, 87.500, 96.875, 0.792, 0.875, 
[435] Train acc: 0.9219, Constr acc: 0.8438, CE loss: 0.648, DL2 loss: 4.700
10, 36, 0.6483, 0.0002, 92.188, 100.000, 0.948, 0.773, 
[450] Train acc: 0.8906, Constr acc: 0.8125, CE loss: 0.418, DL2 loss: 6.361
10, 35, 0.4177, 0.0003, 89.062, 98.438, 0.917, 0.773, 
[465] Train acc: 0.9062, Constr acc: 0.8125, CE loss: 0.296, DL2 loss: 3.286
10, 34, 0.2962, 0.0002, 90.625, 100.000, 0.950, 0.757, 
[480] Train acc: 0.9375, Constr acc: 0.7812, CE loss: 0.572, DL2 loss: 6.958
10, 33, 0.5724, 0.0002, 93.750, 98.438, 0.951, 0.781, 
[495] Train acc: 0.9844, Constr acc: 0.6562, CE loss: 0.085, DL2 loss: 14.237
10, 32, 0.0855, 0.0002, 98.438, 100.000, 0.947, 0.722, 
[510] Train acc: 0.9531, Constr acc: 0.8750, CE loss: 0.202, DL2 loss: 4.196
10, 31, 0.2020, 0.0002, 95.312, 100.000, 0.942, 0.729, 
[525] Train acc: 0.8125, Constr acc: 0.7188, CE loss: 1.343, DL2 loss: 8.632
10, 30, 1.3428, 0.0004, 81.250, 98.438, 0.885, 0.796, 
[540] Train acc: 0.8906, Constr acc: 0.6562, CE loss: 0.467, DL2 loss: 8.498
10, 29, 0.4669, 0.0004, 89.062, 100.000, 0.892, 0.772, 
[555] Train acc: 0.8438, Constr acc: 0.8750, CE loss: 0.514, DL2 loss: 7.401
10, 28, 0.5140, 0.0003, 84.375, 98.438, 0.908, 0.773, 
[570] Train acc: 0.7500, Constr acc: 0.8438, CE loss: 1.304, DL2 loss: 2.391
10, 27, 1.3040, 0.0003, 75.000, 100.000, 0.917, 0.785, 
[585] Train acc: 0.8906, Constr acc: 0.9375, CE loss: 0.508, DL2 loss: 1.080
10, 26, 0.5082, 0.0006, 89.062, 100.000, 0.832, 0.760, 
[600] Train acc: 0.9062, Constr acc: 0.7812, CE loss: 0.408, DL2 loss: 14.170
10, 25, 0.4081, 0.0004, 90.625, 100.000, 0.892, 0.810, 
[615] Train acc: 0.8906, Constr acc: 0.5938, CE loss: 0.640, DL2 loss: 11.602
10, 24, 0.6403, 0.0005, 89.062, 98.438, 0.853, 0.793, 
[630] Train acc: 0.8750, Constr acc: 0.8750, CE loss: 0.546, DL2 loss: 2.787
10, 23, 0.5456, 0.0005, 87.500, 100.000, 0.832, 0.778, 
[645] Train acc: 0.7969, Constr acc: 0.7812, CE loss: 1.047, DL2 loss: 9.402
10, 22, 1.0472, 0.0006, 79.688, 100.000, 0.819, 0.798, 
[660] Train acc: 0.7812, Constr acc: 0.8438, CE loss: 1.183, DL2 loss: 7.214
10, 21, 1.1832, 0.0009, 78.125, 100.000, 0.714, 0.861, 
[675] Train acc: 0.7969, Constr acc: 0.7812, CE loss: 1.140, DL2 loss: 8.151
10, 20, 1.1401, 0.0007, 79.688, 98.438, 0.770, 0.803, 
[690] Train acc: 0.6562, Constr acc: 0.5625, CE loss: 1.634, DL2 loss: 16.427
10, 19, 1.6342, 0.0010, 65.625, 96.875, 0.693, 0.852, 
[705] Train acc: 0.8125, Constr acc: 0.5625, CE loss: 1.222, DL2 loss: 17.812
10, 18, 1.2225, 0.0013, 81.250, 98.438, 0.611, 0.857, 
[720] Train acc: 0.6875, Constr acc: 0.7500, CE loss: 1.394, DL2 loss: 9.628
10, 17, 1.3940, 0.0009, 68.750, 100.000, 0.704, 0.887, 
[735] Train acc: 0.5938, Constr acc: 0.5938, CE loss: 1.741, DL2 loss: 18.506
10, 16, 1.7413, 0.0010, 59.375, 100.000, 0.652, 0.825, 
[750] Train acc: 0.4844, Constr acc: 0.7188, CE loss: 2.156, DL2 loss: 8.085
10, 15, 2.1558, 0.0012, 48.438, 98.438, 0.571, 0.875, 
[765] Train acc: 0.4531, Constr acc: 0.6250, CE loss: 2.973, DL2 loss: 12.427
10, 14, 2.9728, 0.0015, 45.312, 95.312, 0.444, 0.905, 
[780] Train acc: 0.5000, Constr acc: 0.5312, CE loss: 2.080, DL2 loss: 20.437
10, 13, 2.0803, 0.0013, 50.000, 87.500, 0.509, 0.902, 
[795] Train acc: 0.3906, Constr acc: 0.5625, CE loss: 1.929, DL2 loss: 13.395
10, 12, 1.9286, 0.0014, 39.062, 78.125, 0.470, 0.893, 
[810] Train acc: 0.4688, Constr acc: 0.5625, CE loss: 2.651, DL2 loss: 13.294
10, 11, 2.6509, 0.0013, 46.875, 90.625, 0.505, 0.864, 
[825] Train acc: 0.2812, Constr acc: 0.3750, CE loss: 3.748, DL2 loss: 30.399
10, 10, 3.7478, 0.0021, 28.125, 75.000, 0.169, 0.939, 
[840] Train acc: 0.3438, Constr acc: 0.4375, CE loss: 1.943, DL2 loss: 28.522
10, 9, 1.9426, 0.0018, 34.375, 92.188, 0.294, 0.946, 
[855] Train acc: 0.3125, Constr acc: 0.3750, CE loss: 2.479, DL2 loss: 34.033
10, 8, 2.4791, 0.0017, 31.250, 90.625, 0.355, 0.968, 
[870] Train acc: 0.1094, Constr acc: 0.1562, CE loss: 2.115, DL2 loss: 46.286
10, 7, 2.1145, 0.0021, 10.938, 68.750, 0.178, 0.989, 
[885] Train acc: 0.0938, Constr acc: 0.0938, CE loss: 2.285, DL2 loss: 53.097
10, 6, 2.2847, 0.0023, 9.375, 56.250, 0.089, 1.000, 
[900] Train acc: 0.1406, Constr acc: 0.0312, CE loss: 2.301, DL2 loss: 52.293
10, 5, 2.3012, 0.0023, 14.062, 50.000, 0.089, 1.000, 
[915] Train acc: 0.0781, Constr acc: 0.0625, CE loss: 2.330, DL2 loss: 62.134
10, 4, 2.3295, 0.0023, 7.812, 46.875, 0.089, 1.000, 
[930] Train acc: 0.0938, Constr acc: 0.0938, CE loss: 2.315, DL2 loss: 51.784
10, 3, 2.3147, 0.0023, 9.375, 46.875, 0.089, 1.000, 
