epoch, neuron_units, loss, dl2_loss, top1, top5, dl2_p_acc, dl2_constraint_acc
1, 252, 1.2948, 0.0007, 73.438, 98.438, 0.879, 0.196, 0.9038, 0.7730, 0.6182, 0.4350, 0.2279, 0.0713, 
1, 251, 0.1368, 0.0005, 95.312, 100.000, 0.910, 0.396, 0.9266, 0.8085, 0.6417, 0.4408, 0.2517, 0.1104, 
1, 250, 0.1908, 0.0006, 95.312, 100.000, 0.897, 0.330, 0.8926, 0.7335, 0.5070, 0.2960, 0.1449, 0.0627, 
1, 249, 0.5589, 0.0006, 89.062, 100.000, 0.849, 0.378, 0.8950, 0.7497, 0.5814, 0.4181, 0.2805, 0.1772, 
1, 248, 0.2885, 0.0006, 85.938, 100.000, 0.882, 0.301, 0.9091, 0.7678, 0.5866, 0.3608, 0.1611, 0.0613, 
1, 247, 0.1327, 0.0006, 95.312, 100.000, 0.925, 0.233, 0.9329, 0.8136, 0.6587, 0.4475, 0.2298, 0.0959, 
1, 246, 0.2198, 0.0004, 92.188, 100.000, 0.942, 0.546, 0.9372, 0.8302, 0.6524, 0.4337, 0.2349, 0.0986, 
1, 245, 0.2564, 0.0004, 93.750, 100.000, 0.958, 0.461, 0.9453, 0.8445, 0.6915, 0.4887, 0.2756, 0.1151, 
1, 244, 0.1329, 0.0005, 95.312, 100.000, 0.950, 0.290, 0.9421, 0.8317, 0.6638, 0.4530, 0.2384, 0.0933, 
1, 243, 0.3245, 0.0005, 93.750, 100.000, 0.946, 0.324, 0.9394, 0.8374, 0.6626, 0.4553, 0.2623, 0.1303, 
1, 242, 0.2262, 0.0004, 93.750, 100.000, 0.948, 0.445, 0.9432, 0.8361, 0.6682, 0.4491, 0.2373, 0.0894, 
1, 241, 0.3133, 0.0005, 90.625, 100.000, 0.938, 0.308, 0.9384, 0.8257, 0.6527, 0.4189, 0.2084, 0.0818, 
1, 240, 0.1739, 0.0005, 92.188, 100.000, 0.947, 0.410, 0.9434, 0.8449, 0.6947, 0.5149, 0.3276, 0.1692, 
1, 239, 0.1337, 0.0005, 93.750, 100.000, 0.948, 0.385, 0.9435, 0.8450, 0.6983, 0.4929, 0.2797, 0.1300, 
1, 238, 0.0472, 0.0004, 98.438, 100.000, 0.941, 0.509, 0.9353, 0.8378, 0.7005, 0.5284, 0.3352, 0.1569, 
1, 237, 0.1973, 0.0004, 95.312, 100.000, 0.941, 0.571, 0.9408, 0.8441, 0.6999, 0.5150, 0.2901, 0.1116, 
1, 236, 0.1869, 0.0004, 92.188, 100.000, 0.946, 0.443, 0.9397, 0.8462, 0.7048, 0.5162, 0.2966, 0.1171, 
1, 235, 0.1372, 0.0005, 95.312, 100.000, 0.945, 0.384, 0.9325, 0.8251, 0.6820, 0.5127, 0.3405, 0.2021, 
1, 234, 0.2325, 0.0006, 90.625, 100.000, 0.941, 0.225, 0.9389, 0.8298, 0.6774, 0.4839, 0.2612, 0.0899, 
1, 233, 0.0668, 0.0005, 98.438, 100.000, 0.950, 0.235, 0.9487, 0.8625, 0.7282, 0.5539, 0.3288, 0.1227, 
1, 232, 0.1519, 0.0005, 98.438, 100.000, 0.915, 0.380, 0.9324, 0.8312, 0.6861, 0.5182, 0.3260, 0.1585, 
1, 231, 0.0313, 0.0005, 100.000, 100.000, 0.945, 0.367, 0.9379, 0.8287, 0.6556, 0.4399, 0.2192, 0.0745, 
1, 230, 0.3258, 0.0005, 92.188, 100.000, 0.960, 0.340, 0.9519, 0.8646, 0.7329, 0.5527, 0.3387, 0.1572, 
1, 229, 0.1461, 0.0005, 96.875, 100.000, 0.948, 0.243, 0.9406, 0.8386, 0.6818, 0.4819, 0.2751, 0.1264, 
1, 228, 0.2049, 0.0005, 93.750, 100.000, 0.958, 0.318, 0.9528, 0.8697, 0.7391, 0.5583, 0.3228, 0.1227, 
1, 227, 0.1329, 0.0005, 96.875, 98.438, 0.963, 0.248, 0.9572, 0.8744, 0.7458, 0.5687, 0.3528, 0.1811, 
1, 226, 0.2110, 0.0005, 95.312, 98.438, 0.949, 0.285, 0.9369, 0.8335, 0.6817, 0.4724, 0.2537, 0.1059, 
1, 225, 0.1609, 0.0006, 93.750, 100.000, 0.838, 0.326, 0.8920, 0.7586, 0.5984, 0.4234, 0.2711, 0.1562, 
1, 224, 0.1529, 0.0004, 95.312, 100.000, 0.951, 0.501, 0.9450, 0.8474, 0.7138, 0.5444, 0.3651, 0.2065, 
1, 223, 0.1455, 0.0005, 96.875, 100.000, 0.899, 0.415, 0.9094, 0.7895, 0.6382, 0.4573, 0.2895, 0.1536, 
1, 222, 0.3424, 0.0005, 92.188, 100.000, 0.948, 0.402, 0.9370, 0.8353, 0.6883, 0.5158, 0.3533, 0.2399, 
2, 221, 0.1747, 0.0004, 90.625, 100.000, 0.952, 0.461, 0.9396, 0.8395, 0.6926, 0.5124, 0.3384, 0.1933, 
2, 220, 0.1085, 0.0004, 96.875, 100.000, 0.959, 0.387, 0.9507, 0.8602, 0.7142, 0.5258, 0.3355, 0.1759, 
2, 219, 0.0823, 0.0005, 93.750, 100.000, 0.959, 0.366, 0.9551, 0.8680, 0.7285, 0.5454, 0.3211, 0.1484, 
2, 218, 0.1786, 0.0005, 93.750, 100.000, 0.956, 0.302, 0.9504, 0.8542, 0.7108, 0.5191, 0.3135, 0.1524, 
2, 217, 0.1957, 0.0005, 92.188, 100.000, 0.949, 0.337, 0.9272, 0.8096, 0.6329, 0.4063, 0.2047, 0.0807, 
2, 216, 0.0950, 0.0004, 96.875, 100.000, 0.959, 0.496, 0.9474, 0.8527, 0.7118, 0.5238, 0.3258, 0.1713, 
2, 215, 0.0757, 0.0005, 96.875, 100.000, 0.943, 0.408, 0.9463, 0.8416, 0.6864, 0.4720, 0.2533, 0.1107, 
2, 214, 0.0699, 0.0004, 96.875, 100.000, 0.960, 0.441, 0.9499, 0.8572, 0.7242, 0.5425, 0.3286, 0.1531, 
2, 213, 0.1482, 0.0003, 96.875, 100.000, 0.961, 0.568, 0.9529, 0.8684, 0.7316, 0.5488, 0.3467, 0.1721, 
2, 212, 0.2403, 0.0005, 92.188, 100.000, 0.923, 0.388, 0.9202, 0.7849, 0.6058, 0.4103, 0.2311, 0.1103, 
2, 211, 0.2986, 0.0004, 90.625, 100.000, 0.960, 0.520, 0.9562, 0.8759, 0.7340, 0.5294, 0.2962, 0.1202, 
2, 210, 0.2275, 0.0004, 92.188, 100.000, 0.964, 0.459, 0.9581, 0.8824, 0.7460, 0.5591, 0.3357, 0.1341, 
2, 209, 0.1618, 0.0004, 96.875, 100.000, 0.967, 0.479, 0.9605, 0.8809, 0.7537, 0.5640, 0.3343, 0.1478, 
2, 208, 0.0881, 0.0005, 96.875, 100.000, 0.954, 0.329, 0.9432, 0.8487, 0.7017, 0.4899, 0.2570, 0.0782, 
2, 207, 0.0706, 0.0004, 96.875, 100.000, 0.958, 0.464, 0.9457, 0.8461, 0.7002, 0.5161, 0.3141, 0.1473, 
2, 206, 0.0509, 0.0004, 100.000, 100.000, 0.965, 0.493, 0.9538, 0.8582, 0.7168, 0.5323, 0.3398, 0.1784, 
2, 205, 0.0559, 0.0004, 98.438, 100.000, 0.963, 0.361, 0.9528, 0.8634, 0.7278, 0.5513, 0.3607, 0.1918, 
2, 204, 0.2212, 0.0005, 93.750, 100.000, 0.935, 0.308, 0.9326, 0.8196, 0.6532, 0.4357, 0.2328, 0.1003, 
2, 203, 0.1999, 0.0004, 93.750, 100.000, 0.960, 0.470, 0.9540, 0.8738, 0.7479, 0.5642, 0.3471, 0.1699, 
2, 202, 0.0732, 0.0004, 98.438, 100.000, 0.954, 0.392, 0.9508, 0.8600, 0.7201, 0.5294, 0.3088, 0.1499, 
2, 201, 0.2769, 0.0005, 89.062, 100.000, 0.943, 0.364, 0.9359, 0.8237, 0.6775, 0.5026, 0.3281, 0.1760, 
2, 200, 0.0383, 0.0004, 100.000, 100.000, 0.968, 0.486, 0.9567, 0.8799, 0.7498, 0.5615, 0.3461, 0.1599, 
2, 199, 0.0659, 0.0004, 98.438, 100.000, 0.954, 0.454, 0.9480, 0.8542, 0.7081, 0.5131, 0.2948, 0.1143, 
2, 198, 0.2355, 0.0004, 93.750, 98.438, 0.959, 0.424, 0.9513, 0.8684, 0.7469, 0.5773, 0.3701, 0.1755, 
2, 197, 0.1893, 0.0005, 93.750, 100.000, 0.947, 0.447, 0.9351, 0.8340, 0.6728, 0.4694, 0.2703, 0.1240, 
2, 196, 0.1352, 0.0005, 95.312, 100.000, 0.952, 0.345, 0.9402, 0.8376, 0.6938, 0.5204, 0.3432, 0.1927, 
2, 195, 0.0375, 0.0004, 98.438, 100.000, 0.968, 0.462, 0.9524, 0.8688, 0.7356, 0.5548, 0.3379, 0.1469, 
2, 194, 0.0816, 0.0004, 95.312, 100.000, 0.967, 0.395, 0.9531, 0.8716, 0.7411, 0.5360, 0.3089, 0.1402, 
2, 193, 0.0507, 0.0004, 98.438, 100.000, 0.970, 0.515, 0.9575, 0.8742, 0.7315, 0.5402, 0.3136, 0.1335, 
2, 192, 0.1722, 0.0004, 93.750, 100.000, 0.965, 0.446, 0.9519, 0.8625, 0.7059, 0.4807, 0.2548, 0.1022, 
2, 191, 0.2028, 0.0004, 93.750, 100.000, 0.964, 0.430, 0.9541, 0.8644, 0.7174, 0.4956, 0.2727, 0.1242, 
3, 190, 0.2091, 0.0004, 92.188, 100.000, 0.968, 0.358, 0.9561, 0.8762, 0.7423, 0.5648, 0.3609, 0.1812, 
3, 189, 0.0894, 0.0005, 95.312, 100.000, 0.953, 0.353, 0.9428, 0.8465, 0.6936, 0.4897, 0.2740, 0.1099, 
3, 188, 0.3218, 0.0004, 90.625, 100.000, 0.955, 0.493, 0.9351, 0.8380, 0.6832, 0.4763, 0.2553, 0.1020, 
3, 187, 0.1620, 0.0005, 93.750, 100.000, 0.932, 0.397, 0.9336, 0.8386, 0.6993, 0.5010, 0.2815, 0.1117, 
3, 186, 0.0636, 0.0005, 96.875, 100.000, 0.954, 0.331, 0.9424, 0.8434, 0.6832, 0.4786, 0.2718, 0.1277, 
3, 185, 0.0945, 0.0004, 93.750, 100.000, 0.964, 0.369, 0.9443, 0.8454, 0.7053, 0.5192, 0.3146, 0.1325, 
3, 184, 0.0988, 0.0005, 95.312, 100.000, 0.926, 0.375, 0.9233, 0.8035, 0.6492, 0.4662, 0.2810, 0.1301, 
3, 183, 0.0144, 0.0004, 100.000, 100.000, 0.966, 0.540, 0.9547, 0.8699, 0.7347, 0.5476, 0.3364, 0.1572, 
3, 182, 0.2685, 0.0004, 93.750, 98.438, 0.960, 0.475, 0.9487, 0.8614, 0.7152, 0.5232, 0.3225, 0.1620, 
3, 181, 0.2050, 0.0005, 92.188, 100.000, 0.957, 0.342, 0.9447, 0.8544, 0.6923, 0.4745, 0.2410, 0.1043, 
3, 180, 0.2427, 0.0004, 90.625, 100.000, 0.966, 0.425, 0.9471, 0.8548, 0.7098, 0.5270, 0.3173, 0.1387, 
3, 179, 0.1874, 0.0004, 95.312, 100.000, 0.949, 0.560, 0.9299, 0.8194, 0.6736, 0.5013, 0.3184, 0.1804, 
3, 178, 0.1661, 0.0003, 95.312, 100.000, 0.943, 0.643, 0.9302, 0.8259, 0.6743, 0.4940, 0.3175, 0.1683, 
3, 177, 0.4937, 0.0003, 89.062, 98.438, 0.965, 0.588, 0.9515, 0.8599, 0.7067, 0.5196, 0.3306, 0.1885, 
3, 176, 0.0659, 0.0003, 98.438, 100.000, 0.960, 0.634, 0.9462, 0.8483, 0.6999, 0.5192, 0.3405, 0.2041, 
3, 175, 0.2293, 0.0004, 90.625, 100.000, 0.951, 0.467, 0.9418, 0.8292, 0.6536, 0.4373, 0.2238, 0.0905, 
3, 174, 0.0977, 0.0004, 96.875, 100.000, 0.969, 0.405, 0.9478, 0.8516, 0.6989, 0.5094, 0.3060, 0.1387, 
3, 173, 0.3388, 0.0004, 95.312, 98.438, 0.970, 0.428, 0.9515, 0.8731, 0.7336, 0.5307, 0.3078, 0.1194, 
3, 172, 0.1338, 0.0004, 98.438, 100.000, 0.965, 0.521, 0.9557, 0.8563, 0.7044, 0.4976, 0.2701, 0.1162, 
3, 171, 0.1615, 0.0003, 95.312, 100.000, 0.968, 0.583, 0.9511, 0.8632, 0.7188, 0.5353, 0.3341, 0.1786, 
3, 170, 0.0578, 0.0003, 98.438, 100.000, 0.962, 0.599, 0.9464, 0.8561, 0.7203, 0.5465, 0.3688, 0.2160, 
3, 169, 0.0736, 0.0004, 95.312, 100.000, 0.956, 0.511, 0.9400, 0.8402, 0.6970, 0.5063, 0.3130, 0.1606, 
3, 168, 0.1192, 0.0003, 95.312, 100.000, 0.974, 0.572, 0.9594, 0.8832, 0.7593, 0.5791, 0.3691, 0.1860, 
3, 167, 0.5431, 0.0005, 90.625, 100.000, 0.927, 0.462, 0.9197, 0.7972, 0.6237, 0.4346, 0.2511, 0.1001, 
3, 166, 0.0884, 0.0004, 98.438, 100.000, 0.961, 0.444, 0.9435, 0.8355, 0.6826, 0.4968, 0.3054, 0.1576, 
3, 165, 0.1992, 0.0004, 90.625, 100.000, 0.965, 0.468, 0.9544, 0.8672, 0.7316, 0.5536, 0.3588, 0.1823, 
3, 164, 0.0295, 0.0004, 98.438, 100.000, 0.957, 0.479, 0.9358, 0.8245, 0.6720, 0.5077, 0.3527, 0.2262, 
3, 163, 0.1010, 0.0004, 96.875, 100.000, 0.966, 0.424, 0.9542, 0.8608, 0.7140, 0.4868, 0.2416, 0.0871, 
3, 162, 0.0925, 0.0004, 98.438, 100.000, 0.969, 0.480, 0.9521, 0.8622, 0.7137, 0.4976, 0.2614, 0.0979, 
3, 161, 0.1797, 0.0004, 92.188, 100.000, 0.963, 0.521, 0.9502, 0.8607, 0.7086, 0.4912, 0.2499, 0.1005, 
3, 160, 0.0562, 0.0004, 98.438, 100.000, 0.966, 0.526, 0.9477, 0.8586, 0.7196, 0.5299, 0.3407, 0.1730, 
3, 159, 0.0724, 0.0004, 96.875, 100.000, 0.966, 0.446, 0.9528, 0.8581, 0.7127, 0.5306, 0.3166, 0.1393, 
4, 159, 0.0742, 0.0005, 96.875, 100.000, 0.961, 0.347, 0.9424, 0.8388, 0.6924, 0.5051, 0.2956, 0.1197, 
4, 158, 0.1179, 0.0004, 95.312, 98.438, 0.964, 0.372, 0.9500, 0.8550, 0.6994, 0.4937, 0.2760, 0.1239, 
4, 157, 0.0785, 0.0004, 96.875, 100.000, 0.968, 0.499, 0.9542, 0.8722, 0.7449, 0.5656, 0.3695, 0.2009, 
4, 156, 0.1400, 0.0004, 93.750, 100.000, 0.971, 0.451, 0.9541, 0.8688, 0.7343, 0.5501, 0.3526, 0.1841, 
4, 155, 0.0321, 0.0004, 98.438, 100.000, 0.955, 0.414, 0.9340, 0.8179, 0.6515, 0.4367, 0.2164, 0.0799, 
4, 154, 0.1141, 0.0004, 95.312, 100.000, 0.958, 0.522, 0.9505, 0.8514, 0.6924, 0.4669, 0.2520, 0.0950, 
4, 153, 0.0557, 0.0004, 96.875, 100.000, 0.973, 0.474, 0.9566, 0.8808, 0.7558, 0.5758, 0.3643, 0.1636, 
4, 152, 0.0364, 0.0004, 98.438, 100.000, 0.974, 0.393, 0.9613, 0.8858, 0.7606, 0.5672, 0.3445, 0.1592, 
4, 151, 0.1324, 0.0004, 96.875, 100.000, 0.971, 0.384, 0.9561, 0.8788, 0.7555, 0.5670, 0.3441, 0.1522, 
4, 150, 0.0274, 0.0004, 98.438, 100.000, 0.966, 0.559, 0.9548, 0.8742, 0.7442, 0.5613, 0.3454, 0.1548, 
4, 149, 0.0853, 0.0003, 95.312, 100.000, 0.972, 0.565, 0.9556, 0.8694, 0.7358, 0.5480, 0.3615, 0.1965, 
4, 148, 0.0521, 0.0004, 100.000, 100.000, 0.963, 0.482, 0.9487, 0.8547, 0.6954, 0.5058, 0.3062, 0.1395, 
4, 147, 0.0323, 0.0004, 100.000, 100.000, 0.976, 0.426, 0.9570, 0.8714, 0.7263, 0.5203, 0.2995, 0.1260, 
4, 146, 0.1283, 0.0004, 93.750, 100.000, 0.966, 0.430, 0.9465, 0.8410, 0.6683, 0.4479, 0.2377, 0.1006, 
4, 145, 0.1036, 0.0004, 95.312, 100.000, 0.971, 0.441, 0.9506, 0.8653, 0.7287, 0.5458, 0.3415, 0.1461, 
4, 144, 0.0303, 0.0004, 98.438, 100.000, 0.970, 0.475, 0.9492, 0.8500, 0.7009, 0.4888, 0.2819, 0.1411, 
4, 143, 0.1738, 0.0004, 95.312, 100.000, 0.970, 0.411, 0.9549, 0.8715, 0.7274, 0.5299, 0.3224, 0.1516, 
4, 142, 0.0553, 0.0004, 98.438, 100.000, 0.972, 0.429, 0.9512, 0.8705, 0.7332, 0.5515, 0.3620, 0.1835, 
4, 141, 0.0504, 0.0004, 98.438, 100.000, 0.973, 0.508, 0.9587, 0.8779, 0.7388, 0.5301, 0.2846, 0.1173, 
4, 140, 0.0725, 0.0004, 95.312, 100.000, 0.952, 0.535, 0.9299, 0.8232, 0.6735, 0.5061, 0.3433, 0.2095, 
4, 139, 0.0170, 0.0003, 98.438, 100.000, 0.974, 0.539, 0.9639, 0.8927, 0.7689, 0.5859, 0.3819, 0.1781, 
4, 138, 0.1434, 0.0003, 95.312, 100.000, 0.976, 0.603, 0.9628, 0.8859, 0.7560, 0.5566, 0.3315, 0.1613, 
4, 137, 0.1284, 0.0003, 98.438, 100.000, 0.973, 0.553, 0.9563, 0.8746, 0.7412, 0.5627, 0.3583, 0.1690, 
4, 136, 0.1023, 0.0003, 98.438, 100.000, 0.973, 0.550, 0.9538, 0.8663, 0.7291, 0.5392, 0.3227, 0.1504, 
4, 135, 0.0438, 0.0004, 98.438, 100.000, 0.976, 0.487, 0.9597, 0.8823, 0.7405, 0.5368, 0.3067, 0.1343, 
4, 134, 0.1678, 0.0004, 96.875, 98.438, 0.972, 0.495, 0.9598, 0.8831, 0.7441, 0.5343, 0.3041, 0.1406, 
4, 133, 0.0976, 0.0005, 96.875, 100.000, 0.927, 0.434, 0.9275, 0.8088, 0.6497, 0.4452, 0.2561, 0.1211, 
4, 132, 0.2448, 0.0004, 93.750, 100.000, 0.958, 0.368, 0.9429, 0.8394, 0.6756, 0.4526, 0.2341, 0.0945, 
4, 131, 0.1339, 0.0004, 95.312, 100.000, 0.964, 0.471, 0.9520, 0.8768, 0.7612, 0.5859, 0.3618, 0.1608, 
4, 130, 0.0098, 0.0004, 100.000, 100.000, 0.968, 0.394, 0.9498, 0.8635, 0.7292, 0.5291, 0.2987, 0.1177, 
4, 129, 0.0644, 0.0004, 96.875, 100.000, 0.972, 0.438, 0.9573, 0.8807, 0.7664, 0.5991, 0.4057, 0.2071, 
4, 128, 0.0929, 0.0003, 95.312, 100.000, 0.973, 0.546, 0.9611, 0.8902, 0.7767, 0.6106, 0.4006, 0.1906, 
5, 126, 0.1289, 0.0003, 96.875, 100.000, 0.968, 0.570, 0.9523, 0.8678, 0.7375, 0.5511, 0.3408, 0.1638, 
5, 125, 0.0120, 0.0004, 100.000, 100.000, 0.976, 0.471, 0.9592, 0.8858, 0.7600, 0.5778, 0.3825, 0.1997, 
5, 124, 0.0640, 0.0004, 100.000, 100.000, 0.969, 0.519, 0.9525, 0.8646, 0.7241, 0.5488, 0.3516, 0.1864, 
5, 123, 0.0575, 0.0004, 96.875, 100.000, 0.977, 0.429, 0.9561, 0.8737, 0.7438, 0.5558, 0.3384, 0.1515, 
5, 122, 0.0787, 0.0004, 96.875, 100.000, 0.974, 0.466, 0.9570, 0.8811, 0.7534, 0.5749, 0.3708, 0.1802, 
5, 121, 0.1082, 0.0004, 96.875, 100.000, 0.976, 0.468, 0.9568, 0.8749, 0.7361, 0.5542, 0.3506, 0.1808, 
5, 120, 0.0697, 0.0004, 98.438, 100.000, 0.964, 0.488, 0.9505, 0.8690, 0.7393, 0.5656, 0.3712, 0.2001, 
5, 119, 0.0163, 0.0004, 100.000, 100.000, 0.977, 0.491, 0.9590, 0.8827, 0.7547, 0.5694, 0.3584, 0.1733, 
5, 118, 0.1100, 0.0004, 95.312, 100.000, 0.970, 0.536, 0.9575, 0.8823, 0.7705, 0.6045, 0.3986, 0.2063, 
5, 117, 0.0208, 0.0003, 100.000, 100.000, 0.975, 0.559, 0.9590, 0.8845, 0.7583, 0.5699, 0.3425, 0.1485, 
5, 116, 0.0540, 0.0004, 96.875, 100.000, 0.971, 0.518, 0.9556, 0.8759, 0.7332, 0.5303, 0.2880, 0.1210, 
5, 115, 0.0169, 0.0003, 100.000, 100.000, 0.970, 0.558, 0.9538, 0.8690, 0.7403, 0.5493, 0.3457, 0.1770, 
5, 114, 0.4458, 0.0005, 89.062, 96.875, 0.943, 0.379, 0.9395, 0.8276, 0.6588, 0.4604, 0.2620, 0.1148, 
5, 113, 0.0884, 0.0004, 95.312, 100.000, 0.957, 0.454, 0.9367, 0.8308, 0.6767, 0.5014, 0.3287, 0.1696, 
5, 112, 0.1362, 0.0004, 96.875, 100.000, 0.967, 0.435, 0.9530, 0.8702, 0.7390, 0.5574, 0.3605, 0.1810, 
5, 111, 0.0753, 0.0004, 98.438, 100.000, 0.971, 0.513, 0.9548, 0.8649, 0.7323, 0.5551, 0.3624, 0.1813, 
5, 110, 0.0384, 0.0004, 98.438, 100.000, 0.963, 0.530, 0.9484, 0.8514, 0.6971, 0.4879, 0.2833, 0.1390, 
5, 109, 0.1410, 0.0004, 96.875, 100.000, 0.968, 0.530, 0.9538, 0.8750, 0.7452, 0.5457, 0.3321, 0.1519, 
5, 108, 0.1118, 0.0004, 98.438, 100.000, 0.966, 0.491, 0.9526, 0.8659, 0.7220, 0.5098, 0.2929, 0.1360, 
5, 107, 0.0554, 0.0004, 96.875, 100.000, 0.963, 0.472, 0.9524, 0.8635, 0.7311, 0.5425, 0.3429, 0.1672, 
5, 106, 0.0570, 0.0004, 98.438, 100.000, 0.964, 0.535, 0.9527, 0.8746, 0.7461, 0.5585, 0.3633, 0.1908, 
5, 105, 0.0849, 0.0003, 98.438, 100.000, 0.976, 0.585, 0.9612, 0.8872, 0.7676, 0.5923, 0.4048, 0.2192, 
5, 104, 0.1578, 0.0004, 96.875, 100.000, 0.964, 0.482, 0.9483, 0.8702, 0.7372, 0.5670, 0.3946, 0.2293, 
5, 103, 0.1170, 0.0003, 95.312, 100.000, 0.973, 0.561, 0.9594, 0.8873, 0.7699, 0.5917, 0.3926, 0.2042, 
5, 102, 0.2282, 0.0004, 90.625, 100.000, 0.957, 0.390, 0.9475, 0.8624, 0.7281, 0.5319, 0.3138, 0.1398, 
5, 101, 0.1205, 0.0005, 95.312, 100.000, 0.947, 0.324, 0.9448, 0.8612, 0.7279, 0.5529, 0.3500, 0.1815, 
5, 100, 0.1298, 0.0004, 93.750, 100.000, 0.963, 0.450, 0.9474, 0.8611, 0.7356, 0.5671, 0.3734, 0.1931, 
5, 99, 0.0979, 0.0004, 95.312, 100.000, 0.962, 0.438, 0.9470, 0.8535, 0.7109, 0.5398, 0.3479, 0.1843, 
5, 98, 0.1013, 0.0004, 98.438, 100.000, 0.968, 0.381, 0.9538, 0.8763, 0.7488, 0.5715, 0.3540, 0.1693, 
5, 97, 0.1236, 0.0005, 96.875, 100.000, 0.968, 0.333, 0.9533, 0.8704, 0.7424, 0.5724, 0.3784, 0.1934, 
5, 96, 0.0511, 0.0004, 98.438, 100.000, 0.967, 0.410, 0.9533, 0.8721, 0.7436, 0.5674, 0.3760, 0.2008, 
6, 95, 0.0667, 0.0004, 98.438, 100.000, 0.963, 0.384, 0.9528, 0.8671, 0.7396, 0.5386, 0.3143, 0.1545, 
6, 94, 0.1663, 0.0004, 95.312, 100.000, 0.965, 0.385, 0.9481, 0.8527, 0.7165, 0.5563, 0.3843, 0.2166, 
6, 93, 0.2334, 0.0004, 95.312, 98.438, 0.976, 0.425, 0.9599, 0.8897, 0.7658, 0.5956, 0.3920, 0.1980, 
6, 92, 0.0486, 0.0004, 98.438, 100.000, 0.976, 0.499, 0.9594, 0.8859, 0.7630, 0.5948, 0.3922, 0.2162, 
6, 91, 0.0255, 0.0004, 100.000, 100.000, 0.964, 0.468, 0.9546, 0.8710, 0.7400, 0.5463, 0.3265, 0.1454, 
6, 90, 0.1423, 0.0004, 95.312, 100.000, 0.962, 0.566, 0.9477, 0.8552, 0.7215, 0.5580, 0.3739, 0.2110, 
6, 89, 0.1194, 0.0004, 95.312, 100.000, 0.961, 0.481, 0.9420, 0.8402, 0.6941, 0.5053, 0.3086, 0.1650, 
6, 88, 0.4122, 0.0005, 90.625, 100.000, 0.923, 0.425, 0.9286, 0.8450, 0.7345, 0.5599, 0.3374, 0.1646, 
6, 87, 0.0489, 0.0004, 98.438, 100.000, 0.956, 0.451, 0.9441, 0.8451, 0.6887, 0.4934, 0.3026, 0.1561, 
6, 86, 0.3423, 0.0004, 87.500, 100.000, 0.961, 0.432, 0.9476, 0.8538, 0.7127, 0.5143, 0.3024, 0.1485, 
6, 85, 0.2990, 0.0005, 90.625, 100.000, 0.910, 0.461, 0.9188, 0.7903, 0.6157, 0.4152, 0.2499, 0.1245, 
6, 84, 0.0595, 0.0004, 98.438, 100.000, 0.960, 0.471, 0.9491, 0.8577, 0.7047, 0.4986, 0.2835, 0.1275, 
6, 83, 0.1136, 0.0005, 95.312, 100.000, 0.954, 0.394, 0.9365, 0.8275, 0.6760, 0.4845, 0.2816, 0.1334, 
6, 82, 0.1270, 0.0004, 95.312, 100.000, 0.963, 0.496, 0.9534, 0.8760, 0.7524, 0.5644, 0.3328, 0.1425, 
6, 81, 0.3196, 0.0004, 90.625, 100.000, 0.973, 0.434, 0.9572, 0.8825, 0.7616, 0.5747, 0.3555, 0.1527, 
6, 80, 0.0312, 0.0004, 100.000, 100.000, 0.961, 0.412, 0.9528, 0.8620, 0.7060, 0.4991, 0.2775, 0.1276, 
6, 79, 0.0711, 0.0004, 96.875, 100.000, 0.965, 0.528, 0.9502, 0.8551, 0.7206, 0.5368, 0.3397, 0.1535, 
6, 78, 0.2283, 0.0005, 90.625, 100.000, 0.953, 0.371, 0.9401, 0.8297, 0.6683, 0.4765, 0.2897, 0.1524, 
6, 77, 0.1267, 0.0004, 96.875, 100.000, 0.968, 0.429, 0.9530, 0.8697, 0.7274, 0.5492, 0.3580, 0.1820, 
6, 76, 0.0719, 0.0004, 96.875, 100.000, 0.963, 0.484, 0.9603, 0.8839, 0.7559, 0.5601, 0.3330, 0.1579, 
6, 75, 0.0271, 0.0004, 100.000, 100.000, 0.971, 0.548, 0.9607, 0.8809, 0.7508, 0.5768, 0.3766, 0.1751, 
6, 74, 0.1625, 0.0004, 96.875, 98.438, 0.939, 0.535, 0.9439, 0.8585, 0.7158, 0.5253, 0.3038, 0.1303, 
6, 73, 0.6919, 0.0004, 78.125, 100.000, 0.966, 0.487, 0.9505, 0.8566, 0.7069, 0.5129, 0.3137, 0.1449, 
6, 72, 0.0881, 0.0004, 96.875, 100.000, 0.949, 0.542, 0.9374, 0.8317, 0.6762, 0.4731, 0.2528, 0.1099, 
6, 71, 0.1191, 0.0004, 95.312, 100.000, 0.968, 0.466, 0.9517, 0.8599, 0.7131, 0.5137, 0.3077, 0.1455, 
6, 70, 0.1376, 0.0004, 95.312, 100.000, 0.963, 0.506, 0.9503, 0.8600, 0.7209, 0.5479, 0.3437, 0.1561, 
6, 69, 0.1026, 0.0004, 98.438, 98.438, 0.959, 0.450, 0.9430, 0.8420, 0.7093, 0.5454, 0.3525, 0.1780, 
6, 68, 0.1631, 0.0004, 90.625, 100.000, 0.970, 0.449, 0.9572, 0.8761, 0.7353, 0.5336, 0.2994, 0.1239, 
6, 67, 0.1199, 0.0004, 95.312, 100.000, 0.953, 0.522, 0.9446, 0.8576, 0.7305, 0.5717, 0.3961, 0.2118, 
6, 66, 0.1484, 0.0004, 96.875, 100.000, 0.953, 0.473, 0.9444, 0.8497, 0.7118, 0.5438, 0.3427, 0.1532, 
6, 65, 0.0184, 0.0004, 100.000, 100.000, 0.961, 0.513, 0.9495, 0.8643, 0.7164, 0.5208, 0.2654, 0.0877, 
7, 65, 0.1722, 0.0004, 93.750, 98.438, 0.966, 0.486, 0.9590, 0.8749, 0.7548, 0.5677, 0.3243, 0.1267, 
7, 64, 0.0941, 0.0004, 96.875, 100.000, 0.972, 0.509, 0.9559, 0.8749, 0.7383, 0.5447, 0.3320, 0.1545, 
7, 63, 0.1041, 0.0004, 95.312, 100.000, 0.973, 0.505, 0.9565, 0.8763, 0.7490, 0.5691, 0.3395, 0.1568, 
7, 62, 0.0962, 0.0004, 96.875, 100.000, 0.958, 0.431, 0.9442, 0.8409, 0.6949, 0.5193, 0.3349, 0.1579, 
7, 61, 0.2478, 0.0004, 90.625, 100.000, 0.962, 0.452, 0.9489, 0.8550, 0.7221, 0.5282, 0.2990, 0.1321, 
7, 60, 0.1722, 0.0004, 95.312, 100.000, 0.966, 0.438, 0.9481, 0.8570, 0.7265, 0.5541, 0.3551, 0.1643, 
7, 59, 0.1609, 0.0006, 95.312, 98.438, 0.932, 0.338, 0.9065, 0.7668, 0.6179, 0.4404, 0.2472, 0.1199, 
7, 58, 0.2986, 0.0005, 92.188, 100.000, 0.948, 0.434, 0.9407, 0.8420, 0.6976, 0.5256, 0.3486, 0.1986, 
7, 57, 0.1012, 0.0005, 96.875, 100.000, 0.935, 0.406, 0.9205, 0.7836, 0.5907, 0.3824, 0.2082, 0.1098, 
7, 56, 0.1535, 0.0005, 93.750, 100.000, 0.958, 0.388, 0.9374, 0.8331, 0.6913, 0.5079, 0.3126, 0.1432, 
7, 55, 0.0540, 0.0005, 96.875, 100.000, 0.965, 0.333, 0.9432, 0.8447, 0.7105, 0.5360, 0.3629, 0.2033, 
7, 54, 0.0382, 0.0005, 98.438, 100.000, 0.965, 0.281, 0.9535, 0.8616, 0.7324, 0.5439, 0.3389, 0.1755, 
7, 53, 0.1659, 0.0004, 92.188, 100.000, 0.972, 0.376, 0.9520, 0.8606, 0.7272, 0.5624, 0.3695, 0.1969, 
7, 52, 0.0776, 0.0004, 95.312, 100.000, 0.960, 0.475, 0.9459, 0.8496, 0.6993, 0.4993, 0.2899, 0.1364, 
7, 51, 0.1709, 0.0004, 92.188, 100.000, 0.962, 0.557, 0.9376, 0.8263, 0.6629, 0.4865, 0.3215, 0.1915, 
7, 50, 0.3085, 0.0005, 90.625, 100.000, 0.910, 0.503, 0.9145, 0.7985, 0.6563, 0.4887, 0.3073, 0.1470, 
7, 49, 0.1426, 0.0005, 93.750, 100.000, 0.957, 0.343, 0.9314, 0.8203, 0.6688, 0.4821, 0.2714, 0.1055, 
7, 48, 0.1233, 0.0005, 96.875, 100.000, 0.937, 0.478, 0.9193, 0.7788, 0.5889, 0.3947, 0.2015, 0.0741, 
7, 47, 0.0617, 0.0004, 98.438, 100.000, 0.948, 0.620, 0.9172, 0.7919, 0.6332, 0.4615, 0.3076, 0.1817, 
7, 46, 0.1269, 0.0005, 95.312, 100.000, 0.947, 0.384, 0.9261, 0.8033, 0.6164, 0.4099, 0.2130, 0.0894, 
7, 45, 0.1157, 0.0005, 96.875, 100.000, 0.946, 0.330, 0.9116, 0.7686, 0.5827, 0.3908, 0.2038, 0.1094, 
7, 44, 0.2567, 0.0006, 95.312, 100.000, 0.919, 0.338, 0.8899, 0.7272, 0.5220, 0.3048, 0.1532, 0.0676, 
7, 43, 0.1277, 0.0005, 93.750, 100.000, 0.939, 0.305, 0.9124, 0.7851, 0.5866, 0.3617, 0.1990, 0.0965, 
7, 42, 0.0916, 0.0004, 95.312, 100.000, 0.958, 0.400, 0.9338, 0.8062, 0.6293, 0.4099, 0.2236, 0.1103, 
7, 41, 0.2438, 0.0007, 92.188, 100.000, 0.865, 0.231, 0.8251, 0.6108, 0.3830, 0.2269, 0.1242, 0.0637, 
7, 40, 0.0739, 0.0005, 98.438, 100.000, 0.906, 0.521, 0.8799, 0.7242, 0.5442, 0.3865, 0.2158, 0.1050, 
7, 39, 0.2586, 0.0004, 93.750, 100.000, 0.956, 0.446, 0.9416, 0.8347, 0.6770, 0.4594, 0.2356, 0.1057, 
7, 38, 0.2994, 0.0005, 92.188, 98.438, 0.941, 0.420, 0.9141, 0.7882, 0.6232, 0.4439, 0.2671, 0.1347, 
7, 37, 0.1681, 0.0005, 93.750, 100.000, 0.929, 0.426, 0.9183, 0.7833, 0.5951, 0.3719, 0.1868, 0.0860, 
7, 36, 0.3618, 0.0004, 87.500, 100.000, 0.930, 0.532, 0.9027, 0.7505, 0.5734, 0.4093, 0.2610, 0.1475, 
7, 35, 0.2071, 0.0005, 92.188, 100.000, 0.938, 0.500, 0.9204, 0.8100, 0.6586, 0.4672, 0.2848, 0.1390, 
7, 34, 0.3992, 0.0006, 90.625, 100.000, 0.928, 0.295, 0.9138, 0.7792, 0.5964, 0.4013, 0.2358, 0.1299, 
8, 34, 0.3799, 0.0006, 89.062, 98.438, 0.893, 0.410, 0.9013, 0.7651, 0.6046, 0.4567, 0.3047, 0.1482, 
8, 33, 0.1392, 0.0005, 95.312, 100.000, 0.944, 0.443, 0.9284, 0.8039, 0.6369, 0.4272, 0.2441, 0.1388, 
8, 32, 0.1706, 0.0006, 95.312, 100.000, 0.929, 0.321, 0.9240, 0.8025, 0.6427, 0.4434, 0.2629, 0.1462, 
8, 31, 0.1427, 0.0005, 95.312, 100.000, 0.914, 0.467, 0.8986, 0.7629, 0.6069, 0.4555, 0.3226, 0.1940, 
8, 30, 0.5532, 0.0005, 84.375, 100.000, 0.900, 0.458, 0.9001, 0.7646, 0.5834, 0.3763, 0.2048, 0.1087, 
8, 29, 0.1969, 0.0005, 95.312, 100.000, 0.945, 0.467, 0.9250, 0.8029, 0.6426, 0.4469, 0.2438, 0.1135, 
8, 28, 0.1893, 0.0005, 95.312, 100.000, 0.947, 0.430, 0.9209, 0.7918, 0.6036, 0.4025, 0.2303, 0.1122, 
8, 27, 0.1513, 0.0006, 93.750, 98.438, 0.935, 0.356, 0.8999, 0.7488, 0.5586, 0.3656, 0.2039, 0.1113, 
8, 26, 0.3687, 0.0006, 87.500, 100.000, 0.901, 0.439, 0.8977, 0.7430, 0.5607, 0.3771, 0.2250, 0.1228, 
8, 25, 0.3040, 0.0006, 87.500, 100.000, 0.924, 0.375, 0.8987, 0.7539, 0.5821, 0.4008, 0.2207, 0.1061, 
8, 24, 0.2279, 0.0006, 90.625, 100.000, 0.895, 0.420, 0.8617, 0.6892, 0.4861, 0.2913, 0.1457, 0.0646, 
8, 23, 0.3372, 0.0006, 93.750, 98.438, 0.904, 0.456, 0.8768, 0.6814, 0.4561, 0.2670, 0.1363, 0.0707, 
8, 22, 0.5914, 0.0007, 85.938, 100.000, 0.869, 0.452, 0.8681, 0.6835, 0.4530, 0.2396, 0.1166, 0.0588, 
8, 21, 0.4166, 0.0008, 92.188, 98.438, 0.814, 0.366, 0.7750, 0.4850, 0.2389, 0.1222, 0.0576, 0.0306, 
8, 20, 0.4571, 0.0008, 82.812, 98.438, 0.810, 0.357, 0.8029, 0.6174, 0.4381, 0.2878, 0.1641, 0.0822, 
8, 19, 0.5816, 0.0008, 82.812, 100.000, 0.810, 0.422, 0.8332, 0.6768, 0.5264, 0.3636, 0.2010, 0.1117, 
8, 18, 0.8041, 0.0009, 75.000, 100.000, 0.771, 0.462, 0.8259, 0.6678, 0.4964, 0.3414, 0.2028, 0.1043, 
8, 17, 0.6112, 0.0009, 79.688, 100.000, 0.799, 0.339, 0.8088, 0.5909, 0.4010, 0.2431, 0.1397, 0.0750, 
8, 16, 1.8336, 0.0012, 57.812, 87.500, 0.656, 0.370, 0.8187, 0.6201, 0.4304, 0.2812, 0.1690, 0.0967, 
8, 15, 1.9455, 0.0011, 48.438, 98.438, 0.712, 0.387, 0.8273, 0.6489, 0.4442, 0.2588, 0.1232, 0.0615, 
8, 14, 2.4036, 0.0015, 32.812, 89.062, 0.469, 0.281, 0.9031, 0.7751, 0.6266, 0.4628, 0.3201, 0.2002, 
8, 13, 3.6024, 0.0015, 28.125, 84.375, 0.397, 0.333, 0.7702, 0.5887, 0.4425, 0.3130, 0.2024, 0.1114, 
8, 12, 2.8952, 0.0018, 37.500, 82.812, 0.328, 0.379, 0.8739, 0.7221, 0.5469, 0.3732, 0.2343, 0.1548, 
8, 11, 1.9406, 0.0015, 35.938, 93.750, 0.446, 0.289, 0.8238, 0.6537, 0.4686, 0.3126, 0.1831, 0.1073, 
8, 10, 2.1244, 0.0016, 31.250, 90.625, 0.428, 0.259, 0.7028, 0.5124, 0.3754, 0.3003, 0.2505, 0.2236, 
8, 9, 2.3551, 0.0017, 40.625, 84.375, 0.371, 0.208, 0.8219, 0.6058, 0.3964, 0.2501, 0.1813, 0.1730, 
8, 8, 2.4400, 0.0018, 26.562, 81.250, 0.390, 0.069, 0.7456, 0.5225, 0.3263, 0.2390, 0.2306, 0.2270, 
8, 7, 2.1210, 0.0019, 29.688, 87.500, 0.277, 0.132, 0.7282, 0.5202, 0.3856, 0.3184, 0.2996, 0.2931, 
8, 6, 2.9985, 0.0018, 25.000, 89.062, 0.309, 0.217, 0.7496, 0.5445, 0.4033, 0.3029, 0.2530, 0.2284, 
8, 5, 2.4334, 0.0025, 4.688, 48.438, 0.098, 0.043, 1.0000, 1.0000, 1.0000, 1.0000, 1.0000, 1.0000, 
8, 4, 2.4074, 0.0024, 7.812, 57.812, 0.098, 0.040, 1.0000, 1.0000, 1.0000, 1.0000, 1.0000, 1.0000, 
8, 3, 2.4317, 0.0024, 12.500, 42.188, 0.098, 0.039, 1.0000, 1.0000, 1.0000, 1.0000, 1.0000, 1.0000, 
9, 1, 2.4223, 0.0024, 1.562, 43.750, 0.098, 0.038, 1.0000, 1.0000, 1.0000, 1.0000, 1.0000, 1.0000, 
9, 0, 2.3887, 0.0024, 12.500, 46.875, 0.098, 0.042, 1.0000, 1.0000, 1.0000, 1.0000, 1.0000, 1.0000, 
