main_allinputs_dl2.py --pruning=True --tensorboard=True --log-interval=15 --pruning_config=./configs/mnist_22_15.json --constraint RobustnessAND(eps1=7.8, eps2=2.9) --print-after-epoch=0 --dl2-weight=0.5 --delay=6
pruning_engine.load_mask(): did not find mask file, will load nothing
epoch, neuron_units, loss, dl2_loss, top1, top5, dl2_p_acc, dl2_constraint_acc
[0] Train acc: 0.1406
1, 252, 2.2927, 0.0023, 14.062, 59.375, 0.103, 0.050, 
[15] Train acc: 0.1875
1, 252, 2.2763, 0.0023, 18.750, 68.750, 0.103, 0.055, 
[30] Train acc: 0.3125
1, 252, 2.2343, 0.0023, 31.250, 75.000, 0.205, 0.052, 
[45] Train acc: 0.3594
1, 252, 2.1083, 0.0022, 35.938, 89.062, 0.408, 0.049, 
[60] Train acc: 0.5625
1, 252, 1.8079, 0.0021, 56.250, 90.625, 0.576, 0.050, 
[75] Train acc: 0.6719
1, 252, 1.1560, 0.0017, 67.188, 95.312, 0.646, 0.053, 
[90] Train acc: 0.6250
1, 252, 1.0569, 0.0015, 62.500, 98.438, 0.674, 0.052, 
[105] Train acc: 0.7031
1, 252, 0.8945, 0.0013, 70.312, 95.312, 0.730, 0.054, 
[120] Train acc: 0.8125
1, 252, 0.5999, 0.0011, 81.250, 98.438, 0.806, 0.049, 
[135] Train acc: 0.8594
1, 252, 0.3908, 0.0010, 85.938, 100.000, 0.854, 0.046, 
[150] Train acc: 0.8594
1, 252, 0.5338, 0.0010, 85.938, 100.000, 0.820, 0.046, 
[165] Train acc: 0.8281
1, 252, 0.5438, 0.0010, 82.812, 98.438, 0.764, 0.047, 
[180] Train acc: 0.9062
1, 252, 0.4400, 0.0009, 90.625, 98.438, 0.846, 0.056, 
[195] Train acc: 0.9062
1, 252, 0.2807, 0.0009, 90.625, 100.000, 0.848, 0.048, 
[210] Train acc: 0.9219
1, 252, 0.3626, 0.0009, 92.188, 98.438, 0.857, 0.047, 
[225] Train acc: 0.8750
1, 252, 0.3995, 0.0008, 87.500, 100.000, 0.887, 0.045, 
[240] Train acc: 0.8750
1, 252, 0.4170, 0.0008, 87.500, 98.438, 0.877, 0.047, 
[255] Train acc: 0.8281
1, 252, 0.4295, 0.0008, 82.812, 100.000, 0.851, 0.052, 
[270] Train acc: 0.9219
1, 252, 0.2311, 0.0008, 92.188, 100.000, 0.843, 0.049, 
[285] Train acc: 0.9375
1, 252, 0.2467, 0.0007, 93.750, 100.000, 0.920, 0.049, 
[300] Train acc: 0.9062
1, 252, 0.2694, 0.0007, 90.625, 100.000, 0.911, 0.053, 
[315] Train acc: 0.9219
1, 252, 0.2680, 0.0007, 92.188, 98.438, 0.922, 0.056, 
[330] Train acc: 0.9062
1, 252, 0.3726, 0.0007, 90.625, 98.438, 0.864, 0.049, 
[345] Train acc: 0.8594
1, 252, 0.4701, 0.0007, 85.938, 98.438, 0.908, 0.052, 
[360] Train acc: 0.8750
1, 252, 0.2838, 0.0007, 87.500, 100.000, 0.909, 0.049, 
[375] Train acc: 0.9375
1, 252, 0.1560, 0.0007, 93.750, 100.000, 0.923, 0.053, 
[390] Train acc: 0.9062
1, 252, 0.2070, 0.0006, 90.625, 100.000, 0.915, 0.051, 
[405] Train acc: 0.9375
1, 252, 0.1975, 0.0006, 93.750, 100.000, 0.918, 0.049, 
[420] Train acc: 0.9219
1, 252, 0.2446, 0.0006, 92.188, 100.000, 0.936, 0.050, 
[435] Train acc: 0.9219
1, 252, 0.2261, 0.0006, 92.188, 100.000, 0.935, 0.050, 
[450] Train acc: 0.9219
1, 252, 0.1807, 0.0006, 92.188, 100.000, 0.942, 0.056, 
[465] Train acc: 0.8906
1, 252, 0.3503, 0.0006, 89.062, 100.000, 0.914, 0.055, 
[480] Train acc: 1.0000
1, 252, 0.0762, 0.0006, 100.000, 100.000, 0.934, 0.049, 
[495] Train acc: 0.9531
1, 252, 0.1621, 0.0006, 95.312, 100.000, 0.948, 0.048, 
[510] Train acc: 0.9219
1, 252, 0.1649, 0.0005, 92.188, 100.000, 0.949, 0.050, 
[525] Train acc: 0.9531
1, 252, 0.1392, 0.0006, 95.312, 100.000, 0.945, 0.048, 
[540] Train acc: 0.9531
1, 252, 0.2543, 0.0006, 95.312, 98.438, 0.933, 0.049, 
[555] Train acc: 0.9688
1, 252, 0.1702, 0.0005, 96.875, 98.438, 0.953, 0.053, 
[570] Train acc: 0.9531
1, 252, 0.1492, 0.0005, 95.312, 100.000, 0.925, 0.046, 
[585] Train acc: 0.9844
1, 252, 0.0822, 0.0005, 98.438, 100.000, 0.950, 0.048, 
[600] Train acc: 0.9531
1, 252, 0.1890, 0.0005, 95.312, 100.000, 0.951, 0.051, 
[615] Train acc: 0.9531
1, 252, 0.1561, 0.0005, 95.312, 100.000, 0.951, 0.048, 
[630] Train acc: 0.9375
1, 252, 0.3362, 0.0005, 93.750, 100.000, 0.956, 0.048, 
[645] Train acc: 0.9688
1, 252, 0.1513, 0.0005, 96.875, 100.000, 0.956, 0.050, 
[660] Train acc: 0.9688
1, 252, 0.1354, 0.0005, 96.875, 100.000, 0.956, 0.047, 
[675] Train acc: 0.9375
1, 252, 0.1571, 0.0005, 93.750, 100.000, 0.956, 0.044, 
[690] Train acc: 0.9688
1, 252, 0.1637, 0.0005, 96.875, 98.438, 0.958, 0.049, 
[705] Train acc: 0.8906
1, 252, 0.3415, 0.0005, 89.062, 100.000, 0.953, 0.049, 
[720] Train acc: 1.0000
1, 252, 0.0550, 0.0005, 100.000, 100.000, 0.958, 0.045, 
[735] Train acc: 0.9375
1, 252, 0.1595, 0.0005, 93.750, 100.000, 0.956, 0.055, 
[750] Train acc: 0.9688
1, 252, 0.0683, 0.0005, 96.875, 100.000, 0.950, 0.051, 
[765] Train acc: 0.9062
1, 252, 0.2801, 0.0005, 90.625, 100.000, 0.945, 0.051, 
[780] Train acc: 0.9219
1, 252, 0.1975, 0.0005, 92.188, 100.000, 0.965, 0.046, 
[795] Train acc: 0.9375
1, 252, 0.1232, 0.0005, 93.750, 100.000, 0.960, 0.049, 
[810] Train acc: 1.0000
1, 252, 0.0531, 0.0005, 100.000, 100.000, 0.963, 0.048, 
[825] Train acc: 0.9531
1, 252, 0.1005, 0.0005, 95.312, 100.000, 0.959, 0.048, 
[840] Train acc: 0.9531
1, 252, 0.1271, 0.0005, 95.312, 100.000, 0.969, 0.049, 
[855] Train acc: 0.9375
1, 252, 0.1566, 0.0005, 93.750, 100.000, 0.942, 0.054, 
[870] Train acc: 0.9531
1, 252, 0.1490, 0.0004, 95.312, 100.000, 0.963, 0.048, 
[885] Train acc: 0.9375
1, 252, 0.1344, 0.0005, 93.750, 100.000, 0.959, 0.049, 
[900] Train acc: 0.9531
1, 252, 0.1105, 0.0004, 95.312, 100.000, 0.962, 0.049, 
[915] Train acc: 0.9375
1, 252, 0.1970, 0.0004, 93.750, 100.000, 0.960, 0.048, 
[930] Train acc: 0.9375
1, 252, 0.1600, 0.0004, 93.750, 100.000, 0.965, 0.053, 
[0] Train acc: 0.9531
2, 252, 0.1407, 0.0004, 95.312, 100.000, 0.963, 0.048, 
[15] Train acc: 0.9844
2, 252, 0.0752, 0.0004, 98.438, 100.000, 0.967, 0.046, 
[30] Train acc: 0.9688
2, 252, 0.0801, 0.0004, 96.875, 100.000, 0.955, 0.050, 
[45] Train acc: 0.9688
2, 252, 0.0949, 0.0004, 96.875, 100.000, 0.965, 0.048, 
[60] Train acc: 0.9844
2, 252, 0.0438, 0.0004, 98.438, 100.000, 0.963, 0.050, 
[75] Train acc: 0.9688
2, 252, 0.1399, 0.0004, 96.875, 100.000, 0.966, 0.051, 
[90] Train acc: 0.9375
2, 252, 0.3302, 0.0004, 93.750, 100.000, 0.967, 0.050, 
[105] Train acc: 0.9844
2, 252, 0.0491, 0.0004, 98.438, 100.000, 0.970, 0.051, 
[120] Train acc: 0.9688
2, 252, 0.0914, 0.0004, 96.875, 100.000, 0.970, 0.053, 
[135] Train acc: 0.9688
2, 252, 0.1508, 0.0004, 96.875, 100.000, 0.964, 0.047, 
[150] Train acc: 0.9531
2, 252, 0.0793, 0.0004, 95.312, 100.000, 0.967, 0.050, 
[165] Train acc: 0.9844
2, 252, 0.0713, 0.0004, 98.438, 100.000, 0.969, 0.053, 
[180] Train acc: 0.9531
2, 252, 0.0830, 0.0004, 95.312, 100.000, 0.966, 0.050, 
[195] Train acc: 0.9844
2, 252, 0.0966, 0.0004, 98.438, 100.000, 0.961, 0.047, 
[210] Train acc: 0.9688
2, 252, 0.0620, 0.0004, 96.875, 100.000, 0.973, 0.047, 
[225] Train acc: 0.9531
2, 252, 0.1448, 0.0004, 95.312, 100.000, 0.965, 0.048, 
[240] Train acc: 0.9531
2, 252, 0.1479, 0.0004, 95.312, 100.000, 0.967, 0.047, 
[255] Train acc: 1.0000
2, 252, 0.0279, 0.0004, 100.000, 100.000, 0.968, 0.047, 
[270] Train acc: 0.9844
2, 252, 0.0609, 0.0003, 98.438, 100.000, 0.974, 0.047, 
[285] Train acc: 0.9844
2, 252, 0.0342, 0.0003, 98.438, 100.000, 0.975, 0.049, 
[300] Train acc: 0.9688
2, 252, 0.0782, 0.0004, 96.875, 100.000, 0.969, 0.047, 
[315] Train acc: 0.9375
2, 252, 0.1122, 0.0004, 93.750, 100.000, 0.975, 0.047, 
[330] Train acc: 0.9688
2, 252, 0.0469, 0.0004, 96.875, 100.000, 0.968, 0.046, 
[345] Train acc: 0.9531
2, 252, 0.2345, 0.0004, 95.312, 100.000, 0.977, 0.048, 
[360] Train acc: 0.9688
2, 252, 0.0647, 0.0004, 96.875, 100.000, 0.962, 0.050, 
[375] Train acc: 0.9531
2, 252, 0.1035, 0.0004, 95.312, 100.000, 0.976, 0.050, 
[390] Train acc: 0.9844
2, 252, 0.0274, 0.0004, 98.438, 100.000, 0.974, 0.049, 
[405] Train acc: 0.9844
2, 252, 0.0408, 0.0004, 98.438, 100.000, 0.968, 0.053, 
[420] Train acc: 0.9844
2, 252, 0.0255, 0.0004, 98.438, 100.000, 0.976, 0.046, 
[435] Train acc: 0.9844
2, 252, 0.0391, 0.0004, 98.438, 100.000, 0.977, 0.043, 
[450] Train acc: 0.9844
2, 252, 0.0888, 0.0003, 98.438, 100.000, 0.975, 0.047, 
[465] Train acc: 0.9688
2, 252, 0.0860, 0.0004, 96.875, 100.000, 0.972, 0.048, 
[480] Train acc: 0.9688
2, 252, 0.0826, 0.0004, 96.875, 100.000, 0.969, 0.044, 
[495] Train acc: 0.9375
2, 252, 0.1246, 0.0004, 93.750, 100.000, 0.972, 0.047, 
[510] Train acc: 1.0000
2, 252, 0.0169, 0.0004, 100.000, 100.000, 0.974, 0.047, 
[525] Train acc: 0.9688
2, 252, 0.1215, 0.0004, 96.875, 100.000, 0.977, 0.047, 
[540] Train acc: 0.9844
2, 252, 0.0627, 0.0004, 98.438, 100.000, 0.977, 0.047, 
[555] Train acc: 1.0000
2, 252, 0.0338, 0.0004, 100.000, 100.000, 0.977, 0.050, 
[570] Train acc: 0.9531
2, 252, 0.1980, 0.0004, 95.312, 100.000, 0.972, 0.051, 
[585] Train acc: 1.0000
2, 252, 0.0180, 0.0004, 100.000, 100.000, 0.965, 0.050, 
[600] Train acc: 0.9531
2, 252, 0.1889, 0.0004, 95.312, 100.000, 0.966, 0.046, 
[615] Train acc: 0.9531
2, 252, 0.1996, 0.0004, 95.312, 100.000, 0.972, 0.049, 
[630] Train acc: 0.9844
2, 252, 0.0752, 0.0004, 98.438, 100.000, 0.971, 0.045, 
[645] Train acc: 0.9062
2, 252, 0.2343, 0.0003, 90.625, 100.000, 0.980, 0.049, 
[660] Train acc: 0.9844
2, 252, 0.0542, 0.0003, 98.438, 100.000, 0.978, 0.052, 
[675] Train acc: 0.9844
2, 252, 0.0672, 0.0003, 98.438, 100.000, 0.977, 0.043, 
[690] Train acc: 0.9688
2, 252, 0.0481, 0.0003, 96.875, 100.000, 0.975, 0.049, 
[705] Train acc: 0.9844
2, 252, 0.0961, 0.0003, 98.438, 100.000, 0.970, 0.046, 
[720] Train acc: 0.9688
2, 252, 0.0633, 0.0003, 96.875, 100.000, 0.976, 0.052, 
[735] Train acc: 0.9844
2, 252, 0.0988, 0.0004, 98.438, 100.000, 0.959, 0.046, 
[750] Train acc: 0.9844
2, 252, 0.0208, 0.0003, 98.438, 100.000, 0.978, 0.047, 
[765] Train acc: 0.9688
2, 252, 0.0411, 0.0003, 96.875, 100.000, 0.978, 0.042, 
[780] Train acc: 0.9844
2, 252, 0.0408, 0.0003, 98.438, 100.000, 0.975, 0.047, 
[795] Train acc: 0.9688
2, 252, 0.0842, 0.0003, 96.875, 100.000, 0.976, 0.047, 
[810] Train acc: 0.9688
2, 252, 0.0810, 0.0003, 96.875, 100.000, 0.976, 0.044, 
[825] Train acc: 0.9375
2, 252, 0.2803, 0.0003, 93.750, 100.000, 0.979, 0.048, 
[840] Train acc: 1.0000
2, 252, 0.0204, 0.0003, 100.000, 100.000, 0.974, 0.042, 
[855] Train acc: 1.0000
2, 252, 0.0160, 0.0003, 100.000, 100.000, 0.980, 0.040, 
[870] Train acc: 1.0000
2, 252, 0.0261, 0.0003, 100.000, 100.000, 0.978, 0.044, 
[885] Train acc: 0.9844
2, 252, 0.0547, 0.0003, 98.438, 100.000, 0.977, 0.052, 
[900] Train acc: 0.9375
2, 252, 0.1150, 0.0003, 93.750, 100.000, 0.979, 0.048, 
[915] Train acc: 0.9688
2, 252, 0.0495, 0.0003, 96.875, 100.000, 0.981, 0.042, 
[930] Train acc: 0.9688
2, 252, 0.1090, 0.0003, 96.875, 100.000, 0.971, 0.046, 
[0] Train acc: 0.9688
3, 252, 0.1437, 0.0003, 96.875, 100.000, 0.970, 0.040, 
[15] Train acc: 1.0000
3, 252, 0.0285, 0.0003, 100.000, 100.000, 0.981, 0.043, 
[30] Train acc: 0.9844
3, 252, 0.0529, 0.0003, 98.438, 100.000, 0.978, 0.039, 
[45] Train acc: 0.9688
3, 252, 0.0809, 0.0004, 96.875, 100.000, 0.969, 0.045, 
[60] Train acc: 1.0000
3, 252, 0.0216, 0.0003, 100.000, 100.000, 0.981, 0.047, 
[75] Train acc: 0.9688
3, 252, 0.1329, 0.0003, 96.875, 100.000, 0.969, 0.040, 
[90] Train acc: 0.9844
3, 252, 0.0656, 0.0003, 98.438, 100.000, 0.976, 0.041, 
[105] Train acc: 1.0000
3, 252, 0.0243, 0.0003, 100.000, 100.000, 0.981, 0.044, 
[120] Train acc: 1.0000
3, 252, 0.0218, 0.0003, 100.000, 100.000, 0.979, 0.044, 
[135] Train acc: 0.9531
3, 252, 0.0817, 0.0003, 95.312, 100.000, 0.981, 0.046, 
[150] Train acc: 1.0000
3, 252, 0.0099, 0.0003, 100.000, 100.000, 0.975, 0.049, 
[165] Train acc: 0.9844
3, 252, 0.1767, 0.0003, 98.438, 100.000, 0.981, 0.043, 
[180] Train acc: 0.9531
3, 252, 0.1106, 0.0003, 95.312, 100.000, 0.981, 0.049, 
[195] Train acc: 0.9844
3, 252, 0.0700, 0.0003, 98.438, 100.000, 0.976, 0.040, 
[210] Train acc: 0.9531
3, 252, 0.0754, 0.0003, 95.312, 100.000, 0.972, 0.051, 
[225] Train acc: 1.0000
3, 252, 0.0133, 0.0003, 100.000, 100.000, 0.983, 0.041, 
[240] Train acc: 0.9688
3, 252, 0.0620, 0.0003, 96.875, 100.000, 0.980, 0.044, 
[255] Train acc: 0.9844
3, 252, 0.0525, 0.0003, 98.438, 100.000, 0.972, 0.041, 
[270] Train acc: 0.9688
3, 252, 0.0948, 0.0003, 96.875, 100.000, 0.982, 0.043, 
[285] Train acc: 0.9688
3, 252, 0.0618, 0.0003, 96.875, 100.000, 0.984, 0.039, 
[300] Train acc: 0.9844
3, 252, 0.0618, 0.0003, 98.438, 100.000, 0.981, 0.045, 
[315] Train acc: 0.9688
3, 252, 0.1432, 0.0003, 96.875, 100.000, 0.983, 0.046, 
[330] Train acc: 0.9531
3, 252, 0.1283, 0.0003, 95.312, 100.000, 0.978, 0.046, 
[345] Train acc: 1.0000
3, 252, 0.0156, 0.0003, 100.000, 100.000, 0.982, 0.043, 
[360] Train acc: 0.9844
3, 252, 0.0625, 0.0003, 98.438, 100.000, 0.979, 0.041, 
[375] Train acc: 1.0000
3, 252, 0.0429, 0.0003, 100.000, 100.000, 0.977, 0.046, 
[390] Train acc: 0.9375
3, 252, 0.2170, 0.0003, 93.750, 100.000, 0.966, 0.042, 
[405] Train acc: 0.9844
3, 252, 0.0477, 0.0003, 98.438, 100.000, 0.982, 0.043, 
[420] Train acc: 1.0000
3, 252, 0.0266, 0.0003, 100.000, 100.000, 0.982, 0.045, 
[435] Train acc: 0.9844
3, 252, 0.0296, 0.0003, 98.438, 100.000, 0.972, 0.043, 
[450] Train acc: 0.9844
3, 252, 0.0515, 0.0003, 98.438, 100.000, 0.979, 0.045, 
[465] Train acc: 1.0000
3, 252, 0.0425, 0.0003, 100.000, 100.000, 0.982, 0.045, 
[480] Train acc: 0.9844
3, 252, 0.1283, 0.0003, 98.438, 100.000, 0.981, 0.044, 
[495] Train acc: 0.9688
3, 252, 0.0506, 0.0003, 96.875, 100.000, 0.983, 0.043, 
[510] Train acc: 0.9688
3, 252, 0.0836, 0.0003, 96.875, 100.000, 0.982, 0.044, 
[525] Train acc: 0.9531
3, 252, 0.1020, 0.0003, 95.312, 100.000, 0.984, 0.044, 
[540] Train acc: 1.0000
3, 252, 0.0214, 0.0003, 100.000, 100.000, 0.982, 0.041, 
[555] Train acc: 0.9531
3, 252, 0.1520, 0.0003, 95.312, 100.000, 0.985, 0.054, 
[570] Train acc: 0.9844
3, 252, 0.0536, 0.0003, 98.438, 100.000, 0.978, 0.047, 
[585] Train acc: 1.0000
3, 252, 0.0112, 0.0003, 100.000, 100.000, 0.982, 0.046, 
[600] Train acc: 0.9375
3, 252, 0.1640, 0.0003, 93.750, 100.000, 0.980, 0.044, 
[615] Train acc: 0.9531
3, 252, 0.1815, 0.0003, 95.312, 100.000, 0.982, 0.046, 
[630] Train acc: 1.0000
3, 252, 0.0235, 0.0003, 100.000, 100.000, 0.984, 0.040, 
[645] Train acc: 0.9688
3, 252, 0.2124, 0.0003, 96.875, 100.000, 0.983, 0.037, 
[660] Train acc: 1.0000
3, 252, 0.0341, 0.0003, 100.000, 100.000, 0.983, 0.048, 
[675] Train acc: 1.0000
3, 252, 0.0153, 0.0003, 100.000, 100.000, 0.984, 0.044, 
[690] Train acc: 0.9844
3, 252, 0.0284, 0.0003, 98.438, 100.000, 0.985, 0.042, 
[705] Train acc: 1.0000
3, 252, 0.0274, 0.0003, 100.000, 100.000, 0.983, 0.044, 
[720] Train acc: 0.9844
3, 252, 0.0483, 0.0003, 98.438, 100.000, 0.984, 0.050, 
[735] Train acc: 0.9844
3, 252, 0.0342, 0.0003, 98.438, 100.000, 0.982, 0.043, 
[750] Train acc: 0.9844
3, 252, 0.0250, 0.0003, 98.438, 100.000, 0.986, 0.039, 
[765] Train acc: 1.0000
3, 252, 0.0191, 0.0003, 100.000, 100.000, 0.981, 0.046, 
[780] Train acc: 0.9531
3, 252, 0.1058, 0.0003, 95.312, 100.000, 0.984, 0.046, 
[795] Train acc: 0.9688
3, 252, 0.0497, 0.0003, 96.875, 100.000, 0.982, 0.034, 
[810] Train acc: 1.0000
3, 252, 0.0074, 0.0003, 100.000, 100.000, 0.978, 0.042, 
[825] Train acc: 1.0000
3, 252, 0.0133, 0.0002, 100.000, 100.000, 0.984, 0.042, 
[840] Train acc: 0.9531
3, 252, 0.0715, 0.0003, 95.312, 100.000, 0.981, 0.045, 
[855] Train acc: 1.0000
3, 252, 0.0085, 0.0003, 100.000, 100.000, 0.978, 0.043, 
[870] Train acc: 1.0000
3, 252, 0.0084, 0.0003, 100.000, 100.000, 0.981, 0.048, 
[885] Train acc: 1.0000
3, 252, 0.0144, 0.0003, 100.000, 100.000, 0.983, 0.049, 
[900] Train acc: 0.9844
3, 252, 0.0241, 0.0003, 98.438, 100.000, 0.981, 0.041, 
[915] Train acc: 0.9531
3, 252, 0.2423, 0.0003, 95.312, 100.000, 0.983, 0.046, 
[930] Train acc: 0.9844
3, 252, 0.0708, 0.0003, 98.438, 100.000, 0.987, 0.044, 
[0] Train acc: 0.9844
4, 252, 0.0484, 0.0003, 98.438, 100.000, 0.985, 0.041, 
[15] Train acc: 1.0000
4, 252, 0.0244, 0.0003, 100.000, 100.000, 0.983, 0.042, 
[30] Train acc: 0.9844
4, 252, 0.0416, 0.0003, 98.438, 100.000, 0.981, 0.046, 
[45] Train acc: 1.0000
4, 252, 0.0063, 0.0003, 100.000, 100.000, 0.985, 0.041, 
[60] Train acc: 1.0000
4, 252, 0.0215, 0.0003, 100.000, 100.000, 0.984, 0.045, 
[75] Train acc: 1.0000
4, 252, 0.0432, 0.0003, 100.000, 100.000, 0.972, 0.045, 
[90] Train acc: 0.9844
4, 252, 0.0448, 0.0002, 98.438, 100.000, 0.985, 0.042, 
[105] Train acc: 1.0000
4, 252, 0.0111, 0.0002, 100.000, 100.000, 0.984, 0.038, 
[120] Train acc: 0.9844
4, 252, 0.0530, 0.0003, 98.438, 100.000, 0.982, 0.046, 
[135] Train acc: 0.9844
4, 252, 0.0300, 0.0003, 98.438, 100.000, 0.985, 0.044, 
[150] Train acc: 0.9688
4, 252, 0.0593, 0.0002, 96.875, 100.000, 0.985, 0.039, 
[165] Train acc: 1.0000
4, 252, 0.0173, 0.0003, 100.000, 100.000, 0.982, 0.035, 
[180] Train acc: 0.9844
4, 252, 0.1133, 0.0002, 98.438, 100.000, 0.985, 0.040, 
[195] Train acc: 1.0000
4, 252, 0.0079, 0.0003, 100.000, 100.000, 0.983, 0.040, 
[210] Train acc: 0.9531
4, 252, 0.1191, 0.0003, 95.312, 100.000, 0.980, 0.039, 
[225] Train acc: 1.0000
4, 252, 0.0161, 0.0003, 100.000, 100.000, 0.985, 0.043, 
[240] Train acc: 1.0000
4, 252, 0.0187, 0.0003, 100.000, 100.000, 0.982, 0.039, 
[255] Train acc: 0.9844
4, 252, 0.1243, 0.0003, 98.438, 98.438, 0.983, 0.039, 
[270] Train acc: 1.0000
4, 252, 0.0103, 0.0002, 100.000, 100.000, 0.986, 0.046, 
[285] Train acc: 0.9688
4, 252, 0.0890, 0.0002, 96.875, 100.000, 0.986, 0.043, 
[300] Train acc: 1.0000
4, 252, 0.0147, 0.0003, 100.000, 100.000, 0.981, 0.041, 
[315] Train acc: 1.0000
4, 252, 0.0182, 0.0002, 100.000, 100.000, 0.985, 0.046, 
[330] Train acc: 1.0000
4, 252, 0.0325, 0.0003, 100.000, 100.000, 0.985, 0.038, 
[345] Train acc: 0.9531
4, 252, 0.0922, 0.0003, 95.312, 100.000, 0.983, 0.042, 
[360] Train acc: 0.9688
4, 252, 0.0669, 0.0003, 96.875, 100.000, 0.979, 0.044, 
[375] Train acc: 1.0000
4, 252, 0.0089, 0.0003, 100.000, 100.000, 0.987, 0.042, 
[390] Train acc: 1.0000
4, 252, 0.0179, 0.0003, 100.000, 100.000, 0.985, 0.043, 
[405] Train acc: 1.0000
4, 252, 0.0076, 0.0003, 100.000, 100.000, 0.982, 0.045, 
[420] Train acc: 0.9688
4, 252, 0.0540, 0.0003, 96.875, 100.000, 0.982, 0.043, 
[435] Train acc: 0.9688
4, 252, 0.0744, 0.0003, 96.875, 100.000, 0.984, 0.042, 
[450] Train acc: 1.0000
4, 252, 0.0152, 0.0003, 100.000, 100.000, 0.983, 0.044, 
[465] Train acc: 0.9844
4, 252, 0.0753, 0.0002, 98.438, 100.000, 0.985, 0.040, 
[480] Train acc: 0.9688
4, 252, 0.0678, 0.0002, 96.875, 100.000, 0.984, 0.043, 
[495] Train acc: 0.9844
4, 252, 0.0385, 0.0003, 98.438, 100.000, 0.985, 0.041, 
[510] Train acc: 0.9531
4, 252, 0.0576, 0.0003, 95.312, 100.000, 0.987, 0.044, 
[525] Train acc: 1.0000
4, 252, 0.0055, 0.0002, 100.000, 100.000, 0.985, 0.040, 
[540] Train acc: 1.0000
4, 252, 0.0088, 0.0003, 100.000, 100.000, 0.980, 0.039, 
[555] Train acc: 0.9844
4, 252, 0.0672, 0.0002, 98.438, 100.000, 0.984, 0.040, 
[570] Train acc: 1.0000
4, 252, 0.0215, 0.0003, 100.000, 100.000, 0.982, 0.043, 
[585] Train acc: 0.9531
4, 252, 0.1056, 0.0002, 95.312, 100.000, 0.986, 0.044, 
[600] Train acc: 1.0000
4, 252, 0.0105, 0.0002, 100.000, 100.000, 0.987, 0.045, 
[615] Train acc: 0.9844
4, 252, 0.0304, 0.0002, 98.438, 100.000, 0.986, 0.040, 
[630] Train acc: 0.9531
4, 252, 0.1299, 0.0002, 95.312, 100.000, 0.983, 0.042, 
[645] Train acc: 1.0000
4, 252, 0.0146, 0.0002, 100.000, 100.000, 0.985, 0.037, 
[660] Train acc: 1.0000
4, 252, 0.0169, 0.0002, 100.000, 100.000, 0.987, 0.043, 
[675] Train acc: 0.9688
4, 252, 0.0538, 0.0002, 96.875, 100.000, 0.986, 0.037, 
[690] Train acc: 0.9844
4, 252, 0.0774, 0.0002, 98.438, 100.000, 0.983, 0.043, 
[705] Train acc: 1.0000
4, 252, 0.0300, 0.0002, 100.000, 100.000, 0.986, 0.045, 
[720] Train acc: 0.9844
4, 252, 0.0937, 0.0002, 98.438, 100.000, 0.983, 0.040, 
[735] Train acc: 1.0000
4, 252, 0.0191, 0.0002, 100.000, 100.000, 0.980, 0.040, 
[750] Train acc: 1.0000
4, 252, 0.0044, 0.0002, 100.000, 100.000, 0.983, 0.042, 
[765] Train acc: 0.9531
4, 252, 0.0958, 0.0002, 95.312, 100.000, 0.985, 0.041, 
[780] Train acc: 0.9688
4, 252, 0.0661, 0.0002, 96.875, 100.000, 0.985, 0.043, 
[795] Train acc: 0.9531
4, 252, 0.1070, 0.0002, 95.312, 100.000, 0.983, 0.039, 
[810] Train acc: 1.0000
4, 252, 0.0131, 0.0002, 100.000, 100.000, 0.985, 0.043, 
[825] Train acc: 0.9688
4, 252, 0.0316, 0.0002, 96.875, 100.000, 0.985, 0.046, 
[840] Train acc: 1.0000
4, 252, 0.0235, 0.0002, 100.000, 100.000, 0.986, 0.041, 
[855] Train acc: 1.0000
4, 252, 0.0032, 0.0002, 100.000, 100.000, 0.986, 0.039, 
[870] Train acc: 0.9844
4, 252, 0.0457, 0.0003, 98.438, 100.000, 0.983, 0.047, 
[885] Train acc: 1.0000
4, 252, 0.0180, 0.0002, 100.000, 100.000, 0.983, 0.045, 
[900] Train acc: 0.9844
4, 252, 0.0469, 0.0003, 98.438, 100.000, 0.980, 0.044, 
[915] Train acc: 1.0000
4, 252, 0.0054, 0.0002, 100.000, 100.000, 0.987, 0.037, 
[930] Train acc: 0.9688
4, 252, 0.1351, 0.0002, 96.875, 100.000, 0.988, 0.041, 
[0] Train acc: 0.9531
5, 252, 0.1104, 0.0003, 95.312, 100.000, 0.982, 0.039, 
[15] Train acc: 0.9844
5, 252, 0.0755, 0.0002, 98.438, 100.000, 0.987, 0.049, 
[30] Train acc: 1.0000
5, 252, 0.0264, 0.0002, 100.000, 100.000, 0.988, 0.039, 
[45] Train acc: 0.9531
5, 252, 0.0984, 0.0002, 95.312, 100.000, 0.986, 0.043, 
[60] Train acc: 1.0000
5, 252, 0.0236, 0.0002, 100.000, 100.000, 0.983, 0.041, 
[75] Train acc: 0.9844
5, 252, 0.0256, 0.0002, 98.438, 100.000, 0.988, 0.045, 
[90] Train acc: 0.9531
5, 252, 0.1569, 0.0003, 95.312, 100.000, 0.984, 0.043, 
[105] Train acc: 0.9844
5, 252, 0.0473, 0.0002, 98.438, 100.000, 0.987, 0.039, 
[120] Train acc: 1.0000
5, 252, 0.0015, 0.0002, 100.000, 100.000, 0.986, 0.036, 
[135] Train acc: 0.9844
5, 252, 0.0393, 0.0002, 98.438, 100.000, 0.988, 0.043, 
[150] Train acc: 1.0000
5, 252, 0.0231, 0.0002, 100.000, 100.000, 0.988, 0.040, 
[165] Train acc: 0.9844
5, 252, 0.0324, 0.0002, 98.438, 100.000, 0.984, 0.042, 
[180] Train acc: 0.9844
5, 252, 0.0189, 0.0002, 98.438, 100.000, 0.985, 0.036, 
[195] Train acc: 1.0000
5, 252, 0.0243, 0.0002, 100.000, 100.000, 0.986, 0.039, 
[210] Train acc: 0.9688
5, 252, 0.2014, 0.0002, 96.875, 98.438, 0.986, 0.046, 
[225] Train acc: 0.9688
5, 252, 0.0636, 0.0002, 96.875, 100.000, 0.981, 0.045, 
[240] Train acc: 0.9844
5, 252, 0.0409, 0.0002, 98.438, 100.000, 0.988, 0.042, 
[255] Train acc: 0.9844
5, 252, 0.0414, 0.0002, 98.438, 100.000, 0.985, 0.047, 
[270] Train acc: 1.0000
5, 252, 0.0077, 0.0002, 100.000, 100.000, 0.984, 0.043, 
[285] Train acc: 0.9844
5, 252, 0.0314, 0.0002, 98.438, 100.000, 0.986, 0.038, 
[300] Train acc: 0.9688
5, 252, 0.0770, 0.0002, 96.875, 100.000, 0.987, 0.044, 
[315] Train acc: 0.9688
5, 252, 0.0528, 0.0002, 96.875, 100.000, 0.986, 0.042, 
[330] Train acc: 0.9844
5, 252, 0.0357, 0.0002, 98.438, 100.000, 0.986, 0.045, 
[345] Train acc: 1.0000
5, 252, 0.0078, 0.0002, 100.000, 100.000, 0.986, 0.044, 
[360] Train acc: 1.0000
5, 252, 0.0062, 0.0002, 100.000, 100.000, 0.988, 0.041, 
[375] Train acc: 1.0000
5, 252, 0.0182, 0.0002, 100.000, 100.000, 0.985, 0.042, 
[390] Train acc: 0.9844
5, 252, 0.0347, 0.0002, 98.438, 100.000, 0.986, 0.040, 
[405] Train acc: 0.9844
5, 252, 0.0357, 0.0002, 98.438, 100.000, 0.986, 0.038, 
[420] Train acc: 0.9844
5, 252, 0.0288, 0.0002, 98.438, 100.000, 0.987, 0.039, 
[435] Train acc: 1.0000
5, 252, 0.0384, 0.0002, 100.000, 100.000, 0.987, 0.038, 
[450] Train acc: 0.9688
5, 252, 0.0746, 0.0002, 96.875, 100.000, 0.986, 0.036, 
[465] Train acc: 0.9531
5, 252, 0.2299, 0.0003, 95.312, 100.000, 0.985, 0.042, 
[480] Train acc: 1.0000
5, 252, 0.0095, 0.0002, 100.000, 100.000, 0.985, 0.039, 
[495] Train acc: 0.9688
5, 252, 0.0636, 0.0002, 96.875, 100.000, 0.985, 0.042, 
[510] Train acc: 0.9531
5, 252, 0.0753, 0.0002, 95.312, 100.000, 0.987, 0.038, 
[525] Train acc: 0.9688
5, 252, 0.0763, 0.0002, 96.875, 100.000, 0.988, 0.037, 
[540] Train acc: 0.9688
5, 252, 0.1208, 0.0002, 96.875, 100.000, 0.988, 0.036, 
[555] Train acc: 0.9844
5, 252, 0.0301, 0.0002, 98.438, 100.000, 0.990, 0.038, 
[570] Train acc: 1.0000
5, 252, 0.0098, 0.0002, 100.000, 100.000, 0.986, 0.043, 
[585] Train acc: 1.0000
5, 252, 0.0090, 0.0002, 100.000, 100.000, 0.985, 0.041, 
[600] Train acc: 1.0000
5, 252, 0.0170, 0.0002, 100.000, 100.000, 0.985, 0.041, 
[615] Train acc: 0.9844
5, 252, 0.0246, 0.0002, 98.438, 100.000, 0.988, 0.049, 
[630] Train acc: 0.9219
5, 252, 0.1508, 0.0002, 92.188, 100.000, 0.987, 0.037, 
[645] Train acc: 1.0000
5, 252, 0.0039, 0.0002, 100.000, 100.000, 0.987, 0.040, 
[660] Train acc: 1.0000
5, 252, 0.0033, 0.0002, 100.000, 100.000, 0.987, 0.039, 
[675] Train acc: 1.0000
5, 252, 0.0219, 0.0002, 100.000, 100.000, 0.987, 0.041, 
[690] Train acc: 1.0000
5, 252, 0.0031, 0.0002, 100.000, 100.000, 0.986, 0.040, 
[705] Train acc: 1.0000
5, 252, 0.0078, 0.0002, 100.000, 100.000, 0.988, 0.035, 
[720] Train acc: 0.9844
5, 252, 0.0540, 0.0002, 98.438, 100.000, 0.986, 0.039, 
[735] Train acc: 0.9844
5, 252, 0.0684, 0.0002, 98.438, 100.000, 0.987, 0.034, 
[750] Train acc: 1.0000
5, 252, 0.0082, 0.0002, 100.000, 100.000, 0.986, 0.037, 
[765] Train acc: 1.0000
5, 252, 0.0112, 0.0002, 100.000, 100.000, 0.983, 0.046, 
[780] Train acc: 0.9531
5, 252, 0.2455, 0.0002, 95.312, 100.000, 0.988, 0.039, 
[795] Train acc: 0.9688
5, 252, 0.0589, 0.0002, 96.875, 100.000, 0.988, 0.041, 
[810] Train acc: 0.9844
5, 252, 0.0220, 0.0002, 98.438, 100.000, 0.986, 0.038, 
[825] Train acc: 1.0000
5, 252, 0.0090, 0.0002, 100.000, 100.000, 0.983, 0.039, 
[840] Train acc: 0.9844
5, 252, 0.0306, 0.0002, 98.438, 100.000, 0.987, 0.035, 
[855] Train acc: 1.0000
5, 252, 0.0127, 0.0002, 100.000, 100.000, 0.985, 0.044, 
[870] Train acc: 0.9688
5, 252, 0.1107, 0.0002, 96.875, 100.000, 0.980, 0.037, 
[885] Train acc: 1.0000
5, 252, 0.0024, 0.0002, 100.000, 100.000, 0.987, 0.037, 
[900] Train acc: 1.0000
5, 252, 0.0236, 0.0002, 100.000, 100.000, 0.987, 0.040, 
[915] Train acc: 0.9844
5, 252, 0.0203, 0.0002, 98.438, 100.000, 0.987, 0.043, 
[930] Train acc: 0.9844
5, 252, 0.0435, 0.0002, 98.438, 100.000, 0.986, 0.041, 
[0] Train acc: 1.0000
6, 252, 0.0085, 0.0002, 100.000, 100.000, 0.985, 0.040, 
[15] Train acc: 1.0000
6, 252, 0.0074, 0.0002, 100.000, 100.000, 0.990, 0.040, 
[30] Train acc: 0.9844
6, 252, 0.0378, 0.0002, 98.438, 100.000, 0.986, 0.040, 
[45] Train acc: 1.0000
6, 252, 0.0035, 0.0002, 100.000, 100.000, 0.989, 0.041, 
[60] Train acc: 1.0000
6, 252, 0.0291, 0.0002, 100.000, 100.000, 0.987, 0.041, 
[75] Train acc: 1.0000
6, 252, 0.0240, 0.0002, 100.000, 100.000, 0.986, 0.039, 
[90] Train acc: 1.0000
6, 252, 0.0225, 0.0002, 100.000, 100.000, 0.987, 0.041, 
[105] Train acc: 0.9688
6, 252, 0.0429, 0.0002, 96.875, 100.000, 0.987, 0.037, 
[120] Train acc: 0.9844
6, 252, 0.0526, 0.0002, 98.438, 100.000, 0.988, 0.039, 
[135] Train acc: 1.0000
6, 252, 0.0031, 0.0002, 100.000, 100.000, 0.988, 0.041, 
[150] Train acc: 1.0000
6, 252, 0.0227, 0.0002, 100.000, 100.000, 0.986, 0.034, 
[165] Train acc: 1.0000
6, 252, 0.0111, 0.0002, 100.000, 100.000, 0.986, 0.039, 
[180] Train acc: 1.0000
6, 252, 0.0106, 0.0002, 100.000, 100.000, 0.988, 0.037, 
[195] Train acc: 0.9688
6, 252, 0.0541, 0.0002, 96.875, 100.000, 0.988, 0.039, 
[210] Train acc: 0.9844
6, 252, 0.0496, 0.0002, 98.438, 100.000, 0.987, 0.040, 
[225] Train acc: 0.9688
6, 252, 0.0520, 0.0002, 96.875, 100.000, 0.989, 0.037, 
[240] Train acc: 1.0000
6, 252, 0.0066, 0.0002, 100.000, 100.000, 0.986, 0.046, 
[255] Train acc: 0.9844
6, 252, 0.0878, 0.0002, 98.438, 100.000, 0.987, 0.039, 
[270] Train acc: 1.0000
6, 252, 0.0132, 0.0002, 100.000, 100.000, 0.988, 0.045, 
[285] Train acc: 0.9688
6, 252, 0.0930, 0.0002, 96.875, 100.000, 0.988, 0.043, 
[300] Train acc: 0.9844
6, 252, 0.1033, 0.0002, 98.438, 100.000, 0.985, 0.046, 
[315] Train acc: 1.0000
6, 252, 0.0046, 0.0002, 100.000, 100.000, 0.988, 0.041, 
[330] Train acc: 0.9844
6, 252, 0.0216, 0.0002, 98.438, 100.000, 0.988, 0.039, 
[345] Train acc: 0.9688
6, 252, 0.1465, 0.0002, 96.875, 100.000, 0.989, 0.038, 
[360] Train acc: 0.9844
6, 252, 0.0298, 0.0002, 98.438, 100.000, 0.990, 0.041, 
[375] Train acc: 0.9844
6, 252, 0.0448, 0.0003, 98.438, 100.000, 0.984, 0.040, 
[390] Train acc: 0.9844
6, 252, 0.0541, 0.0002, 98.438, 100.000, 0.987, 0.043, 
[405] Train acc: 1.0000
6, 252, 0.0164, 0.0002, 100.000, 100.000, 0.984, 0.041, 
[420] Train acc: 1.0000
6, 252, 0.0045, 0.0002, 100.000, 100.000, 0.985, 0.040, 
[435] Train acc: 1.0000
6, 252, 0.0035, 0.0002, 100.000, 100.000, 0.988, 0.038, 
[450] Train acc: 1.0000
6, 252, 0.0090, 0.0002, 100.000, 100.000, 0.986, 0.038, 
[465] Train acc: 0.9844
6, 252, 0.0272, 0.0002, 98.438, 100.000, 0.989, 0.037, 
[480] Train acc: 1.0000
6, 252, 0.0067, 0.0002, 100.000, 100.000, 0.988, 0.045, 
[495] Train acc: 1.0000
6, 252, 0.0115, 0.0002, 100.000, 100.000, 0.987, 0.039, 
[510] Train acc: 0.9688
6, 252, 0.1064, 0.0002, 96.875, 100.000, 0.986, 0.041, 
[525] Train acc: 0.9688
6, 252, 0.0514, 0.0002, 96.875, 100.000, 0.991, 0.043, 
[540] Train acc: 0.9844
6, 252, 0.0582, 0.0002, 98.438, 100.000, 0.986, 0.040, 
[555] Train acc: 1.0000
6, 252, 0.0139, 0.0002, 100.000, 100.000, 0.989, 0.045, 
[570] Train acc: 0.9688
6, 252, 0.0436, 0.0002, 96.875, 100.000, 0.989, 0.038, 
[585] Train acc: 0.9844
6, 252, 0.0471, 0.0002, 98.438, 100.000, 0.988, 0.036, 
[600] Train acc: 1.0000
6, 252, 0.0010, 0.0002, 100.000, 100.000, 0.986, 0.036, 
[615] Train acc: 1.0000
6, 252, 0.0274, 0.0002, 100.000, 100.000, 0.989, 0.033, 
[630] Train acc: 0.9844
6, 252, 0.0533, 0.0002, 98.438, 100.000, 0.981, 0.036, 
[645] Train acc: 1.0000
6, 252, 0.0045, 0.0002, 100.000, 100.000, 0.989, 0.038, 
[660] Train acc: 1.0000
6, 252, 0.0103, 0.0002, 100.000, 100.000, 0.988, 0.038, 
[675] Train acc: 1.0000
6, 252, 0.0031, 0.0002, 100.000, 100.000, 0.990, 0.039, 
[690] Train acc: 1.0000
6, 252, 0.0067, 0.0002, 100.000, 100.000, 0.988, 0.034, 
[705] Train acc: 1.0000
6, 252, 0.0077, 0.0002, 100.000, 100.000, 0.986, 0.043, 
[720] Train acc: 0.9844
6, 252, 0.0290, 0.0002, 98.438, 100.000, 0.985, 0.040, 
[735] Train acc: 0.9844
6, 252, 0.0469, 0.0002, 98.438, 100.000, 0.988, 0.033, 
[750] Train acc: 0.9844
6, 252, 0.0277, 0.0002, 98.438, 100.000, 0.990, 0.035, 
[765] Train acc: 1.0000
6, 252, 0.0017, 0.0002, 100.000, 100.000, 0.989, 0.037, 
[780] Train acc: 1.0000
6, 252, 0.0126, 0.0002, 100.000, 100.000, 0.987, 0.040, 
[795] Train acc: 0.9844
6, 252, 0.0272, 0.0002, 98.438, 100.000, 0.988, 0.039, 
[810] Train acc: 1.0000
6, 252, 0.0162, 0.0002, 100.000, 100.000, 0.988, 0.036, 
[825] Train acc: 0.9688
6, 252, 0.0488, 0.0002, 96.875, 100.000, 0.988, 0.036, 
[840] Train acc: 0.9844
6, 252, 0.0506, 0.0002, 98.438, 100.000, 0.987, 0.034, 
[855] Train acc: 1.0000
6, 252, 0.0059, 0.0002, 100.000, 100.000, 0.987, 0.035, 
[870] Train acc: 1.0000
6, 252, 0.0069, 0.0002, 100.000, 100.000, 0.987, 0.038, 
[885] Train acc: 0.9688
6, 252, 0.0715, 0.0002, 96.875, 100.000, 0.987, 0.040, 
[900] Train acc: 1.0000
6, 252, 0.0087, 0.0002, 100.000, 100.000, 0.989, 0.042, 
[915] Train acc: 1.0000
6, 252, 0.0105, 0.0002, 100.000, 100.000, 0.988, 0.044, 
[930] Train acc: 1.0000
6, 252, 0.0081, 0.0002, 100.000, 100.000, 0.987, 0.035, 
[0] Train acc: 1.0000, Constr acc: 0.0000, CE loss: 0.005, DL2 loss: 34.702
7, 252, 0.0049, 0.0004, 100.000, 100.000, 0.975, 0.051, 
[15] Train acc: 0.9688, Constr acc: 0.0000, CE loss: 0.445, DL2 loss: 23.935
7, 251, 0.4453, 0.0015, 96.875, 100.000, 0.969, 0.045, 
[30] Train acc: 1.0000, Constr acc: 0.0000, CE loss: 0.409, DL2 loss: 25.824
7, 250, 0.4094, 0.0016, 100.000, 100.000, 0.969, 0.047, 
[45] Train acc: 0.9844, Constr acc: 0.0000, CE loss: 0.441, DL2 loss: 24.787
7, 249, 0.4411, 0.0015, 98.438, 100.000, 0.978, 0.048, 
[60] Train acc: 0.9844, Constr acc: 0.0000, CE loss: 0.386, DL2 loss: 26.813
7, 248, 0.3862, 0.0015, 98.438, 100.000, 0.978, 0.051, 
[75] Train acc: 0.9688, Constr acc: 0.0000, CE loss: 0.363, DL2 loss: 25.637
7, 247, 0.3632, 0.0014, 96.875, 100.000, 0.980, 0.051, 
[90] Train acc: 1.0000, Constr acc: 0.0000, CE loss: 0.361, DL2 loss: 24.782
7, 246, 0.3609, 0.0015, 100.000, 100.000, 0.983, 0.050, 
[105] Train acc: 0.9844, Constr acc: 0.0000, CE loss: 0.336, DL2 loss: 24.163
7, 245, 0.3365, 0.0015, 98.438, 100.000, 0.980, 0.051, 
[120] Train acc: 1.0000, Constr acc: 0.0000, CE loss: 0.322, DL2 loss: 25.137
7, 244, 0.3216, 0.0015, 100.000, 100.000, 0.984, 0.051, 
[135] Train acc: 1.0000, Constr acc: 0.0000, CE loss: 0.329, DL2 loss: 23.981
7, 243, 0.3289, 0.0015, 100.000, 100.000, 0.984, 0.048, 
[150] Train acc: 1.0000, Constr acc: 0.0000, CE loss: 0.441, DL2 loss: 25.044
7, 242, 0.4409, 0.0015, 100.000, 100.000, 0.982, 0.051, 
[165] Train acc: 1.0000, Constr acc: 0.0000, CE loss: 0.304, DL2 loss: 25.961
7, 241, 0.3045, 0.0015, 100.000, 100.000, 0.984, 0.054, 
[180] Train acc: 0.9844, Constr acc: 0.0000, CE loss: 0.309, DL2 loss: 25.664
7, 240, 0.3090, 0.0015, 98.438, 100.000, 0.981, 0.050, 
[195] Train acc: 1.0000, Constr acc: 0.0000, CE loss: 0.323, DL2 loss: 25.084
7, 239, 0.3229, 0.0014, 100.000, 100.000, 0.984, 0.048, 
[210] Train acc: 0.9844, Constr acc: 0.0000, CE loss: 0.387, DL2 loss: 25.156
7, 238, 0.3872, 0.0014, 98.438, 100.000, 0.986, 0.053, 
[225] Train acc: 0.9844, Constr acc: 0.0000, CE loss: 0.287, DL2 loss: 26.480
7, 237, 0.2866, 0.0014, 98.438, 100.000, 0.985, 0.049, 
[240] Train acc: 1.0000, Constr acc: 0.0000, CE loss: 0.322, DL2 loss: 23.870
7, 236, 0.3219, 0.0015, 100.000, 100.000, 0.985, 0.052, 
[255] Train acc: 1.0000, Constr acc: 0.0000, CE loss: 0.357, DL2 loss: 23.154
7, 235, 0.3566, 0.0015, 100.000, 100.000, 0.983, 0.050, 
[270] Train acc: 1.0000, Constr acc: 0.0000, CE loss: 0.293, DL2 loss: 26.866
7, 234, 0.2927, 0.0015, 100.000, 100.000, 0.981, 0.052, 
[285] Train acc: 0.9844, Constr acc: 0.0000, CE loss: 0.344, DL2 loss: 25.039
7, 233, 0.3437, 0.0015, 98.438, 100.000, 0.986, 0.051, 
[300] Train acc: 1.0000, Constr acc: 0.0000, CE loss: 0.335, DL2 loss: 24.201
7, 232, 0.3348, 0.0015, 100.000, 100.000, 0.986, 0.049, 
[315] Train acc: 1.0000, Constr acc: 0.0000, CE loss: 0.277, DL2 loss: 26.035
7, 231, 0.2770, 0.0015, 100.000, 100.000, 0.985, 0.052, 
[330] Train acc: 1.0000, Constr acc: 0.0000, CE loss: 0.263, DL2 loss: 24.033
7, 230, 0.2629, 0.0015, 100.000, 100.000, 0.984, 0.053, 
[345] Train acc: 0.9844, Constr acc: 0.0000, CE loss: 0.400, DL2 loss: 26.111
7, 229, 0.3996, 0.0015, 98.438, 100.000, 0.984, 0.049, 
[360] Train acc: 1.0000, Constr acc: 0.0000, CE loss: 0.433, DL2 loss: 25.468
7, 228, 0.4327, 0.0015, 100.000, 100.000, 0.985, 0.049, 
[375] Train acc: 0.9844, Constr acc: 0.0000, CE loss: 0.342, DL2 loss: 27.314
7, 227, 0.3421, 0.0015, 98.438, 100.000, 0.985, 0.047, 
[390] Train acc: 1.0000, Constr acc: 0.0000, CE loss: 0.362, DL2 loss: 24.528
7, 226, 0.3621, 0.0014, 100.000, 100.000, 0.986, 0.051, 
[405] Train acc: 0.9688, Constr acc: 0.0000, CE loss: 0.394, DL2 loss: 24.017
7, 225, 0.3938, 0.0014, 96.875, 100.000, 0.984, 0.051, 
[420] Train acc: 0.9688, Constr acc: 0.0000, CE loss: 0.371, DL2 loss: 25.393
7, 224, 0.3705, 0.0015, 96.875, 100.000, 0.983, 0.048, 
[435] Train acc: 0.9688, Constr acc: 0.0000, CE loss: 0.315, DL2 loss: 24.959
7, 223, 0.3149, 0.0014, 96.875, 100.000, 0.985, 0.051, 
[450] Train acc: 1.0000, Constr acc: 0.0000, CE loss: 0.274, DL2 loss: 23.857
7, 222, 0.2742, 0.0014, 100.000, 100.000, 0.985, 0.051, 
[465] Train acc: 1.0000, Constr acc: 0.0000, CE loss: 0.269, DL2 loss: 25.514
7, 221, 0.2694, 0.0014, 100.000, 100.000, 0.987, 0.052, 
[480] Train acc: 0.9844, Constr acc: 0.0000, CE loss: 0.378, DL2 loss: 26.141
7, 220, 0.3785, 0.0014, 98.438, 100.000, 0.987, 0.048, 
[495] Train acc: 1.0000, Constr acc: 0.0000, CE loss: 0.276, DL2 loss: 27.102
7, 219, 0.2756, 0.0015, 100.000, 100.000, 0.984, 0.053, 
[510] Train acc: 1.0000, Constr acc: 0.0000, CE loss: 0.354, DL2 loss: 23.900
7, 218, 0.3538, 0.0015, 100.000, 100.000, 0.986, 0.044, 
[525] Train acc: 0.9844, Constr acc: 0.0000, CE loss: 0.316, DL2 loss: 26.670
7, 217, 0.3164, 0.0014, 98.438, 100.000, 0.987, 0.051, 
[540] Train acc: 1.0000, Constr acc: 0.0000, CE loss: 0.320, DL2 loss: 24.909
7, 216, 0.3198, 0.0015, 100.000, 100.000, 0.984, 0.055, 
[555] Train acc: 0.9844, Constr acc: 0.0000, CE loss: 0.405, DL2 loss: 24.971
7, 215, 0.4049, 0.0014, 98.438, 100.000, 0.986, 0.051, 
[570] Train acc: 1.0000, Constr acc: 0.0000, CE loss: 0.288, DL2 loss: 25.839
7, 214, 0.2884, 0.0015, 100.000, 100.000, 0.986, 0.050, 
[585] Train acc: 0.9844, Constr acc: 0.0000, CE loss: 0.283, DL2 loss: 25.955
7, 213, 0.2826, 0.0014, 98.438, 100.000, 0.988, 0.048, 
[600] Train acc: 1.0000, Constr acc: 0.0000, CE loss: 0.273, DL2 loss: 24.255
7, 212, 0.2729, 0.0014, 100.000, 100.000, 0.986, 0.046, 
[615] Train acc: 1.0000, Constr acc: 0.0000, CE loss: 0.256, DL2 loss: 25.701
7, 211, 0.2556, 0.0014, 100.000, 100.000, 0.985, 0.046, 
[630] Train acc: 0.9844, Constr acc: 0.0000, CE loss: 0.352, DL2 loss: 25.540
7, 210, 0.3519, 0.0014, 98.438, 100.000, 0.984, 0.052, 
[645] Train acc: 0.9531, Constr acc: 0.0000, CE loss: 0.379, DL2 loss: 24.008
7, 209, 0.3792, 0.0014, 95.312, 100.000, 0.986, 0.048, 
[660] Train acc: 1.0000, Constr acc: 0.0000, CE loss: 0.248, DL2 loss: 27.820
7, 208, 0.2481, 0.0015, 100.000, 100.000, 0.986, 0.053, 
[675] Train acc: 1.0000, Constr acc: 0.0000, CE loss: 0.311, DL2 loss: 25.078
7, 207, 0.3109, 0.0015, 100.000, 100.000, 0.987, 0.056, 
[690] Train acc: 1.0000, Constr acc: 0.0000, CE loss: 0.333, DL2 loss: 24.741
7, 206, 0.3332, 0.0014, 100.000, 100.000, 0.988, 0.047, 
[705] Train acc: 1.0000, Constr acc: 0.0000, CE loss: 0.303, DL2 loss: 25.543
7, 205, 0.3028, 0.0014, 100.000, 100.000, 0.987, 0.051, 
[720] Train acc: 1.0000, Constr acc: 0.0000, CE loss: 0.294, DL2 loss: 25.734
7, 204, 0.2942, 0.0015, 100.000, 100.000, 0.987, 0.047, 
[735] Train acc: 1.0000, Constr acc: 0.0000, CE loss: 0.300, DL2 loss: 25.715
7, 203, 0.3002, 0.0014, 100.000, 100.000, 0.986, 0.055, 
[750] Train acc: 0.9844, Constr acc: 0.0000, CE loss: 0.286, DL2 loss: 25.563
7, 202, 0.2864, 0.0014, 98.438, 100.000, 0.988, 0.048, 
[765] Train acc: 1.0000, Constr acc: 0.0000, CE loss: 0.291, DL2 loss: 25.571
7, 201, 0.2908, 0.0015, 100.000, 100.000, 0.983, 0.053, 
[780] Train acc: 0.9844, Constr acc: 0.0000, CE loss: 0.328, DL2 loss: 24.802
7, 200, 0.3285, 0.0014, 98.438, 100.000, 0.986, 0.051, 
[795] Train acc: 1.0000, Constr acc: 0.0000, CE loss: 0.360, DL2 loss: 24.682
7, 199, 0.3596, 0.0014, 100.000, 100.000, 0.987, 0.051, 
[810] Train acc: 0.9844, Constr acc: 0.0000, CE loss: 0.354, DL2 loss: 25.474
7, 198, 0.3540, 0.0014, 98.438, 100.000, 0.987, 0.044, 
[825] Train acc: 0.9844, Constr acc: 0.0000, CE loss: 0.298, DL2 loss: 25.239
7, 197, 0.2980, 0.0015, 98.438, 100.000, 0.987, 0.047, 
[840] Train acc: 0.9844, Constr acc: 0.0000, CE loss: 0.320, DL2 loss: 25.965
7, 196, 0.3201, 0.0015, 98.438, 100.000, 0.985, 0.051, 
[855] Train acc: 0.9844, Constr acc: 0.0000, CE loss: 0.301, DL2 loss: 26.276
7, 195, 0.3015, 0.0014, 98.438, 100.000, 0.988, 0.050, 
[870] Train acc: 1.0000, Constr acc: 0.0000, CE loss: 0.303, DL2 loss: 24.813
7, 194, 0.3028, 0.0014, 100.000, 100.000, 0.988, 0.048, 
[885] Train acc: 0.9844, Constr acc: 0.0000, CE loss: 0.321, DL2 loss: 26.277
7, 193, 0.3211, 0.0014, 98.438, 100.000, 0.988, 0.058, 
[900] Train acc: 1.0000, Constr acc: 0.0000, CE loss: 0.318, DL2 loss: 26.652
7, 192, 0.3177, 0.0014, 100.000, 100.000, 0.986, 0.054, 
[915] Train acc: 0.9844, Constr acc: 0.0000, CE loss: 0.321, DL2 loss: 24.377
7, 191, 0.3206, 0.0014, 98.438, 100.000, 0.987, 0.049, 
[930] Train acc: 0.9531, Constr acc: 0.0000, CE loss: 0.346, DL2 loss: 22.769
7, 190, 0.3460, 0.0014, 95.312, 100.000, 0.986, 0.049, 
[0] Train acc: 1.0000, Constr acc: 0.0000, CE loss: 0.347, DL2 loss: 26.890
8, 190, 0.3465, 0.0015, 100.000, 100.000, 0.986, 0.051, 
[15] Train acc: 1.0000, Constr acc: 0.0000, CE loss: 0.251, DL2 loss: 26.110
8, 189, 0.2508, 0.0014, 100.000, 100.000, 0.984, 0.047, 
[30] Train acc: 1.0000, Constr acc: 0.0000, CE loss: 0.302, DL2 loss: 25.707
8, 188, 0.3023, 0.0014, 100.000, 100.000, 0.986, 0.053, 
[45] Train acc: 1.0000, Constr acc: 0.0000, CE loss: 0.364, DL2 loss: 23.535
8, 187, 0.3642, 0.0014, 100.000, 100.000, 0.986, 0.051, 
[60] Train acc: 0.9375, Constr acc: 0.0000, CE loss: 0.379, DL2 loss: 25.182
8, 186, 0.3787, 0.0014, 93.750, 100.000, 0.987, 0.059, 
[75] Train acc: 1.0000, Constr acc: 0.0000, CE loss: 0.277, DL2 loss: 24.312
8, 185, 0.2772, 0.0014, 100.000, 100.000, 0.986, 0.054, 
[90] Train acc: 0.9844, Constr acc: 0.0000, CE loss: 0.341, DL2 loss: 24.146
8, 184, 0.3406, 0.0014, 98.438, 100.000, 0.987, 0.050, 
[105] Train acc: 1.0000, Constr acc: 0.0000, CE loss: 0.325, DL2 loss: 24.317
8, 183, 0.3246, 0.0014, 100.000, 100.000, 0.986, 0.051, 
[120] Train acc: 0.9688, Constr acc: 0.0000, CE loss: 0.295, DL2 loss: 26.115
8, 182, 0.2952, 0.0014, 96.875, 100.000, 0.986, 0.050, 
[135] Train acc: 1.0000, Constr acc: 0.0000, CE loss: 0.290, DL2 loss: 25.464
8, 181, 0.2900, 0.0015, 100.000, 100.000, 0.986, 0.051, 
[150] Train acc: 0.9844, Constr acc: 0.0000, CE loss: 0.377, DL2 loss: 24.326
8, 180, 0.3772, 0.0014, 98.438, 100.000, 0.985, 0.055, 
[165] Train acc: 1.0000, Constr acc: 0.0000, CE loss: 0.300, DL2 loss: 22.909
8, 179, 0.3002, 0.0014, 100.000, 100.000, 0.986, 0.055, 
[180] Train acc: 1.0000, Constr acc: 0.0000, CE loss: 0.280, DL2 loss: 27.340
8, 178, 0.2797, 0.0014, 100.000, 100.000, 0.986, 0.051, 
[195] Train acc: 0.9688, Constr acc: 0.0000, CE loss: 0.300, DL2 loss: 25.632
8, 177, 0.2996, 0.0014, 96.875, 100.000, 0.986, 0.051, 
[210] Train acc: 0.9844, Constr acc: 0.0000, CE loss: 0.385, DL2 loss: 23.998
8, 176, 0.3849, 0.0014, 98.438, 100.000, 0.986, 0.050, 
[225] Train acc: 1.0000, Constr acc: 0.0000, CE loss: 0.286, DL2 loss: 25.199
8, 175, 0.2857, 0.0014, 100.000, 100.000, 0.984, 0.052, 
[240] Train acc: 0.9688, Constr acc: 0.0000, CE loss: 0.365, DL2 loss: 25.675
8, 174, 0.3655, 0.0014, 96.875, 100.000, 0.985, 0.049, 
[255] Train acc: 0.9688, Constr acc: 0.0000, CE loss: 0.316, DL2 loss: 25.488
8, 173, 0.3163, 0.0014, 96.875, 100.000, 0.987, 0.051, 
[270] Train acc: 0.9688, Constr acc: 0.0000, CE loss: 0.332, DL2 loss: 26.274
8, 172, 0.3316, 0.0014, 96.875, 100.000, 0.987, 0.056, 
[285] Train acc: 0.9844, Constr acc: 0.0000, CE loss: 0.337, DL2 loss: 24.926
8, 171, 0.3373, 0.0014, 98.438, 100.000, 0.987, 0.051, 
[300] Train acc: 1.0000, Constr acc: 0.0000, CE loss: 0.314, DL2 loss: 23.586
8, 170, 0.3142, 0.0014, 100.000, 100.000, 0.987, 0.048, 
[315] Train acc: 0.9844, Constr acc: 0.0000, CE loss: 0.336, DL2 loss: 26.025
8, 169, 0.3363, 0.0014, 98.438, 100.000, 0.986, 0.053, 
[330] Train acc: 1.0000, Constr acc: 0.0000, CE loss: 0.307, DL2 loss: 26.016
8, 168, 0.3074, 0.0014, 100.000, 100.000, 0.986, 0.054, 
[345] Train acc: 0.9688, Constr acc: 0.0000, CE loss: 0.401, DL2 loss: 26.650
8, 167, 0.4011, 0.0014, 96.875, 100.000, 0.987, 0.052, 
[360] Train acc: 0.9688, Constr acc: 0.0000, CE loss: 0.399, DL2 loss: 25.394
8, 166, 0.3993, 0.0014, 96.875, 100.000, 0.987, 0.047, 
[375] Train acc: 1.0000, Constr acc: 0.0000, CE loss: 0.315, DL2 loss: 26.143
8, 165, 0.3145, 0.0014, 100.000, 100.000, 0.984, 0.052, 
[390] Train acc: 1.0000, Constr acc: 0.0000, CE loss: 0.230, DL2 loss: 26.130
8, 164, 0.2301, 0.0014, 100.000, 100.000, 0.986, 0.046, 
[405] Train acc: 1.0000, Constr acc: 0.0000, CE loss: 0.311, DL2 loss: 27.342
8, 163, 0.3108, 0.0014, 100.000, 100.000, 0.986, 0.042, 
[420] Train acc: 1.0000, Constr acc: 0.0000, CE loss: 0.298, DL2 loss: 24.205
8, 162, 0.2984, 0.0014, 100.000, 100.000, 0.986, 0.048, 
[435] Train acc: 0.9688, Constr acc: 0.0000, CE loss: 0.388, DL2 loss: 24.185
8, 161, 0.3880, 0.0014, 96.875, 100.000, 0.986, 0.051, 
[450] Train acc: 1.0000, Constr acc: 0.0000, CE loss: 0.303, DL2 loss: 24.815
8, 160, 0.3030, 0.0014, 100.000, 100.000, 0.986, 0.056, 
[465] Train acc: 0.9531, Constr acc: 0.0000, CE loss: 0.440, DL2 loss: 25.033
8, 159, 0.4401, 0.0014, 95.312, 100.000, 0.986, 0.049, 
[480] Train acc: 1.0000, Constr acc: 0.0000, CE loss: 0.276, DL2 loss: 25.113
8, 158, 0.2760, 0.0014, 100.000, 100.000, 0.988, 0.052, 
[495] Train acc: 0.9844, Constr acc: 0.0000, CE loss: 0.282, DL2 loss: 24.830
8, 157, 0.2815, 0.0014, 98.438, 100.000, 0.985, 0.054, 
[510] Train acc: 1.0000, Constr acc: 0.0000, CE loss: 0.315, DL2 loss: 26.428
8, 156, 0.3148, 0.0014, 100.000, 100.000, 0.986, 0.051, 
[525] Train acc: 1.0000, Constr acc: 0.0000, CE loss: 0.317, DL2 loss: 25.630
8, 155, 0.3174, 0.0014, 100.000, 100.000, 0.988, 0.051, 
[540] Train acc: 0.9844, Constr acc: 0.0000, CE loss: 0.345, DL2 loss: 24.664
8, 154, 0.3451, 0.0014, 98.438, 100.000, 0.986, 0.053, 
[555] Train acc: 0.9844, Constr acc: 0.0000, CE loss: 0.308, DL2 loss: 26.347
8, 153, 0.3084, 0.0014, 98.438, 100.000, 0.985, 0.054, 
[570] Train acc: 1.0000, Constr acc: 0.0000, CE loss: 0.277, DL2 loss: 25.984
8, 152, 0.2768, 0.0014, 100.000, 100.000, 0.987, 0.057, 
[585] Train acc: 1.0000, Constr acc: 0.0000, CE loss: 0.258, DL2 loss: 23.967
8, 151, 0.2576, 0.0014, 100.000, 100.000, 0.987, 0.050, 
[600] Train acc: 0.9844, Constr acc: 0.0000, CE loss: 0.383, DL2 loss: 22.896
8, 150, 0.3826, 0.0014, 98.438, 100.000, 0.987, 0.046, 
[615] Train acc: 0.9844, Constr acc: 0.0000, CE loss: 0.335, DL2 loss: 23.761
8, 149, 0.3350, 0.0014, 98.438, 100.000, 0.986, 0.048, 
[630] Train acc: 0.9844, Constr acc: 0.0000, CE loss: 0.287, DL2 loss: 25.648
8, 148, 0.2867, 0.0014, 98.438, 100.000, 0.988, 0.050, 
[645] Train acc: 1.0000, Constr acc: 0.0000, CE loss: 0.303, DL2 loss: 24.854
8, 147, 0.3035, 0.0014, 100.000, 100.000, 0.986, 0.048, 
[660] Train acc: 0.9688, Constr acc: 0.0000, CE loss: 0.335, DL2 loss: 25.842
8, 146, 0.3349, 0.0014, 96.875, 100.000, 0.988, 0.050, 
[675] Train acc: 1.0000, Constr acc: 0.0000, CE loss: 0.342, DL2 loss: 26.468
8, 145, 0.3418, 0.0014, 100.000, 100.000, 0.988, 0.054, 
[690] Train acc: 0.9844, Constr acc: 0.0000, CE loss: 0.302, DL2 loss: 25.269
8, 144, 0.3024, 0.0014, 98.438, 100.000, 0.986, 0.051, 
[705] Train acc: 0.9688, Constr acc: 0.0000, CE loss: 0.378, DL2 loss: 26.653
8, 143, 0.3782, 0.0014, 96.875, 98.438, 0.988, 0.049, 
[720] Train acc: 0.9844, Constr acc: 0.0000, CE loss: 0.322, DL2 loss: 24.409
8, 142, 0.3223, 0.0014, 98.438, 100.000, 0.985, 0.053, 
[735] Train acc: 1.0000, Constr acc: 0.0000, CE loss: 0.315, DL2 loss: 25.950
8, 141, 0.3150, 0.0014, 100.000, 100.000, 0.985, 0.049, 
[750] Train acc: 0.9375, Constr acc: 0.0000, CE loss: 0.345, DL2 loss: 26.142
8, 140, 0.3449, 0.0014, 93.750, 100.000, 0.988, 0.048, 
[765] Train acc: 0.9688, Constr acc: 0.0000, CE loss: 0.299, DL2 loss: 22.342
8, 139, 0.2989, 0.0014, 96.875, 100.000, 0.987, 0.053, 
[780] Train acc: 0.9844, Constr acc: 0.0000, CE loss: 0.316, DL2 loss: 25.442
8, 138, 0.3158, 0.0014, 98.438, 100.000, 0.986, 0.054, 
[795] Train acc: 1.0000, Constr acc: 0.0000, CE loss: 0.286, DL2 loss: 25.904
8, 137, 0.2857, 0.0014, 100.000, 100.000, 0.988, 0.049, 
[810] Train acc: 0.9844, Constr acc: 0.0000, CE loss: 0.303, DL2 loss: 26.659
8, 136, 0.3034, 0.0014, 98.438, 100.000, 0.986, 0.051, 
[825] Train acc: 0.9844, Constr acc: 0.0000, CE loss: 0.326, DL2 loss: 25.744
8, 135, 0.3257, 0.0014, 98.438, 100.000, 0.987, 0.052, 
[840] Train acc: 0.9844, Constr acc: 0.0000, CE loss: 0.301, DL2 loss: 24.453
8, 134, 0.3007, 0.0014, 98.438, 100.000, 0.987, 0.052, 
[855] Train acc: 0.9688, Constr acc: 0.0000, CE loss: 0.342, DL2 loss: 26.350
8, 133, 0.3417, 0.0014, 96.875, 100.000, 0.986, 0.047, 
[870] Train acc: 1.0000, Constr acc: 0.0000, CE loss: 0.389, DL2 loss: 24.395
8, 132, 0.3894, 0.0014, 100.000, 100.000, 0.988, 0.051, 
[885] Train acc: 0.9844, Constr acc: 0.0000, CE loss: 0.307, DL2 loss: 26.662
8, 131, 0.3066, 0.0014, 98.438, 100.000, 0.988, 0.054, 
[900] Train acc: 0.9688, Constr acc: 0.0000, CE loss: 0.358, DL2 loss: 25.809
8, 130, 0.3583, 0.0014, 96.875, 98.438, 0.986, 0.049, 
[915] Train acc: 0.9844, Constr acc: 0.0000, CE loss: 0.302, DL2 loss: 25.100
8, 129, 0.3025, 0.0014, 98.438, 100.000, 0.987, 0.046, 
[930] Train acc: 1.0000, Constr acc: 0.0000, CE loss: 0.251, DL2 loss: 26.145
8, 128, 0.2509, 0.0015, 100.000, 100.000, 0.987, 0.052, 
[0] Train acc: 0.9844, Constr acc: 0.0000, CE loss: 0.322, DL2 loss: 25.912
9, 127, 0.3220, 0.0014, 98.438, 100.000, 0.984, 0.047, 
[15] Train acc: 0.9844, Constr acc: 0.0000, CE loss: 0.322, DL2 loss: 28.469
9, 126, 0.3219, 0.0014, 98.438, 100.000, 0.985, 0.053, 
[30] Train acc: 1.0000, Constr acc: 0.0000, CE loss: 0.286, DL2 loss: 26.226
9, 125, 0.2862, 0.0014, 100.000, 100.000, 0.985, 0.050, 
[45] Train acc: 0.9531, Constr acc: 0.0000, CE loss: 0.372, DL2 loss: 23.886
9, 124, 0.3724, 0.0014, 95.312, 100.000, 0.985, 0.046, 
[60] Train acc: 1.0000, Constr acc: 0.0000, CE loss: 0.287, DL2 loss: 25.243
9, 123, 0.2871, 0.0014, 100.000, 100.000, 0.982, 0.051, 
[75] Train acc: 1.0000, Constr acc: 0.0000, CE loss: 0.301, DL2 loss: 25.407
9, 122, 0.3013, 0.0014, 100.000, 100.000, 0.985, 0.052, 
[90] Train acc: 0.9688, Constr acc: 0.0000, CE loss: 0.343, DL2 loss: 26.196
9, 121, 0.3425, 0.0014, 96.875, 100.000, 0.986, 0.046, 
[105] Train acc: 1.0000, Constr acc: 0.0000, CE loss: 0.286, DL2 loss: 25.824
9, 120, 0.2860, 0.0014, 100.000, 100.000, 0.986, 0.051, 
[120] Train acc: 1.0000, Constr acc: 0.0000, CE loss: 0.350, DL2 loss: 26.580
9, 119, 0.3498, 0.0013, 100.000, 100.000, 0.987, 0.051, 
[135] Train acc: 0.9844, Constr acc: 0.0000, CE loss: 0.335, DL2 loss: 24.860
9, 118, 0.3352, 0.0014, 98.438, 100.000, 0.986, 0.052, 
[150] Train acc: 0.9844, Constr acc: 0.0000, CE loss: 0.285, DL2 loss: 26.399
9, 117, 0.2850, 0.0014, 98.438, 100.000, 0.987, 0.055, 
[165] Train acc: 0.9844, Constr acc: 0.0000, CE loss: 0.355, DL2 loss: 25.176
9, 116, 0.3550, 0.0014, 98.438, 100.000, 0.984, 0.047, 
[180] Train acc: 1.0000, Constr acc: 0.0000, CE loss: 0.307, DL2 loss: 24.245
9, 115, 0.3071, 0.0014, 100.000, 100.000, 0.985, 0.055, 
[195] Train acc: 0.9844, Constr acc: 0.0000, CE loss: 0.297, DL2 loss: 25.036
9, 114, 0.2971, 0.0014, 98.438, 100.000, 0.984, 0.045, 
[210] Train acc: 0.9844, Constr acc: 0.0000, CE loss: 0.311, DL2 loss: 25.553
9, 113, 0.3112, 0.0014, 98.438, 100.000, 0.984, 0.045, 
[225] Train acc: 0.9844, Constr acc: 0.0000, CE loss: 0.306, DL2 loss: 24.295
9, 112, 0.3056, 0.0014, 98.438, 100.000, 0.982, 0.050, 
[240] Train acc: 0.9844, Constr acc: 0.0000, CE loss: 0.295, DL2 loss: 24.222
9, 111, 0.2949, 0.0014, 98.438, 100.000, 0.983, 0.050, 
[255] Train acc: 1.0000, Constr acc: 0.0000, CE loss: 0.292, DL2 loss: 26.295
9, 110, 0.2917, 0.0014, 100.000, 100.000, 0.985, 0.054, 
[270] Train acc: 0.9531, Constr acc: 0.0000, CE loss: 0.370, DL2 loss: 23.366
9, 109, 0.3705, 0.0014, 95.312, 100.000, 0.982, 0.046, 
[285] Train acc: 0.9688, Constr acc: 0.0000, CE loss: 0.354, DL2 loss: 25.408
9, 108, 0.3541, 0.0014, 96.875, 100.000, 0.984, 0.047, 
[300] Train acc: 0.9688, Constr acc: 0.0000, CE loss: 0.352, DL2 loss: 26.011
9, 107, 0.3524, 0.0014, 96.875, 100.000, 0.984, 0.053, 
[315] Train acc: 0.9844, Constr acc: 0.0000, CE loss: 0.415, DL2 loss: 25.108
9, 106, 0.4150, 0.0014, 98.438, 100.000, 0.986, 0.052, 
[330] Train acc: 0.9844, Constr acc: 0.0000, CE loss: 0.301, DL2 loss: 24.567
9, 105, 0.3015, 0.0014, 98.438, 100.000, 0.985, 0.049, 
[345] Train acc: 1.0000, Constr acc: 0.0000, CE loss: 0.298, DL2 loss: 26.039
9, 104, 0.2984, 0.0014, 100.000, 100.000, 0.983, 0.047, 
[360] Train acc: 1.0000, Constr acc: 0.0000, CE loss: 0.310, DL2 loss: 27.198
9, 103, 0.3102, 0.0014, 100.000, 100.000, 0.984, 0.046, 
[375] Train acc: 0.9844, Constr acc: 0.0000, CE loss: 0.267, DL2 loss: 24.453
9, 102, 0.2671, 0.0014, 98.438, 100.000, 0.983, 0.052, 
[390] Train acc: 1.0000, Constr acc: 0.0000, CE loss: 0.289, DL2 loss: 26.432
9, 101, 0.2893, 0.0014, 100.000, 100.000, 0.985, 0.055, 
[405] Train acc: 1.0000, Constr acc: 0.0000, CE loss: 0.257, DL2 loss: 24.874
9, 100, 0.2573, 0.0014, 100.000, 100.000, 0.983, 0.056, 
[420] Train acc: 0.9844, Constr acc: 0.0000, CE loss: 0.366, DL2 loss: 25.812
9, 99, 0.3663, 0.0014, 98.438, 100.000, 0.981, 0.048, 
[435] Train acc: 0.9688, Constr acc: 0.0000, CE loss: 0.311, DL2 loss: 26.070
9, 98, 0.3113, 0.0014, 96.875, 100.000, 0.983, 0.048, 
[450] Train acc: 0.9688, Constr acc: 0.0000, CE loss: 0.322, DL2 loss: 25.716
9, 97, 0.3220, 0.0014, 96.875, 100.000, 0.984, 0.054, 
[465] Train acc: 0.9844, Constr acc: 0.0000, CE loss: 0.348, DL2 loss: 24.086
9, 96, 0.3479, 0.0014, 98.438, 100.000, 0.984, 0.051, 
[480] Train acc: 0.9844, Constr acc: 0.0000, CE loss: 0.361, DL2 loss: 25.172
9, 95, 0.3612, 0.0014, 98.438, 100.000, 0.984, 0.053, 
[495] Train acc: 0.9844, Constr acc: 0.0000, CE loss: 0.356, DL2 loss: 23.635
9, 94, 0.3561, 0.0014, 98.438, 100.000, 0.985, 0.050, 
[510] Train acc: 1.0000, Constr acc: 0.0000, CE loss: 0.278, DL2 loss: 24.216
9, 93, 0.2783, 0.0014, 100.000, 100.000, 0.984, 0.048, 
[525] Train acc: 0.9688, Constr acc: 0.0000, CE loss: 0.427, DL2 loss: 24.313
9, 92, 0.4272, 0.0014, 96.875, 100.000, 0.985, 0.049, 
[540] Train acc: 0.9688, Constr acc: 0.0000, CE loss: 0.336, DL2 loss: 25.853
9, 91, 0.3358, 0.0013, 96.875, 100.000, 0.984, 0.050, 
[555] Train acc: 0.9688, Constr acc: 0.0000, CE loss: 0.304, DL2 loss: 25.441
9, 90, 0.3036, 0.0014, 96.875, 100.000, 0.984, 0.053, 
[570] Train acc: 1.0000, Constr acc: 0.0000, CE loss: 0.251, DL2 loss: 25.668
9, 89, 0.2513, 0.0014, 100.000, 100.000, 0.983, 0.044, 
[585] Train acc: 1.0000, Constr acc: 0.0000, CE loss: 0.284, DL2 loss: 25.624
9, 88, 0.2843, 0.0014, 100.000, 100.000, 0.984, 0.053, 
[600] Train acc: 0.9844, Constr acc: 0.0000, CE loss: 0.338, DL2 loss: 24.705
9, 87, 0.3376, 0.0014, 98.438, 100.000, 0.982, 0.049, 
[615] Train acc: 0.9844, Constr acc: 0.0000, CE loss: 0.257, DL2 loss: 24.560
9, 86, 0.2571, 0.0014, 98.438, 100.000, 0.982, 0.055, 
[630] Train acc: 1.0000, Constr acc: 0.0000, CE loss: 0.284, DL2 loss: 24.510
9, 85, 0.2839, 0.0014, 100.000, 100.000, 0.983, 0.046, 
[645] Train acc: 0.9688, Constr acc: 0.0000, CE loss: 0.363, DL2 loss: 27.321
9, 84, 0.3627, 0.0014, 96.875, 100.000, 0.982, 0.050, 
[660] Train acc: 0.9844, Constr acc: 0.0000, CE loss: 0.332, DL2 loss: 25.619
9, 83, 0.3322, 0.0014, 98.438, 100.000, 0.984, 0.048, 
[675] Train acc: 0.9375, Constr acc: 0.0000, CE loss: 0.406, DL2 loss: 24.419
9, 82, 0.4061, 0.0014, 93.750, 100.000, 0.982, 0.053, 
[690] Train acc: 1.0000, Constr acc: 0.0000, CE loss: 0.283, DL2 loss: 26.620
9, 81, 0.2834, 0.0014, 100.000, 100.000, 0.981, 0.050, 
[705] Train acc: 0.9844, Constr acc: 0.0000, CE loss: 0.291, DL2 loss: 25.868
9, 80, 0.2905, 0.0014, 98.438, 100.000, 0.983, 0.052, 
[720] Train acc: 1.0000, Constr acc: 0.0000, CE loss: 0.320, DL2 loss: 24.776
9, 79, 0.3201, 0.0014, 100.000, 100.000, 0.981, 0.051, 
[735] Train acc: 0.9531, Constr acc: 0.0000, CE loss: 0.397, DL2 loss: 25.858
9, 78, 0.3971, 0.0014, 95.312, 100.000, 0.982, 0.046, 
[750] Train acc: 1.0000, Constr acc: 0.0000, CE loss: 0.282, DL2 loss: 24.487
9, 77, 0.2822, 0.0014, 100.000, 100.000, 0.979, 0.052, 
[765] Train acc: 0.9844, Constr acc: 0.0000, CE loss: 0.377, DL2 loss: 23.802
9, 76, 0.3773, 0.0014, 98.438, 100.000, 0.982, 0.053, 
[780] Train acc: 0.9531, Constr acc: 0.0000, CE loss: 0.412, DL2 loss: 24.703
9, 75, 0.4116, 0.0014, 95.312, 100.000, 0.984, 0.048, 
[795] Train acc: 1.0000, Constr acc: 0.0000, CE loss: 0.339, DL2 loss: 25.306
9, 74, 0.3395, 0.0014, 100.000, 100.000, 0.980, 0.049, 
[810] Train acc: 0.9844, Constr acc: 0.0000, CE loss: 0.397, DL2 loss: 27.393
9, 73, 0.3968, 0.0014, 98.438, 100.000, 0.981, 0.049, 
[825] Train acc: 0.9531, Constr acc: 0.0000, CE loss: 0.394, DL2 loss: 23.809
9, 72, 0.3937, 0.0014, 95.312, 98.438, 0.981, 0.053, 
[840] Train acc: 0.9688, Constr acc: 0.0000, CE loss: 0.376, DL2 loss: 26.635
9, 71, 0.3761, 0.0014, 96.875, 100.000, 0.981, 0.051, 
[855] Train acc: 0.9531, Constr acc: 0.0000, CE loss: 0.387, DL2 loss: 25.491
9, 70, 0.3873, 0.0014, 95.312, 100.000, 0.983, 0.049, 
[870] Train acc: 0.9531, Constr acc: 0.0000, CE loss: 0.398, DL2 loss: 25.331
9, 69, 0.3975, 0.0014, 95.312, 100.000, 0.979, 0.053, 
[885] Train acc: 0.9531, Constr acc: 0.0000, CE loss: 0.364, DL2 loss: 26.328
9, 68, 0.3642, 0.0014, 95.312, 100.000, 0.980, 0.052, 
[900] Train acc: 0.9844, Constr acc: 0.0000, CE loss: 0.315, DL2 loss: 26.247
9, 67, 0.3153, 0.0014, 98.438, 100.000, 0.979, 0.052, 
[915] Train acc: 0.9844, Constr acc: 0.0000, CE loss: 0.319, DL2 loss: 24.644
9, 66, 0.3190, 0.0014, 98.438, 100.000, 0.980, 0.047, 
[930] Train acc: 0.9531, Constr acc: 0.0000, CE loss: 0.361, DL2 loss: 24.212
9, 65, 0.3613, 0.0014, 95.312, 100.000, 0.978, 0.054, 
[0] Train acc: 0.9844, Constr acc: 0.0000, CE loss: 0.298, DL2 loss: 27.067
10, 65, 0.2985, 0.0014, 98.438, 100.000, 0.978, 0.050, 
[15] Train acc: 0.9219, Constr acc: 0.0000, CE loss: 0.484, DL2 loss: 26.028
10, 64, 0.4843, 0.0014, 92.188, 100.000, 0.980, 0.053, 
[30] Train acc: 1.0000, Constr acc: 0.0000, CE loss: 0.319, DL2 loss: 24.159
10, 63, 0.3186, 0.0014, 100.000, 100.000, 0.978, 0.051, 
[45] Train acc: 0.9688, Constr acc: 0.0312, CE loss: 0.357, DL2 loss: 24.772
10, 62, 0.3568, 0.0014, 96.875, 100.000, 0.982, 0.052, 
[60] Train acc: 0.9688, Constr acc: 0.0000, CE loss: 0.285, DL2 loss: 22.387
10, 61, 0.2853, 0.0014, 96.875, 100.000, 0.981, 0.052, 
[75] Train acc: 0.9844, Constr acc: 0.0000, CE loss: 0.368, DL2 loss: 25.829
10, 60, 0.3683, 0.0014, 98.438, 100.000, 0.978, 0.046, 
[90] Train acc: 0.9844, Constr acc: 0.0000, CE loss: 0.415, DL2 loss: 23.823
10, 59, 0.4149, 0.0014, 98.438, 100.000, 0.978, 0.046, 
[105] Train acc: 0.9688, Constr acc: 0.0000, CE loss: 0.338, DL2 loss: 23.897
10, 58, 0.3382, 0.0014, 96.875, 100.000, 0.978, 0.049, 
[120] Train acc: 0.9688, Constr acc: 0.0000, CE loss: 0.348, DL2 loss: 25.905
10, 57, 0.3478, 0.0014, 96.875, 100.000, 0.978, 0.050, 
[135] Train acc: 0.9375, Constr acc: 0.0000, CE loss: 0.370, DL2 loss: 25.083
10, 56, 0.3701, 0.0014, 93.750, 100.000, 0.978, 0.046, 
[150] Train acc: 0.9844, Constr acc: 0.0000, CE loss: 0.332, DL2 loss: 23.760
10, 55, 0.3315, 0.0014, 98.438, 100.000, 0.976, 0.053, 
[165] Train acc: 0.9688, Constr acc: 0.0000, CE loss: 0.398, DL2 loss: 25.433
10, 54, 0.3977, 0.0014, 96.875, 100.000, 0.979, 0.052, 
[180] Train acc: 0.9844, Constr acc: 0.0000, CE loss: 0.329, DL2 loss: 25.649
10, 53, 0.3289, 0.0014, 98.438, 100.000, 0.978, 0.050, 
[195] Train acc: 0.9688, Constr acc: 0.0000, CE loss: 0.374, DL2 loss: 25.599
10, 52, 0.3743, 0.0014, 96.875, 100.000, 0.974, 0.055, 
[210] Train acc: 1.0000, Constr acc: 0.0000, CE loss: 0.297, DL2 loss: 23.571
10, 51, 0.2974, 0.0013, 100.000, 100.000, 0.979, 0.051, 
[225] Train acc: 0.9844, Constr acc: 0.0000, CE loss: 0.290, DL2 loss: 25.754
10, 50, 0.2901, 0.0014, 98.438, 100.000, 0.974, 0.056, 
[240] Train acc: 0.9219, Constr acc: 0.0000, CE loss: 0.468, DL2 loss: 27.381
10, 49, 0.4675, 0.0014, 92.188, 100.000, 0.971, 0.049, 
[255] Train acc: 0.9531, Constr acc: 0.0000, CE loss: 0.421, DL2 loss: 26.226
10, 48, 0.4208, 0.0014, 95.312, 100.000, 0.969, 0.055, 
[270] Train acc: 0.9375, Constr acc: 0.0000, CE loss: 0.399, DL2 loss: 25.490
10, 47, 0.3985, 0.0014, 93.750, 100.000, 0.974, 0.054, 
[285] Train acc: 0.9688, Constr acc: 0.0000, CE loss: 0.404, DL2 loss: 23.550
10, 46, 0.4039, 0.0014, 96.875, 100.000, 0.974, 0.052, 
[300] Train acc: 0.9844, Constr acc: 0.0000, CE loss: 0.401, DL2 loss: 23.632
10, 45, 0.4011, 0.0014, 98.438, 100.000, 0.972, 0.050, 
[315] Train acc: 0.9844, Constr acc: 0.0000, CE loss: 0.396, DL2 loss: 26.278
10, 44, 0.3959, 0.0014, 98.438, 100.000, 0.971, 0.047, 
[330] Train acc: 0.9375, Constr acc: 0.0000, CE loss: 0.447, DL2 loss: 24.351
10, 43, 0.4468, 0.0014, 93.750, 98.438, 0.964, 0.050, 
[345] Train acc: 0.9844, Constr acc: 0.0000, CE loss: 0.364, DL2 loss: 25.385
10, 42, 0.3635, 0.0014, 98.438, 100.000, 0.965, 0.046, 
[360] Train acc: 0.9844, Constr acc: 0.0000, CE loss: 0.316, DL2 loss: 25.596
10, 41, 0.3162, 0.0014, 98.438, 100.000, 0.955, 0.054, 
[375] Train acc: 1.0000, Constr acc: 0.0000, CE loss: 0.344, DL2 loss: 23.539
10, 40, 0.3440, 0.0014, 100.000, 100.000, 0.965, 0.051, 
[390] Train acc: 0.9688, Constr acc: 0.0000, CE loss: 0.304, DL2 loss: 26.029
10, 39, 0.3042, 0.0014, 96.875, 100.000, 0.963, 0.050, 
[405] Train acc: 0.9844, Constr acc: 0.0000, CE loss: 0.382, DL2 loss: 25.304
10, 38, 0.3820, 0.0014, 98.438, 100.000, 0.968, 0.049, 
[420] Train acc: 0.9375, Constr acc: 0.0000, CE loss: 0.451, DL2 loss: 25.038
10, 37, 0.4509, 0.0014, 93.750, 100.000, 0.957, 0.053, 
[435] Train acc: 0.9531, Constr acc: 0.0000, CE loss: 0.457, DL2 loss: 25.123
10, 36, 0.4569, 0.0014, 95.312, 100.000, 0.963, 0.051, 
[450] Train acc: 0.9688, Constr acc: 0.0000, CE loss: 0.453, DL2 loss: 24.636
10, 35, 0.4530, 0.0014, 96.875, 100.000, 0.965, 0.051, 
[465] Train acc: 0.8594, Constr acc: 0.0000, CE loss: 0.566, DL2 loss: 25.963
10, 34, 0.5655, 0.0014, 85.938, 100.000, 0.954, 0.046, 
[480] Train acc: 0.9531, Constr acc: 0.0000, CE loss: 0.414, DL2 loss: 25.339
10, 33, 0.4141, 0.0014, 95.312, 100.000, 0.959, 0.053, 
[495] Train acc: 1.0000, Constr acc: 0.0000, CE loss: 0.366, DL2 loss: 26.475
10, 32, 0.3663, 0.0014, 100.000, 100.000, 0.940, 0.057, 
[510] Train acc: 0.9531, Constr acc: 0.0000, CE loss: 0.475, DL2 loss: 25.822
10, 31, 0.4748, 0.0014, 95.312, 98.438, 0.956, 0.047, 
[525] Train acc: 0.9844, Constr acc: 0.0000, CE loss: 0.467, DL2 loss: 24.015
10, 30, 0.4672, 0.0014, 98.438, 100.000, 0.954, 0.048, 
[540] Train acc: 0.9219, Constr acc: 0.0000, CE loss: 0.555, DL2 loss: 23.769
10, 29, 0.5551, 0.0014, 92.188, 98.438, 0.943, 0.055, 
[555] Train acc: 0.9062, Constr acc: 0.0000, CE loss: 0.592, DL2 loss: 27.099
10, 28, 0.5923, 0.0015, 90.625, 100.000, 0.948, 0.049, 
[570] Train acc: 0.8438, Constr acc: 0.0000, CE loss: 0.686, DL2 loss: 25.175
10, 27, 0.6856, 0.0015, 84.375, 100.000, 0.886, 0.049, 
[585] Train acc: 0.8438, Constr acc: 0.0000, CE loss: 0.721, DL2 loss: 24.187
10, 26, 0.7211, 0.0015, 84.375, 98.438, 0.926, 0.048, 
[600] Train acc: 0.9062, Constr acc: 0.0000, CE loss: 0.527, DL2 loss: 24.825
10, 25, 0.5269, 0.0015, 90.625, 98.438, 0.914, 0.046, 
[615] Train acc: 0.7812, Constr acc: 0.0000, CE loss: 0.811, DL2 loss: 25.319
10, 24, 0.8110, 0.0015, 78.125, 100.000, 0.880, 0.051, 
[630] Train acc: 0.7344, Constr acc: 0.0000, CE loss: 0.937, DL2 loss: 24.761
10, 23, 0.9372, 0.0016, 73.438, 96.875, 0.786, 0.055, 
[645] Train acc: 0.7500, Constr acc: 0.0000, CE loss: 0.896, DL2 loss: 26.207
10, 22, 0.8960, 0.0016, 75.000, 98.438, 0.796, 0.051, 
[660] Train acc: 0.7031, Constr acc: 0.0000, CE loss: 0.975, DL2 loss: 27.260
10, 21, 0.9753, 0.0016, 70.312, 96.875, 0.761, 0.051, 
[675] Train acc: 0.8594, Constr acc: 0.0000, CE loss: 0.779, DL2 loss: 26.006
10, 20, 0.7789, 0.0016, 85.938, 98.438, 0.769, 0.049, 
[690] Train acc: 0.6719, Constr acc: 0.0000, CE loss: 0.883, DL2 loss: 26.300
10, 19, 0.8835, 0.0016, 67.188, 100.000, 0.746, 0.053, 
[705] Train acc: 0.6875, Constr acc: 0.0000, CE loss: 1.082, DL2 loss: 26.692
10, 18, 1.0820, 0.0016, 68.750, 100.000, 0.693, 0.053, 
[720] Train acc: 0.4062, Constr acc: 0.0000, CE loss: 1.578, DL2 loss: 25.247
10, 17, 1.5778, 0.0018, 40.625, 87.500, 0.560, 0.049, 
[735] Train acc: 0.5000, Constr acc: 0.0000, CE loss: 1.289, DL2 loss: 25.319
10, 16, 1.2890, 0.0018, 50.000, 98.438, 0.531, 0.054, 
[750] Train acc: 0.6719, Constr acc: 0.0000, CE loss: 1.118, DL2 loss: 25.542
10, 15, 1.1183, 0.0018, 67.188, 96.875, 0.510, 0.050, 
[765] Train acc: 0.4688, Constr acc: 0.0000, CE loss: 1.352, DL2 loss: 23.854
10, 14, 1.3516, 0.0018, 46.875, 93.750, 0.547, 0.052, 
[780] Train acc: 0.6562, Constr acc: 0.0000, CE loss: 1.185, DL2 loss: 25.819
10, 13, 1.1849, 0.0018, 65.625, 100.000, 0.482, 0.050, 
[795] Train acc: 0.5625, Constr acc: 0.0000, CE loss: 1.346, DL2 loss: 23.238
10, 12, 1.3456, 0.0018, 56.250, 92.188, 0.512, 0.046, 
[810] Train acc: 0.2969, Constr acc: 0.0000, CE loss: 1.760, DL2 loss: 24.633
10, 11, 1.7601, 0.0019, 29.688, 92.188, 0.466, 0.052, 
[825] Train acc: 0.3125, Constr acc: 0.0000, CE loss: 1.824, DL2 loss: 24.982
10, 10, 1.8242, 0.0020, 31.250, 78.125, 0.412, 0.051, 
[840] Train acc: 0.4688, Constr acc: 0.0000, CE loss: 1.625, DL2 loss: 25.067
10, 9, 1.6248, 0.0020, 46.875, 84.375, 0.407, 0.049, 
[855] Train acc: 0.1562, Constr acc: 0.0000, CE loss: 2.147, DL2 loss: 24.893
10, 8, 2.1471, 0.0021, 15.625, 67.188, 0.216, 0.048, 
[870] Train acc: 0.1875, Constr acc: 0.0000, CE loss: 2.041, DL2 loss: 24.319
10, 7, 2.0405, 0.0022, 18.750, 79.688, 0.189, 0.055, 
[885] Train acc: 0.1719, Constr acc: 0.0000, CE loss: 2.095, DL2 loss: 22.999
10, 6, 2.0946, 0.0022, 17.188, 64.062, 0.202, 0.054, 
[900] Train acc: 0.1719, Constr acc: 0.0000, CE loss: 2.120, DL2 loss: 23.678
10, 5, 2.1195, 0.0022, 17.188, 65.625, 0.205, 0.057, 
[915] Train acc: 0.1875, Constr acc: 0.0000, CE loss: 2.127, DL2 loss: 24.827
10, 4, 2.1269, 0.0023, 18.750, 67.188, 0.205, 0.049, 
[930] Train acc: 0.1250, Constr acc: 0.0000, CE loss: 2.301, DL2 loss: 23.384
10, 3, 2.3013, 0.0023, 12.500, 48.438, 0.103, 0.046, 
