epoch, neuron_units, loss, dl2_loss, top1, top5, dl2_p_acc, dl2_constraint_acc
1, 252, 2.2927, 0.0362, 14.062, 59.375, 0.103, 1.000, 
1, 252, 2.2915, 0.0361, 10.938, 53.125, 0.103, 1.000, 
1, 252, 2.2819, 0.0360, 14.062, 68.750, 0.118, 1.000, 
1, 252, 2.2671, 0.0359, 14.062, 65.625, 0.143, 1.000, 
1, 252, 2.2227, 0.0357, 32.812, 87.500, 0.183, 1.000, 
1, 252, 2.1728, 0.0354, 45.312, 90.625, 0.250, 1.000, 
1, 252, 2.1268, 0.0349, 42.188, 84.375, 0.464, 1.000, 
1, 252, 1.9745, 0.0340, 59.375, 92.188, 0.481, 1.000, 
1, 252, 1.7555, 0.0329, 65.625, 93.750, 0.512, 1.000, 
1, 252, 1.5805, 0.0314, 60.938, 92.188, 0.616, 1.000, 
1, 252, 1.3582, 0.0297, 68.750, 95.312, 0.667, 1.000, 
1, 252, 1.2318, 0.0279, 75.000, 100.000, 0.715, 1.000, 
1, 252, 1.1399, 0.0264, 71.875, 98.438, 0.772, 0.997, 
1, 252, 0.7877, 0.0248, 81.250, 98.438, 0.788, 0.993, 
1, 252, 0.8178, 0.0237, 81.250, 98.438, 0.770, 0.982, 
1, 252, 0.7796, 0.0227, 81.250, 98.438, 0.807, 0.970, 
1, 252, 0.7342, 0.0218, 81.250, 96.875, 0.816, 0.955, 
1, 252, 0.8408, 0.0210, 75.000, 100.000, 0.825, 0.948, 
1, 252, 0.5938, 0.0202, 85.938, 100.000, 0.837, 0.933, 
1, 252, 0.4851, 0.0195, 87.500, 100.000, 0.818, 0.913, 
1, 252, 0.4778, 0.0189, 87.500, 100.000, 0.839, 0.910, 
1, 252, 0.5193, 0.0184, 87.500, 96.875, 0.840, 0.903, 
1, 252, 0.7720, 0.0182, 76.562, 100.000, 0.839, 0.862, 
1, 252, 0.6591, 0.0175, 82.812, 96.875, 0.846, 0.874, 
1, 252, 0.5418, 0.0173, 87.500, 96.875, 0.847, 0.829, 
1, 252, 0.4700, 0.0169, 81.250, 100.000, 0.847, 0.828, 
1, 252, 0.4995, 0.0163, 84.375, 100.000, 0.853, 0.833, 
1, 252, 0.4181, 0.0162, 82.812, 100.000, 0.853, 0.799, 
1, 252, 0.4219, 0.0158, 90.625, 96.875, 0.857, 0.798, 
1, 252, 0.4764, 0.0157, 84.375, 98.438, 0.836, 0.784, 
1, 252, 0.3939, 0.0154, 85.938, 100.000, 0.856, 0.774, 
1, 252, 0.5466, 0.0149, 85.938, 98.438, 0.869, 0.793, 
1, 252, 0.2866, 0.0146, 89.062, 100.000, 0.872, 0.794, 
1, 252, 0.3769, 0.0150, 90.625, 98.438, 0.855, 0.742, 
1, 252, 0.5148, 0.0146, 81.250, 100.000, 0.868, 0.745, 
1, 252, 0.4214, 0.0149, 87.500, 100.000, 0.844, 0.733, 
1, 252, 0.4768, 0.0145, 85.938, 98.438, 0.861, 0.755, 
1, 252, 0.2749, 0.0143, 95.312, 98.438, 0.873, 0.743, 
1, 252, 0.4704, 0.0143, 85.938, 98.438, 0.858, 0.730, 
1, 252, 0.3803, 0.0139, 87.500, 96.875, 0.869, 0.749, 
1, 252, 0.4786, 0.0140, 87.500, 98.438, 0.870, 0.722, 
1, 252, 0.4067, 0.0135, 90.625, 100.000, 0.877, 0.768, 
1, 252, 0.4238, 0.0136, 89.062, 98.438, 0.864, 0.722, 
1, 252, 0.3562, 0.0134, 92.188, 100.000, 0.878, 0.739, 
1, 252, 0.5575, 0.0134, 82.812, 96.875, 0.876, 0.716, 
1, 252, 0.3631, 0.0130, 85.938, 100.000, 0.884, 0.739, 
1, 252, 0.3399, 0.0132, 92.188, 100.000, 0.881, 0.726, 
1, 252, 0.5743, 0.0128, 79.688, 96.875, 0.882, 0.735, 
1, 252, 0.2633, 0.0127, 93.750, 100.000, 0.890, 0.714, 
1, 252, 0.4597, 0.0131, 87.500, 100.000, 0.884, 0.689, 
1, 252, 0.1803, 0.0126, 95.312, 100.000, 0.885, 0.708, 
1, 252, 0.4742, 0.0126, 85.938, 100.000, 0.891, 0.690, 
1, 252, 0.4882, 0.0125, 87.500, 98.438, 0.887, 0.705, 
1, 252, 0.4233, 0.0126, 85.938, 98.438, 0.893, 0.694, 
1, 252, 0.2433, 0.0128, 95.312, 100.000, 0.885, 0.669, 
1, 252, 0.3876, 0.0123, 89.062, 100.000, 0.894, 0.709, 
1, 252, 0.2943, 0.0128, 90.625, 100.000, 0.883, 0.668, 
1, 252, 0.2800, 0.0125, 92.188, 100.000, 0.868, 0.692, 
1, 252, 0.3258, 0.0125, 92.188, 100.000, 0.888, 0.643, 
1, 252, 0.4350, 0.0120, 84.375, 100.000, 0.892, 0.721, 
1, 252, 0.2808, 0.0122, 89.062, 100.000, 0.890, 0.673, 
1, 252, 0.3792, 0.0121, 89.062, 100.000, 0.877, 0.685, 
1, 252, 0.4500, 0.0115, 85.938, 100.000, 0.902, 0.712, 
2, 252, 0.5122, 0.0118, 84.375, 100.000, 0.896, 0.702, 
2, 252, 0.4173, 0.0117, 87.500, 100.000, 0.903, 0.694, 
2, 252, 0.5242, 0.0120, 90.625, 98.438, 0.897, 0.678, 
2, 252, 0.2827, 0.0118, 90.625, 100.000, 0.902, 0.697, 
2, 252, 0.3125, 0.0116, 93.750, 100.000, 0.905, 0.695, 
2, 252, 0.3635, 0.0117, 89.062, 100.000, 0.890, 0.693, 
2, 252, 0.3950, 0.0115, 92.188, 96.875, 0.898, 0.687, 
2, 252, 0.1623, 0.0117, 93.750, 100.000, 0.896, 0.668, 
2, 252, 0.2030, 0.0115, 96.875, 100.000, 0.896, 0.657, 
2, 252, 0.1256, 0.0113, 96.875, 100.000, 0.897, 0.660, 
2, 252, 0.1549, 0.0115, 95.312, 100.000, 0.894, 0.654, 
2, 252, 0.3149, 0.0114, 93.750, 100.000, 0.895, 0.667, 
2, 252, 0.3502, 0.0113, 89.062, 98.438, 0.906, 0.641, 
2, 252, 0.1656, 0.0109, 93.750, 100.000, 0.911, 0.676, 
2, 252, 0.4189, 0.0110, 89.062, 100.000, 0.906, 0.664, 
2, 252, 0.3449, 0.0112, 87.500, 100.000, 0.903, 0.642, 
2, 252, 0.5022, 0.0109, 84.375, 98.438, 0.911, 0.644, 
2, 252, 0.4505, 0.0107, 93.750, 100.000, 0.912, 0.654, 
2, 252, 0.2539, 0.0109, 92.188, 100.000, 0.900, 0.641, 
2, 252, 0.2169, 0.0105, 96.875, 100.000, 0.916, 0.673, 
2, 252, 0.4928, 0.0104, 81.250, 98.438, 0.915, 0.716, 
2, 252, 0.2626, 0.0109, 90.625, 100.000, 0.907, 0.660, 
2, 252, 0.1589, 0.0111, 96.875, 100.000, 0.902, 0.620, 
2, 252, 0.3615, 0.0104, 87.500, 98.438, 0.916, 0.670, 
2, 252, 0.3356, 0.0104, 87.500, 100.000, 0.920, 0.660, 
2, 252, 0.3478, 0.0100, 92.188, 100.000, 0.920, 0.676, 
2, 252, 0.3029, 0.0106, 93.750, 100.000, 0.910, 0.631, 
2, 252, 0.1711, 0.0105, 92.188, 100.000, 0.915, 0.619, 
2, 252, 0.1269, 0.0104, 98.438, 100.000, 0.908, 0.663, 
2, 252, 0.2175, 0.0101, 90.625, 98.438, 0.916, 0.659, 
2, 252, 0.3791, 0.0099, 93.750, 96.875, 0.924, 0.674, 
2, 252, 0.2742, 0.0102, 92.188, 100.000, 0.911, 0.664, 
2, 252, 0.2349, 0.0102, 93.750, 100.000, 0.913, 0.648, 
2, 252, 0.3415, 0.0101, 92.188, 96.875, 0.923, 0.656, 
2, 252, 0.1703, 0.0098, 95.312, 100.000, 0.924, 0.700, 
2, 252, 0.2171, 0.0100, 92.188, 100.000, 0.920, 0.660, 
2, 252, 0.1232, 0.0097, 95.312, 100.000, 0.928, 0.666, 
2, 252, 0.1641, 0.0099, 93.750, 100.000, 0.925, 0.660, 
2, 252, 0.1737, 0.0102, 95.312, 100.000, 0.912, 0.640, 
2, 252, 0.2706, 0.0106, 90.625, 100.000, 0.894, 0.645, 
2, 252, 0.2533, 0.0101, 92.188, 100.000, 0.922, 0.680, 
2, 252, 0.1865, 0.0096, 96.875, 100.000, 0.925, 0.706, 
2, 252, 0.2077, 0.0098, 92.188, 100.000, 0.926, 0.698, 
2, 252, 0.3736, 0.0095, 87.500, 98.438, 0.930, 0.708, 
2, 252, 0.1693, 0.0097, 95.312, 100.000, 0.927, 0.695, 
2, 252, 0.2047, 0.0094, 92.188, 100.000, 0.935, 0.697, 
2, 252, 0.4102, 0.0100, 92.188, 98.438, 0.910, 0.660, 
2, 252, 0.1180, 0.0096, 98.438, 100.000, 0.926, 0.672, 
2, 252, 0.3083, 0.0102, 89.062, 100.000, 0.897, 0.669, 
2, 252, 0.2262, 0.0097, 92.188, 100.000, 0.919, 0.685, 
2, 252, 0.1160, 0.0099, 96.875, 100.000, 0.922, 0.626, 
2, 252, 0.1208, 0.0096, 96.875, 100.000, 0.919, 0.699, 
2, 252, 0.2277, 0.0094, 93.750, 100.000, 0.934, 0.675, 
2, 252, 0.2516, 0.0092, 95.312, 100.000, 0.933, 0.662, 
2, 252, 0.1130, 0.0092, 95.312, 100.000, 0.932, 0.682, 
2, 252, 0.2972, 0.0092, 89.062, 100.000, 0.935, 0.634, 
2, 252, 0.1417, 0.0094, 95.312, 98.438, 0.919, 0.640, 
2, 252, 0.2383, 0.0093, 92.188, 100.000, 0.928, 0.662, 
2, 252, 0.1077, 0.0088, 98.438, 100.000, 0.936, 0.709, 
2, 252, 0.1015, 0.0087, 98.438, 100.000, 0.938, 0.711, 
2, 252, 0.1998, 0.0090, 93.750, 100.000, 0.927, 0.704, 
2, 252, 0.2048, 0.0090, 95.312, 100.000, 0.937, 0.699, 
2, 252, 0.1953, 0.0092, 93.750, 100.000, 0.927, 0.677, 
3, 252, 0.1444, 0.0090, 93.750, 100.000, 0.930, 0.707, 
3, 252, 0.2290, 0.0087, 90.625, 100.000, 0.937, 0.714, 
3, 252, 0.1943, 0.0094, 93.750, 100.000, 0.925, 0.668, 
3, 252, 0.1819, 0.0090, 95.312, 100.000, 0.928, 0.666, 
3, 252, 0.1718, 0.0088, 93.750, 100.000, 0.934, 0.693, 
3, 252, 0.1306, 0.0084, 95.312, 100.000, 0.943, 0.693, 
3, 252, 0.2181, 0.0086, 90.625, 100.000, 0.939, 0.679, 
3, 252, 0.2184, 0.0085, 93.750, 100.000, 0.945, 0.704, 
3, 252, 0.2517, 0.0087, 90.625, 100.000, 0.938, 0.666, 
3, 252, 0.0968, 0.0085, 96.875, 100.000, 0.941, 0.679, 
3, 252, 0.1903, 0.0085, 93.750, 100.000, 0.939, 0.685, 
3, 252, 0.1611, 0.0084, 95.312, 100.000, 0.946, 0.668, 
3, 252, 0.1567, 0.0087, 92.188, 100.000, 0.940, 0.668, 
3, 252, 0.3901, 0.0087, 85.938, 98.438, 0.931, 0.648, 
3, 252, 0.3120, 0.0088, 90.625, 100.000, 0.933, 0.652, 
3, 252, 0.0869, 0.0083, 96.875, 100.000, 0.946, 0.662, 
3, 252, 0.2347, 0.0080, 92.188, 100.000, 0.947, 0.692, 
3, 252, 0.2411, 0.0084, 93.750, 100.000, 0.935, 0.673, 
3, 252, 0.2407, 0.0080, 93.750, 98.438, 0.942, 0.677, 
3, 252, 0.1583, 0.0080, 95.312, 100.000, 0.945, 0.669, 
3, 252, 0.2165, 0.0080, 92.188, 100.000, 0.942, 0.674, 
3, 252, 0.2035, 0.0082, 92.188, 100.000, 0.945, 0.651, 
3, 252, 0.2672, 0.0086, 89.062, 100.000, 0.931, 0.651, 
3, 252, 0.2226, 0.0084, 92.188, 100.000, 0.937, 0.653, 
3, 252, 0.0696, 0.0090, 98.438, 100.000, 0.919, 0.584, 
3, 252, 0.2061, 0.0084, 96.875, 100.000, 0.940, 0.644, 
3, 252, 0.1568, 0.0079, 93.750, 100.000, 0.948, 0.657, 
3, 252, 0.1800, 0.0078, 93.750, 100.000, 0.950, 0.668, 
3, 252, 0.1488, 0.0077, 96.875, 100.000, 0.952, 0.683, 
3, 252, 0.3939, 0.0082, 87.500, 96.875, 0.932, 0.662, 
3, 252, 0.2120, 0.0082, 93.750, 100.000, 0.944, 0.669, 
3, 252, 0.2869, 0.0078, 90.625, 100.000, 0.947, 0.681, 
3, 252, 0.1584, 0.0079, 96.875, 100.000, 0.943, 0.660, 
3, 252, 0.2750, 0.0086, 89.062, 98.438, 0.931, 0.643, 
3, 252, 0.1126, 0.0084, 95.312, 100.000, 0.937, 0.662, 
3, 252, 0.0960, 0.0080, 96.875, 100.000, 0.950, 0.630, 
3, 252, 0.0755, 0.0080, 98.438, 100.000, 0.942, 0.686, 
3, 252, 0.1714, 0.0085, 96.875, 100.000, 0.934, 0.603, 
3, 252, 0.2214, 0.0079, 92.188, 100.000, 0.948, 0.675, 
3, 252, 0.1618, 0.0087, 93.750, 100.000, 0.925, 0.661, 
3, 252, 0.1317, 0.0079, 96.875, 100.000, 0.950, 0.657, 
3, 252, 0.1637, 0.0082, 96.875, 100.000, 0.939, 0.651, 
3, 252, 0.1908, 0.0077, 92.188, 100.000, 0.954, 0.671, 
3, 252, 0.1567, 0.0079, 92.188, 100.000, 0.950, 0.651, 
3, 252, 0.2916, 0.0076, 90.625, 100.000, 0.953, 0.688, 
3, 252, 0.1190, 0.0080, 96.875, 100.000, 0.947, 0.674, 
3, 252, 0.0651, 0.0080, 98.438, 100.000, 0.942, 0.643, 
3, 252, 0.3163, 0.0077, 93.750, 98.438, 0.953, 0.653, 
3, 252, 0.3035, 0.0083, 93.750, 98.438, 0.945, 0.606, 
3, 252, 0.1690, 0.0081, 95.312, 100.000, 0.942, 0.641, 
3, 252, 0.1157, 0.0078, 95.312, 100.000, 0.948, 0.675, 
3, 252, 0.0759, 0.0078, 96.875, 100.000, 0.950, 0.663, 
3, 252, 0.2308, 0.0079, 95.312, 100.000, 0.942, 0.666, 
3, 252, 0.3338, 0.0075, 90.625, 100.000, 0.952, 0.677, 
3, 252, 0.2120, 0.0080, 93.750, 100.000, 0.937, 0.660, 
3, 252, 0.3033, 0.0074, 92.188, 98.438, 0.954, 0.655, 
3, 252, 0.0922, 0.0075, 96.875, 100.000, 0.949, 0.645, 
3, 252, 0.1681, 0.0080, 93.750, 100.000, 0.935, 0.629, 
3, 252, 0.1294, 0.0074, 96.875, 100.000, 0.954, 0.669, 
3, 252, 0.1161, 0.0075, 96.875, 100.000, 0.951, 0.661, 
3, 252, 0.0777, 0.0074, 98.438, 100.000, 0.954, 0.657, 
3, 252, 0.1254, 0.0076, 92.188, 100.000, 0.948, 0.644, 
3, 252, 0.1017, 0.0074, 98.438, 100.000, 0.952, 0.666, 
4, 252, 0.1469, 0.0075, 92.188, 100.000, 0.946, 0.667, 
4, 252, 0.2255, 0.0075, 92.188, 100.000, 0.955, 0.677, 
4, 252, 0.2805, 0.0074, 92.188, 100.000, 0.953, 0.668, 
4, 252, 0.1464, 0.0082, 93.750, 100.000, 0.927, 0.627, 
4, 252, 0.0572, 0.0074, 98.438, 100.000, 0.950, 0.694, 
4, 252, 0.1584, 0.0076, 96.875, 100.000, 0.951, 0.676, 
4, 252, 0.2444, 0.0073, 90.625, 100.000, 0.957, 0.684, 
4, 252, 0.1013, 0.0071, 96.875, 100.000, 0.955, 0.697, 
4, 252, 0.2293, 0.0072, 98.438, 98.438, 0.959, 0.679, 
4, 252, 0.1094, 0.0073, 95.312, 100.000, 0.955, 0.648, 
4, 252, 0.1912, 0.0072, 95.312, 100.000, 0.958, 0.657, 
4, 252, 0.1690, 0.0077, 96.875, 100.000, 0.949, 0.630, 
4, 252, 0.1623, 0.0071, 95.312, 100.000, 0.958, 0.689, 
4, 252, 0.4958, 0.0077, 89.062, 98.438, 0.943, 0.645, 
4, 252, 0.2226, 0.0069, 92.188, 100.000, 0.958, 0.684, 
4, 252, 0.1787, 0.0073, 93.750, 100.000, 0.951, 0.651, 
4, 252, 0.2278, 0.0072, 89.062, 100.000, 0.954, 0.645, 
4, 252, 0.1626, 0.0074, 95.312, 100.000, 0.948, 0.678, 
4, 252, 0.2815, 0.0069, 90.625, 100.000, 0.959, 0.663, 
4, 252, 0.2257, 0.0069, 87.500, 100.000, 0.958, 0.663, 
4, 252, 0.2397, 0.0072, 95.312, 100.000, 0.952, 0.630, 
4, 252, 0.3845, 0.0074, 90.625, 100.000, 0.949, 0.634, 
4, 252, 0.0987, 0.0072, 96.875, 100.000, 0.950, 0.653, 
4, 252, 0.1628, 0.0071, 95.312, 100.000, 0.948, 0.663, 
4, 252, 0.1700, 0.0071, 95.312, 100.000, 0.950, 0.628, 
4, 252, 0.0563, 0.0067, 98.438, 100.000, 0.960, 0.646, 
4, 252, 0.1477, 0.0070, 95.312, 100.000, 0.951, 0.624, 
4, 252, 0.0538, 0.0069, 98.438, 100.000, 0.952, 0.633, 
4, 252, 0.1097, 0.0068, 96.875, 100.000, 0.957, 0.621, 
4, 252, 0.1812, 0.0070, 95.312, 100.000, 0.945, 0.614, 
4, 252, 0.1828, 0.0070, 96.875, 100.000, 0.951, 0.610, 
4, 252, 0.0809, 0.0070, 98.438, 100.000, 0.958, 0.630, 
4, 252, 0.0845, 0.0067, 98.438, 100.000, 0.964, 0.646, 
4, 252, 0.0895, 0.0071, 96.875, 100.000, 0.945, 0.625, 
4, 252, 0.2085, 0.0068, 95.312, 98.438, 0.955, 0.653, 
4, 252, 0.1259, 0.0069, 95.312, 100.000, 0.954, 0.668, 
4, 252, 0.2726, 0.0066, 90.625, 100.000, 0.956, 0.664, 
4, 252, 0.1263, 0.0067, 96.875, 100.000, 0.954, 0.636, 
4, 252, 0.0677, 0.0065, 98.438, 100.000, 0.955, 0.635, 
4, 252, 0.1738, 0.0065, 93.750, 100.000, 0.962, 0.610, 
4, 252, 0.0770, 0.0065, 98.438, 100.000, 0.962, 0.606, 
4, 252, 0.3965, 0.0065, 89.062, 100.000, 0.953, 0.622, 
4, 252, 0.1615, 0.0066, 92.188, 100.000, 0.951, 0.602, 
4, 252, 0.1267, 0.0065, 96.875, 100.000, 0.956, 0.614, 
4, 252, 0.2561, 0.0066, 92.188, 100.000, 0.954, 0.620, 
4, 252, 0.1013, 0.0064, 95.312, 100.000, 0.965, 0.637, 
4, 252, 0.0722, 0.0062, 98.438, 100.000, 0.964, 0.637, 
4, 252, 0.0546, 0.0066, 98.438, 100.000, 0.949, 0.665, 
4, 252, 0.0387, 0.0064, 98.438, 100.000, 0.954, 0.618, 
4, 252, 0.0415, 0.0064, 98.438, 100.000, 0.955, 0.620, 
4, 252, 0.0412, 0.0064, 98.438, 100.000, 0.961, 0.610, 
4, 252, 0.2318, 0.0069, 93.750, 100.000, 0.943, 0.569, 
4, 252, 0.2662, 0.0064, 92.188, 100.000, 0.955, 0.592, 
4, 252, 0.1275, 0.0062, 96.875, 100.000, 0.962, 0.598, 
4, 252, 0.2347, 0.0067, 92.188, 100.000, 0.949, 0.602, 
4, 252, 0.1304, 0.0064, 96.875, 100.000, 0.955, 0.630, 
4, 252, 0.1914, 0.0062, 96.875, 100.000, 0.961, 0.615, 
4, 252, 0.1253, 0.0065, 95.312, 100.000, 0.957, 0.631, 
4, 252, 0.1532, 0.0065, 96.875, 100.000, 0.951, 0.579, 
4, 252, 0.0845, 0.0064, 96.875, 100.000, 0.955, 0.593, 
4, 252, 0.0953, 0.0064, 96.875, 100.000, 0.953, 0.575, 
4, 252, 0.0948, 0.0059, 96.875, 100.000, 0.965, 0.634, 
4, 252, 0.0595, 0.0060, 100.000, 100.000, 0.965, 0.619, 
5, 252, 0.1602, 0.0063, 93.750, 100.000, 0.958, 0.578, 
5, 252, 0.1171, 0.0062, 96.875, 100.000, 0.959, 0.609, 
5, 252, 0.1492, 0.0064, 96.875, 100.000, 0.949, 0.606, 
5, 252, 0.0794, 0.0061, 98.438, 100.000, 0.962, 0.595, 
5, 252, 0.2132, 0.0065, 93.750, 100.000, 0.955, 0.628, 
5, 252, 0.1872, 0.0065, 95.312, 100.000, 0.955, 0.579, 
5, 252, 0.0184, 0.0063, 100.000, 100.000, 0.957, 0.584, 
5, 252, 0.1806, 0.0064, 96.875, 98.438, 0.961, 0.584, 
5, 252, 0.0735, 0.0059, 98.438, 100.000, 0.967, 0.629, 
5, 252, 0.2643, 0.0056, 90.625, 100.000, 0.968, 0.612, 
5, 252, 0.0650, 0.0060, 96.875, 100.000, 0.964, 0.610, 
5, 252, 0.1393, 0.0059, 96.875, 100.000, 0.967, 0.607, 
5, 252, 0.2285, 0.0059, 90.625, 100.000, 0.958, 0.588, 
5, 252, 0.1578, 0.0058, 96.875, 98.438, 0.964, 0.594, 
5, 252, 0.0756, 0.0065, 96.875, 100.000, 0.949, 0.623, 
5, 252, 0.0753, 0.0060, 96.875, 100.000, 0.962, 0.618, 
5, 252, 0.0318, 0.0061, 100.000, 100.000, 0.961, 0.588, 
5, 252, 0.1211, 0.0059, 95.312, 100.000, 0.961, 0.611, 
5, 252, 0.0481, 0.0061, 100.000, 100.000, 0.953, 0.569, 
5, 252, 0.1493, 0.0058, 95.312, 100.000, 0.963, 0.588, 
5, 252, 0.0548, 0.0058, 98.438, 100.000, 0.962, 0.597, 
5, 252, 0.1962, 0.0058, 96.875, 100.000, 0.968, 0.606, 
5, 252, 0.2003, 0.0060, 93.750, 100.000, 0.959, 0.576, 
5, 252, 0.0711, 0.0058, 98.438, 100.000, 0.965, 0.594, 
5, 252, 0.0352, 0.0060, 98.438, 100.000, 0.952, 0.574, 
5, 252, 0.0673, 0.0058, 98.438, 100.000, 0.962, 0.576, 
5, 252, 0.2887, 0.0070, 92.188, 100.000, 0.941, 0.513, 
5, 252, 0.0360, 0.0057, 100.000, 100.000, 0.961, 0.579, 
5, 252, 0.0595, 0.0064, 98.438, 100.000, 0.953, 0.580, 
5, 252, 0.1608, 0.0067, 92.188, 100.000, 0.944, 0.608, 
5, 252, 0.1581, 0.0056, 96.875, 100.000, 0.967, 0.616, 
5, 252, 0.1419, 0.0058, 98.438, 100.000, 0.964, 0.587, 
5, 252, 0.0182, 0.0060, 100.000, 100.000, 0.963, 0.595, 
5, 252, 0.4040, 0.0058, 92.188, 98.438, 0.966, 0.577, 
5, 252, 0.0406, 0.0056, 98.438, 100.000, 0.969, 0.604, 
5, 252, 0.0680, 0.0059, 96.875, 100.000, 0.965, 0.584, 
5, 252, 0.1070, 0.0059, 95.312, 100.000, 0.962, 0.580, 
5, 252, 0.0963, 0.0056, 98.438, 100.000, 0.970, 0.605, 
5, 252, 0.1253, 0.0062, 95.312, 100.000, 0.957, 0.585, 
5, 252, 0.0797, 0.0056, 96.875, 100.000, 0.963, 0.600, 
5, 252, 0.0885, 0.0056, 95.312, 100.000, 0.965, 0.569, 
5, 252, 0.3514, 0.0054, 93.750, 98.438, 0.972, 0.610, 
5, 252, 0.0177, 0.0060, 100.000, 100.000, 0.955, 0.547, 
5, 252, 0.3151, 0.0053, 92.188, 98.438, 0.972, 0.599, 
5, 252, 0.0455, 0.0058, 100.000, 100.000, 0.961, 0.561, 
5, 252, 0.0580, 0.0054, 98.438, 100.000, 0.970, 0.589, 
5, 252, 0.1333, 0.0056, 96.875, 100.000, 0.966, 0.613, 
5, 252, 0.1141, 0.0054, 96.875, 100.000, 0.971, 0.581, 
5, 252, 0.1178, 0.0055, 95.312, 100.000, 0.968, 0.589, 
5, 252, 0.0483, 0.0059, 98.438, 100.000, 0.965, 0.588, 
5, 252, 0.0420, 0.0060, 98.438, 100.000, 0.959, 0.568, 
5, 252, 0.0922, 0.0055, 98.438, 100.000, 0.968, 0.590, 
5, 252, 0.1040, 0.0058, 96.875, 100.000, 0.959, 0.582, 
5, 252, 0.1359, 0.0053, 95.312, 100.000, 0.970, 0.596, 
5, 252, 0.2018, 0.0056, 93.750, 100.000, 0.967, 0.574, 
5, 252, 0.3869, 0.0057, 96.875, 98.438, 0.963, 0.566, 
5, 252, 0.1645, 0.0059, 92.188, 100.000, 0.958, 0.548, 
5, 252, 0.1589, 0.0055, 93.750, 100.000, 0.966, 0.577, 
5, 252, 0.1221, 0.0056, 95.312, 100.000, 0.963, 0.586, 
5, 252, 0.0802, 0.0060, 96.875, 100.000, 0.954, 0.566, 
5, 252, 0.1219, 0.0056, 96.875, 100.000, 0.964, 0.594, 
5, 252, 0.1940, 0.0058, 96.875, 100.000, 0.961, 0.552, 
5, 252, 0.0549, 0.0055, 98.438, 100.000, 0.966, 0.583, 
6, 252, 0.2635, 0.0051, 92.188, 100.000, 0.974, 0.606, 
6, 252, 0.2038, 0.0054, 93.750, 100.000, 0.970, 0.573, 
6, 252, 0.0711, 0.0053, 96.875, 100.000, 0.973, 0.601, 
6, 252, 0.0358, 0.0059, 98.438, 100.000, 0.958, 0.551, 
6, 252, 0.0202, 0.0055, 100.000, 100.000, 0.963, 0.551, 
6, 252, 0.1651, 0.0056, 92.188, 100.000, 0.959, 0.553, 
6, 252, 0.0427, 0.0054, 98.438, 100.000, 0.970, 0.580, 
6, 252, 0.0225, 0.0056, 100.000, 100.000, 0.960, 0.523, 
6, 252, 0.1927, 0.0051, 95.312, 100.000, 0.969, 0.551, 
6, 252, 0.0385, 0.0050, 100.000, 100.000, 0.968, 0.556, 
6, 252, 0.0903, 0.0051, 98.438, 100.000, 0.965, 0.554, 
6, 252, 0.1081, 0.0048, 95.312, 100.000, 0.972, 0.578, 
6, 252, 0.0537, 0.0050, 98.438, 100.000, 0.965, 0.574, 
6, 252, 0.1833, 0.0049, 96.875, 98.438, 0.968, 0.560, 
6, 252, 0.0977, 0.0053, 96.875, 100.000, 0.960, 0.543, 
6, 252, 0.1090, 0.0053, 95.312, 100.000, 0.968, 0.559, 
6, 252, 0.1323, 0.0052, 96.875, 100.000, 0.964, 0.551, 
6, 252, 0.2974, 0.0048, 96.875, 100.000, 0.973, 0.571, 
6, 252, 0.1739, 0.0054, 95.312, 98.438, 0.959, 0.544, 
6, 252, 0.1011, 0.0052, 96.875, 100.000, 0.969, 0.583, 
6, 252, 0.0602, 0.0053, 98.438, 100.000, 0.961, 0.515, 
6, 252, 0.0917, 0.0055, 95.312, 100.000, 0.955, 0.516, 
6, 252, 0.0626, 0.0049, 96.875, 100.000, 0.971, 0.567, 
6, 252, 0.1325, 0.0051, 95.312, 100.000, 0.969, 0.569, 
6, 252, 0.1338, 0.0051, 93.750, 100.000, 0.970, 0.577, 
6, 252, 0.0447, 0.0051, 98.438, 100.000, 0.971, 0.566, 
6, 252, 0.1420, 0.0049, 95.312, 98.438, 0.973, 0.565, 
6, 252, 0.0289, 0.0051, 98.438, 100.000, 0.971, 0.582, 
6, 252, 0.0901, 0.0052, 95.312, 100.000, 0.970, 0.573, 
6, 252, 0.0852, 0.0049, 95.312, 100.000, 0.973, 0.577, 
6, 252, 0.0538, 0.0051, 98.438, 100.000, 0.970, 0.573, 
6, 252, 0.0759, 0.0052, 96.875, 100.000, 0.970, 0.565, 
6, 252, 0.0314, 0.0049, 100.000, 100.000, 0.973, 0.581, 
6, 252, 0.0577, 0.0052, 98.438, 100.000, 0.969, 0.577, 
6, 252, 0.0931, 0.0053, 96.875, 100.000, 0.967, 0.558, 
6, 252, 0.0665, 0.0057, 96.875, 100.000, 0.964, 0.539, 
6, 252, 0.0991, 0.0061, 98.438, 100.000, 0.944, 0.522, 
6, 252, 0.1395, 0.0053, 95.312, 100.000, 0.967, 0.544, 
6, 252, 0.0402, 0.0049, 98.438, 100.000, 0.975, 0.574, 
6, 252, 0.0416, 0.0051, 98.438, 100.000, 0.974, 0.562, 
6, 252, 0.0817, 0.0050, 98.438, 100.000, 0.975, 0.560, 
6, 252, 0.0735, 0.0056, 98.438, 100.000, 0.965, 0.507, 
6, 252, 0.0440, 0.0056, 98.438, 100.000, 0.963, 0.532, 
6, 252, 0.0635, 0.0052, 96.875, 100.000, 0.968, 0.554, 
6, 252, 0.0849, 0.0050, 96.875, 100.000, 0.975, 0.560, 
6, 252, 0.1169, 0.0052, 95.312, 100.000, 0.968, 0.547, 
6, 252, 0.0358, 0.0049, 98.438, 100.000, 0.975, 0.560, 
6, 252, 0.1107, 0.0051, 96.875, 100.000, 0.974, 0.563, 
6, 252, 0.1523, 0.0051, 93.750, 100.000, 0.973, 0.561, 
6, 252, 0.0089, 0.0051, 100.000, 100.000, 0.972, 0.532, 
6, 252, 0.1664, 0.0048, 93.750, 100.000, 0.974, 0.574, 
6, 252, 0.0660, 0.0052, 98.438, 100.000, 0.968, 0.538, 
6, 252, 0.0699, 0.0049, 98.438, 98.438, 0.975, 0.532, 
6, 252, 0.0577, 0.0053, 96.875, 100.000, 0.962, 0.500, 
6, 252, 0.0869, 0.0048, 96.875, 100.000, 0.971, 0.512, 
6, 252, 0.1328, 0.0051, 93.750, 100.000, 0.963, 0.537, 
6, 252, 0.0444, 0.0050, 98.438, 100.000, 0.968, 0.506, 
6, 252, 0.2606, 0.0054, 95.312, 98.438, 0.965, 0.508, 
6, 252, 0.0766, 0.0048, 95.312, 100.000, 0.974, 0.556, 
6, 252, 0.1148, 0.0051, 95.312, 100.000, 0.965, 0.543, 
6, 252, 0.0367, 0.0054, 98.438, 100.000, 0.960, 0.504, 
6, 252, 0.0911, 0.0052, 96.875, 100.000, 0.961, 0.527, 
6, 252, 0.0423, 0.0048, 98.438, 100.000, 0.977, 0.542, 
