main_dl2.py --pruning=True --tensorboard=True --log-interval=15 --pruning_config=./configs/mnist_22_15.json --constraint RobustnessDandR(eps1=7.8, eps2=2.9) --print-after-epoch=0 --dl2-weight=0.5 --delay=6
pruning_engine.load_mask(): did not find mask file, will load nothing
epoch, neuron_units, loss, dl2_loss, top1, top5, dl2_p_acc, dl2_constraint_acc
[0] Train acc: 0.1406
1, 252, 2.2927, 0.0023, 14.062, 59.375, 0.103, 1.000, 
[15] Train acc: 0.1875
1, 252, 2.2763, 0.0023, 18.750, 68.750, 0.103, 0.910, 
[30] Train acc: 0.3125
1, 252, 2.2343, 0.0023, 31.250, 75.000, 0.205, 0.636, 
[45] Train acc: 0.3594
1, 252, 2.1083, 0.0022, 35.938, 89.062, 0.408, 0.641, 
[60] Train acc: 0.5625
1, 252, 1.8079, 0.0021, 56.250, 90.625, 0.576, 0.257, 
[75] Train acc: 0.6719
1, 252, 1.1560, 0.0017, 67.188, 95.312, 0.646, 0.341, 
[90] Train acc: 0.6250
1, 252, 1.0569, 0.0015, 62.500, 98.438, 0.674, 0.341, 
[105] Train acc: 0.7031
1, 252, 0.8945, 0.0013, 70.312, 95.312, 0.730, 0.151, 
[120] Train acc: 0.8125
1, 252, 0.5999, 0.0011, 81.250, 98.438, 0.806, 0.066, 
[135] Train acc: 0.8594
1, 252, 0.3908, 0.0010, 85.938, 100.000, 0.854, 0.083, 
[150] Train acc: 0.8594
1, 252, 0.5338, 0.0010, 85.938, 100.000, 0.820, 0.351, 
[165] Train acc: 0.8281
1, 252, 0.5438, 0.0010, 82.812, 98.438, 0.764, 0.297, 
[180] Train acc: 0.9062
1, 252, 0.4400, 0.0009, 90.625, 98.438, 0.846, 0.317, 
[195] Train acc: 0.9062
1, 252, 0.2807, 0.0009, 90.625, 100.000, 0.848, 0.322, 
[210] Train acc: 0.9219
1, 252, 0.3626, 0.0009, 92.188, 98.438, 0.857, 0.131, 
[225] Train acc: 0.8750
1, 252, 0.3995, 0.0008, 87.500, 100.000, 0.887, 0.411, 
[240] Train acc: 0.8750
1, 252, 0.4170, 0.0008, 87.500, 98.438, 0.877, 0.269, 
[255] Train acc: 0.8281
1, 252, 0.4295, 0.0008, 82.812, 100.000, 0.851, 0.196, 
[270] Train acc: 0.9219
1, 252, 0.2311, 0.0008, 92.188, 100.000, 0.843, 0.360, 
[285] Train acc: 0.9375
1, 252, 0.2467, 0.0007, 93.750, 100.000, 0.920, 0.317, 
[300] Train acc: 0.9062
1, 252, 0.2694, 0.0007, 90.625, 100.000, 0.911, 0.257, 
[315] Train acc: 0.9219
1, 252, 0.2680, 0.0007, 92.188, 98.438, 0.922, 0.318, 
[330] Train acc: 0.9062
1, 252, 0.3726, 0.0007, 90.625, 98.438, 0.864, 0.404, 
[345] Train acc: 0.8594
1, 252, 0.4701, 0.0007, 85.938, 98.438, 0.908, 0.421, 
[360] Train acc: 0.8750
1, 252, 0.2838, 0.0007, 87.500, 100.000, 0.909, 0.337, 
[375] Train acc: 0.9375
1, 252, 0.1560, 0.0007, 93.750, 100.000, 0.923, 0.348, 
[390] Train acc: 0.9062
1, 252, 0.2070, 0.0006, 90.625, 100.000, 0.915, 0.430, 
[405] Train acc: 0.9375
1, 252, 0.1975, 0.0006, 93.750, 100.000, 0.918, 0.266, 
[420] Train acc: 0.9219
1, 252, 0.2446, 0.0006, 92.188, 100.000, 0.936, 0.366, 
[435] Train acc: 0.9219
1, 252, 0.2261, 0.0006, 92.188, 100.000, 0.935, 0.362, 
[450] Train acc: 0.9219
1, 252, 0.1807, 0.0006, 92.188, 100.000, 0.942, 0.333, 
[465] Train acc: 0.8906
1, 252, 0.3503, 0.0006, 89.062, 100.000, 0.914, 0.336, 
[480] Train acc: 1.0000
1, 252, 0.0762, 0.0006, 100.000, 100.000, 0.934, 0.424, 
[495] Train acc: 0.9531
1, 252, 0.1621, 0.0006, 95.312, 100.000, 0.948, 0.329, 
[510] Train acc: 0.9219
1, 252, 0.1649, 0.0005, 92.188, 100.000, 0.949, 0.411, 
[525] Train acc: 0.9531
1, 252, 0.1392, 0.0006, 95.312, 100.000, 0.945, 0.386, 
[540] Train acc: 0.9531
1, 252, 0.2543, 0.0006, 95.312, 98.438, 0.933, 0.320, 
[555] Train acc: 0.9688
1, 252, 0.1702, 0.0005, 96.875, 98.438, 0.953, 0.375, 
[570] Train acc: 0.9531
1, 252, 0.1492, 0.0005, 95.312, 100.000, 0.925, 0.467, 
[585] Train acc: 0.9844
1, 252, 0.0822, 0.0005, 98.438, 100.000, 0.950, 0.360, 
[600] Train acc: 0.9531
1, 252, 0.1890, 0.0005, 95.312, 100.000, 0.951, 0.444, 
[615] Train acc: 0.9531
1, 252, 0.1561, 0.0005, 95.312, 100.000, 0.951, 0.383, 
[630] Train acc: 0.9375
1, 252, 0.3362, 0.0005, 93.750, 100.000, 0.956, 0.367, 
[645] Train acc: 0.9688
1, 252, 0.1513, 0.0005, 96.875, 100.000, 0.956, 0.376, 
[660] Train acc: 0.9688
1, 252, 0.1354, 0.0005, 96.875, 100.000, 0.956, 0.421, 
[675] Train acc: 0.9375
1, 252, 0.1571, 0.0005, 93.750, 100.000, 0.956, 0.422, 
[690] Train acc: 0.9688
1, 252, 0.1637, 0.0005, 96.875, 98.438, 0.958, 0.436, 
[705] Train acc: 0.8906
1, 252, 0.3415, 0.0005, 89.062, 100.000, 0.953, 0.464, 
[720] Train acc: 1.0000
1, 252, 0.0550, 0.0005, 100.000, 100.000, 0.958, 0.438, 
[735] Train acc: 0.9375
1, 252, 0.1595, 0.0005, 93.750, 100.000, 0.956, 0.394, 
[750] Train acc: 0.9688
1, 252, 0.0683, 0.0005, 96.875, 100.000, 0.950, 0.510, 
[765] Train acc: 0.9062
1, 252, 0.2801, 0.0005, 90.625, 100.000, 0.945, 0.442, 
[780] Train acc: 0.9219
1, 252, 0.1975, 0.0005, 92.188, 100.000, 0.965, 0.353, 
[795] Train acc: 0.9375
1, 252, 0.1232, 0.0005, 93.750, 100.000, 0.960, 0.439, 
[810] Train acc: 1.0000
1, 252, 0.0531, 0.0005, 100.000, 100.000, 0.963, 0.358, 
[825] Train acc: 0.9531
1, 252, 0.1005, 0.0005, 95.312, 100.000, 0.959, 0.355, 
[840] Train acc: 0.9531
1, 252, 0.1271, 0.0005, 95.312, 100.000, 0.969, 0.395, 
[855] Train acc: 0.9375
1, 252, 0.1566, 0.0005, 93.750, 100.000, 0.942, 0.397, 
[870] Train acc: 0.9531
1, 252, 0.1490, 0.0004, 95.312, 100.000, 0.963, 0.417, 
[885] Train acc: 0.9375
1, 252, 0.1344, 0.0005, 93.750, 100.000, 0.959, 0.437, 
[900] Train acc: 0.9531
1, 252, 0.1105, 0.0004, 95.312, 100.000, 0.962, 0.462, 
[915] Train acc: 0.9375
1, 252, 0.1970, 0.0004, 93.750, 100.000, 0.960, 0.458, 
[930] Train acc: 0.9375
1, 252, 0.1600, 0.0004, 93.750, 100.000, 0.965, 0.462, 
[0] Train acc: 0.9531
2, 252, 0.1407, 0.0004, 95.312, 100.000, 0.963, 0.481, 
[15] Train acc: 0.9844
2, 252, 0.0752, 0.0004, 98.438, 100.000, 0.967, 0.500, 
[30] Train acc: 0.9688
2, 252, 0.0801, 0.0004, 96.875, 100.000, 0.955, 0.567, 
[45] Train acc: 0.9688
2, 252, 0.0949, 0.0004, 96.875, 100.000, 0.965, 0.518, 
[60] Train acc: 0.9844
2, 252, 0.0438, 0.0004, 98.438, 100.000, 0.963, 0.531, 
[75] Train acc: 0.9688
2, 252, 0.1399, 0.0004, 96.875, 100.000, 0.966, 0.522, 
[90] Train acc: 0.9375
2, 252, 0.3302, 0.0004, 93.750, 100.000, 0.967, 0.463, 
[105] Train acc: 0.9844
2, 252, 0.0491, 0.0004, 98.438, 100.000, 0.970, 0.431, 
[120] Train acc: 0.9688
2, 252, 0.0914, 0.0004, 96.875, 100.000, 0.970, 0.463, 
[135] Train acc: 0.9688
2, 252, 0.1508, 0.0004, 96.875, 100.000, 0.964, 0.461, 
[150] Train acc: 0.9531
2, 252, 0.0793, 0.0004, 95.312, 100.000, 0.967, 0.507, 
[165] Train acc: 0.9844
2, 252, 0.0713, 0.0004, 98.438, 100.000, 0.969, 0.560, 
[180] Train acc: 0.9531
2, 252, 0.0830, 0.0004, 95.312, 100.000, 0.966, 0.537, 
[195] Train acc: 0.9844
2, 252, 0.0966, 0.0004, 98.438, 100.000, 0.961, 0.498, 
[210] Train acc: 0.9688
2, 252, 0.0620, 0.0004, 96.875, 100.000, 0.973, 0.584, 
[225] Train acc: 0.9531
2, 252, 0.1448, 0.0004, 95.312, 100.000, 0.965, 0.609, 
[240] Train acc: 0.9531
2, 252, 0.1479, 0.0004, 95.312, 100.000, 0.967, 0.480, 
[255] Train acc: 1.0000
2, 252, 0.0279, 0.0004, 100.000, 100.000, 0.968, 0.498, 
[270] Train acc: 0.9844
2, 252, 0.0609, 0.0003, 98.438, 100.000, 0.974, 0.567, 
[285] Train acc: 0.9844
2, 252, 0.0342, 0.0003, 98.438, 100.000, 0.975, 0.602, 
[300] Train acc: 0.9688
2, 252, 0.0782, 0.0004, 96.875, 100.000, 0.969, 0.557, 
[315] Train acc: 0.9375
2, 252, 0.1122, 0.0004, 93.750, 100.000, 0.975, 0.581, 
[330] Train acc: 0.9688
2, 252, 0.0469, 0.0004, 96.875, 100.000, 0.968, 0.531, 
[345] Train acc: 0.9531
2, 252, 0.2345, 0.0004, 95.312, 100.000, 0.977, 0.505, 
[360] Train acc: 0.9688
2, 252, 0.0647, 0.0004, 96.875, 100.000, 0.962, 0.426, 
[375] Train acc: 0.9531
2, 252, 0.1035, 0.0004, 95.312, 100.000, 0.976, 0.464, 
[390] Train acc: 0.9844
2, 252, 0.0274, 0.0004, 98.438, 100.000, 0.974, 0.508, 
[405] Train acc: 0.9844
2, 252, 0.0408, 0.0004, 98.438, 100.000, 0.968, 0.521, 
[420] Train acc: 0.9844
2, 252, 0.0255, 0.0004, 98.438, 100.000, 0.976, 0.554, 
[435] Train acc: 0.9844
2, 252, 0.0391, 0.0004, 98.438, 100.000, 0.977, 0.516, 
[450] Train acc: 0.9844
2, 252, 0.0888, 0.0003, 98.438, 100.000, 0.975, 0.563, 
[465] Train acc: 0.9688
2, 252, 0.0860, 0.0004, 96.875, 100.000, 0.972, 0.569, 
[480] Train acc: 0.9688
2, 252, 0.0826, 0.0004, 96.875, 100.000, 0.969, 0.512, 
[495] Train acc: 0.9375
2, 252, 0.1246, 0.0004, 93.750, 100.000, 0.972, 0.594, 
[510] Train acc: 1.0000
2, 252, 0.0169, 0.0004, 100.000, 100.000, 0.974, 0.490, 
[525] Train acc: 0.9688
2, 252, 0.1215, 0.0004, 96.875, 100.000, 0.977, 0.503, 
[540] Train acc: 0.9844
2, 252, 0.0627, 0.0004, 98.438, 100.000, 0.977, 0.453, 
[555] Train acc: 1.0000
2, 252, 0.0338, 0.0004, 100.000, 100.000, 0.977, 0.491, 
[570] Train acc: 0.9531
2, 252, 0.1980, 0.0004, 95.312, 100.000, 0.972, 0.498, 
[585] Train acc: 1.0000
2, 252, 0.0180, 0.0004, 100.000, 100.000, 0.965, 0.488, 
[600] Train acc: 0.9531
2, 252, 0.1889, 0.0004, 95.312, 100.000, 0.966, 0.527, 
[615] Train acc: 0.9531
2, 252, 0.1996, 0.0004, 95.312, 100.000, 0.972, 0.528, 
[630] Train acc: 0.9844
2, 252, 0.0752, 0.0004, 98.438, 100.000, 0.971, 0.529, 
[645] Train acc: 0.9062
2, 252, 0.2343, 0.0003, 90.625, 100.000, 0.980, 0.573, 
[660] Train acc: 0.9844
2, 252, 0.0542, 0.0003, 98.438, 100.000, 0.978, 0.615, 
[675] Train acc: 0.9844
2, 252, 0.0672, 0.0003, 98.438, 100.000, 0.977, 0.662, 
[690] Train acc: 0.9688
2, 252, 0.0481, 0.0003, 96.875, 100.000, 0.975, 0.660, 
[705] Train acc: 0.9844
2, 252, 0.0961, 0.0003, 98.438, 100.000, 0.970, 0.615, 
[720] Train acc: 0.9688
2, 252, 0.0633, 0.0003, 96.875, 100.000, 0.976, 0.623, 
[735] Train acc: 0.9844
2, 252, 0.0988, 0.0004, 98.438, 100.000, 0.959, 0.666, 
[750] Train acc: 0.9844
2, 252, 0.0208, 0.0003, 98.438, 100.000, 0.978, 0.612, 
[765] Train acc: 0.9688
2, 252, 0.0411, 0.0003, 96.875, 100.000, 0.978, 0.636, 
[780] Train acc: 0.9844
2, 252, 0.0408, 0.0003, 98.438, 100.000, 0.975, 0.647, 
[795] Train acc: 0.9688
2, 252, 0.0842, 0.0003, 96.875, 100.000, 0.976, 0.589, 
[810] Train acc: 0.9688
2, 252, 0.0810, 0.0003, 96.875, 100.000, 0.976, 0.621, 
[825] Train acc: 0.9375
2, 252, 0.2803, 0.0003, 93.750, 100.000, 0.979, 0.609, 
[840] Train acc: 1.0000
2, 252, 0.0204, 0.0003, 100.000, 100.000, 0.974, 0.605, 
[855] Train acc: 1.0000
2, 252, 0.0160, 0.0003, 100.000, 100.000, 0.980, 0.616, 
[870] Train acc: 1.0000
2, 252, 0.0261, 0.0003, 100.000, 100.000, 0.978, 0.613, 
[885] Train acc: 0.9844
2, 252, 0.0547, 0.0003, 98.438, 100.000, 0.977, 0.607, 
[900] Train acc: 0.9375
2, 252, 0.1150, 0.0003, 93.750, 100.000, 0.979, 0.569, 
[915] Train acc: 0.9688
2, 252, 0.0495, 0.0003, 96.875, 100.000, 0.981, 0.664, 
[930] Train acc: 0.9688
2, 252, 0.1090, 0.0003, 96.875, 100.000, 0.971, 0.666, 
[0] Train acc: 0.9688
3, 252, 0.1437, 0.0003, 96.875, 100.000, 0.970, 0.561, 
[15] Train acc: 1.0000
3, 252, 0.0285, 0.0003, 100.000, 100.000, 0.981, 0.600, 
[30] Train acc: 0.9844
3, 252, 0.0529, 0.0003, 98.438, 100.000, 0.978, 0.620, 
[45] Train acc: 0.9688
3, 252, 0.0809, 0.0004, 96.875, 100.000, 0.969, 0.546, 
[60] Train acc: 1.0000
3, 252, 0.0216, 0.0003, 100.000, 100.000, 0.981, 0.627, 
[75] Train acc: 0.9688
3, 252, 0.1329, 0.0003, 96.875, 100.000, 0.969, 0.597, 
[90] Train acc: 0.9844
3, 252, 0.0656, 0.0003, 98.438, 100.000, 0.976, 0.626, 
[105] Train acc: 1.0000
3, 252, 0.0243, 0.0003, 100.000, 100.000, 0.981, 0.609, 
[120] Train acc: 1.0000
3, 252, 0.0218, 0.0003, 100.000, 100.000, 0.979, 0.664, 
[135] Train acc: 0.9531
3, 252, 0.0817, 0.0003, 95.312, 100.000, 0.981, 0.639, 
[150] Train acc: 1.0000
3, 252, 0.0099, 0.0003, 100.000, 100.000, 0.975, 0.573, 
[165] Train acc: 0.9844
3, 252, 0.1767, 0.0003, 98.438, 100.000, 0.981, 0.579, 
[180] Train acc: 0.9531
3, 252, 0.1106, 0.0003, 95.312, 100.000, 0.981, 0.634, 
[195] Train acc: 0.9844
3, 252, 0.0700, 0.0003, 98.438, 100.000, 0.976, 0.613, 
[210] Train acc: 0.9531
3, 252, 0.0754, 0.0003, 95.312, 100.000, 0.972, 0.672, 
[225] Train acc: 1.0000
3, 252, 0.0133, 0.0003, 100.000, 100.000, 0.983, 0.660, 
[240] Train acc: 0.9688
3, 252, 0.0620, 0.0003, 96.875, 100.000, 0.980, 0.683, 
[255] Train acc: 0.9844
3, 252, 0.0525, 0.0003, 98.438, 100.000, 0.972, 0.687, 
[270] Train acc: 0.9688
3, 252, 0.0948, 0.0003, 96.875, 100.000, 0.982, 0.674, 
[285] Train acc: 0.9688
3, 252, 0.0618, 0.0003, 96.875, 100.000, 0.984, 0.643, 
[300] Train acc: 0.9844
3, 252, 0.0618, 0.0003, 98.438, 100.000, 0.981, 0.595, 
[315] Train acc: 0.9688
3, 252, 0.1432, 0.0003, 96.875, 100.000, 0.983, 0.608, 
[330] Train acc: 0.9531
3, 252, 0.1283, 0.0003, 95.312, 100.000, 0.978, 0.702, 
[345] Train acc: 1.0000
3, 252, 0.0156, 0.0003, 100.000, 100.000, 0.982, 0.658, 
[360] Train acc: 0.9844
3, 252, 0.0625, 0.0003, 98.438, 100.000, 0.979, 0.690, 
[375] Train acc: 1.0000
3, 252, 0.0429, 0.0003, 100.000, 100.000, 0.977, 0.688, 
[390] Train acc: 0.9375
3, 252, 0.2170, 0.0003, 93.750, 100.000, 0.966, 0.740, 
[405] Train acc: 0.9844
3, 252, 0.0477, 0.0003, 98.438, 100.000, 0.982, 0.724, 
[420] Train acc: 1.0000
3, 252, 0.0266, 0.0003, 100.000, 100.000, 0.982, 0.682, 
[435] Train acc: 0.9844
3, 252, 0.0296, 0.0003, 98.438, 100.000, 0.972, 0.657, 
[450] Train acc: 0.9844
3, 252, 0.0515, 0.0003, 98.438, 100.000, 0.979, 0.663, 
[465] Train acc: 1.0000
3, 252, 0.0425, 0.0003, 100.000, 100.000, 0.982, 0.683, 
[480] Train acc: 0.9844
3, 252, 0.1283, 0.0003, 98.438, 100.000, 0.981, 0.653, 
[495] Train acc: 0.9688
3, 252, 0.0506, 0.0003, 96.875, 100.000, 0.983, 0.672, 
[510] Train acc: 0.9688
3, 252, 0.0836, 0.0003, 96.875, 100.000, 0.982, 0.651, 
[525] Train acc: 0.9531
3, 252, 0.1020, 0.0003, 95.312, 100.000, 0.984, 0.640, 
[540] Train acc: 1.0000
3, 252, 0.0214, 0.0003, 100.000, 100.000, 0.982, 0.664, 
[555] Train acc: 0.9531
3, 252, 0.1520, 0.0003, 95.312, 100.000, 0.985, 0.558, 
[570] Train acc: 0.9844
3, 252, 0.0536, 0.0003, 98.438, 100.000, 0.978, 0.591, 
[585] Train acc: 1.0000
3, 252, 0.0112, 0.0003, 100.000, 100.000, 0.982, 0.702, 
[600] Train acc: 0.9375
3, 252, 0.1640, 0.0003, 93.750, 100.000, 0.980, 0.583, 
[615] Train acc: 0.9531
3, 252, 0.1815, 0.0003, 95.312, 100.000, 0.982, 0.662, 
[630] Train acc: 1.0000
3, 252, 0.0235, 0.0003, 100.000, 100.000, 0.984, 0.658, 
[645] Train acc: 0.9688
3, 252, 0.2124, 0.0003, 96.875, 100.000, 0.983, 0.641, 
[660] Train acc: 1.0000
3, 252, 0.0341, 0.0003, 100.000, 100.000, 0.983, 0.604, 
[675] Train acc: 1.0000
3, 252, 0.0153, 0.0003, 100.000, 100.000, 0.984, 0.634, 
[690] Train acc: 0.9844
3, 252, 0.0284, 0.0003, 98.438, 100.000, 0.985, 0.639, 
[705] Train acc: 1.0000
3, 252, 0.0274, 0.0003, 100.000, 100.000, 0.983, 0.649, 
[720] Train acc: 0.9844
3, 252, 0.0483, 0.0003, 98.438, 100.000, 0.984, 0.626, 
[735] Train acc: 0.9844
3, 252, 0.0342, 0.0003, 98.438, 100.000, 0.982, 0.675, 
[750] Train acc: 0.9844
3, 252, 0.0250, 0.0003, 98.438, 100.000, 0.986, 0.644, 
[765] Train acc: 1.0000
3, 252, 0.0191, 0.0003, 100.000, 100.000, 0.981, 0.644, 
[780] Train acc: 0.9531
3, 252, 0.1058, 0.0003, 95.312, 100.000, 0.984, 0.674, 
[795] Train acc: 0.9688
3, 252, 0.0497, 0.0003, 96.875, 100.000, 0.982, 0.688, 
[810] Train acc: 1.0000
3, 252, 0.0074, 0.0003, 100.000, 100.000, 0.978, 0.724, 
[825] Train acc: 1.0000
3, 252, 0.0133, 0.0002, 100.000, 100.000, 0.984, 0.742, 
[840] Train acc: 0.9531
3, 252, 0.0715, 0.0003, 95.312, 100.000, 0.981, 0.677, 
[855] Train acc: 1.0000
3, 252, 0.0085, 0.0003, 100.000, 100.000, 0.978, 0.613, 
[870] Train acc: 1.0000
3, 252, 0.0084, 0.0003, 100.000, 100.000, 0.981, 0.660, 
[885] Train acc: 1.0000
3, 252, 0.0144, 0.0003, 100.000, 100.000, 0.983, 0.652, 
[900] Train acc: 0.9844
3, 252, 0.0241, 0.0003, 98.438, 100.000, 0.981, 0.650, 
[915] Train acc: 0.9531
3, 252, 0.2423, 0.0003, 95.312, 100.000, 0.983, 0.641, 
[930] Train acc: 0.9844
3, 252, 0.0708, 0.0003, 98.438, 100.000, 0.987, 0.685, 
[0] Train acc: 0.9844
4, 252, 0.0484, 0.0003, 98.438, 100.000, 0.985, 0.674, 
[15] Train acc: 1.0000
4, 252, 0.0244, 0.0003, 100.000, 100.000, 0.983, 0.674, 
[30] Train acc: 0.9844
4, 252, 0.0416, 0.0003, 98.438, 100.000, 0.981, 0.686, 
[45] Train acc: 1.0000
4, 252, 0.0063, 0.0003, 100.000, 100.000, 0.985, 0.673, 
[60] Train acc: 1.0000
4, 252, 0.0215, 0.0003, 100.000, 100.000, 0.984, 0.666, 
[75] Train acc: 1.0000
4, 252, 0.0432, 0.0003, 100.000, 100.000, 0.972, 0.645, 
[90] Train acc: 0.9844
4, 252, 0.0448, 0.0002, 98.438, 100.000, 0.985, 0.742, 
[105] Train acc: 1.0000
4, 252, 0.0111, 0.0002, 100.000, 100.000, 0.984, 0.715, 
[120] Train acc: 0.9844
4, 252, 0.0530, 0.0003, 98.438, 100.000, 0.982, 0.700, 
[135] Train acc: 0.9844
4, 252, 0.0300, 0.0003, 98.438, 100.000, 0.985, 0.709, 
[150] Train acc: 0.9688
4, 252, 0.0593, 0.0002, 96.875, 100.000, 0.985, 0.709, 
[165] Train acc: 1.0000
4, 252, 0.0173, 0.0003, 100.000, 100.000, 0.982, 0.732, 
[180] Train acc: 0.9844
4, 252, 0.1133, 0.0002, 98.438, 100.000, 0.985, 0.711, 
[195] Train acc: 1.0000
4, 252, 0.0079, 0.0003, 100.000, 100.000, 0.983, 0.708, 
[210] Train acc: 0.9531
4, 252, 0.1191, 0.0003, 95.312, 100.000, 0.980, 0.702, 
[225] Train acc: 1.0000
4, 252, 0.0161, 0.0003, 100.000, 100.000, 0.985, 0.666, 
[240] Train acc: 1.0000
4, 252, 0.0187, 0.0003, 100.000, 100.000, 0.982, 0.679, 
[255] Train acc: 0.9844
4, 252, 0.1243, 0.0003, 98.438, 98.438, 0.983, 0.696, 
[270] Train acc: 1.0000
4, 252, 0.0103, 0.0002, 100.000, 100.000, 0.986, 0.719, 
[285] Train acc: 0.9688
4, 252, 0.0890, 0.0002, 96.875, 100.000, 0.986, 0.763, 
[300] Train acc: 1.0000
4, 252, 0.0147, 0.0003, 100.000, 100.000, 0.981, 0.698, 
[315] Train acc: 1.0000
4, 252, 0.0182, 0.0002, 100.000, 100.000, 0.985, 0.704, 
[330] Train acc: 1.0000
4, 252, 0.0325, 0.0003, 100.000, 100.000, 0.985, 0.685, 
[345] Train acc: 0.9531
4, 252, 0.0922, 0.0003, 95.312, 100.000, 0.983, 0.676, 
[360] Train acc: 0.9688
4, 252, 0.0669, 0.0003, 96.875, 100.000, 0.979, 0.659, 
[375] Train acc: 1.0000
4, 252, 0.0089, 0.0003, 100.000, 100.000, 0.987, 0.659, 
[390] Train acc: 1.0000
4, 252, 0.0179, 0.0003, 100.000, 100.000, 0.985, 0.695, 
[405] Train acc: 1.0000
4, 252, 0.0076, 0.0003, 100.000, 100.000, 0.982, 0.680, 
[420] Train acc: 0.9688
4, 252, 0.0540, 0.0003, 96.875, 100.000, 0.982, 0.700, 
[435] Train acc: 0.9688
4, 252, 0.0744, 0.0003, 96.875, 100.000, 0.984, 0.695, 
[450] Train acc: 1.0000
4, 252, 0.0152, 0.0003, 100.000, 100.000, 0.983, 0.701, 
[465] Train acc: 0.9844
4, 252, 0.0753, 0.0002, 98.438, 100.000, 0.985, 0.692, 
[480] Train acc: 0.9688
4, 252, 0.0678, 0.0002, 96.875, 100.000, 0.984, 0.715, 
[495] Train acc: 0.9844
4, 252, 0.0385, 0.0003, 98.438, 100.000, 0.985, 0.710, 
[510] Train acc: 0.9531
4, 252, 0.0576, 0.0003, 95.312, 100.000, 0.987, 0.693, 
[525] Train acc: 1.0000
4, 252, 0.0055, 0.0002, 100.000, 100.000, 0.985, 0.719, 
[540] Train acc: 1.0000
4, 252, 0.0088, 0.0003, 100.000, 100.000, 0.980, 0.696, 
[555] Train acc: 0.9844
4, 252, 0.0672, 0.0002, 98.438, 100.000, 0.984, 0.723, 
[570] Train acc: 1.0000
4, 252, 0.0215, 0.0003, 100.000, 100.000, 0.982, 0.722, 
[585] Train acc: 0.9531
4, 252, 0.1056, 0.0002, 95.312, 100.000, 0.986, 0.693, 
[600] Train acc: 1.0000
4, 252, 0.0105, 0.0002, 100.000, 100.000, 0.987, 0.721, 
[615] Train acc: 0.9844
4, 252, 0.0304, 0.0002, 98.438, 100.000, 0.986, 0.746, 
[630] Train acc: 0.9531
4, 252, 0.1299, 0.0002, 95.312, 100.000, 0.983, 0.752, 
[645] Train acc: 1.0000
4, 252, 0.0146, 0.0002, 100.000, 100.000, 0.985, 0.736, 
[660] Train acc: 1.0000
4, 252, 0.0169, 0.0002, 100.000, 100.000, 0.987, 0.722, 
[675] Train acc: 0.9688
4, 252, 0.0538, 0.0002, 96.875, 100.000, 0.986, 0.714, 
[690] Train acc: 0.9844
4, 252, 0.0774, 0.0002, 98.438, 100.000, 0.983, 0.756, 
[705] Train acc: 1.0000
4, 252, 0.0300, 0.0002, 100.000, 100.000, 0.986, 0.740, 
[720] Train acc: 0.9844
4, 252, 0.0937, 0.0002, 98.438, 100.000, 0.983, 0.744, 
[735] Train acc: 1.0000
4, 252, 0.0191, 0.0002, 100.000, 100.000, 0.980, 0.748, 
[750] Train acc: 1.0000
4, 252, 0.0044, 0.0002, 100.000, 100.000, 0.983, 0.780, 
[765] Train acc: 0.9531
4, 252, 0.0958, 0.0002, 95.312, 100.000, 0.985, 0.729, 
[780] Train acc: 0.9688
4, 252, 0.0661, 0.0002, 96.875, 100.000, 0.985, 0.739, 
[795] Train acc: 0.9531
4, 252, 0.1070, 0.0002, 95.312, 100.000, 0.983, 0.728, 
[810] Train acc: 1.0000
4, 252, 0.0131, 0.0002, 100.000, 100.000, 0.985, 0.738, 
[825] Train acc: 0.9688
4, 252, 0.0316, 0.0002, 96.875, 100.000, 0.985, 0.730, 
[840] Train acc: 1.0000
4, 252, 0.0235, 0.0002, 100.000, 100.000, 0.986, 0.708, 
[855] Train acc: 1.0000
4, 252, 0.0032, 0.0002, 100.000, 100.000, 0.986, 0.714, 
[870] Train acc: 0.9844
4, 252, 0.0457, 0.0003, 98.438, 100.000, 0.983, 0.692, 
[885] Train acc: 1.0000
4, 252, 0.0180, 0.0002, 100.000, 100.000, 0.983, 0.726, 
[900] Train acc: 0.9844
4, 252, 0.0469, 0.0003, 98.438, 100.000, 0.980, 0.696, 
[915] Train acc: 1.0000
4, 252, 0.0054, 0.0002, 100.000, 100.000, 0.987, 0.748, 
[930] Train acc: 0.9688
4, 252, 0.1351, 0.0002, 96.875, 100.000, 0.988, 0.706, 
[0] Train acc: 0.9531
5, 252, 0.1104, 0.0003, 95.312, 100.000, 0.982, 0.724, 
[15] Train acc: 0.9844
5, 252, 0.0755, 0.0002, 98.438, 100.000, 0.987, 0.708, 
[30] Train acc: 1.0000
5, 252, 0.0264, 0.0002, 100.000, 100.000, 0.988, 0.743, 
[45] Train acc: 0.9531
5, 252, 0.0984, 0.0002, 95.312, 100.000, 0.986, 0.724, 
[60] Train acc: 1.0000
5, 252, 0.0236, 0.0002, 100.000, 100.000, 0.983, 0.748, 
[75] Train acc: 0.9844
5, 252, 0.0256, 0.0002, 98.438, 100.000, 0.988, 0.743, 
[90] Train acc: 0.9531
5, 252, 0.1569, 0.0003, 95.312, 100.000, 0.984, 0.728, 
[105] Train acc: 0.9844
5, 252, 0.0473, 0.0002, 98.438, 100.000, 0.987, 0.707, 
[120] Train acc: 1.0000
5, 252, 0.0015, 0.0002, 100.000, 100.000, 0.986, 0.695, 
[135] Train acc: 0.9844
5, 252, 0.0393, 0.0002, 98.438, 100.000, 0.988, 0.702, 
[150] Train acc: 1.0000
5, 252, 0.0231, 0.0002, 100.000, 100.000, 0.988, 0.731, 
[165] Train acc: 0.9844
5, 252, 0.0324, 0.0002, 98.438, 100.000, 0.984, 0.705, 
[180] Train acc: 0.9844
5, 252, 0.0189, 0.0002, 98.438, 100.000, 0.985, 0.755, 
[195] Train acc: 1.0000
5, 252, 0.0243, 0.0002, 100.000, 100.000, 0.986, 0.736, 
[210] Train acc: 0.9688
5, 252, 0.2014, 0.0002, 96.875, 98.438, 0.986, 0.704, 
[225] Train acc: 0.9688
5, 252, 0.0636, 0.0002, 96.875, 100.000, 0.981, 0.742, 
[240] Train acc: 0.9844
5, 252, 0.0409, 0.0002, 98.438, 100.000, 0.988, 0.736, 
[255] Train acc: 0.9844
5, 252, 0.0414, 0.0002, 98.438, 100.000, 0.985, 0.713, 
[270] Train acc: 1.0000
5, 252, 0.0077, 0.0002, 100.000, 100.000, 0.984, 0.750, 
[285] Train acc: 0.9844
5, 252, 0.0314, 0.0002, 98.438, 100.000, 0.986, 0.700, 
[300] Train acc: 0.9688
5, 252, 0.0770, 0.0002, 96.875, 100.000, 0.987, 0.730, 
[315] Train acc: 0.9688
5, 252, 0.0528, 0.0002, 96.875, 100.000, 0.986, 0.721, 
[330] Train acc: 0.9844
5, 252, 0.0357, 0.0002, 98.438, 100.000, 0.986, 0.731, 
[345] Train acc: 1.0000
5, 252, 0.0078, 0.0002, 100.000, 100.000, 0.986, 0.741, 
[360] Train acc: 1.0000
5, 252, 0.0062, 0.0002, 100.000, 100.000, 0.988, 0.743, 
[375] Train acc: 1.0000
5, 252, 0.0182, 0.0002, 100.000, 100.000, 0.985, 0.755, 
[390] Train acc: 0.9844
5, 252, 0.0347, 0.0002, 98.438, 100.000, 0.986, 0.756, 
[405] Train acc: 0.9844
5, 252, 0.0357, 0.0002, 98.438, 100.000, 0.986, 0.764, 
[420] Train acc: 0.9844
5, 252, 0.0288, 0.0002, 98.438, 100.000, 0.987, 0.800, 
[435] Train acc: 1.0000
5, 252, 0.0384, 0.0002, 100.000, 100.000, 0.987, 0.795, 
[450] Train acc: 0.9688
5, 252, 0.0746, 0.0002, 96.875, 100.000, 0.986, 0.788, 
[465] Train acc: 0.9531
5, 252, 0.2299, 0.0003, 95.312, 100.000, 0.985, 0.695, 
[480] Train acc: 1.0000
5, 252, 0.0095, 0.0002, 100.000, 100.000, 0.985, 0.720, 
[495] Train acc: 0.9688
5, 252, 0.0636, 0.0002, 96.875, 100.000, 0.985, 0.714, 
[510] Train acc: 0.9531
5, 252, 0.0753, 0.0002, 95.312, 100.000, 0.987, 0.737, 
[525] Train acc: 0.9688
5, 252, 0.0763, 0.0002, 96.875, 100.000, 0.988, 0.779, 
[540] Train acc: 0.9688
5, 252, 0.1208, 0.0002, 96.875, 100.000, 0.988, 0.781, 
[555] Train acc: 0.9844
5, 252, 0.0301, 0.0002, 98.438, 100.000, 0.990, 0.759, 
[570] Train acc: 1.0000
5, 252, 0.0098, 0.0002, 100.000, 100.000, 0.986, 0.764, 
[585] Train acc: 1.0000
5, 252, 0.0090, 0.0002, 100.000, 100.000, 0.985, 0.754, 
[600] Train acc: 1.0000
5, 252, 0.0170, 0.0002, 100.000, 100.000, 0.985, 0.740, 
[615] Train acc: 0.9844
5, 252, 0.0246, 0.0002, 98.438, 100.000, 0.988, 0.719, 
[630] Train acc: 0.9219
5, 252, 0.1508, 0.0002, 92.188, 100.000, 0.987, 0.751, 
[645] Train acc: 1.0000
5, 252, 0.0039, 0.0002, 100.000, 100.000, 0.987, 0.762, 
[660] Train acc: 1.0000
5, 252, 0.0033, 0.0002, 100.000, 100.000, 0.987, 0.749, 
[675] Train acc: 1.0000
5, 252, 0.0219, 0.0002, 100.000, 100.000, 0.987, 0.736, 
[690] Train acc: 1.0000
5, 252, 0.0031, 0.0002, 100.000, 100.000, 0.986, 0.773, 
[705] Train acc: 1.0000
5, 252, 0.0078, 0.0002, 100.000, 100.000, 0.988, 0.744, 
[720] Train acc: 0.9844
5, 252, 0.0540, 0.0002, 98.438, 100.000, 0.986, 0.756, 
[735] Train acc: 0.9844
5, 252, 0.0684, 0.0002, 98.438, 100.000, 0.987, 0.748, 
[750] Train acc: 1.0000
5, 252, 0.0082, 0.0002, 100.000, 100.000, 0.986, 0.772, 
[765] Train acc: 1.0000
5, 252, 0.0112, 0.0002, 100.000, 100.000, 0.983, 0.751, 
[780] Train acc: 0.9531
5, 252, 0.2455, 0.0002, 95.312, 100.000, 0.988, 0.713, 
[795] Train acc: 0.9688
5, 252, 0.0589, 0.0002, 96.875, 100.000, 0.988, 0.737, 
[810] Train acc: 0.9844
5, 252, 0.0220, 0.0002, 98.438, 100.000, 0.986, 0.750, 
[825] Train acc: 1.0000
5, 252, 0.0090, 0.0002, 100.000, 100.000, 0.983, 0.761, 
[840] Train acc: 0.9844
5, 252, 0.0306, 0.0002, 98.438, 100.000, 0.987, 0.773, 
[855] Train acc: 1.0000
5, 252, 0.0127, 0.0002, 100.000, 100.000, 0.985, 0.777, 
[870] Train acc: 0.9688
5, 252, 0.1107, 0.0002, 96.875, 100.000, 0.980, 0.788, 
[885] Train acc: 1.0000
5, 252, 0.0024, 0.0002, 100.000, 100.000, 0.987, 0.749, 
[900] Train acc: 1.0000
5, 252, 0.0236, 0.0002, 100.000, 100.000, 0.987, 0.739, 
[915] Train acc: 0.9844
5, 252, 0.0203, 0.0002, 98.438, 100.000, 0.987, 0.754, 
[930] Train acc: 0.9844
5, 252, 0.0435, 0.0002, 98.438, 100.000, 0.986, 0.707, 
[0] Train acc: 1.0000
6, 252, 0.0085, 0.0002, 100.000, 100.000, 0.985, 0.753, 
[15] Train acc: 1.0000
6, 252, 0.0074, 0.0002, 100.000, 100.000, 0.990, 0.740, 
[30] Train acc: 0.9844
6, 252, 0.0378, 0.0002, 98.438, 100.000, 0.986, 0.706, 
[45] Train acc: 1.0000
6, 252, 0.0035, 0.0002, 100.000, 100.000, 0.989, 0.709, 
[60] Train acc: 1.0000
6, 252, 0.0291, 0.0002, 100.000, 100.000, 0.987, 0.731, 
[75] Train acc: 1.0000
6, 252, 0.0240, 0.0002, 100.000, 100.000, 0.986, 0.790, 
[90] Train acc: 1.0000
6, 252, 0.0225, 0.0002, 100.000, 100.000, 0.987, 0.776, 
[105] Train acc: 0.9688
6, 252, 0.0429, 0.0002, 96.875, 100.000, 0.987, 0.770, 
[120] Train acc: 0.9844
6, 252, 0.0526, 0.0002, 98.438, 100.000, 0.988, 0.812, 
[135] Train acc: 1.0000
6, 252, 0.0031, 0.0002, 100.000, 100.000, 0.988, 0.786, 
[150] Train acc: 1.0000
6, 252, 0.0227, 0.0002, 100.000, 100.000, 0.986, 0.764, 
[165] Train acc: 1.0000
6, 252, 0.0111, 0.0002, 100.000, 100.000, 0.986, 0.757, 
[180] Train acc: 1.0000
6, 252, 0.0106, 0.0002, 100.000, 100.000, 0.988, 0.786, 
[195] Train acc: 0.9688
6, 252, 0.0541, 0.0002, 96.875, 100.000, 0.988, 0.766, 
[210] Train acc: 0.9844
6, 252, 0.0496, 0.0002, 98.438, 100.000, 0.987, 0.741, 
[225] Train acc: 0.9688
6, 252, 0.0520, 0.0002, 96.875, 100.000, 0.989, 0.751, 
[240] Train acc: 1.0000
6, 252, 0.0066, 0.0002, 100.000, 100.000, 0.986, 0.753, 
[255] Train acc: 0.9844
6, 252, 0.0878, 0.0002, 98.438, 100.000, 0.987, 0.756, 
[270] Train acc: 1.0000
6, 252, 0.0132, 0.0002, 100.000, 100.000, 0.988, 0.767, 
[285] Train acc: 0.9688
6, 252, 0.0930, 0.0002, 96.875, 100.000, 0.988, 0.759, 
[300] Train acc: 0.9844
6, 252, 0.1033, 0.0002, 98.438, 100.000, 0.985, 0.704, 
[315] Train acc: 1.0000
6, 252, 0.0046, 0.0002, 100.000, 100.000, 0.988, 0.749, 
[330] Train acc: 0.9844
6, 252, 0.0216, 0.0002, 98.438, 100.000, 0.988, 0.734, 
[345] Train acc: 0.9688
6, 252, 0.1465, 0.0002, 96.875, 100.000, 0.989, 0.749, 
[360] Train acc: 0.9844
6, 252, 0.0298, 0.0002, 98.438, 100.000, 0.990, 0.734, 
[375] Train acc: 0.9844
6, 252, 0.0448, 0.0003, 98.438, 100.000, 0.984, 0.695, 
[390] Train acc: 0.9844
6, 252, 0.0541, 0.0002, 98.438, 100.000, 0.987, 0.741, 
[405] Train acc: 1.0000
6, 252, 0.0164, 0.0002, 100.000, 100.000, 0.984, 0.748, 
[420] Train acc: 1.0000
6, 252, 0.0045, 0.0002, 100.000, 100.000, 0.985, 0.777, 
[435] Train acc: 1.0000
6, 252, 0.0035, 0.0002, 100.000, 100.000, 0.988, 0.787, 
[450] Train acc: 1.0000
6, 252, 0.0090, 0.0002, 100.000, 100.000, 0.986, 0.755, 
[465] Train acc: 0.9844
6, 252, 0.0272, 0.0002, 98.438, 100.000, 0.989, 0.725, 
[480] Train acc: 1.0000
6, 252, 0.0067, 0.0002, 100.000, 100.000, 0.988, 0.715, 
[495] Train acc: 1.0000
6, 252, 0.0115, 0.0002, 100.000, 100.000, 0.987, 0.739, 
[510] Train acc: 0.9688
6, 252, 0.1064, 0.0002, 96.875, 100.000, 0.986, 0.754, 
[525] Train acc: 0.9688
6, 252, 0.0514, 0.0002, 96.875, 100.000, 0.991, 0.769, 
[540] Train acc: 0.9844
6, 252, 0.0582, 0.0002, 98.438, 100.000, 0.986, 0.727, 
[555] Train acc: 1.0000
6, 252, 0.0139, 0.0002, 100.000, 100.000, 0.989, 0.779, 
[570] Train acc: 0.9688
6, 252, 0.0436, 0.0002, 96.875, 100.000, 0.989, 0.758, 
[585] Train acc: 0.9844
6, 252, 0.0471, 0.0002, 98.438, 100.000, 0.988, 0.746, 
[600] Train acc: 1.0000
6, 252, 0.0010, 0.0002, 100.000, 100.000, 0.986, 0.750, 
[615] Train acc: 1.0000
6, 252, 0.0274, 0.0002, 100.000, 100.000, 0.989, 0.820, 
[630] Train acc: 0.9844
6, 252, 0.0533, 0.0002, 98.438, 100.000, 0.981, 0.773, 
[645] Train acc: 1.0000
6, 252, 0.0045, 0.0002, 100.000, 100.000, 0.989, 0.807, 
[660] Train acc: 1.0000
6, 252, 0.0103, 0.0002, 100.000, 100.000, 0.988, 0.785, 
[675] Train acc: 1.0000
6, 252, 0.0031, 0.0002, 100.000, 100.000, 0.990, 0.777, 
[690] Train acc: 1.0000
6, 252, 0.0067, 0.0002, 100.000, 100.000, 0.988, 0.784, 
[705] Train acc: 1.0000
6, 252, 0.0077, 0.0002, 100.000, 100.000, 0.986, 0.769, 
[720] Train acc: 0.9844
6, 252, 0.0290, 0.0002, 98.438, 100.000, 0.985, 0.767, 
[735] Train acc: 0.9844
6, 252, 0.0469, 0.0002, 98.438, 100.000, 0.988, 0.783, 
[750] Train acc: 0.9844
6, 252, 0.0277, 0.0002, 98.438, 100.000, 0.990, 0.743, 
[765] Train acc: 1.0000
6, 252, 0.0017, 0.0002, 100.000, 100.000, 0.989, 0.748, 
[780] Train acc: 1.0000
6, 252, 0.0126, 0.0002, 100.000, 100.000, 0.987, 0.769, 
[795] Train acc: 0.9844
6, 252, 0.0272, 0.0002, 98.438, 100.000, 0.988, 0.771, 
[810] Train acc: 1.0000
6, 252, 0.0162, 0.0002, 100.000, 100.000, 0.988, 0.818, 
[825] Train acc: 0.9688
6, 252, 0.0488, 0.0002, 96.875, 100.000, 0.988, 0.749, 
[840] Train acc: 0.9844
6, 252, 0.0506, 0.0002, 98.438, 100.000, 0.987, 0.754, 
[855] Train acc: 1.0000
6, 252, 0.0059, 0.0002, 100.000, 100.000, 0.987, 0.769, 
[870] Train acc: 1.0000
6, 252, 0.0069, 0.0002, 100.000, 100.000, 0.987, 0.793, 
[885] Train acc: 0.9688
6, 252, 0.0715, 0.0002, 96.875, 100.000, 0.987, 0.763, 
[900] Train acc: 1.0000
6, 252, 0.0087, 0.0002, 100.000, 100.000, 0.989, 0.767, 
[915] Train acc: 1.0000
6, 252, 0.0105, 0.0002, 100.000, 100.000, 0.988, 0.762, 
[930] Train acc: 1.0000
6, 252, 0.0081, 0.0002, 100.000, 100.000, 0.987, 0.761, 
[0] Train acc: 1.0000, Constr acc: 0.7812, CE loss: 0.005, DL2 loss: 11.829
7, 252, 0.0049, 0.0175, 100.000, 100.000, 0.114, 0.945, 
[15] Train acc: 0.5938, Constr acc: 0.7500, CE loss: 3.465, DL2 loss: 12.878
7, 251, 3.4646, 0.0042, 59.375, 84.375, 0.119, 1.000, 
[30] Train acc: 0.5781, Constr acc: 0.8125, CE loss: 1.894, DL2 loss: 6.437
7, 250, 1.8941, 0.0011, 57.812, 96.875, 0.626, 0.627, 
[45] Train acc: 0.6406, Constr acc: 0.7500, CE loss: 2.100, DL2 loss: 13.098
7, 249, 2.0999, 0.0013, 64.062, 92.188, 0.633, 0.736, 
[60] Train acc: 0.3594, Constr acc: 0.7812, CE loss: 7.097, DL2 loss: 13.853
7, 248, 7.0972, 0.0014, 35.938, 84.375, 0.546, 0.566, 
[75] Train acc: 0.6094, Constr acc: 0.8125, CE loss: 3.210, DL2 loss: 10.395
7, 247, 3.2101, 0.0014, 60.938, 95.312, 0.537, 0.849, 
[90] Train acc: 0.5469, Constr acc: 0.8750, CE loss: 3.338, DL2 loss: 4.026
7, 246, 3.3381, 0.0011, 54.688, 92.188, 0.698, 0.687, 
[105] Train acc: 0.6406, Constr acc: 0.7812, CE loss: 1.753, DL2 loss: 7.589
7, 245, 1.7528, 0.0011, 64.062, 96.875, 0.619, 0.716, 
[120] Train acc: 0.5781, Constr acc: 0.8750, CE loss: 1.824, DL2 loss: 3.601
7, 244, 1.8235, 0.0011, 57.812, 96.875, 0.649, 0.654, 
[135] Train acc: 0.7656, Constr acc: 0.8438, CE loss: 1.286, DL2 loss: 4.773
7, 243, 1.2862, 0.0008, 76.562, 95.312, 0.781, 0.527, 
[150] Train acc: 0.4688, Constr acc: 0.5625, CE loss: 3.300, DL2 loss: 20.556
7, 242, 3.3002, 0.0014, 46.875, 93.750, 0.612, 0.680, 
[165] Train acc: 0.7031, Constr acc: 0.9062, CE loss: 1.254, DL2 loss: 3.313
7, 241, 1.2544, 0.0011, 70.312, 98.438, 0.693, 0.692, 
[180] Train acc: 0.7812, Constr acc: 0.8438, CE loss: 2.588, DL2 loss: 7.217
7, 240, 2.5878, 0.0011, 78.125, 95.312, 0.745, 0.614, 
[195] Train acc: 0.5781, Constr acc: 0.7500, CE loss: 1.980, DL2 loss: 15.322
7, 239, 1.9799, 0.0011, 57.812, 98.438, 0.645, 0.694, 
[210] Train acc: 0.7188, Constr acc: 0.7188, CE loss: 1.280, DL2 loss: 12.922
7, 238, 1.2801, 0.0009, 71.875, 100.000, 0.737, 0.699, 
[225] Train acc: 0.7656, Constr acc: 0.7812, CE loss: 1.743, DL2 loss: 10.079
7, 237, 1.7433, 0.0008, 76.562, 93.750, 0.823, 0.573, 
[240] Train acc: 0.7188, Constr acc: 0.8750, CE loss: 1.760, DL2 loss: 5.802
7, 236, 1.7597, 0.0011, 71.875, 93.750, 0.648, 0.719, 
[255] Train acc: 0.7812, Constr acc: 0.8750, CE loss: 1.451, DL2 loss: 4.673
7, 235, 1.4511, 0.0007, 78.125, 98.438, 0.798, 0.615, 
[270] Train acc: 0.7500, Constr acc: 0.8438, CE loss: 0.818, DL2 loss: 7.992
7, 234, 0.8183, 0.0008, 75.000, 100.000, 0.787, 0.776, 
[285] Train acc: 0.7656, Constr acc: 0.7500, CE loss: 0.920, DL2 loss: 10.184
7, 233, 0.9195, 0.0009, 76.562, 95.312, 0.756, 0.582, 
[300] Train acc: 0.8125, Constr acc: 0.8125, CE loss: 1.286, DL2 loss: 6.278
7, 232, 1.2858, 0.0009, 81.250, 98.438, 0.712, 0.662, 
[315] Train acc: 0.7500, Constr acc: 0.7812, CE loss: 0.881, DL2 loss: 7.756
7, 231, 0.8808, 0.0008, 75.000, 96.875, 0.780, 0.690, 
[330] Train acc: 0.7656, Constr acc: 0.7500, CE loss: 1.417, DL2 loss: 5.517
7, 230, 1.4170, 0.0009, 76.562, 93.750, 0.762, 0.589, 
[345] Train acc: 0.5156, Constr acc: 0.9062, CE loss: 3.351, DL2 loss: 4.258
7, 229, 3.3505, 0.0014, 51.562, 92.188, 0.511, 0.811, 
[360] Train acc: 0.6719, Constr acc: 0.9375, CE loss: 1.744, DL2 loss: 3.682
7, 228, 1.7439, 0.0011, 67.188, 92.188, 0.658, 0.648, 
[375] Train acc: 0.6250, Constr acc: 0.9062, CE loss: 1.793, DL2 loss: 5.495
7, 227, 1.7932, 0.0010, 62.500, 100.000, 0.731, 0.616, 
[390] Train acc: 0.7031, Constr acc: 0.7812, CE loss: 1.920, DL2 loss: 8.696
7, 226, 1.9196, 0.0007, 70.312, 98.438, 0.781, 0.790, 
[405] Train acc: 0.8281, Constr acc: 0.8125, CE loss: 0.688, DL2 loss: 7.875
7, 225, 0.6876, 0.0010, 82.812, 96.875, 0.742, 0.513, 
[420] Train acc: 0.5625, Constr acc: 0.8750, CE loss: 2.412, DL2 loss: 5.013
7, 224, 2.4125, 0.0009, 56.250, 98.438, 0.765, 0.650, 
[435] Train acc: 0.8125, Constr acc: 0.9375, CE loss: 0.708, DL2 loss: 1.593
7, 223, 0.7079, 0.0009, 81.250, 100.000, 0.763, 0.507, 
[450] Train acc: 0.8594, Constr acc: 0.7812, CE loss: 0.431, DL2 loss: 8.553
7, 222, 0.4310, 0.0008, 85.938, 98.438, 0.831, 0.523, 
[465] Train acc: 0.9219, Constr acc: 0.8438, CE loss: 0.344, DL2 loss: 9.264
7, 221, 0.3436, 0.0007, 92.188, 98.438, 0.844, 0.505, 
[480] Train acc: 0.7969, Constr acc: 0.8750, CE loss: 0.924, DL2 loss: 7.867
7, 220, 0.9242, 0.0007, 79.688, 100.000, 0.841, 0.494, 
[495] Train acc: 0.8438, Constr acc: 0.9688, CE loss: 0.708, DL2 loss: 1.556
7, 219, 0.7076, 0.0007, 84.375, 100.000, 0.823, 0.620, 
[510] Train acc: 0.7812, Constr acc: 0.7812, CE loss: 0.841, DL2 loss: 8.734
7, 218, 0.8407, 0.0012, 78.125, 98.438, 0.660, 0.745, 
[525] Train acc: 0.7969, Constr acc: 0.8438, CE loss: 1.196, DL2 loss: 8.470
7, 217, 1.1959, 0.0009, 79.688, 98.438, 0.769, 0.668, 
[540] Train acc: 0.7031, Constr acc: 0.8438, CE loss: 1.845, DL2 loss: 7.293
7, 216, 1.8446, 0.0008, 70.312, 93.750, 0.819, 0.611, 
[555] Train acc: 0.8281, Constr acc: 0.8125, CE loss: 0.982, DL2 loss: 5.921
7, 215, 0.9824, 0.0010, 82.812, 96.875, 0.711, 0.694, 
[570] Train acc: 0.7969, Constr acc: 0.9375, CE loss: 1.278, DL2 loss: 2.952
7, 214, 1.2780, 0.0009, 79.688, 98.438, 0.734, 0.559, 
[585] Train acc: 0.8750, Constr acc: 0.9375, CE loss: 0.542, DL2 loss: 2.452
7, 213, 0.5419, 0.0007, 87.500, 98.438, 0.850, 0.506, 
[600] Train acc: 0.8906, Constr acc: 0.8125, CE loss: 0.166, DL2 loss: 8.829
7, 212, 0.1665, 0.0007, 89.062, 100.000, 0.839, 0.585, 
[615] Train acc: 0.8281, Constr acc: 0.8125, CE loss: 0.975, DL2 loss: 7.712
7, 211, 0.9751, 0.0009, 82.812, 100.000, 0.742, 0.643, 
[630] Train acc: 0.8594, Constr acc: 0.8750, CE loss: 1.182, DL2 loss: 7.926
7, 210, 1.1822, 0.0010, 85.938, 95.312, 0.823, 0.222, 
[645] Train acc: 0.8438, Constr acc: 0.7500, CE loss: 0.888, DL2 loss: 11.628
7, 209, 0.8880, 0.0014, 84.375, 100.000, 0.528, 0.645, 
[660] Train acc: 0.6562, Constr acc: 0.9062, CE loss: 2.238, DL2 loss: 7.391
7, 208, 2.2385, 0.0014, 65.625, 95.312, 0.572, 0.768, 
[675] Train acc: 0.9062, Constr acc: 0.6875, CE loss: 0.250, DL2 loss: 14.115
7, 207, 0.2498, 0.0010, 90.625, 98.438, 0.812, 0.408, 
[690] Train acc: 0.9219, Constr acc: 0.8125, CE loss: 0.331, DL2 loss: 9.639
7, 206, 0.3313, 0.0009, 92.188, 98.438, 0.843, 0.141, 
[705] Train acc: 0.9062, Constr acc: 0.8750, CE loss: 0.258, DL2 loss: 6.223
7, 205, 0.2577, 0.0010, 90.625, 100.000, 0.857, 0.373, 
[720] Train acc: 0.9062, Constr acc: 0.9688, CE loss: 0.426, DL2 loss: 1.515
7, 204, 0.4264, 0.0009, 90.625, 98.438, 0.867, 0.139, 
[735] Train acc: 0.8438, Constr acc: 0.9062, CE loss: 0.602, DL2 loss: 5.530
7, 203, 0.6018, 0.0009, 84.375, 98.438, 0.846, 0.275, 
[750] Train acc: 0.9062, Constr acc: 0.9062, CE loss: 0.340, DL2 loss: 4.486
7, 202, 0.3402, 0.0009, 90.625, 100.000, 0.845, 0.168, 
[765] Train acc: 0.8906, Constr acc: 0.9375, CE loss: 0.306, DL2 loss: 1.991
7, 201, 0.3064, 0.0007, 89.062, 100.000, 0.818, 0.716, 
[780] Train acc: 0.8594, Constr acc: 0.9688, CE loss: 1.057, DL2 loss: 1.797
7, 200, 1.0567, 0.0008, 85.938, 98.438, 0.839, 0.533, 
[795] Train acc: 0.7344, Constr acc: 0.8438, CE loss: 1.707, DL2 loss: 5.867
7, 199, 1.7066, 0.0010, 73.438, 96.875, 0.729, 0.378, 
[810] Train acc: 0.8438, Constr acc: 0.8750, CE loss: 0.909, DL2 loss: 5.469
7, 198, 0.9088, 0.0011, 84.375, 96.875, 0.724, 0.328, 
[825] Train acc: 0.8125, Constr acc: 0.8438, CE loss: 0.854, DL2 loss: 6.597
7, 197, 0.8537, 0.0009, 81.250, 96.875, 0.853, 0.174, 
[840] Train acc: 0.8750, Constr acc: 0.9375, CE loss: 0.502, DL2 loss: 3.369
7, 196, 0.5022, 0.0008, 87.500, 98.438, 0.858, 0.395, 
[855] Train acc: 0.8750, Constr acc: 0.8438, CE loss: 0.582, DL2 loss: 10.698
7, 195, 0.5818, 0.0009, 87.500, 100.000, 0.858, 0.311, 
[870] Train acc: 0.7344, Constr acc: 0.8438, CE loss: 1.770, DL2 loss: 3.242
7, 194, 1.7698, 0.0008, 73.438, 98.438, 0.825, 0.583, 
[885] Train acc: 0.8438, Constr acc: 0.7812, CE loss: 1.026, DL2 loss: 14.146
7, 193, 1.0259, 0.0008, 84.375, 96.875, 0.863, 0.360, 
[900] Train acc: 0.7344, Constr acc: 0.6875, CE loss: 1.351, DL2 loss: 10.895
7, 192, 1.3509, 0.0011, 73.438, 100.000, 0.760, 0.350, 
[915] Train acc: 0.8594, Constr acc: 0.8438, CE loss: 0.521, DL2 loss: 8.121
7, 191, 0.5206, 0.0009, 85.938, 96.875, 0.841, 0.303, 
[930] Train acc: 0.7969, Constr acc: 0.8125, CE loss: 1.559, DL2 loss: 10.447
7, 190, 1.5591, 0.0010, 79.688, 96.875, 0.782, 0.520, 
[0] Train acc: 0.8594, Constr acc: 0.8750, CE loss: 1.058, DL2 loss: 7.336
8, 190, 1.0585, 0.0009, 85.938, 100.000, 0.800, 0.656, 
[15] Train acc: 0.8750, Constr acc: 0.9688, CE loss: 0.543, DL2 loss: 2.743
8, 189, 0.5432, 0.0012, 87.500, 96.875, 0.726, 0.728, 
[30] Train acc: 0.7969, Constr acc: 0.7812, CE loss: 1.386, DL2 loss: 8.862
8, 188, 1.3858, 0.0012, 79.688, 90.625, 0.744, 0.342, 
[45] Train acc: 0.7500, Constr acc: 0.7500, CE loss: 1.213, DL2 loss: 9.913
8, 187, 1.2126, 0.0009, 75.000, 98.438, 0.747, 0.683, 
[60] Train acc: 0.8281, Constr acc: 0.7812, CE loss: 1.095, DL2 loss: 7.509
8, 186, 1.0947, 0.0010, 82.812, 96.875, 0.728, 0.472, 
[75] Train acc: 0.8281, Constr acc: 0.7812, CE loss: 1.000, DL2 loss: 13.123
8, 185, 0.9999, 0.0010, 82.812, 93.750, 0.815, 0.343, 
[90] Train acc: 0.8750, Constr acc: 0.8438, CE loss: 0.577, DL2 loss: 9.597
8, 184, 0.5775, 0.0009, 87.500, 100.000, 0.847, 0.290, 
[105] Train acc: 0.8281, Constr acc: 0.9688, CE loss: 0.865, DL2 loss: 2.130
8, 183, 0.8649, 0.0010, 82.812, 100.000, 0.832, 0.667, 
[120] Train acc: 0.9219, Constr acc: 1.0000, CE loss: 0.422, DL2 loss: 0.000
8, 182, 0.4221, 0.0009, 92.188, 100.000, 0.823, 0.306, 
[135] Train acc: 0.8750, Constr acc: 0.9062, CE loss: 0.637, DL2 loss: 4.510
8, 181, 0.6369, 0.0009, 87.500, 96.875, 0.790, 0.328, 
[150] Train acc: 0.9219, Constr acc: 0.8438, CE loss: 0.213, DL2 loss: 7.530
8, 180, 0.2134, 0.0007, 92.188, 100.000, 0.856, 0.398, 
[165] Train acc: 0.8906, Constr acc: 0.8125, CE loss: 0.537, DL2 loss: 8.542
8, 179, 0.5373, 0.0008, 89.062, 100.000, 0.843, 0.364, 
[180] Train acc: 0.8281, Constr acc: 0.9688, CE loss: 0.501, DL2 loss: 0.731
8, 178, 0.5011, 0.0008, 82.812, 100.000, 0.836, 0.544, 
[195] Train acc: 0.9844, Constr acc: 0.9062, CE loss: 0.147, DL2 loss: 4.940
8, 177, 0.1472, 0.0009, 98.438, 100.000, 0.843, 0.301, 
[210] Train acc: 0.8438, Constr acc: 0.7500, CE loss: 0.563, DL2 loss: 11.179
8, 176, 0.5629, 0.0011, 84.375, 98.438, 0.756, 0.323, 
[225] Train acc: 0.9062, Constr acc: 0.9688, CE loss: 0.398, DL2 loss: 0.854
8, 175, 0.3976, 0.0010, 90.625, 100.000, 0.814, 0.372, 
[240] Train acc: 0.8438, Constr acc: 0.8438, CE loss: 1.001, DL2 loss: 6.676
8, 174, 1.0010, 0.0010, 84.375, 93.750, 0.824, 0.415, 
[255] Train acc: 0.8750, Constr acc: 0.8750, CE loss: 0.588, DL2 loss: 8.485
8, 173, 0.5878, 0.0009, 87.500, 95.312, 0.817, 0.321, 
[270] Train acc: 0.7500, Constr acc: 0.9062, CE loss: 1.644, DL2 loss: 3.630
8, 172, 1.6440, 0.0015, 75.000, 98.438, 0.579, 0.693, 
[285] Train acc: 0.8438, Constr acc: 0.9375, CE loss: 0.820, DL2 loss: 2.459
8, 171, 0.8199, 0.0010, 84.375, 96.875, 0.801, 0.456, 
[300] Train acc: 0.7812, Constr acc: 0.9375, CE loss: 0.944, DL2 loss: 1.608
8, 170, 0.9441, 0.0014, 78.125, 96.875, 0.630, 0.608, 
[315] Train acc: 0.6719, Constr acc: 0.9062, CE loss: 1.504, DL2 loss: 3.539
8, 169, 1.5036, 0.0013, 67.188, 96.875, 0.684, 0.490, 
[330] Train acc: 0.8594, Constr acc: 0.9688, CE loss: 0.899, DL2 loss: 0.863
8, 168, 0.8987, 0.0009, 85.938, 100.000, 0.799, 0.392, 
[345] Train acc: 0.7656, Constr acc: 0.8750, CE loss: 1.772, DL2 loss: 5.871
8, 167, 1.7715, 0.0008, 76.562, 96.875, 0.807, 0.526, 
[360] Train acc: 0.7812, Constr acc: 0.7500, CE loss: 1.456, DL2 loss: 12.639
8, 166, 1.4562, 0.0009, 78.125, 96.875, 0.764, 0.371, 
[375] Train acc: 0.8750, Constr acc: 0.9062, CE loss: 0.955, DL2 loss: 1.016
8, 165, 0.9549, 0.0008, 87.500, 98.438, 0.824, 0.695, 
[390] Train acc: 0.8281, Constr acc: 0.9062, CE loss: 1.090, DL2 loss: 3.917
8, 164, 1.0897, 0.0010, 82.812, 93.750, 0.762, 0.435, 
[405] Train acc: 0.8281, Constr acc: 0.8750, CE loss: 1.644, DL2 loss: 4.167
8, 163, 1.6443, 0.0008, 82.812, 100.000, 0.853, 0.390, 
[420] Train acc: 0.8594, Constr acc: 0.8438, CE loss: 0.793, DL2 loss: 5.545
8, 162, 0.7929, 0.0007, 85.938, 98.438, 0.873, 0.558, 
[435] Train acc: 0.7969, Constr acc: 0.8750, CE loss: 1.027, DL2 loss: 4.366
8, 161, 1.0270, 0.0008, 79.688, 98.438, 0.824, 0.623, 
[450] Train acc: 0.6406, Constr acc: 0.7188, CE loss: 2.503, DL2 loss: 14.073
8, 160, 2.5029, 0.0015, 64.062, 85.938, 0.550, 0.793, 
[465] Train acc: 0.7031, Constr acc: 0.8750, CE loss: 2.063, DL2 loss: 3.298
8, 159, 2.0633, 0.0012, 70.312, 92.188, 0.662, 0.586, 
[480] Train acc: 0.8125, Constr acc: 0.8438, CE loss: 0.888, DL2 loss: 7.814
8, 158, 0.8876, 0.0013, 81.250, 98.438, 0.647, 0.386, 
[495] Train acc: 0.7656, Constr acc: 0.8750, CE loss: 1.360, DL2 loss: 6.409
8, 157, 1.3605, 0.0012, 76.562, 95.312, 0.737, 0.422, 
[510] Train acc: 0.8594, Constr acc: 0.9688, CE loss: 0.560, DL2 loss: 1.552
8, 156, 0.5603, 0.0012, 85.938, 100.000, 0.797, 0.450, 
[525] Train acc: 0.8906, Constr acc: 0.9062, CE loss: 0.622, DL2 loss: 4.016
8, 155, 0.6217, 0.0008, 89.062, 96.875, 0.843, 0.486, 
[540] Train acc: 0.7969, Constr acc: 0.8438, CE loss: 2.400, DL2 loss: 8.483
8, 154, 2.3998, 0.0010, 79.688, 95.312, 0.796, 0.601, 
[555] Train acc: 0.8438, Constr acc: 0.9375, CE loss: 0.805, DL2 loss: 1.766
8, 153, 0.8055, 0.0013, 84.375, 98.438, 0.758, 0.186, 
[570] Train acc: 0.8594, Constr acc: 0.8750, CE loss: 0.805, DL2 loss: 4.609
8, 152, 0.8054, 0.0011, 85.938, 98.438, 0.762, 0.471, 
[585] Train acc: 0.9375, Constr acc: 0.8750, CE loss: 0.187, DL2 loss: 5.876
8, 151, 0.1874, 0.0011, 93.750, 100.000, 0.829, 0.172, 
[600] Train acc: 0.8125, Constr acc: 0.8438, CE loss: 0.700, DL2 loss: 6.414
8, 150, 0.7004, 0.0010, 81.250, 100.000, 0.823, 0.197, 
[615] Train acc: 0.8281, Constr acc: 0.9375, CE loss: 0.646, DL2 loss: 2.556
8, 149, 0.6463, 0.0008, 82.812, 98.438, 0.870, 0.209, 
[630] Train acc: 0.8906, Constr acc: 0.9062, CE loss: 0.562, DL2 loss: 4.177
8, 148, 0.5616, 0.0010, 89.062, 100.000, 0.842, 0.250, 
[645] Train acc: 0.9219, Constr acc: 0.8438, CE loss: 0.497, DL2 loss: 6.244
8, 147, 0.4968, 0.0009, 92.188, 96.875, 0.878, 0.157, 
[660] Train acc: 0.8125, Constr acc: 0.8438, CE loss: 1.900, DL2 loss: 10.390
8, 146, 1.8996, 0.0011, 81.250, 96.875, 0.709, 0.509, 
[675] Train acc: 0.8750, Constr acc: 0.9375, CE loss: 0.451, DL2 loss: 2.964
8, 145, 0.4515, 0.0008, 87.500, 98.438, 0.869, 0.380, 
[690] Train acc: 0.8125, Constr acc: 0.7812, CE loss: 1.220, DL2 loss: 11.573
8, 144, 1.2200, 0.0009, 81.250, 96.875, 0.797, 0.286, 
[705] Train acc: 0.8125, Constr acc: 0.8750, CE loss: 0.714, DL2 loss: 5.495
8, 143, 0.7142, 0.0012, 81.250, 98.438, 0.674, 0.522, 
[720] Train acc: 0.8438, Constr acc: 0.8438, CE loss: 1.105, DL2 loss: 8.029
8, 142, 1.1051, 0.0011, 84.375, 96.875, 0.722, 0.443, 
[735] Train acc: 0.8750, Constr acc: 0.8750, CE loss: 0.497, DL2 loss: 5.332
8, 141, 0.4973, 0.0012, 87.500, 98.438, 0.748, 0.367, 
[750] Train acc: 0.8281, Constr acc: 0.9062, CE loss: 1.017, DL2 loss: 3.553
8, 140, 1.0173, 0.0010, 82.812, 98.438, 0.766, 0.440, 
[765] Train acc: 0.8438, Constr acc: 0.7500, CE loss: 0.673, DL2 loss: 10.454
8, 139, 0.6729, 0.0011, 84.375, 96.875, 0.786, 0.383, 
[780] Train acc: 0.8281, Constr acc: 0.9375, CE loss: 0.847, DL2 loss: 3.070
8, 138, 0.8467, 0.0010, 82.812, 98.438, 0.814, 0.156, 
[795] Train acc: 0.8125, Constr acc: 0.8438, CE loss: 0.609, DL2 loss: 9.475
8, 137, 0.6087, 0.0011, 81.250, 100.000, 0.770, 0.307, 
[810] Train acc: 0.8125, Constr acc: 0.9688, CE loss: 1.084, DL2 loss: 0.601
8, 136, 1.0843, 0.0010, 81.250, 96.875, 0.783, 0.269, 
[825] Train acc: 0.8594, Constr acc: 0.8750, CE loss: 0.799, DL2 loss: 4.944
8, 135, 0.7989, 0.0011, 85.938, 100.000, 0.814, 0.398, 
[840] Train acc: 0.8594, Constr acc: 0.8438, CE loss: 0.593, DL2 loss: 7.959
8, 134, 0.5931, 0.0010, 85.938, 100.000, 0.781, 0.411, 
[855] Train acc: 0.8594, Constr acc: 0.7812, CE loss: 0.853, DL2 loss: 10.466
8, 133, 0.8535, 0.0010, 85.938, 95.312, 0.738, 0.566, 
[870] Train acc: 0.7656, Constr acc: 0.8750, CE loss: 1.290, DL2 loss: 5.000
8, 132, 1.2899, 0.0010, 76.562, 96.875, 0.786, 0.375, 
[885] Train acc: 0.9062, Constr acc: 0.8125, CE loss: 0.248, DL2 loss: 6.646
8, 131, 0.2478, 0.0011, 90.625, 100.000, 0.749, 0.259, 
[900] Train acc: 0.8906, Constr acc: 0.8750, CE loss: 0.293, DL2 loss: 2.947
8, 130, 0.2926, 0.0010, 89.062, 98.438, 0.818, 0.235, 
[915] Train acc: 0.8750, Constr acc: 0.7812, CE loss: 0.503, DL2 loss: 12.479
8, 129, 0.5031, 0.0011, 87.500, 100.000, 0.793, 0.425, 
[930] Train acc: 0.7812, Constr acc: 0.9062, CE loss: 1.099, DL2 loss: 4.894
8, 128, 1.0990, 0.0011, 78.125, 98.438, 0.772, 0.215, 
[0] Train acc: 0.8594, Constr acc: 0.7812, CE loss: 0.785, DL2 loss: 11.935
9, 127, 0.7854, 0.0010, 85.938, 96.875, 0.782, 0.312, 
[15] Train acc: 0.7969, Constr acc: 0.7188, CE loss: 1.878, DL2 loss: 21.593
9, 126, 1.8782, 0.0012, 79.688, 95.312, 0.785, 0.170, 
[30] Train acc: 0.8750, Constr acc: 0.8125, CE loss: 0.609, DL2 loss: 11.311
9, 125, 0.6086, 0.0013, 87.500, 98.438, 0.643, 0.576, 
[45] Train acc: 0.7344, Constr acc: 0.8438, CE loss: 1.160, DL2 loss: 6.831
9, 124, 1.1597, 0.0014, 73.438, 98.438, 0.724, 0.240, 
[60] Train acc: 0.8125, Constr acc: 0.7500, CE loss: 1.292, DL2 loss: 11.499
9, 123, 1.2921, 0.0012, 81.250, 96.875, 0.708, 0.356, 
[75] Train acc: 0.9219, Constr acc: 0.8750, CE loss: 0.301, DL2 loss: 3.175
9, 122, 0.3014, 0.0011, 92.188, 100.000, 0.774, 0.270, 
[90] Train acc: 0.8594, Constr acc: 0.7500, CE loss: 0.527, DL2 loss: 12.444
9, 121, 0.5268, 0.0011, 85.938, 98.438, 0.729, 0.393, 
[105] Train acc: 0.8594, Constr acc: 0.8750, CE loss: 0.767, DL2 loss: 6.268
9, 120, 0.7665, 0.0012, 85.938, 96.875, 0.746, 0.275, 
[120] Train acc: 0.7500, Constr acc: 0.9375, CE loss: 0.968, DL2 loss: 3.614
9, 119, 0.9677, 0.0012, 75.000, 98.438, 0.738, 0.267, 
[135] Train acc: 0.8750, Constr acc: 0.8750, CE loss: 0.429, DL2 loss: 7.125
9, 118, 0.4291, 0.0012, 87.500, 98.438, 0.731, 0.474, 
[150] Train acc: 0.7656, Constr acc: 0.9062, CE loss: 2.632, DL2 loss: 3.356
9, 117, 2.6319, 0.0013, 76.562, 100.000, 0.582, 0.601, 
[165] Train acc: 0.4688, Constr acc: 0.6562, CE loss: 7.111, DL2 loss: 21.669
9, 116, 7.1111, 0.0013, 46.875, 85.938, 0.628, 0.658, 
[180] Train acc: 0.8750, Constr acc: 0.9062, CE loss: 0.468, DL2 loss: 2.349
9, 115, 0.4676, 0.0009, 87.500, 100.000, 0.836, 0.469, 
[195] Train acc: 0.8281, Constr acc: 0.8750, CE loss: 0.784, DL2 loss: 6.564
9, 114, 0.7837, 0.0009, 82.812, 100.000, 0.779, 0.404, 
[210] Train acc: 0.8750, Constr acc: 0.9062, CE loss: 0.887, DL2 loss: 5.722
9, 113, 0.8872, 0.0011, 87.500, 98.438, 0.828, 0.106, 
[225] Train acc: 0.9062, Constr acc: 0.9375, CE loss: 0.483, DL2 loss: 3.918
9, 112, 0.4829, 0.0012, 90.625, 98.438, 0.825, 0.258, 
[240] Train acc: 0.8594, Constr acc: 0.8438, CE loss: 0.512, DL2 loss: 6.022
9, 111, 0.5118, 0.0011, 85.938, 98.438, 0.788, 0.337, 
[255] Train acc: 0.8750, Constr acc: 0.8438, CE loss: 0.330, DL2 loss: 7.120
9, 110, 0.3301, 0.0011, 87.500, 100.000, 0.807, 0.216, 
[270] Train acc: 0.8594, Constr acc: 0.7500, CE loss: 0.766, DL2 loss: 8.210
9, 109, 0.7665, 0.0013, 85.938, 98.438, 0.786, 0.156, 
[285] Train acc: 0.7969, Constr acc: 0.8750, CE loss: 0.778, DL2 loss: 5.755
9, 108, 0.7778, 0.0010, 79.688, 98.438, 0.753, 0.419, 
[300] Train acc: 0.9688, Constr acc: 0.9688, CE loss: 0.179, DL2 loss: 2.390
9, 107, 0.1786, 0.0011, 96.875, 98.438, 0.830, 0.271, 
[315] Train acc: 0.7812, Constr acc: 0.8125, CE loss: 1.093, DL2 loss: 6.318
9, 106, 1.0926, 0.0013, 78.125, 96.875, 0.654, 0.474, 
[330] Train acc: 0.9219, Constr acc: 0.8438, CE loss: 0.252, DL2 loss: 6.038
9, 105, 0.2518, 0.0013, 92.188, 100.000, 0.726, 0.251, 
[345] Train acc: 0.9375, Constr acc: 0.9375, CE loss: 0.490, DL2 loss: 3.340
9, 104, 0.4895, 0.0014, 93.750, 100.000, 0.700, 0.432, 
[360] Train acc: 0.8125, Constr acc: 0.8750, CE loss: 0.671, DL2 loss: 3.513
9, 103, 0.6711, 0.0014, 81.250, 96.875, 0.734, 0.334, 
[375] Train acc: 0.8906, Constr acc: 0.9375, CE loss: 0.560, DL2 loss: 2.230
9, 102, 0.5601, 0.0014, 89.062, 98.438, 0.717, 0.718, 
[390] Train acc: 0.9062, Constr acc: 0.8750, CE loss: 0.370, DL2 loss: 8.054
9, 101, 0.3702, 0.0014, 90.625, 100.000, 0.669, 0.152, 
[405] Train acc: 0.8750, Constr acc: 0.8438, CE loss: 0.899, DL2 loss: 9.851
9, 100, 0.8988, 0.0013, 87.500, 100.000, 0.752, 0.291, 
[420] Train acc: 0.9062, Constr acc: 0.8750, CE loss: 0.367, DL2 loss: 2.423
9, 99, 0.3667, 0.0014, 90.625, 98.438, 0.707, 0.237, 
[435] Train acc: 0.9219, Constr acc: 0.9375, CE loss: 0.516, DL2 loss: 4.240
9, 98, 0.5162, 0.0013, 92.188, 98.438, 0.740, 0.254, 
[450] Train acc: 0.8750, Constr acc: 0.8438, CE loss: 0.903, DL2 loss: 5.611
9, 97, 0.9030, 0.0012, 87.500, 98.438, 0.771, 0.376, 
[465] Train acc: 0.8125, Constr acc: 0.8125, CE loss: 1.036, DL2 loss: 10.707
9, 96, 1.0360, 0.0012, 81.250, 95.312, 0.741, 0.194, 
[480] Train acc: 0.8438, Constr acc: 0.9062, CE loss: 1.136, DL2 loss: 4.814
9, 95, 1.1364, 0.0012, 84.375, 95.312, 0.690, 0.479, 
[495] Train acc: 0.8125, Constr acc: 0.7812, CE loss: 0.820, DL2 loss: 9.637
9, 94, 0.8205, 0.0014, 81.250, 98.438, 0.643, 0.359, 
[510] Train acc: 0.9375, Constr acc: 0.9062, CE loss: 0.393, DL2 loss: 4.703
9, 93, 0.3930, 0.0016, 93.750, 100.000, 0.627, 0.528, 
[525] Train acc: 0.7500, Constr acc: 0.8125, CE loss: 1.277, DL2 loss: 10.502
9, 92, 1.2767, 0.0012, 75.000, 95.312, 0.735, 0.359, 
[540] Train acc: 0.9062, Constr acc: 0.8438, CE loss: 0.612, DL2 loss: 9.547
9, 91, 0.6125, 0.0011, 90.625, 96.875, 0.846, 0.208, 
[555] Train acc: 0.8125, Constr acc: 0.8438, CE loss: 0.985, DL2 loss: 6.809
9, 90, 0.9853, 0.0011, 81.250, 95.312, 0.829, 0.122, 
[570] Train acc: 0.9062, Constr acc: 0.9688, CE loss: 0.461, DL2 loss: 1.751
9, 89, 0.4608, 0.0011, 90.625, 98.438, 0.784, 0.403, 
[585] Train acc: 0.9375, Constr acc: 0.8750, CE loss: 0.221, DL2 loss: 6.095
9, 88, 0.2207, 0.0010, 93.750, 100.000, 0.846, 0.304, 
[600] Train acc: 0.8750, Constr acc: 0.7812, CE loss: 1.445, DL2 loss: 9.052
9, 87, 1.4449, 0.0012, 87.500, 96.875, 0.812, 0.461, 
[615] Train acc: 0.9375, Constr acc: 0.8750, CE loss: 0.559, DL2 loss: 6.169
9, 86, 0.5594, 0.0013, 93.750, 100.000, 0.784, 0.456, 
[630] Train acc: 0.9375, Constr acc: 0.7812, CE loss: 0.170, DL2 loss: 12.546
9, 85, 0.1703, 0.0014, 93.750, 100.000, 0.769, 0.430, 
[645] Train acc: 0.8594, Constr acc: 0.9375, CE loss: 0.656, DL2 loss: 4.981
9, 84, 0.6559, 0.0012, 85.938, 100.000, 0.779, 0.064, 
[660] Train acc: 0.9219, Constr acc: 0.7188, CE loss: 0.308, DL2 loss: 16.595
9, 83, 0.3082, 0.0014, 92.188, 98.438, 0.709, 0.342, 
[675] Train acc: 0.7500, Constr acc: 0.9375, CE loss: 2.326, DL2 loss: 1.645
9, 82, 2.3258, 0.0010, 75.000, 92.188, 0.806, 0.323, 
[690] Train acc: 0.9375, Constr acc: 0.9688, CE loss: 0.316, DL2 loss: 2.482
9, 81, 0.3160, 0.0010, 93.750, 98.438, 0.749, 0.491, 
[705] Train acc: 0.8750, Constr acc: 1.0000, CE loss: 1.104, DL2 loss: 0.000
9, 80, 1.1040, 0.0010, 87.500, 100.000, 0.822, 0.153, 
[720] Train acc: 0.8281, Constr acc: 0.8125, CE loss: 0.970, DL2 loss: 10.267
9, 79, 0.9697, 0.0012, 82.812, 95.312, 0.739, 0.628, 
[735] Train acc: 0.8281, Constr acc: 0.8750, CE loss: 0.965, DL2 loss: 6.189
9, 78, 0.9654, 0.0011, 82.812, 98.438, 0.809, 0.368, 
[750] Train acc: 0.8750, Constr acc: 0.8750, CE loss: 0.616, DL2 loss: 5.504
9, 77, 0.6160, 0.0010, 87.500, 98.438, 0.808, 0.279, 
[765] Train acc: 0.8281, Constr acc: 0.8125, CE loss: 0.562, DL2 loss: 6.208
9, 76, 0.5620, 0.0012, 82.812, 98.438, 0.714, 0.164, 
[780] Train acc: 0.9062, Constr acc: 0.9688, CE loss: 0.257, DL2 loss: 1.408
9, 75, 0.2570, 0.0013, 90.625, 100.000, 0.798, 0.051, 
[795] Train acc: 0.8906, Constr acc: 0.8750, CE loss: 0.451, DL2 loss: 6.587
9, 74, 0.4515, 0.0013, 89.062, 100.000, 0.691, 0.248, 
[810] Train acc: 0.9062, Constr acc: 0.8750, CE loss: 0.356, DL2 loss: 6.629
9, 73, 0.3556, 0.0013, 90.625, 98.438, 0.770, 0.239, 
[825] Train acc: 0.8594, Constr acc: 0.9375, CE loss: 0.767, DL2 loss: 1.764
9, 72, 0.7665, 0.0013, 85.938, 96.875, 0.822, 0.338, 
[840] Train acc: 0.8594, Constr acc: 0.9688, CE loss: 1.022, DL2 loss: 2.203
9, 71, 1.0216, 0.0014, 85.938, 98.438, 0.740, 0.333, 
[855] Train acc: 0.8125, Constr acc: 0.8750, CE loss: 1.025, DL2 loss: 5.584
9, 70, 1.0252, 0.0013, 81.250, 92.188, 0.719, 0.256, 
[870] Train acc: 0.8438, Constr acc: 0.7812, CE loss: 0.997, DL2 loss: 10.765
9, 69, 0.9968, 0.0014, 84.375, 98.438, 0.701, 0.163, 
[885] Train acc: 0.9219, Constr acc: 0.8750, CE loss: 0.250, DL2 loss: 7.940
9, 68, 0.2498, 0.0016, 92.188, 98.438, 0.659, 0.341, 
[900] Train acc: 0.9531, Constr acc: 0.9062, CE loss: 0.495, DL2 loss: 6.648
9, 67, 0.4947, 0.0013, 95.312, 95.312, 0.812, 0.432, 
[915] Train acc: 0.7969, Constr acc: 0.9062, CE loss: 1.275, DL2 loss: 5.834
9, 66, 1.2747, 0.0012, 79.688, 95.312, 0.755, 0.458, 
[930] Train acc: 0.8438, Constr acc: 0.8438, CE loss: 0.638, DL2 loss: 7.365
9, 65, 0.6383, 0.0012, 84.375, 98.438, 0.788, 0.182, 
[0] Train acc: 0.8906, Constr acc: 0.9062, CE loss: 0.498, DL2 loss: 5.831
10, 65, 0.4983, 0.0012, 89.062, 100.000, 0.764, 0.386, 
[15] Train acc: 0.8750, Constr acc: 0.8438, CE loss: 0.605, DL2 loss: 6.696
10, 64, 0.6054, 0.0011, 87.500, 96.875, 0.804, 0.301, 
[30] Train acc: 0.9219, Constr acc: 0.9375, CE loss: 0.223, DL2 loss: 3.028
10, 63, 0.2225, 0.0012, 92.188, 100.000, 0.801, 0.378, 
[45] Train acc: 0.8438, Constr acc: 0.9062, CE loss: 1.308, DL2 loss: 5.858
10, 62, 1.3079, 0.0014, 84.375, 96.875, 0.734, 0.263, 
[60] Train acc: 0.8125, Constr acc: 0.7188, CE loss: 0.684, DL2 loss: 12.337
10, 61, 0.6835, 0.0015, 81.250, 98.438, 0.699, 0.259, 
[75] Train acc: 0.8438, Constr acc: 0.8125, CE loss: 0.885, DL2 loss: 9.798
10, 60, 0.8854, 0.0017, 84.375, 98.438, 0.599, 0.434, 
[90] Train acc: 0.8281, Constr acc: 0.7812, CE loss: 0.753, DL2 loss: 9.310
10, 59, 0.7529, 0.0017, 82.812, 98.438, 0.680, 0.523, 
[105] Train acc: 0.8594, Constr acc: 0.8750, CE loss: 0.976, DL2 loss: 4.692
10, 58, 0.9758, 0.0014, 85.938, 100.000, 0.712, 0.255, 
[120] Train acc: 0.9062, Constr acc: 0.8750, CE loss: 0.390, DL2 loss: 4.485
10, 57, 0.3896, 0.0013, 90.625, 98.438, 0.754, 0.258, 
[135] Train acc: 0.9375, Constr acc: 0.8438, CE loss: 0.406, DL2 loss: 7.564
10, 56, 0.4060, 0.0013, 93.750, 100.000, 0.782, 0.058, 
[150] Train acc: 0.9062, Constr acc: 0.8125, CE loss: 0.647, DL2 loss: 10.336
10, 55, 0.6469, 0.0013, 90.625, 100.000, 0.791, 0.365, 
[165] Train acc: 0.9375, Constr acc: 0.9688, CE loss: 0.190, DL2 loss: 1.524
10, 54, 0.1898, 0.0012, 93.750, 98.438, 0.815, 0.251, 
[180] Train acc: 0.9688, Constr acc: 0.9688, CE loss: 0.164, DL2 loss: 2.304
10, 53, 0.1640, 0.0012, 96.875, 100.000, 0.811, 0.532, 
[195] Train acc: 0.8750, Constr acc: 0.9375, CE loss: 0.432, DL2 loss: 3.540
10, 52, 0.4319, 0.0012, 87.500, 100.000, 0.849, 0.441, 
[210] Train acc: 0.9219, Constr acc: 0.8438, CE loss: 0.202, DL2 loss: 8.641
10, 51, 0.2018, 0.0011, 92.188, 100.000, 0.854, 0.297, 
[225] Train acc: 0.9375, Constr acc: 0.9062, CE loss: 0.186, DL2 loss: 4.350
10, 50, 0.1860, 0.0014, 93.750, 100.000, 0.765, 0.349, 
[240] Train acc: 0.8281, Constr acc: 0.8750, CE loss: 0.710, DL2 loss: 7.190
10, 49, 0.7097, 0.0014, 82.812, 93.750, 0.777, 0.354, 
[255] Train acc: 0.8750, Constr acc: 0.9062, CE loss: 0.791, DL2 loss: 6.128
10, 48, 0.7915, 0.0013, 87.500, 96.875, 0.770, 0.251, 
[270] Train acc: 0.9062, Constr acc: 0.8125, CE loss: 0.847, DL2 loss: 7.756
10, 47, 0.8468, 0.0012, 90.625, 96.875, 0.780, 0.263, 
[285] Train acc: 0.9062, Constr acc: 0.8125, CE loss: 0.851, DL2 loss: 11.526
10, 46, 0.8513, 0.0013, 90.625, 98.438, 0.744, 0.345, 
[300] Train acc: 0.8594, Constr acc: 0.8750, CE loss: 1.062, DL2 loss: 4.996
10, 45, 1.0622, 0.0011, 85.938, 98.438, 0.811, 0.202, 
[315] Train acc: 0.8750, Constr acc: 0.7500, CE loss: 0.487, DL2 loss: 12.663
10, 44, 0.4874, 0.0019, 87.500, 98.438, 0.523, 0.731, 
[330] Train acc: 0.9219, Constr acc: 0.8750, CE loss: 0.841, DL2 loss: 5.125
10, 43, 0.8406, 0.0010, 92.188, 96.875, 0.833, 0.364, 
[345] Train acc: 0.7656, Constr acc: 0.8438, CE loss: 2.083, DL2 loss: 3.685
10, 42, 2.0829, 0.0012, 76.562, 100.000, 0.745, 0.188, 
[360] Train acc: 0.8906, Constr acc: 0.8438, CE loss: 0.447, DL2 loss: 7.371
10, 41, 0.4467, 0.0013, 89.062, 100.000, 0.729, 0.232, 
[375] Train acc: 0.9531, Constr acc: 0.7812, CE loss: 0.324, DL2 loss: 11.982
10, 40, 0.3236, 0.0013, 95.312, 98.438, 0.739, 0.257, 
[390] Train acc: 0.9688, Constr acc: 0.8438, CE loss: 0.092, DL2 loss: 7.069
10, 39, 0.0922, 0.0014, 96.875, 100.000, 0.682, 0.439, 
[405] Train acc: 0.8125, Constr acc: 0.7812, CE loss: 1.001, DL2 loss: 9.248
10, 38, 1.0010, 0.0014, 81.250, 96.875, 0.655, 0.440, 
[420] Train acc: 0.8594, Constr acc: 0.8750, CE loss: 1.483, DL2 loss: 7.321
10, 37, 1.4833, 0.0015, 85.938, 93.750, 0.729, 0.342, 
[435] Train acc: 0.8281, Constr acc: 0.9375, CE loss: 1.428, DL2 loss: 2.983
10, 36, 1.4277, 0.0014, 82.812, 98.438, 0.744, 0.263, 
[450] Train acc: 0.8438, Constr acc: 0.8750, CE loss: 0.505, DL2 loss: 7.731
10, 35, 0.5053, 0.0015, 84.375, 100.000, 0.582, 0.539, 
[465] Train acc: 0.8281, Constr acc: 0.9062, CE loss: 0.967, DL2 loss: 4.391
10, 34, 0.9672, 0.0016, 82.812, 98.438, 0.609, 0.434, 
[480] Train acc: 0.6562, Constr acc: 0.7812, CE loss: 1.262, DL2 loss: 9.984
10, 33, 1.2623, 0.0019, 65.625, 93.750, 0.451, 0.814, 
[495] Train acc: 0.7656, Constr acc: 0.7500, CE loss: 1.143, DL2 loss: 13.524
10, 32, 1.1434, 0.0017, 76.562, 96.875, 0.514, 0.350, 
[510] Train acc: 0.6250, Constr acc: 0.8125, CE loss: 4.825, DL2 loss: 12.169
10, 31, 4.8248, 0.0015, 62.500, 92.188, 0.593, 0.285, 
[525] Train acc: 0.6406, Constr acc: 0.7812, CE loss: 1.003, DL2 loss: 8.232
10, 30, 1.0025, 0.0018, 64.062, 89.062, 0.419, 0.690, 
[540] Train acc: 0.4844, Constr acc: 0.6875, CE loss: 3.280, DL2 loss: 16.552
10, 29, 3.2803, 0.0017, 48.438, 92.188, 0.432, 0.820, 
[555] Train acc: 0.4375, Constr acc: 0.6875, CE loss: 2.382, DL2 loss: 12.553
10, 28, 2.3825, 0.0019, 43.750, 90.625, 0.309, 0.656, 
[570] Train acc: 0.4062, Constr acc: 0.8125, CE loss: 3.967, DL2 loss: 7.916
10, 27, 3.9671, 0.0024, 40.625, 84.375, 0.374, 0.875, 
[585] Train acc: 0.4531, Constr acc: 0.8438, CE loss: 2.824, DL2 loss: 6.968
10, 26, 2.8238, 0.0017, 45.312, 95.312, 0.393, 0.648, 
[600] Train acc: 0.4062, Constr acc: 0.5938, CE loss: 7.661, DL2 loss: 22.519
10, 25, 7.6606, 0.0021, 40.625, 85.938, 0.311, 0.743, 
[615] Train acc: 0.4844, Constr acc: 0.5000, CE loss: 2.378, DL2 loss: 23.176
10, 24, 2.3784, 0.0018, 48.438, 93.750, 0.362, 0.808, 
[630] Train acc: 0.6250, Constr acc: 0.8125, CE loss: 1.853, DL2 loss: 4.041
10, 23, 1.8533, 0.0019, 62.500, 92.188, 0.328, 0.441, 
[645] Train acc: 0.5156, Constr acc: 0.7812, CE loss: 2.524, DL2 loss: 6.374
10, 22, 2.5245, 0.0019, 51.562, 89.062, 0.274, 0.816, 
[660] Train acc: 0.4062, Constr acc: 0.6562, CE loss: 2.234, DL2 loss: 15.026
10, 21, 2.2336, 0.0019, 40.625, 90.625, 0.278, 0.810, 
[675] Train acc: 0.6094, Constr acc: 0.8125, CE loss: 1.961, DL2 loss: 7.138
10, 20, 1.9613, 0.0020, 60.938, 96.875, 0.185, 0.900, 
[690] Train acc: 0.3281, Constr acc: 0.7188, CE loss: 3.336, DL2 loss: 14.845
10, 19, 3.3361, 0.0020, 32.812, 92.188, 0.297, 0.681, 
[705] Train acc: 0.4219, Constr acc: 0.7500, CE loss: 8.830, DL2 loss: 13.193
10, 18, 8.8299, 0.0020, 42.188, 87.500, 0.264, 0.728, 
[720] Train acc: 0.2031, Constr acc: 0.5625, CE loss: 4.548, DL2 loss: 17.325
10, 17, 4.5481, 0.0021, 20.312, 76.562, 0.161, 0.903, 
[735] Train acc: 0.4375, Constr acc: 0.5938, CE loss: 2.832, DL2 loss: 23.653
10, 16, 2.8320, 0.0019, 43.750, 85.938, 0.324, 0.738, 
[750] Train acc: 0.3750, Constr acc: 0.5625, CE loss: 5.235, DL2 loss: 19.821
10, 15, 5.2349, 0.0024, 37.500, 68.750, 0.097, 0.907, 
[765] Train acc: 0.2969, Constr acc: 0.4062, CE loss: 3.610, DL2 loss: 25.892
10, 14, 3.6098, 0.0023, 29.688, 76.562, 0.118, 1.000, 
[780] Train acc: 0.2031, Constr acc: 0.5312, CE loss: 3.576, DL2 loss: 21.997
10, 13, 3.5765, 0.0022, 20.312, 79.688, 0.134, 0.906, 
[795] Train acc: 0.1250, Constr acc: 0.5312, CE loss: 3.221, DL2 loss: 22.052
10, 12, 3.2208, 0.0023, 12.500, 70.312, 0.114, 0.731, 
[810] Train acc: 0.2344, Constr acc: 0.4062, CE loss: 3.547, DL2 loss: 18.673
10, 11, 3.5473, 0.0023, 23.438, 78.125, 0.141, 0.812, 
[825] Train acc: 0.1562, Constr acc: 0.7812, CE loss: 8.239, DL2 loss: 13.903
10, 10, 8.2388, 0.0024, 15.625, 70.312, 0.115, 0.910, 
[840] Train acc: 0.3281, Constr acc: 0.5625, CE loss: 2.879, DL2 loss: 23.644
10, 9, 2.8791, 0.0022, 32.812, 82.812, 0.190, 0.904, 
[855] Train acc: 0.2344, Constr acc: 0.6250, CE loss: 7.043, DL2 loss: 13.190
10, 8, 7.0435, 0.0021, 23.438, 67.188, 0.279, 1.000, 
[870] Train acc: 0.1094, Constr acc: 0.2812, CE loss: 4.846, DL2 loss: 32.580
10, 7, 4.8456, 0.0022, 10.938, 53.125, 0.239, 0.712, 
[885] Train acc: 0.1875, Constr acc: 0.5000, CE loss: 5.264, DL2 loss: 20.126
10, 6, 5.2642, 0.0021, 18.750, 78.125, 0.248, 0.659, 
[900] Train acc: 0.2500, Constr acc: 0.2812, CE loss: 3.504, DL2 loss: 36.491
10, 5, 3.5036, 0.0025, 25.000, 54.688, 0.188, 0.741, 
[915] Train acc: 0.1719, Constr acc: 0.4375, CE loss: 5.379, DL2 loss: 35.247
10, 4, 5.3794, 0.0028, 17.188, 78.125, 0.129, 0.956, 
[930] Train acc: 0.1250, Constr acc: 0.0000, CE loss: 2.932, DL2 loss: 67.815
10, 3, 2.9325, 0.0030, 12.500, 54.688, 0.114, 1.000, 
