main_allinputs_dl2.py --pruning=True --tensorboard=True --log-interval=15 --pruning_config=./configs/mnist_22_15.json --constraint RobustnessMany(eps1=10, eps2=2, eps3=20, eps4=6) --print-after-epoch=0 --dl2-weight=0.2 --delay=6
pruning_engine.load_mask(): did not find mask file, will load nothing
epoch, neuron_units, loss, dl2_loss, top1, top5, dl2_p_acc, dl2_constraint_acc
[0] Train acc: 0.1406
1, 252, 2.2927, 0.0023, 14.062, 59.375, 0.103, 1.000, 
[15] Train acc: 0.1875
1, 252, 2.2763, 0.0023, 18.750, 68.750, 0.103, 1.000, 
[30] Train acc: 0.3125
1, 252, 2.2343, 0.0023, 31.250, 75.000, 0.205, 1.000, 
[45] Train acc: 0.3594
1, 252, 2.1083, 0.0022, 35.938, 89.062, 0.408, 1.000, 
[60] Train acc: 0.5625
1, 252, 1.8079, 0.0021, 56.250, 90.625, 0.576, 1.000, 
[75] Train acc: 0.6719
1, 252, 1.1560, 0.0017, 67.188, 95.312, 0.646, 1.000, 
[90] Train acc: 0.6250
1, 252, 1.0569, 0.0015, 62.500, 98.438, 0.674, 1.000, 
[105] Train acc: 0.7031
1, 252, 0.8945, 0.0013, 70.312, 95.312, 0.730, 1.000, 
[120] Train acc: 0.8125
1, 252, 0.5999, 0.0011, 81.250, 98.438, 0.806, 0.995, 
[135] Train acc: 0.8594
1, 252, 0.3908, 0.0010, 85.938, 100.000, 0.854, 0.988, 
[150] Train acc: 0.8594
1, 252, 0.5338, 0.0010, 85.938, 100.000, 0.820, 0.987, 
[165] Train acc: 0.8281
1, 252, 0.5438, 0.0010, 82.812, 98.438, 0.764, 0.976, 
[180] Train acc: 0.9062
1, 252, 0.4400, 0.0009, 90.625, 98.438, 0.846, 0.971, 
[195] Train acc: 0.9062
1, 252, 0.2807, 0.0009, 90.625, 100.000, 0.848, 0.956, 
[210] Train acc: 0.9219
1, 252, 0.3626, 0.0009, 92.188, 98.438, 0.857, 0.964, 
[225] Train acc: 0.8750
1, 252, 0.3995, 0.0008, 87.500, 100.000, 0.887, 0.958, 
[240] Train acc: 0.8750
1, 252, 0.4170, 0.0008, 87.500, 98.438, 0.877, 0.940, 
[255] Train acc: 0.8281
1, 252, 0.4295, 0.0008, 82.812, 100.000, 0.851, 0.934, 
[270] Train acc: 0.9219
1, 252, 0.2311, 0.0008, 92.188, 100.000, 0.843, 0.940, 
[285] Train acc: 0.9375
1, 252, 0.2467, 0.0007, 93.750, 100.000, 0.920, 0.911, 
[300] Train acc: 0.9062
1, 252, 0.2694, 0.0007, 90.625, 100.000, 0.911, 0.907, 
[315] Train acc: 0.9219
1, 252, 0.2680, 0.0007, 92.188, 98.438, 0.922, 0.912, 
[330] Train acc: 0.9062
1, 252, 0.3726, 0.0007, 90.625, 98.438, 0.864, 0.909, 
[345] Train acc: 0.8594
1, 252, 0.4701, 0.0007, 85.938, 98.438, 0.908, 0.897, 
[360] Train acc: 0.8750
1, 252, 0.2838, 0.0007, 87.500, 100.000, 0.909, 0.902, 
[375] Train acc: 0.9375
1, 252, 0.1560, 0.0007, 93.750, 100.000, 0.923, 0.891, 
[390] Train acc: 0.9062
1, 252, 0.2070, 0.0006, 90.625, 100.000, 0.915, 0.892, 
[405] Train acc: 0.9375
1, 252, 0.1975, 0.0006, 93.750, 100.000, 0.918, 0.897, 
[420] Train acc: 0.9219
1, 252, 0.2446, 0.0006, 92.188, 100.000, 0.936, 0.876, 
[435] Train acc: 0.9219
1, 252, 0.2261, 0.0006, 92.188, 100.000, 0.935, 0.868, 
[450] Train acc: 0.9219
1, 252, 0.1807, 0.0006, 92.188, 100.000, 0.942, 0.854, 
[465] Train acc: 0.8906
1, 252, 0.3503, 0.0006, 89.062, 100.000, 0.914, 0.850, 
[480] Train acc: 1.0000
1, 252, 0.0762, 0.0006, 100.000, 100.000, 0.934, 0.841, 
[495] Train acc: 0.9531
1, 252, 0.1621, 0.0006, 95.312, 100.000, 0.948, 0.860, 
[510] Train acc: 0.9219
1, 252, 0.1649, 0.0005, 92.188, 100.000, 0.949, 0.847, 
[525] Train acc: 0.9531
1, 252, 0.1392, 0.0006, 95.312, 100.000, 0.945, 0.850, 
[540] Train acc: 0.9531
1, 252, 0.2543, 0.0006, 95.312, 98.438, 0.933, 0.845, 
[555] Train acc: 0.9688
1, 252, 0.1702, 0.0005, 96.875, 98.438, 0.953, 0.829, 
[570] Train acc: 0.9531
1, 252, 0.1492, 0.0005, 95.312, 100.000, 0.925, 0.811, 
[585] Train acc: 0.9844
1, 252, 0.0822, 0.0005, 98.438, 100.000, 0.950, 0.827, 
[600] Train acc: 0.9531
1, 252, 0.1890, 0.0005, 95.312, 100.000, 0.951, 0.830, 
[615] Train acc: 0.9531
1, 252, 0.1561, 0.0005, 95.312, 100.000, 0.951, 0.833, 
[630] Train acc: 0.9375
1, 252, 0.3362, 0.0005, 93.750, 100.000, 0.956, 0.835, 
[645] Train acc: 0.9688
1, 252, 0.1513, 0.0005, 96.875, 100.000, 0.956, 0.828, 
[660] Train acc: 0.9688
1, 252, 0.1354, 0.0005, 96.875, 100.000, 0.956, 0.801, 
[675] Train acc: 0.9375
1, 252, 0.1571, 0.0005, 93.750, 100.000, 0.956, 0.808, 
[690] Train acc: 0.9688
1, 252, 0.1637, 0.0005, 96.875, 98.438, 0.958, 0.813, 
[705] Train acc: 0.8906
1, 252, 0.3415, 0.0005, 89.062, 100.000, 0.953, 0.815, 
[720] Train acc: 1.0000
1, 252, 0.0550, 0.0005, 100.000, 100.000, 0.958, 0.798, 
[735] Train acc: 0.9375
1, 252, 0.1595, 0.0005, 93.750, 100.000, 0.956, 0.809, 
[750] Train acc: 0.9688
1, 252, 0.0683, 0.0005, 96.875, 100.000, 0.950, 0.792, 
[765] Train acc: 0.9062
1, 252, 0.2801, 0.0005, 90.625, 100.000, 0.945, 0.826, 
[780] Train acc: 0.9219
1, 252, 0.1975, 0.0005, 92.188, 100.000, 0.965, 0.828, 
[795] Train acc: 0.9375
1, 252, 0.1232, 0.0005, 93.750, 100.000, 0.960, 0.849, 
[810] Train acc: 1.0000
1, 252, 0.0531, 0.0005, 100.000, 100.000, 0.963, 0.821, 
[825] Train acc: 0.9531
1, 252, 0.1005, 0.0005, 95.312, 100.000, 0.959, 0.819, 
[840] Train acc: 0.9531
1, 252, 0.1271, 0.0005, 95.312, 100.000, 0.969, 0.809, 
[855] Train acc: 0.9375
1, 252, 0.1566, 0.0005, 93.750, 100.000, 0.942, 0.819, 
[870] Train acc: 0.9531
1, 252, 0.1490, 0.0004, 95.312, 100.000, 0.963, 0.798, 
[885] Train acc: 0.9375
1, 252, 0.1344, 0.0005, 93.750, 100.000, 0.959, 0.820, 
[900] Train acc: 0.9531
1, 252, 0.1105, 0.0004, 95.312, 100.000, 0.962, 0.801, 
[915] Train acc: 0.9375
1, 252, 0.1970, 0.0004, 93.750, 100.000, 0.960, 0.787, 
[930] Train acc: 0.9375
1, 252, 0.1600, 0.0004, 93.750, 100.000, 0.965, 0.780, 
[0] Train acc: 0.9531
2, 252, 0.1407, 0.0004, 95.312, 100.000, 0.963, 0.772, 
[15] Train acc: 0.9844
2, 252, 0.0752, 0.0004, 98.438, 100.000, 0.967, 0.777, 
[30] Train acc: 0.9688
2, 252, 0.0801, 0.0004, 96.875, 100.000, 0.955, 0.774, 
[45] Train acc: 0.9688
2, 252, 0.0949, 0.0004, 96.875, 100.000, 0.965, 0.763, 
[60] Train acc: 0.9844
2, 252, 0.0438, 0.0004, 98.438, 100.000, 0.963, 0.784, 
[75] Train acc: 0.9688
2, 252, 0.1399, 0.0004, 96.875, 100.000, 0.966, 0.779, 
[90] Train acc: 0.9375
2, 252, 0.3302, 0.0004, 93.750, 100.000, 0.967, 0.777, 
[105] Train acc: 0.9844
2, 252, 0.0491, 0.0004, 98.438, 100.000, 0.970, 0.783, 
[120] Train acc: 0.9688
2, 252, 0.0914, 0.0004, 96.875, 100.000, 0.970, 0.771, 
[135] Train acc: 0.9688
2, 252, 0.1508, 0.0004, 96.875, 100.000, 0.964, 0.786, 
[150] Train acc: 0.9531
2, 252, 0.0793, 0.0004, 95.312, 100.000, 0.967, 0.771, 
[165] Train acc: 0.9844
2, 252, 0.0713, 0.0004, 98.438, 100.000, 0.969, 0.745, 
[180] Train acc: 0.9531
2, 252, 0.0830, 0.0004, 95.312, 100.000, 0.966, 0.752, 
[195] Train acc: 0.9844
2, 252, 0.0966, 0.0004, 98.438, 100.000, 0.961, 0.775, 
[210] Train acc: 0.9688
2, 252, 0.0620, 0.0004, 96.875, 100.000, 0.973, 0.734, 
[225] Train acc: 0.9531
2, 252, 0.1448, 0.0004, 95.312, 100.000, 0.965, 0.751, 
[240] Train acc: 0.9531
2, 252, 0.1479, 0.0004, 95.312, 100.000, 0.967, 0.768, 
[255] Train acc: 1.0000
2, 252, 0.0279, 0.0004, 100.000, 100.000, 0.968, 0.760, 
[270] Train acc: 0.9844
2, 252, 0.0609, 0.0003, 98.438, 100.000, 0.974, 0.736, 
[285] Train acc: 0.9844
2, 252, 0.0342, 0.0003, 98.438, 100.000, 0.975, 0.735, 
[300] Train acc: 0.9688
2, 252, 0.0782, 0.0004, 96.875, 100.000, 0.969, 0.745, 
[315] Train acc: 0.9375
2, 252, 0.1122, 0.0004, 93.750, 100.000, 0.975, 0.743, 
[330] Train acc: 0.9688
2, 252, 0.0469, 0.0004, 96.875, 100.000, 0.968, 0.755, 
[345] Train acc: 0.9531
2, 252, 0.2345, 0.0004, 95.312, 100.000, 0.977, 0.746, 
[360] Train acc: 0.9688
2, 252, 0.0647, 0.0004, 96.875, 100.000, 0.962, 0.777, 
[375] Train acc: 0.9531
2, 252, 0.1035, 0.0004, 95.312, 100.000, 0.976, 0.746, 
[390] Train acc: 0.9844
2, 252, 0.0274, 0.0004, 98.438, 100.000, 0.974, 0.749, 
[405] Train acc: 0.9844
2, 252, 0.0408, 0.0004, 98.438, 100.000, 0.968, 0.739, 
[420] Train acc: 0.9844
2, 252, 0.0255, 0.0004, 98.438, 100.000, 0.976, 0.735, 
[435] Train acc: 0.9844
2, 252, 0.0391, 0.0004, 98.438, 100.000, 0.977, 0.750, 
[450] Train acc: 0.9844
2, 252, 0.0888, 0.0003, 98.438, 100.000, 0.975, 0.737, 
[465] Train acc: 0.9688
2, 252, 0.0860, 0.0004, 96.875, 100.000, 0.972, 0.746, 
[480] Train acc: 0.9688
2, 252, 0.0826, 0.0004, 96.875, 100.000, 0.969, 0.740, 
[495] Train acc: 0.9375
2, 252, 0.1246, 0.0004, 93.750, 100.000, 0.972, 0.739, 
[510] Train acc: 1.0000
2, 252, 0.0169, 0.0004, 100.000, 100.000, 0.974, 0.761, 
[525] Train acc: 0.9688
2, 252, 0.1215, 0.0004, 96.875, 100.000, 0.977, 0.747, 
[540] Train acc: 0.9844
2, 252, 0.0627, 0.0004, 98.438, 100.000, 0.977, 0.766, 
[555] Train acc: 1.0000
2, 252, 0.0338, 0.0004, 100.000, 100.000, 0.977, 0.753, 
[570] Train acc: 0.9531
2, 252, 0.1980, 0.0004, 95.312, 100.000, 0.972, 0.747, 
[585] Train acc: 1.0000
2, 252, 0.0180, 0.0004, 100.000, 100.000, 0.965, 0.758, 
[600] Train acc: 0.9531
2, 252, 0.1889, 0.0004, 95.312, 100.000, 0.966, 0.753, 
[615] Train acc: 0.9531
2, 252, 0.1996, 0.0004, 95.312, 100.000, 0.972, 0.733, 
[630] Train acc: 0.9844
2, 252, 0.0752, 0.0004, 98.438, 100.000, 0.971, 0.736, 
[645] Train acc: 0.9062
2, 252, 0.2343, 0.0003, 90.625, 100.000, 0.980, 0.733, 
[660] Train acc: 0.9844
2, 252, 0.0542, 0.0003, 98.438, 100.000, 0.978, 0.729, 
[675] Train acc: 0.9844
2, 252, 0.0672, 0.0003, 98.438, 100.000, 0.977, 0.723, 
[690] Train acc: 0.9688
2, 252, 0.0481, 0.0003, 96.875, 100.000, 0.975, 0.712, 
[705] Train acc: 0.9844
2, 252, 0.0961, 0.0003, 98.438, 100.000, 0.970, 0.709, 
[720] Train acc: 0.9688
2, 252, 0.0633, 0.0003, 96.875, 100.000, 0.976, 0.709, 
[735] Train acc: 0.9844
2, 252, 0.0988, 0.0004, 98.438, 100.000, 0.959, 0.728, 
[750] Train acc: 0.9844
2, 252, 0.0208, 0.0003, 98.438, 100.000, 0.978, 0.714, 
[765] Train acc: 0.9688
2, 252, 0.0411, 0.0003, 96.875, 100.000, 0.978, 0.704, 
[780] Train acc: 0.9844
2, 252, 0.0408, 0.0003, 98.438, 100.000, 0.975, 0.713, 
[795] Train acc: 0.9688
2, 252, 0.0842, 0.0003, 96.875, 100.000, 0.976, 0.711, 
[810] Train acc: 0.9688
2, 252, 0.0810, 0.0003, 96.875, 100.000, 0.976, 0.710, 
[825] Train acc: 0.9375
2, 252, 0.2803, 0.0003, 93.750, 100.000, 0.979, 0.710, 
[840] Train acc: 1.0000
2, 252, 0.0204, 0.0003, 100.000, 100.000, 0.974, 0.726, 
[855] Train acc: 1.0000
2, 252, 0.0160, 0.0003, 100.000, 100.000, 0.980, 0.707, 
[870] Train acc: 1.0000
2, 252, 0.0261, 0.0003, 100.000, 100.000, 0.978, 0.710, 
[885] Train acc: 0.9844
2, 252, 0.0547, 0.0003, 98.438, 100.000, 0.977, 0.728, 
[900] Train acc: 0.9375
2, 252, 0.1150, 0.0003, 93.750, 100.000, 0.979, 0.730, 
[915] Train acc: 0.9688
2, 252, 0.0495, 0.0003, 96.875, 100.000, 0.981, 0.692, 
[930] Train acc: 0.9688
2, 252, 0.1090, 0.0003, 96.875, 100.000, 0.971, 0.730, 
[0] Train acc: 0.9688
3, 252, 0.1437, 0.0003, 96.875, 100.000, 0.970, 0.720, 
[15] Train acc: 1.0000
3, 252, 0.0285, 0.0003, 100.000, 100.000, 0.981, 0.714, 
[30] Train acc: 0.9844
3, 252, 0.0529, 0.0003, 98.438, 100.000, 0.978, 0.717, 
[45] Train acc: 0.9688
3, 252, 0.0809, 0.0004, 96.875, 100.000, 0.969, 0.719, 
[60] Train acc: 1.0000
3, 252, 0.0216, 0.0003, 100.000, 100.000, 0.981, 0.711, 
[75] Train acc: 0.9688
3, 252, 0.1329, 0.0003, 96.875, 100.000, 0.969, 0.719, 
[90] Train acc: 0.9844
3, 252, 0.0656, 0.0003, 98.438, 100.000, 0.976, 0.706, 
[105] Train acc: 1.0000
3, 252, 0.0243, 0.0003, 100.000, 100.000, 0.981, 0.703, 
[120] Train acc: 1.0000
3, 252, 0.0218, 0.0003, 100.000, 100.000, 0.979, 0.723, 
[135] Train acc: 0.9531
3, 252, 0.0817, 0.0003, 95.312, 100.000, 0.981, 0.710, 
[150] Train acc: 1.0000
3, 252, 0.0099, 0.0003, 100.000, 100.000, 0.975, 0.737, 
[165] Train acc: 0.9844
3, 252, 0.1767, 0.0003, 98.438, 100.000, 0.981, 0.715, 
[180] Train acc: 0.9531
3, 252, 0.1106, 0.0003, 95.312, 100.000, 0.981, 0.710, 
[195] Train acc: 0.9844
3, 252, 0.0700, 0.0003, 98.438, 100.000, 0.976, 0.714, 
[210] Train acc: 0.9531
3, 252, 0.0754, 0.0003, 95.312, 100.000, 0.972, 0.704, 
[225] Train acc: 1.0000
3, 252, 0.0133, 0.0003, 100.000, 100.000, 0.983, 0.690, 
[240] Train acc: 0.9688
3, 252, 0.0620, 0.0003, 96.875, 100.000, 0.980, 0.694, 
[255] Train acc: 0.9844
3, 252, 0.0525, 0.0003, 98.438, 100.000, 0.972, 0.696, 
[270] Train acc: 0.9688
3, 252, 0.0948, 0.0003, 96.875, 100.000, 0.982, 0.693, 
[285] Train acc: 0.9688
3, 252, 0.0618, 0.0003, 96.875, 100.000, 0.984, 0.690, 
[300] Train acc: 0.9844
3, 252, 0.0618, 0.0003, 98.438, 100.000, 0.981, 0.710, 
[315] Train acc: 0.9688
3, 252, 0.1432, 0.0003, 96.875, 100.000, 0.983, 0.712, 
[330] Train acc: 0.9531
3, 252, 0.1283, 0.0003, 95.312, 100.000, 0.978, 0.705, 
[345] Train acc: 1.0000
3, 252, 0.0156, 0.0003, 100.000, 100.000, 0.982, 0.690, 
[360] Train acc: 0.9844
3, 252, 0.0625, 0.0003, 98.438, 100.000, 0.979, 0.707, 
[375] Train acc: 1.0000
3, 252, 0.0429, 0.0003, 100.000, 100.000, 0.977, 0.704, 
[390] Train acc: 0.9375
3, 252, 0.2170, 0.0003, 93.750, 100.000, 0.966, 0.703, 
[405] Train acc: 0.9844
3, 252, 0.0477, 0.0003, 98.438, 100.000, 0.982, 0.685, 
[420] Train acc: 1.0000
3, 252, 0.0266, 0.0003, 100.000, 100.000, 0.982, 0.689, 
[435] Train acc: 0.9844
3, 252, 0.0296, 0.0003, 98.438, 100.000, 0.972, 0.715, 
[450] Train acc: 0.9844
3, 252, 0.0515, 0.0003, 98.438, 100.000, 0.979, 0.692, 
[465] Train acc: 1.0000
3, 252, 0.0425, 0.0003, 100.000, 100.000, 0.982, 0.700, 
[480] Train acc: 0.9844
3, 252, 0.1283, 0.0003, 98.438, 100.000, 0.981, 0.715, 
[495] Train acc: 0.9688
3, 252, 0.0506, 0.0003, 96.875, 100.000, 0.983, 0.695, 
[510] Train acc: 0.9688
3, 252, 0.0836, 0.0003, 96.875, 100.000, 0.982, 0.696, 
[525] Train acc: 0.9531
3, 252, 0.1020, 0.0003, 95.312, 100.000, 0.984, 0.700, 
[540] Train acc: 1.0000
3, 252, 0.0214, 0.0003, 100.000, 100.000, 0.982, 0.701, 
[555] Train acc: 0.9531
3, 252, 0.1520, 0.0003, 95.312, 100.000, 0.985, 0.721, 
[570] Train acc: 0.9844
3, 252, 0.0536, 0.0003, 98.438, 100.000, 0.978, 0.727, 
[585] Train acc: 1.0000
3, 252, 0.0112, 0.0003, 100.000, 100.000, 0.982, 0.698, 
[600] Train acc: 0.9375
3, 252, 0.1640, 0.0003, 93.750, 100.000, 0.980, 0.723, 
[615] Train acc: 0.9531
3, 252, 0.1815, 0.0003, 95.312, 100.000, 0.982, 0.708, 
[630] Train acc: 1.0000
3, 252, 0.0235, 0.0003, 100.000, 100.000, 0.984, 0.692, 
[645] Train acc: 0.9688
3, 252, 0.2124, 0.0003, 96.875, 100.000, 0.983, 0.697, 
[660] Train acc: 1.0000
3, 252, 0.0341, 0.0003, 100.000, 100.000, 0.983, 0.720, 
[675] Train acc: 1.0000
3, 252, 0.0153, 0.0003, 100.000, 100.000, 0.984, 0.713, 
[690] Train acc: 0.9844
3, 252, 0.0284, 0.0003, 98.438, 100.000, 0.985, 0.701, 
[705] Train acc: 1.0000
3, 252, 0.0274, 0.0003, 100.000, 100.000, 0.983, 0.708, 
[720] Train acc: 0.9844
3, 252, 0.0483, 0.0003, 98.438, 100.000, 0.984, 0.704, 
[735] Train acc: 0.9844
3, 252, 0.0342, 0.0003, 98.438, 100.000, 0.982, 0.698, 
[750] Train acc: 0.9844
3, 252, 0.0250, 0.0003, 98.438, 100.000, 0.986, 0.705, 
[765] Train acc: 1.0000
3, 252, 0.0191, 0.0003, 100.000, 100.000, 0.981, 0.706, 
[780] Train acc: 0.9531
3, 252, 0.1058, 0.0003, 95.312, 100.000, 0.984, 0.692, 
[795] Train acc: 0.9688
3, 252, 0.0497, 0.0003, 96.875, 100.000, 0.982, 0.693, 
[810] Train acc: 1.0000
3, 252, 0.0074, 0.0003, 100.000, 100.000, 0.978, 0.685, 
[825] Train acc: 1.0000
3, 252, 0.0133, 0.0002, 100.000, 100.000, 0.984, 0.682, 
[840] Train acc: 0.9531
3, 252, 0.0715, 0.0003, 95.312, 100.000, 0.981, 0.696, 
[855] Train acc: 1.0000
3, 252, 0.0085, 0.0003, 100.000, 100.000, 0.978, 0.711, 
[870] Train acc: 1.0000
3, 252, 0.0084, 0.0003, 100.000, 100.000, 0.981, 0.695, 
[885] Train acc: 1.0000
3, 252, 0.0144, 0.0003, 100.000, 100.000, 0.983, 0.702, 
[900] Train acc: 0.9844
3, 252, 0.0241, 0.0003, 98.438, 100.000, 0.981, 0.717, 
[915] Train acc: 0.9531
3, 252, 0.2423, 0.0003, 95.312, 100.000, 0.983, 0.700, 
[930] Train acc: 0.9844
3, 252, 0.0708, 0.0003, 98.438, 100.000, 0.987, 0.687, 
[0] Train acc: 0.9844
4, 252, 0.0484, 0.0003, 98.438, 100.000, 0.985, 0.701, 
[15] Train acc: 1.0000
4, 252, 0.0244, 0.0003, 100.000, 100.000, 0.983, 0.680, 
[30] Train acc: 0.9844
4, 252, 0.0416, 0.0003, 98.438, 100.000, 0.981, 0.693, 
[45] Train acc: 1.0000
4, 252, 0.0063, 0.0003, 100.000, 100.000, 0.985, 0.690, 
[60] Train acc: 1.0000
4, 252, 0.0215, 0.0003, 100.000, 100.000, 0.984, 0.687, 
[75] Train acc: 1.0000
4, 252, 0.0432, 0.0003, 100.000, 100.000, 0.972, 0.695, 
[90] Train acc: 0.9844
4, 252, 0.0448, 0.0002, 98.438, 100.000, 0.985, 0.681, 
[105] Train acc: 1.0000
4, 252, 0.0111, 0.0002, 100.000, 100.000, 0.984, 0.674, 
[120] Train acc: 0.9844
4, 252, 0.0530, 0.0003, 98.438, 100.000, 0.982, 0.707, 
[135] Train acc: 0.9844
4, 252, 0.0300, 0.0003, 98.438, 100.000, 0.985, 0.690, 
[150] Train acc: 0.9688
4, 252, 0.0593, 0.0002, 96.875, 100.000, 0.985, 0.679, 
[165] Train acc: 1.0000
4, 252, 0.0173, 0.0003, 100.000, 100.000, 0.982, 0.686, 
[180] Train acc: 0.9844
4, 252, 0.1133, 0.0002, 98.438, 100.000, 0.985, 0.688, 
[195] Train acc: 1.0000
4, 252, 0.0079, 0.0003, 100.000, 100.000, 0.983, 0.682, 
[210] Train acc: 0.9531
4, 252, 0.1191, 0.0003, 95.312, 100.000, 0.980, 0.679, 
[225] Train acc: 1.0000
4, 252, 0.0161, 0.0003, 100.000, 100.000, 0.985, 0.698, 
[240] Train acc: 1.0000
4, 252, 0.0187, 0.0003, 100.000, 100.000, 0.982, 0.691, 
[255] Train acc: 0.9844
4, 252, 0.1243, 0.0003, 98.438, 98.438, 0.983, 0.692, 
[270] Train acc: 1.0000
4, 252, 0.0103, 0.0002, 100.000, 100.000, 0.986, 0.676, 
[285] Train acc: 0.9688
4, 252, 0.0890, 0.0002, 96.875, 100.000, 0.986, 0.672, 
[300] Train acc: 1.0000
4, 252, 0.0147, 0.0003, 100.000, 100.000, 0.981, 0.697, 
[315] Train acc: 1.0000
4, 252, 0.0182, 0.0002, 100.000, 100.000, 0.985, 0.674, 
[330] Train acc: 1.0000
4, 252, 0.0325, 0.0003, 100.000, 100.000, 0.985, 0.678, 
[345] Train acc: 0.9531
4, 252, 0.0922, 0.0003, 95.312, 100.000, 0.983, 0.690, 
[360] Train acc: 0.9688
4, 252, 0.0669, 0.0003, 96.875, 100.000, 0.979, 0.701, 
[375] Train acc: 1.0000
4, 252, 0.0089, 0.0003, 100.000, 100.000, 0.987, 0.684, 
[390] Train acc: 1.0000
4, 252, 0.0179, 0.0003, 100.000, 100.000, 0.985, 0.680, 
[405] Train acc: 1.0000
4, 252, 0.0076, 0.0003, 100.000, 100.000, 0.982, 0.679, 
[420] Train acc: 0.9688
4, 252, 0.0540, 0.0003, 96.875, 100.000, 0.982, 0.687, 
[435] Train acc: 0.9688
4, 252, 0.0744, 0.0003, 96.875, 100.000, 0.984, 0.682, 
[450] Train acc: 1.0000
4, 252, 0.0152, 0.0003, 100.000, 100.000, 0.983, 0.694, 
[465] Train acc: 0.9844
4, 252, 0.0753, 0.0002, 98.438, 100.000, 0.985, 0.671, 
[480] Train acc: 0.9688
4, 252, 0.0678, 0.0002, 96.875, 100.000, 0.984, 0.682, 
[495] Train acc: 0.9844
4, 252, 0.0385, 0.0003, 98.438, 100.000, 0.985, 0.682, 
[510] Train acc: 0.9531
4, 252, 0.0576, 0.0003, 95.312, 100.000, 0.987, 0.676, 
[525] Train acc: 1.0000
4, 252, 0.0055, 0.0002, 100.000, 100.000, 0.985, 0.689, 
[540] Train acc: 1.0000
4, 252, 0.0088, 0.0003, 100.000, 100.000, 0.980, 0.685, 
[555] Train acc: 0.9844
4, 252, 0.0672, 0.0002, 98.438, 100.000, 0.984, 0.691, 
[570] Train acc: 1.0000
4, 252, 0.0215, 0.0003, 100.000, 100.000, 0.982, 0.688, 
[585] Train acc: 0.9531
4, 252, 0.1056, 0.0002, 95.312, 100.000, 0.986, 0.680, 
[600] Train acc: 1.0000
4, 252, 0.0105, 0.0002, 100.000, 100.000, 0.987, 0.675, 
[615] Train acc: 0.9844
4, 252, 0.0304, 0.0002, 98.438, 100.000, 0.986, 0.680, 
[630] Train acc: 0.9531
4, 252, 0.1299, 0.0002, 95.312, 100.000, 0.983, 0.682, 
[645] Train acc: 1.0000
4, 252, 0.0146, 0.0002, 100.000, 100.000, 0.985, 0.672, 
[660] Train acc: 1.0000
4, 252, 0.0169, 0.0002, 100.000, 100.000, 0.987, 0.691, 
[675] Train acc: 0.9688
4, 252, 0.0538, 0.0002, 96.875, 100.000, 0.986, 0.684, 
[690] Train acc: 0.9844
4, 252, 0.0774, 0.0002, 98.438, 100.000, 0.983, 0.689, 
[705] Train acc: 1.0000
4, 252, 0.0300, 0.0002, 100.000, 100.000, 0.986, 0.673, 
[720] Train acc: 0.9844
4, 252, 0.0937, 0.0002, 98.438, 100.000, 0.983, 0.672, 
[735] Train acc: 1.0000
4, 252, 0.0191, 0.0002, 100.000, 100.000, 0.980, 0.682, 
[750] Train acc: 1.0000
4, 252, 0.0044, 0.0002, 100.000, 100.000, 0.983, 0.682, 
[765] Train acc: 0.9531
4, 252, 0.0958, 0.0002, 95.312, 100.000, 0.985, 0.687, 
[780] Train acc: 0.9688
4, 252, 0.0661, 0.0002, 96.875, 100.000, 0.985, 0.668, 
[795] Train acc: 0.9531
4, 252, 0.1070, 0.0002, 95.312, 100.000, 0.983, 0.678, 
[810] Train acc: 1.0000
4, 252, 0.0131, 0.0002, 100.000, 100.000, 0.985, 0.676, 
[825] Train acc: 0.9688
4, 252, 0.0316, 0.0002, 96.875, 100.000, 0.985, 0.678, 
[840] Train acc: 1.0000
4, 252, 0.0235, 0.0002, 100.000, 100.000, 0.986, 0.697, 
[855] Train acc: 1.0000
4, 252, 0.0032, 0.0002, 100.000, 100.000, 0.986, 0.682, 
[870] Train acc: 0.9844
4, 252, 0.0457, 0.0003, 98.438, 100.000, 0.983, 0.685, 
[885] Train acc: 1.0000
4, 252, 0.0180, 0.0002, 100.000, 100.000, 0.983, 0.677, 
[900] Train acc: 0.9844
4, 252, 0.0469, 0.0003, 98.438, 100.000, 0.980, 0.692, 
[915] Train acc: 1.0000
4, 252, 0.0054, 0.0002, 100.000, 100.000, 0.987, 0.676, 
[930] Train acc: 0.9688
4, 252, 0.1351, 0.0002, 96.875, 100.000, 0.988, 0.687, 
[0] Train acc: 0.9531
5, 252, 0.1104, 0.0003, 95.312, 100.000, 0.982, 0.680, 
[15] Train acc: 0.9844
5, 252, 0.0755, 0.0002, 98.438, 100.000, 0.987, 0.681, 
[30] Train acc: 1.0000
5, 252, 0.0264, 0.0002, 100.000, 100.000, 0.988, 0.662, 
[45] Train acc: 0.9531
5, 252, 0.0984, 0.0002, 95.312, 100.000, 0.986, 0.680, 
[60] Train acc: 1.0000
5, 252, 0.0236, 0.0002, 100.000, 100.000, 0.983, 0.676, 
[75] Train acc: 0.9844
5, 252, 0.0256, 0.0002, 98.438, 100.000, 0.988, 0.669, 
[90] Train acc: 0.9531
5, 252, 0.1569, 0.0003, 95.312, 100.000, 0.984, 0.694, 
[105] Train acc: 0.9844
5, 252, 0.0473, 0.0002, 98.438, 100.000, 0.987, 0.664, 
[120] Train acc: 1.0000
5, 252, 0.0015, 0.0002, 100.000, 100.000, 0.986, 0.683, 
[135] Train acc: 0.9844
5, 252, 0.0393, 0.0002, 98.438, 100.000, 0.988, 0.697, 
[150] Train acc: 1.0000
5, 252, 0.0231, 0.0002, 100.000, 100.000, 0.988, 0.662, 
[165] Train acc: 0.9844
5, 252, 0.0324, 0.0002, 98.438, 100.000, 0.984, 0.685, 
[180] Train acc: 0.9844
5, 252, 0.0189, 0.0002, 98.438, 100.000, 0.985, 0.672, 
[195] Train acc: 1.0000
5, 252, 0.0243, 0.0002, 100.000, 100.000, 0.986, 0.675, 
[210] Train acc: 0.9688
5, 252, 0.2014, 0.0002, 96.875, 98.438, 0.986, 0.680, 
[225] Train acc: 0.9688
5, 252, 0.0636, 0.0002, 96.875, 100.000, 0.981, 0.677, 
[240] Train acc: 0.9844
5, 252, 0.0409, 0.0002, 98.438, 100.000, 0.988, 0.674, 
[255] Train acc: 0.9844
5, 252, 0.0414, 0.0002, 98.438, 100.000, 0.985, 0.681, 
[270] Train acc: 1.0000
5, 252, 0.0077, 0.0002, 100.000, 100.000, 0.984, 0.678, 
[285] Train acc: 0.9844
5, 252, 0.0314, 0.0002, 98.438, 100.000, 0.986, 0.678, 
[300] Train acc: 0.9688
5, 252, 0.0770, 0.0002, 96.875, 100.000, 0.987, 0.680, 
[315] Train acc: 0.9688
5, 252, 0.0528, 0.0002, 96.875, 100.000, 0.986, 0.679, 
[330] Train acc: 0.9844
5, 252, 0.0357, 0.0002, 98.438, 100.000, 0.986, 0.674, 
[345] Train acc: 1.0000
5, 252, 0.0078, 0.0002, 100.000, 100.000, 0.986, 0.672, 
[360] Train acc: 1.0000
5, 252, 0.0062, 0.0002, 100.000, 100.000, 0.988, 0.684, 
[375] Train acc: 1.0000
5, 252, 0.0182, 0.0002, 100.000, 100.000, 0.985, 0.673, 
[390] Train acc: 0.9844
5, 252, 0.0347, 0.0002, 98.438, 100.000, 0.986, 0.660, 
[405] Train acc: 0.9844
5, 252, 0.0357, 0.0002, 98.438, 100.000, 0.986, 0.669, 
[420] Train acc: 0.9844
5, 252, 0.0288, 0.0002, 98.438, 100.000, 0.987, 0.674, 
[435] Train acc: 1.0000
5, 252, 0.0384, 0.0002, 100.000, 100.000, 0.987, 0.674, 
[450] Train acc: 0.9688
5, 252, 0.0746, 0.0002, 96.875, 100.000, 0.986, 0.663, 
[465] Train acc: 0.9531
5, 252, 0.2299, 0.0003, 95.312, 100.000, 0.985, 0.682, 
[480] Train acc: 1.0000
5, 252, 0.0095, 0.0002, 100.000, 100.000, 0.985, 0.682, 
[495] Train acc: 0.9688
5, 252, 0.0636, 0.0002, 96.875, 100.000, 0.985, 0.685, 
[510] Train acc: 0.9531
5, 252, 0.0753, 0.0002, 95.312, 100.000, 0.987, 0.681, 
[525] Train acc: 0.9688
5, 252, 0.0763, 0.0002, 96.875, 100.000, 0.988, 0.669, 
[540] Train acc: 0.9688
5, 252, 0.1208, 0.0002, 96.875, 100.000, 0.988, 0.671, 
[555] Train acc: 0.9844
5, 252, 0.0301, 0.0002, 98.438, 100.000, 0.990, 0.682, 
[570] Train acc: 1.0000
5, 252, 0.0098, 0.0002, 100.000, 100.000, 0.986, 0.673, 
[585] Train acc: 1.0000
5, 252, 0.0090, 0.0002, 100.000, 100.000, 0.985, 0.674, 
[600] Train acc: 1.0000
5, 252, 0.0170, 0.0002, 100.000, 100.000, 0.985, 0.671, 
[615] Train acc: 0.9844
5, 252, 0.0246, 0.0002, 98.438, 100.000, 0.988, 0.689, 
[630] Train acc: 0.9219
5, 252, 0.1508, 0.0002, 92.188, 100.000, 0.987, 0.675, 
[645] Train acc: 1.0000
5, 252, 0.0039, 0.0002, 100.000, 100.000, 0.987, 0.674, 
[660] Train acc: 1.0000
5, 252, 0.0033, 0.0002, 100.000, 100.000, 0.987, 0.664, 
[675] Train acc: 1.0000
5, 252, 0.0219, 0.0002, 100.000, 100.000, 0.987, 0.680, 
[690] Train acc: 1.0000
5, 252, 0.0031, 0.0002, 100.000, 100.000, 0.986, 0.660, 
[705] Train acc: 1.0000
5, 252, 0.0078, 0.0002, 100.000, 100.000, 0.988, 0.679, 
[720] Train acc: 0.9844
5, 252, 0.0540, 0.0002, 98.438, 100.000, 0.986, 0.684, 
[735] Train acc: 0.9844
5, 252, 0.0684, 0.0002, 98.438, 100.000, 0.987, 0.669, 
[750] Train acc: 1.0000
5, 252, 0.0082, 0.0002, 100.000, 100.000, 0.986, 0.672, 
[765] Train acc: 1.0000
5, 252, 0.0112, 0.0002, 100.000, 100.000, 0.983, 0.686, 
[780] Train acc: 0.9531
5, 252, 0.2455, 0.0002, 95.312, 100.000, 0.988, 0.677, 
[795] Train acc: 0.9688
5, 252, 0.0589, 0.0002, 96.875, 100.000, 0.988, 0.674, 
[810] Train acc: 0.9844
5, 252, 0.0220, 0.0002, 98.438, 100.000, 0.986, 0.680, 
[825] Train acc: 1.0000
5, 252, 0.0090, 0.0002, 100.000, 100.000, 0.983, 0.684, 
[840] Train acc: 0.9844
5, 252, 0.0306, 0.0002, 98.438, 100.000, 0.987, 0.650, 
[855] Train acc: 1.0000
5, 252, 0.0127, 0.0002, 100.000, 100.000, 0.985, 0.670, 
[870] Train acc: 0.9688
5, 252, 0.1107, 0.0002, 96.875, 100.000, 0.980, 0.671, 
[885] Train acc: 1.0000
5, 252, 0.0024, 0.0002, 100.000, 100.000, 0.987, 0.678, 
[900] Train acc: 1.0000
5, 252, 0.0236, 0.0002, 100.000, 100.000, 0.987, 0.673, 
[915] Train acc: 0.9844
5, 252, 0.0203, 0.0002, 98.438, 100.000, 0.987, 0.683, 
[930] Train acc: 0.9844
5, 252, 0.0435, 0.0002, 98.438, 100.000, 0.986, 0.683, 
[0] Train acc: 1.0000
6, 252, 0.0085, 0.0002, 100.000, 100.000, 0.985, 0.673, 
[15] Train acc: 1.0000
6, 252, 0.0074, 0.0002, 100.000, 100.000, 0.990, 0.660, 
[30] Train acc: 0.9844
6, 252, 0.0378, 0.0002, 98.438, 100.000, 0.986, 0.677, 
[45] Train acc: 1.0000
6, 252, 0.0035, 0.0002, 100.000, 100.000, 0.989, 0.676, 
[60] Train acc: 1.0000
6, 252, 0.0291, 0.0002, 100.000, 100.000, 0.987, 0.690, 
[75] Train acc: 1.0000
6, 252, 0.0240, 0.0002, 100.000, 100.000, 0.986, 0.667, 
[90] Train acc: 1.0000
6, 252, 0.0225, 0.0002, 100.000, 100.000, 0.987, 0.671, 
[105] Train acc: 0.9688
6, 252, 0.0429, 0.0002, 96.875, 100.000, 0.987, 0.666, 
[120] Train acc: 0.9844
6, 252, 0.0526, 0.0002, 98.438, 100.000, 0.988, 0.664, 
[135] Train acc: 1.0000
6, 252, 0.0031, 0.0002, 100.000, 100.000, 0.988, 0.673, 
[150] Train acc: 1.0000
6, 252, 0.0227, 0.0002, 100.000, 100.000, 0.986, 0.667, 
[165] Train acc: 1.0000
6, 252, 0.0111, 0.0002, 100.000, 100.000, 0.986, 0.671, 
[180] Train acc: 1.0000
6, 252, 0.0106, 0.0002, 100.000, 100.000, 0.988, 0.658, 
[195] Train acc: 0.9688
6, 252, 0.0541, 0.0002, 96.875, 100.000, 0.988, 0.662, 
[210] Train acc: 0.9844
6, 252, 0.0496, 0.0002, 98.438, 100.000, 0.987, 0.672, 
[225] Train acc: 0.9688
6, 252, 0.0520, 0.0002, 96.875, 100.000, 0.989, 0.664, 
[240] Train acc: 1.0000
6, 252, 0.0066, 0.0002, 100.000, 100.000, 0.986, 0.677, 
[255] Train acc: 0.9844
6, 252, 0.0878, 0.0002, 98.438, 100.000, 0.987, 0.662, 
[270] Train acc: 1.0000
6, 252, 0.0132, 0.0002, 100.000, 100.000, 0.988, 0.679, 
[285] Train acc: 0.9688
6, 252, 0.0930, 0.0002, 96.875, 100.000, 0.988, 0.683, 
[300] Train acc: 0.9844
6, 252, 0.1033, 0.0002, 98.438, 100.000, 0.985, 0.673, 
[315] Train acc: 1.0000
6, 252, 0.0046, 0.0002, 100.000, 100.000, 0.988, 0.675, 
[330] Train acc: 0.9844
6, 252, 0.0216, 0.0002, 98.438, 100.000, 0.988, 0.675, 
[345] Train acc: 0.9688
6, 252, 0.1465, 0.0002, 96.875, 100.000, 0.989, 0.679, 
[360] Train acc: 0.9844
6, 252, 0.0298, 0.0002, 98.438, 100.000, 0.990, 0.672, 
[375] Train acc: 0.9844
6, 252, 0.0448, 0.0003, 98.438, 100.000, 0.984, 0.688, 
[390] Train acc: 0.9844
6, 252, 0.0541, 0.0002, 98.438, 100.000, 0.987, 0.667, 
[405] Train acc: 1.0000
6, 252, 0.0164, 0.0002, 100.000, 100.000, 0.984, 0.682, 
[420] Train acc: 1.0000
6, 252, 0.0045, 0.0002, 100.000, 100.000, 0.985, 0.671, 
[435] Train acc: 1.0000
6, 252, 0.0035, 0.0002, 100.000, 100.000, 0.988, 0.677, 
[450] Train acc: 1.0000
6, 252, 0.0090, 0.0002, 100.000, 100.000, 0.986, 0.671, 
[465] Train acc: 0.9844
6, 252, 0.0272, 0.0002, 98.438, 100.000, 0.989, 0.665, 
[480] Train acc: 1.0000
6, 252, 0.0067, 0.0002, 100.000, 100.000, 0.988, 0.678, 
[495] Train acc: 1.0000
6, 252, 0.0115, 0.0002, 100.000, 100.000, 0.987, 0.675, 
[510] Train acc: 0.9688
6, 252, 0.1064, 0.0002, 96.875, 100.000, 0.986, 0.677, 
[525] Train acc: 0.9688
6, 252, 0.0514, 0.0002, 96.875, 100.000, 0.991, 0.673, 
[540] Train acc: 0.9844
6, 252, 0.0582, 0.0002, 98.438, 100.000, 0.986, 0.672, 
[555] Train acc: 1.0000
6, 252, 0.0139, 0.0002, 100.000, 100.000, 0.989, 0.668, 
[570] Train acc: 0.9688
6, 252, 0.0436, 0.0002, 96.875, 100.000, 0.989, 0.666, 
[585] Train acc: 0.9844
6, 252, 0.0471, 0.0002, 98.438, 100.000, 0.988, 0.680, 
[600] Train acc: 1.0000
6, 252, 0.0010, 0.0002, 100.000, 100.000, 0.986, 0.677, 
[615] Train acc: 1.0000
6, 252, 0.0274, 0.0002, 100.000, 100.000, 0.989, 0.658, 
[630] Train acc: 0.9844
6, 252, 0.0533, 0.0002, 98.438, 100.000, 0.981, 0.665, 
[645] Train acc: 1.0000
6, 252, 0.0045, 0.0002, 100.000, 100.000, 0.989, 0.672, 
[660] Train acc: 1.0000
6, 252, 0.0103, 0.0002, 100.000, 100.000, 0.988, 0.669, 
[675] Train acc: 1.0000
6, 252, 0.0031, 0.0002, 100.000, 100.000, 0.990, 0.670, 
[690] Train acc: 1.0000
6, 252, 0.0067, 0.0002, 100.000, 100.000, 0.988, 0.661, 
[705] Train acc: 1.0000
6, 252, 0.0077, 0.0002, 100.000, 100.000, 0.986, 0.671, 
[720] Train acc: 0.9844
6, 252, 0.0290, 0.0002, 98.438, 100.000, 0.985, 0.684, 
[735] Train acc: 0.9844
6, 252, 0.0469, 0.0002, 98.438, 100.000, 0.988, 0.665, 
[750] Train acc: 0.9844
6, 252, 0.0277, 0.0002, 98.438, 100.000, 0.990, 0.658, 
[765] Train acc: 1.0000
6, 252, 0.0017, 0.0002, 100.000, 100.000, 0.989, 0.674, 
[780] Train acc: 1.0000
6, 252, 0.0126, 0.0002, 100.000, 100.000, 0.987, 0.675, 
[795] Train acc: 0.9844
6, 252, 0.0272, 0.0002, 98.438, 100.000, 0.988, 0.666, 
[810] Train acc: 1.0000
6, 252, 0.0162, 0.0002, 100.000, 100.000, 0.988, 0.669, 
[825] Train acc: 0.9688
6, 252, 0.0488, 0.0002, 96.875, 100.000, 0.988, 0.668, 
[840] Train acc: 0.9844
6, 252, 0.0506, 0.0002, 98.438, 100.000, 0.987, 0.678, 
[855] Train acc: 1.0000
6, 252, 0.0059, 0.0002, 100.000, 100.000, 0.987, 0.662, 
[870] Train acc: 1.0000
6, 252, 0.0069, 0.0002, 100.000, 100.000, 0.987, 0.664, 
[885] Train acc: 0.9688
6, 252, 0.0715, 0.0002, 96.875, 100.000, 0.987, 0.667, 
[900] Train acc: 1.0000
6, 252, 0.0087, 0.0002, 100.000, 100.000, 0.989, 0.674, 
[915] Train acc: 1.0000
6, 252, 0.0105, 0.0002, 100.000, 100.000, 0.988, 0.667, 
[930] Train acc: 1.0000
6, 252, 0.0081, 0.0002, 100.000, 100.000, 0.987, 0.662, 
[0] Train acc: 1.0000, Constr acc: 0.7812, CE loss: 0.005, DL2 loss: 11.676
7, 252, 0.0049, 0.0010, 100.000, 100.000, 0.736, 0.781, 
[15] Train acc: 0.9531, Constr acc: 0.8438, CE loss: 0.243, DL2 loss: 7.617
7, 251, 0.2429, 0.0002, 95.312, 100.000, 0.954, 0.670, 
[30] Train acc: 0.9375, Constr acc: 0.9062, CE loss: 0.171, DL2 loss: 5.380
7, 250, 0.1705, 0.0003, 93.750, 100.000, 0.944, 0.681, 
[45] Train acc: 0.9844, Constr acc: 0.9375, CE loss: 0.058, DL2 loss: 2.974
7, 249, 0.0576, 0.0002, 98.438, 100.000, 0.963, 0.680, 
[60] Train acc: 0.9844, Constr acc: 0.8438, CE loss: 0.168, DL2 loss: 6.868
7, 248, 0.1676, 0.0044, 98.438, 98.438, 0.176, 0.955, 
[75] Train acc: 0.8438, Constr acc: 0.7188, CE loss: 1.034, DL2 loss: 13.639
7, 247, 1.0344, 0.0005, 84.375, 95.312, 0.843, 0.719, 
[90] Train acc: 0.9219, Constr acc: 0.8750, CE loss: 0.381, DL2 loss: 7.138
7, 246, 0.3809, 0.0003, 92.188, 100.000, 0.920, 0.667, 
[105] Train acc: 0.9219, Constr acc: 0.7188, CE loss: 0.637, DL2 loss: 11.941
7, 245, 0.6366, 0.0005, 92.188, 100.000, 0.891, 0.732, 
[120] Train acc: 0.8125, Constr acc: 0.9375, CE loss: 1.182, DL2 loss: 1.591
7, 244, 1.1824, 0.0004, 81.250, 100.000, 0.881, 0.684, 
[135] Train acc: 0.8125, Constr acc: 0.8750, CE loss: 1.162, DL2 loss: 3.488
7, 243, 1.1619, 0.0006, 81.250, 98.438, 0.815, 0.705, 
[150] Train acc: 0.9531, Constr acc: 0.7188, CE loss: 0.147, DL2 loss: 18.069
7, 242, 0.1467, 0.0003, 95.312, 100.000, 0.937, 0.655, 
[165] Train acc: 0.9844, Constr acc: 0.9062, CE loss: 0.101, DL2 loss: 7.041
7, 241, 0.1013, 0.0003, 98.438, 100.000, 0.944, 0.667, 
[180] Train acc: 0.9375, Constr acc: 0.9375, CE loss: 0.190, DL2 loss: 1.660
7, 240, 0.1903, 0.0002, 93.750, 100.000, 0.952, 0.655, 
[195] Train acc: 0.8906, Constr acc: 0.7812, CE loss: 0.448, DL2 loss: 13.138
7, 239, 0.4480, 0.0003, 89.062, 100.000, 0.916, 0.668, 
[210] Train acc: 0.9844, Constr acc: 0.9062, CE loss: 0.048, DL2 loss: 5.694
7, 238, 0.0478, 0.0002, 98.438, 100.000, 0.943, 0.657, 
[225] Train acc: 0.9375, Constr acc: 0.8438, CE loss: 0.154, DL2 loss: 6.058
7, 237, 0.1538, 0.0002, 93.750, 100.000, 0.937, 0.660, 
[240] Train acc: 0.9375, Constr acc: 0.8438, CE loss: 0.269, DL2 loss: 8.034
7, 236, 0.2688, 0.0002, 93.750, 98.438, 0.963, 0.659, 
[255] Train acc: 0.9531, Constr acc: 0.8750, CE loss: 0.171, DL2 loss: 3.146
7, 235, 0.1709, 0.0002, 95.312, 100.000, 0.954, 0.674, 
[270] Train acc: 0.9844, Constr acc: 0.8750, CE loss: 0.093, DL2 loss: 11.461
7, 234, 0.0928, 0.0002, 98.438, 100.000, 0.959, 0.669, 
[285] Train acc: 0.8906, Constr acc: 0.6875, CE loss: 0.534, DL2 loss: 15.798
7, 233, 0.5340, 0.0003, 89.062, 100.000, 0.932, 0.684, 
[300] Train acc: 0.9531, Constr acc: 0.8438, CE loss: 0.377, DL2 loss: 7.265
7, 232, 0.3769, 0.0003, 95.312, 100.000, 0.922, 0.672, 
[315] Train acc: 0.9844, Constr acc: 0.9375, CE loss: 0.042, DL2 loss: 5.092
7, 231, 0.0415, 0.0002, 98.438, 100.000, 0.953, 0.663, 
[330] Train acc: 0.9062, Constr acc: 0.7812, CE loss: 0.578, DL2 loss: 10.461
7, 230, 0.5776, 0.0006, 90.625, 98.438, 0.782, 0.691, 
[345] Train acc: 0.8438, Constr acc: 0.7812, CE loss: 0.829, DL2 loss: 9.658
7, 229, 0.8290, 0.0002, 84.375, 98.438, 0.946, 0.666, 
[360] Train acc: 0.9531, Constr acc: 0.9062, CE loss: 0.081, DL2 loss: 6.469
7, 228, 0.0807, 0.0002, 95.312, 100.000, 0.956, 0.652, 
[375] Train acc: 0.9219, Constr acc: 0.9062, CE loss: 0.334, DL2 loss: 5.361
7, 227, 0.3338, 0.0001, 92.188, 100.000, 0.964, 0.659, 
[390] Train acc: 0.9375, Constr acc: 0.8438, CE loss: 0.236, DL2 loss: 6.202
7, 226, 0.2356, 0.0003, 93.750, 100.000, 0.914, 0.663, 
[405] Train acc: 0.9531, Constr acc: 0.9375, CE loss: 0.374, DL2 loss: 3.978
7, 225, 0.3743, 0.0002, 95.312, 98.438, 0.946, 0.650, 
[420] Train acc: 0.9531, Constr acc: 0.9375, CE loss: 0.176, DL2 loss: 2.141
7, 224, 0.1760, 0.0002, 95.312, 100.000, 0.960, 0.665, 
[435] Train acc: 0.9844, Constr acc: 0.8750, CE loss: 0.107, DL2 loss: 2.768
7, 223, 0.1067, 0.0003, 98.438, 100.000, 0.890, 0.679, 
[450] Train acc: 0.9688, Constr acc: 0.8125, CE loss: 0.124, DL2 loss: 10.496
7, 222, 0.1244, 0.0002, 96.875, 100.000, 0.967, 0.665, 
[465] Train acc: 0.9844, Constr acc: 0.8750, CE loss: 0.029, DL2 loss: 9.690
7, 221, 0.0287, 0.0002, 98.438, 100.000, 0.953, 0.659, 
[480] Train acc: 0.9375, Constr acc: 0.9062, CE loss: 0.379, DL2 loss: 7.436
7, 220, 0.3787, 0.0002, 93.750, 98.438, 0.944, 0.667, 
[495] Train acc: 0.9688, Constr acc: 0.9375, CE loss: 0.111, DL2 loss: 2.918
7, 219, 0.1106, 0.0002, 96.875, 100.000, 0.970, 0.657, 
[510] Train acc: 0.9688, Constr acc: 0.8438, CE loss: 0.139, DL2 loss: 5.950
7, 218, 0.1393, 0.0003, 96.875, 100.000, 0.921, 0.659, 
[525] Train acc: 0.9219, Constr acc: 0.8438, CE loss: 0.152, DL2 loss: 3.737
7, 217, 0.1518, 0.0002, 92.188, 100.000, 0.959, 0.654, 
[540] Train acc: 0.9844, Constr acc: 0.9062, CE loss: 0.026, DL2 loss: 5.302
7, 216, 0.0264, 0.0002, 98.438, 100.000, 0.948, 0.650, 
[555] Train acc: 0.8594, Constr acc: 0.8125, CE loss: 0.703, DL2 loss: 9.056
7, 215, 0.7033, 0.0002, 85.938, 100.000, 0.956, 0.668, 
[570] Train acc: 0.9688, Constr acc: 0.9062, CE loss: 0.148, DL2 loss: 4.849
7, 214, 0.1477, 0.0003, 96.875, 100.000, 0.924, 0.673, 
[585] Train acc: 0.9531, Constr acc: 0.8438, CE loss: 0.121, DL2 loss: 8.848
7, 213, 0.1206, 0.0002, 95.312, 100.000, 0.953, 0.664, 
[600] Train acc: 0.9688, Constr acc: 0.8125, CE loss: 0.138, DL2 loss: 6.009
7, 212, 0.1382, 0.0002, 96.875, 100.000, 0.943, 0.660, 
[615] Train acc: 0.9844, Constr acc: 0.8750, CE loss: 0.030, DL2 loss: 5.183
7, 211, 0.0303, 0.0002, 98.438, 100.000, 0.960, 0.653, 
[630] Train acc: 0.8906, Constr acc: 0.8438, CE loss: 0.447, DL2 loss: 7.539
7, 210, 0.4469, 0.0002, 89.062, 100.000, 0.952, 0.650, 
[645] Train acc: 0.9062, Constr acc: 0.7812, CE loss: 0.418, DL2 loss: 7.545
7, 209, 0.4182, 0.0003, 90.625, 100.000, 0.921, 0.651, 
[660] Train acc: 1.0000, Constr acc: 0.9375, CE loss: 0.003, DL2 loss: 5.323
7, 208, 0.0027, 0.0002, 100.000, 100.000, 0.951, 0.661, 
[675] Train acc: 0.9688, Constr acc: 0.7812, CE loss: 0.188, DL2 loss: 17.941
7, 207, 0.1883, 0.0002, 96.875, 100.000, 0.961, 0.647, 
[690] Train acc: 0.9688, Constr acc: 0.9062, CE loss: 0.076, DL2 loss: 5.822
7, 206, 0.0759, 0.0002, 96.875, 100.000, 0.960, 0.646, 
[705] Train acc: 0.9844, Constr acc: 0.9062, CE loss: 0.026, DL2 loss: 5.392
7, 205, 0.0259, 0.0002, 98.438, 100.000, 0.959, 0.651, 
[720] Train acc: 0.9844, Constr acc: 0.9375, CE loss: 0.095, DL2 loss: 2.979
7, 204, 0.0947, 0.0002, 98.438, 100.000, 0.958, 0.656, 
[735] Train acc: 0.9688, Constr acc: 0.9062, CE loss: 0.107, DL2 loss: 8.689
7, 203, 0.1068, 0.0002, 96.875, 100.000, 0.968, 0.644, 
[750] Train acc: 0.9844, Constr acc: 0.9062, CE loss: 0.022, DL2 loss: 3.207
7, 202, 0.0219, 0.0001, 98.438, 100.000, 0.969, 0.655, 
[765] Train acc: 0.8125, Constr acc: 0.9688, CE loss: 0.726, DL2 loss: 0.040
7, 201, 0.7258, 0.0004, 81.250, 100.000, 0.897, 0.664, 
[780] Train acc: 0.9219, Constr acc: 0.9062, CE loss: 0.245, DL2 loss: 4.344
7, 200, 0.2449, 0.0002, 92.188, 100.000, 0.952, 0.664, 
[795] Train acc: 0.9219, Constr acc: 0.9375, CE loss: 0.428, DL2 loss: 2.319
7, 199, 0.4275, 0.0002, 92.188, 100.000, 0.924, 0.658, 
[810] Train acc: 0.9375, Constr acc: 0.9062, CE loss: 0.244, DL2 loss: 2.818
7, 198, 0.2445, 0.0002, 93.750, 100.000, 0.959, 0.668, 
[825] Train acc: 0.9531, Constr acc: 0.8438, CE loss: 0.203, DL2 loss: 6.850
7, 197, 0.2034, 0.0002, 95.312, 100.000, 0.947, 0.671, 
[840] Train acc: 0.9844, Constr acc: 0.9375, CE loss: 0.105, DL2 loss: 3.716
7, 196, 0.1054, 0.0001, 98.438, 100.000, 0.964, 0.651, 
[855] Train acc: 0.9531, Constr acc: 0.8125, CE loss: 0.132, DL2 loss: 11.292
7, 195, 0.1322, 0.0002, 95.312, 100.000, 0.959, 0.654, 
[870] Train acc: 0.9375, Constr acc: 0.9688, CE loss: 0.217, DL2 loss: 0.126
7, 194, 0.2168, 0.0002, 93.750, 100.000, 0.955, 0.652, 
[885] Train acc: 0.9531, Constr acc: 0.8750, CE loss: 0.186, DL2 loss: 12.355
7, 193, 0.1862, 0.0001, 95.312, 100.000, 0.967, 0.639, 
[900] Train acc: 0.9688, Constr acc: 0.9062, CE loss: 0.373, DL2 loss: 4.250
7, 192, 0.3734, 0.0002, 96.875, 98.438, 0.965, 0.648, 
[915] Train acc: 0.8906, Constr acc: 0.8438, CE loss: 0.284, DL2 loss: 8.655
7, 191, 0.2844, 0.0002, 89.062, 100.000, 0.961, 0.650, 
[930] Train acc: 0.9375, Constr acc: 0.8750, CE loss: 0.358, DL2 loss: 3.556
7, 190, 0.3580, 0.0001, 93.750, 98.438, 0.965, 0.656, 
[0] Train acc: 0.9844, Constr acc: 0.9062, CE loss: 0.047, DL2 loss: 7.200
8, 190, 0.0468, 0.0002, 98.438, 100.000, 0.925, 0.647, 
[15] Train acc: 0.9219, Constr acc: 0.9375, CE loss: 0.315, DL2 loss: 3.031
8, 189, 0.3146, 0.0003, 92.188, 98.438, 0.909, 0.656, 
[30] Train acc: 0.9844, Constr acc: 0.9062, CE loss: 0.043, DL2 loss: 6.846
8, 188, 0.0432, 0.0002, 98.438, 100.000, 0.962, 0.646, 
[45] Train acc: 0.9844, Constr acc: 0.7500, CE loss: 0.191, DL2 loss: 11.516
8, 187, 0.1912, 0.0002, 98.438, 98.438, 0.949, 0.659, 
[60] Train acc: 0.9375, Constr acc: 0.8125, CE loss: 0.396, DL2 loss: 8.982
8, 186, 0.3956, 0.0001, 93.750, 100.000, 0.967, 0.644, 
[75] Train acc: 1.0000, Constr acc: 0.7812, CE loss: 0.016, DL2 loss: 9.880
8, 185, 0.0161, 0.0001, 100.000, 100.000, 0.966, 0.645, 
[90] Train acc: 0.9688, Constr acc: 0.9062, CE loss: 0.126, DL2 loss: 6.398
8, 184, 0.1263, 0.0001, 96.875, 100.000, 0.964, 0.643, 
[105] Train acc: 0.9844, Constr acc: 0.9688, CE loss: 0.059, DL2 loss: 2.120
8, 183, 0.0591, 0.0002, 98.438, 100.000, 0.962, 0.645, 
[120] Train acc: 0.9844, Constr acc: 1.0000, CE loss: 0.062, DL2 loss: 0.000
8, 182, 0.0620, 0.0001, 98.438, 100.000, 0.970, 0.651, 
[135] Train acc: 0.9844, Constr acc: 0.9375, CE loss: 0.015, DL2 loss: 4.432
8, 181, 0.0154, 0.0001, 98.438, 100.000, 0.968, 0.646, 
[150] Train acc: 0.9375, Constr acc: 0.8750, CE loss: 0.302, DL2 loss: 5.207
8, 180, 0.3020, 0.0002, 93.750, 100.000, 0.958, 0.647, 
[165] Train acc: 0.9531, Constr acc: 0.8438, CE loss: 0.144, DL2 loss: 4.999
8, 179, 0.1438, 0.0002, 95.312, 100.000, 0.963, 0.649, 
[180] Train acc: 0.9688, Constr acc: 0.9688, CE loss: 0.121, DL2 loss: 3.588
8, 178, 0.1207, 0.0001, 96.875, 100.000, 0.964, 0.636, 
[195] Train acc: 0.9844, Constr acc: 0.9375, CE loss: 0.150, DL2 loss: 3.766
8, 177, 0.1499, 0.0001, 98.438, 100.000, 0.967, 0.639, 
[210] Train acc: 0.9844, Constr acc: 0.7812, CE loss: 0.091, DL2 loss: 10.750
8, 176, 0.0912, 0.0001, 98.438, 100.000, 0.970, 0.632, 
[225] Train acc: 0.8906, Constr acc: 0.9375, CE loss: 0.342, DL2 loss: 1.153
8, 175, 0.3420, 0.0001, 89.062, 100.000, 0.965, 0.655, 
[240] Train acc: 0.8281, Constr acc: 0.8438, CE loss: 1.064, DL2 loss: 7.568
8, 174, 1.0643, 0.0003, 82.812, 100.000, 0.916, 0.666, 
[255] Train acc: 0.9219, Constr acc: 0.7812, CE loss: 0.389, DL2 loss: 10.589
8, 173, 0.3894, 0.0003, 92.188, 100.000, 0.921, 0.657, 
[270] Train acc: 0.9531, Constr acc: 0.9688, CE loss: 0.299, DL2 loss: 1.896
8, 172, 0.2994, 0.0001, 95.312, 100.000, 0.970, 0.649, 
[285] Train acc: 0.9844, Constr acc: 0.9375, CE loss: 0.150, DL2 loss: 3.330
8, 171, 0.1496, 0.0001, 98.438, 100.000, 0.974, 0.647, 
[300] Train acc: 0.9844, Constr acc: 0.9062, CE loss: 0.040, DL2 loss: 2.093
8, 170, 0.0403, 0.0001, 98.438, 100.000, 0.967, 0.658, 
[315] Train acc: 0.9531, Constr acc: 0.9062, CE loss: 0.189, DL2 loss: 4.485
8, 169, 0.1892, 0.0001, 95.312, 100.000, 0.971, 0.653, 
[330] Train acc: 1.0000, Constr acc: 0.9688, CE loss: 0.016, DL2 loss: 0.645
8, 168, 0.0160, 0.0001, 100.000, 100.000, 0.970, 0.653, 
[345] Train acc: 0.9531, Constr acc: 0.8750, CE loss: 0.193, DL2 loss: 5.902
8, 167, 0.1926, 0.0001, 95.312, 100.000, 0.966, 0.647, 
[360] Train acc: 0.9531, Constr acc: 0.8438, CE loss: 0.370, DL2 loss: 8.225
8, 166, 0.3700, 0.0002, 95.312, 100.000, 0.956, 0.645, 
[375] Train acc: 0.9375, Constr acc: 0.9688, CE loss: 0.173, DL2 loss: 2.634
8, 165, 0.1732, 0.0001, 93.750, 100.000, 0.968, 0.661, 
[390] Train acc: 0.9531, Constr acc: 0.8750, CE loss: 0.196, DL2 loss: 4.300
8, 164, 0.1959, 0.0001, 95.312, 100.000, 0.964, 0.642, 
[405] Train acc: 0.9844, Constr acc: 0.9688, CE loss: 0.123, DL2 loss: 2.580
8, 163, 0.1231, 0.0001, 98.438, 100.000, 0.970, 0.654, 
[420] Train acc: 0.9531, Constr acc: 0.8750, CE loss: 0.108, DL2 loss: 5.438
8, 162, 0.1078, 0.0001, 95.312, 100.000, 0.976, 0.662, 
[435] Train acc: 0.9688, Constr acc: 0.9375, CE loss: 0.167, DL2 loss: 4.645
8, 161, 0.1670, 0.0001, 96.875, 100.000, 0.969, 0.648, 
[450] Train acc: 0.9219, Constr acc: 0.8750, CE loss: 0.563, DL2 loss: 7.131
8, 160, 0.5625, 0.0002, 92.188, 100.000, 0.941, 0.653, 
[465] Train acc: 0.9375, Constr acc: 0.9062, CE loss: 0.324, DL2 loss: 4.584
8, 159, 0.3245, 0.0001, 93.750, 98.438, 0.972, 0.646, 
[480] Train acc: 0.9844, Constr acc: 0.9062, CE loss: 0.053, DL2 loss: 3.570
8, 158, 0.0526, 0.0001, 98.438, 100.000, 0.972, 0.637, 
[495] Train acc: 1.0000, Constr acc: 0.8438, CE loss: 0.002, DL2 loss: 3.961
8, 157, 0.0024, 0.0001, 100.000, 100.000, 0.964, 0.647, 
[510] Train acc: 1.0000, Constr acc: 0.9688, CE loss: 0.017, DL2 loss: 0.476
8, 156, 0.0173, 0.0001, 100.000, 100.000, 0.970, 0.641, 
[525] Train acc: 0.9844, Constr acc: 0.9688, CE loss: 0.069, DL2 loss: 0.879
8, 155, 0.0695, 0.0001, 98.438, 100.000, 0.964, 0.656, 
[540] Train acc: 0.9531, Constr acc: 0.8438, CE loss: 0.335, DL2 loss: 8.287
8, 154, 0.3349, 0.0002, 95.312, 100.000, 0.942, 0.676, 
[555] Train acc: 0.9375, Constr acc: 0.9375, CE loss: 0.248, DL2 loss: 4.698
8, 153, 0.2477, 0.0001, 93.750, 100.000, 0.970, 0.652, 
[570] Train acc: 0.9688, Constr acc: 0.9375, CE loss: 0.148, DL2 loss: 5.119
8, 152, 0.1483, 0.0002, 96.875, 100.000, 0.964, 0.648, 
[585] Train acc: 0.9844, Constr acc: 0.9375, CE loss: 0.015, DL2 loss: 4.451
8, 151, 0.0154, 0.0001, 98.438, 100.000, 0.972, 0.659, 
[600] Train acc: 0.9375, Constr acc: 0.9062, CE loss: 0.220, DL2 loss: 4.243
8, 150, 0.2201, 0.0001, 93.750, 100.000, 0.973, 0.648, 
[615] Train acc: 0.9844, Constr acc: 0.9375, CE loss: 0.074, DL2 loss: 1.952
8, 149, 0.0743, 0.0002, 98.438, 100.000, 0.966, 0.647, 
[630] Train acc: 0.9688, Constr acc: 0.9062, CE loss: 0.192, DL2 loss: 8.278
8, 148, 0.1921, 0.0001, 96.875, 100.000, 0.972, 0.644, 
[645] Train acc: 0.9531, Constr acc: 0.8750, CE loss: 0.503, DL2 loss: 5.739
8, 147, 0.5033, 0.0001, 95.312, 100.000, 0.972, 0.656, 
[660] Train acc: 0.9375, Constr acc: 0.8438, CE loss: 0.236, DL2 loss: 9.189
8, 146, 0.2361, 0.0001, 93.750, 100.000, 0.976, 0.653, 
[675] Train acc: 0.9688, Constr acc: 0.8438, CE loss: 0.043, DL2 loss: 6.488
8, 145, 0.0430, 0.0002, 96.875, 100.000, 0.964, 0.651, 
[690] Train acc: 0.9531, Constr acc: 0.8750, CE loss: 0.166, DL2 loss: 2.805
8, 144, 0.1658, 0.0002, 95.312, 100.000, 0.949, 0.636, 
[705] Train acc: 0.9375, Constr acc: 0.9062, CE loss: 0.447, DL2 loss: 1.512
8, 143, 0.4472, 0.0002, 93.750, 100.000, 0.946, 0.671, 
[720] Train acc: 0.9375, Constr acc: 0.8438, CE loss: 0.251, DL2 loss: 5.250
8, 142, 0.2510, 0.0002, 93.750, 100.000, 0.959, 0.662, 
[735] Train acc: 0.9688, Constr acc: 0.8750, CE loss: 0.131, DL2 loss: 7.543
8, 141, 0.1309, 0.0002, 96.875, 100.000, 0.960, 0.659, 
[750] Train acc: 0.8750, Constr acc: 0.9375, CE loss: 0.559, DL2 loss: 2.764
8, 140, 0.5588, 0.0002, 87.500, 100.000, 0.963, 0.657, 
[765] Train acc: 0.9062, Constr acc: 0.8125, CE loss: 0.296, DL2 loss: 8.957
8, 139, 0.2957, 0.0002, 90.625, 100.000, 0.958, 0.661, 
[780] Train acc: 0.9531, Constr acc: 0.9375, CE loss: 0.434, DL2 loss: 2.680
8, 138, 0.4339, 0.0002, 95.312, 100.000, 0.962, 0.653, 
[795] Train acc: 0.9844, Constr acc: 0.8125, CE loss: 0.015, DL2 loss: 12.293
8, 137, 0.0149, 0.0002, 98.438, 100.000, 0.964, 0.656, 
[810] Train acc: 0.9375, Constr acc: 1.0000, CE loss: 0.304, DL2 loss: 0.000
8, 136, 0.3039, 0.0001, 93.750, 98.438, 0.970, 0.653, 
[825] Train acc: 0.9531, Constr acc: 0.9375, CE loss: 0.118, DL2 loss: 4.281
8, 135, 0.1176, 0.0002, 95.312, 100.000, 0.958, 0.656, 
[840] Train acc: 0.9688, Constr acc: 0.9062, CE loss: 0.167, DL2 loss: 3.995
8, 134, 0.1666, 0.0002, 96.875, 98.438, 0.946, 0.660, 
[855] Train acc: 0.9688, Constr acc: 0.8438, CE loss: 0.160, DL2 loss: 10.073
8, 133, 0.1601, 0.0001, 96.875, 100.000, 0.972, 0.653, 
[870] Train acc: 0.9531, Constr acc: 0.8125, CE loss: 0.121, DL2 loss: 8.382
8, 132, 0.1210, 0.0001, 95.312, 100.000, 0.972, 0.653, 
[885] Train acc: 0.9062, Constr acc: 0.8438, CE loss: 0.451, DL2 loss: 11.834
8, 131, 0.4511, 0.0002, 90.625, 100.000, 0.959, 0.652, 
[900] Train acc: 0.8594, Constr acc: 0.9062, CE loss: 1.879, DL2 loss: 5.188
8, 130, 1.8786, 0.0007, 85.938, 96.875, 0.806, 0.680, 
[915] Train acc: 0.9375, Constr acc: 0.8750, CE loss: 0.321, DL2 loss: 8.913
8, 129, 0.3205, 0.0002, 93.750, 100.000, 0.956, 0.657, 
[930] Train acc: 0.9531, Constr acc: 0.9375, CE loss: 0.215, DL2 loss: 2.580
8, 128, 0.2146, 0.0002, 95.312, 100.000, 0.950, 0.656, 
[0] Train acc: 0.9531, Constr acc: 0.7500, CE loss: 0.222, DL2 loss: 14.532
9, 127, 0.2218, 0.0002, 95.312, 100.000, 0.957, 0.666, 
[15] Train acc: 0.9531, Constr acc: 0.8125, CE loss: 0.155, DL2 loss: 13.372
9, 126, 0.1554, 0.0002, 95.312, 100.000, 0.962, 0.651, 
[30] Train acc: 1.0000, Constr acc: 0.8125, CE loss: 0.010, DL2 loss: 12.822
9, 125, 0.0097, 0.0002, 100.000, 100.000, 0.962, 0.643, 
[45] Train acc: 0.9219, Constr acc: 0.9375, CE loss: 0.357, DL2 loss: 3.899
9, 124, 0.3574, 0.0001, 92.188, 100.000, 0.974, 0.658, 
[60] Train acc: 0.9531, Constr acc: 0.9688, CE loss: 0.132, DL2 loss: 2.212
9, 123, 0.1320, 0.0001, 95.312, 100.000, 0.967, 0.646, 
[75] Train acc: 0.9531, Constr acc: 0.9688, CE loss: 0.135, DL2 loss: 1.399
9, 122, 0.1347, 0.0001, 95.312, 100.000, 0.977, 0.650, 
[90] Train acc: 0.9688, Constr acc: 0.8438, CE loss: 0.178, DL2 loss: 6.343
9, 121, 0.1780, 0.0001, 96.875, 100.000, 0.974, 0.648, 
[105] Train acc: 0.9844, Constr acc: 0.9062, CE loss: 0.043, DL2 loss: 5.777
9, 120, 0.0430, 0.0001, 98.438, 100.000, 0.978, 0.659, 
[120] Train acc: 0.9531, Constr acc: 0.9062, CE loss: 0.159, DL2 loss: 3.445
9, 119, 0.1587, 0.0002, 95.312, 100.000, 0.970, 0.663, 
[135] Train acc: 0.9688, Constr acc: 0.8125, CE loss: 0.065, DL2 loss: 6.324
9, 118, 0.0655, 0.0002, 96.875, 100.000, 0.969, 0.660, 
[150] Train acc: 0.9531, Constr acc: 0.9688, CE loss: 0.127, DL2 loss: 2.194
9, 117, 0.1266, 0.0001, 95.312, 100.000, 0.972, 0.653, 
[165] Train acc: 0.9688, Constr acc: 0.9062, CE loss: 0.128, DL2 loss: 1.629
9, 116, 0.1279, 0.0002, 96.875, 100.000, 0.961, 0.651, 
[180] Train acc: 0.9844, Constr acc: 0.9062, CE loss: 0.053, DL2 loss: 4.511
9, 115, 0.0530, 0.0001, 98.438, 100.000, 0.970, 0.647, 
[195] Train acc: 0.9688, Constr acc: 0.9375, CE loss: 0.097, DL2 loss: 1.401
9, 114, 0.0974, 0.0002, 96.875, 100.000, 0.970, 0.639, 
[210] Train acc: 0.9531, Constr acc: 0.8750, CE loss: 0.215, DL2 loss: 8.012
9, 113, 0.2154, 0.0002, 95.312, 100.000, 0.967, 0.652, 
[225] Train acc: 0.9375, Constr acc: 0.9062, CE loss: 0.229, DL2 loss: 4.482
9, 112, 0.2287, 0.0002, 93.750, 100.000, 0.971, 0.661, 
[240] Train acc: 0.9844, Constr acc: 0.8750, CE loss: 0.058, DL2 loss: 6.324
9, 111, 0.0581, 0.0002, 98.438, 100.000, 0.969, 0.657, 
[255] Train acc: 1.0000, Constr acc: 0.9062, CE loss: 0.007, DL2 loss: 4.927
9, 110, 0.0075, 0.0001, 100.000, 100.000, 0.976, 0.654, 
[270] Train acc: 0.8750, Constr acc: 0.8438, CE loss: 0.591, DL2 loss: 4.858
9, 109, 0.5915, 0.0003, 87.500, 98.438, 0.931, 0.660, 
[285] Train acc: 0.9531, Constr acc: 0.9062, CE loss: 0.150, DL2 loss: 7.267
9, 108, 0.1495, 0.0002, 95.312, 100.000, 0.961, 0.661, 
[300] Train acc: 0.9688, Constr acc: 0.8750, CE loss: 0.054, DL2 loss: 7.082
9, 107, 0.0535, 0.0002, 96.875, 100.000, 0.959, 0.658, 
[315] Train acc: 0.9531, Constr acc: 0.8125, CE loss: 0.240, DL2 loss: 11.301
9, 106, 0.2404, 0.0002, 95.312, 100.000, 0.968, 0.657, 
[330] Train acc: 0.9688, Constr acc: 0.8438, CE loss: 0.328, DL2 loss: 8.475
9, 105, 0.3284, 0.0002, 96.875, 100.000, 0.952, 0.645, 
[345] Train acc: 0.9688, Constr acc: 0.9375, CE loss: 0.070, DL2 loss: 2.338
9, 104, 0.0697, 0.0002, 96.875, 100.000, 0.965, 0.654, 
[360] Train acc: 0.9375, Constr acc: 0.9375, CE loss: 0.211, DL2 loss: 3.233
9, 103, 0.2109, 0.0003, 93.750, 98.438, 0.931, 0.673, 
[375] Train acc: 0.9688, Constr acc: 0.9688, CE loss: 0.086, DL2 loss: 1.497
9, 102, 0.0862, 0.0002, 96.875, 100.000, 0.969, 0.664, 
[390] Train acc: 0.9531, Constr acc: 0.8750, CE loss: 0.185, DL2 loss: 5.687
9, 101, 0.1854, 0.0002, 95.312, 100.000, 0.958, 0.654, 
[405] Train acc: 0.9375, Constr acc: 0.8125, CE loss: 0.214, DL2 loss: 9.611
9, 100, 0.2143, 0.0002, 93.750, 100.000, 0.968, 0.666, 
[420] Train acc: 0.9844, Constr acc: 0.9375, CE loss: 0.013, DL2 loss: 3.585
9, 99, 0.0132, 0.0002, 98.438, 100.000, 0.968, 0.662, 
[435] Train acc: 0.9844, Constr acc: 0.9688, CE loss: 0.026, DL2 loss: 2.515
9, 98, 0.0261, 0.0002, 98.438, 100.000, 0.969, 0.659, 
[450] Train acc: 0.9688, Constr acc: 0.9062, CE loss: 0.116, DL2 loss: 2.512
9, 97, 0.1162, 0.0002, 96.875, 100.000, 0.957, 0.670, 
[465] Train acc: 0.9531, Constr acc: 0.8438, CE loss: 0.144, DL2 loss: 7.770
9, 96, 0.1438, 0.0002, 95.312, 100.000, 0.968, 0.663, 
[480] Train acc: 0.9688, Constr acc: 0.9062, CE loss: 0.076, DL2 loss: 6.098
9, 95, 0.0761, 0.0002, 96.875, 100.000, 0.962, 0.667, 
[495] Train acc: 0.9844, Constr acc: 0.8438, CE loss: 0.027, DL2 loss: 7.596
9, 94, 0.0273, 0.0002, 98.438, 100.000, 0.967, 0.654, 
[510] Train acc: 0.9844, Constr acc: 0.8750, CE loss: 0.033, DL2 loss: 9.159
9, 93, 0.0330, 0.0001, 98.438, 100.000, 0.972, 0.650, 
[525] Train acc: 0.9688, Constr acc: 0.9062, CE loss: 0.297, DL2 loss: 6.772
9, 92, 0.2973, 0.0002, 96.875, 98.438, 0.970, 0.656, 
[540] Train acc: 0.9844, Constr acc: 0.8750, CE loss: 0.118, DL2 loss: 10.203
9, 91, 0.1184, 0.0002, 98.438, 100.000, 0.976, 0.658, 
[555] Train acc: 0.9844, Constr acc: 0.8750, CE loss: 0.036, DL2 loss: 4.636
9, 90, 0.0361, 0.0002, 98.438, 100.000, 0.963, 0.658, 
[570] Train acc: 1.0000, Constr acc: 0.9375, CE loss: 0.011, DL2 loss: 3.434
9, 89, 0.0111, 0.0002, 100.000, 100.000, 0.962, 0.667, 
[585] Train acc: 0.9844, Constr acc: 0.8438, CE loss: 0.026, DL2 loss: 9.245
9, 88, 0.0264, 0.0002, 98.438, 100.000, 0.959, 0.656, 
[600] Train acc: 0.9062, Constr acc: 0.8125, CE loss: 0.210, DL2 loss: 11.746
9, 87, 0.2101, 0.0001, 90.625, 100.000, 0.970, 0.657, 
[615] Train acc: 0.9688, Constr acc: 0.8438, CE loss: 0.045, DL2 loss: 8.862
9, 86, 0.0453, 0.0002, 96.875, 100.000, 0.969, 0.650, 
[630] Train acc: 1.0000, Constr acc: 0.8125, CE loss: 0.006, DL2 loss: 10.643
9, 85, 0.0059, 0.0002, 100.000, 100.000, 0.967, 0.666, 
[645] Train acc: 0.9844, Constr acc: 0.9062, CE loss: 0.042, DL2 loss: 8.479
9, 84, 0.0415, 0.0002, 98.438, 100.000, 0.967, 0.659, 
[660] Train acc: 0.9219, Constr acc: 0.8125, CE loss: 0.175, DL2 loss: 14.870
9, 83, 0.1750, 0.0002, 92.188, 100.000, 0.964, 0.657, 
[675] Train acc: 0.9531, Constr acc: 0.9062, CE loss: 0.289, DL2 loss: 3.753
9, 82, 0.2887, 0.0002, 95.312, 100.000, 0.968, 0.654, 
[690] Train acc: 0.9844, Constr acc: 1.0000, CE loss: 0.073, DL2 loss: 0.000
9, 81, 0.0733, 0.0002, 98.438, 100.000, 0.972, 0.657, 
[705] Train acc: 0.9688, Constr acc: 0.9688, CE loss: 0.157, DL2 loss: 0.756
9, 80, 0.1575, 0.0002, 96.875, 100.000, 0.954, 0.644, 
[720] Train acc: 0.9688, Constr acc: 0.8750, CE loss: 0.274, DL2 loss: 4.950
9, 79, 0.2745, 0.0002, 96.875, 100.000, 0.964, 0.653, 
[735] Train acc: 0.9219, Constr acc: 0.8750, CE loss: 0.556, DL2 loss: 10.163
9, 78, 0.5555, 0.0002, 92.188, 98.438, 0.945, 0.660, 
[750] Train acc: 1.0000, Constr acc: 0.8438, CE loss: 0.006, DL2 loss: 9.536
9, 77, 0.0064, 0.0002, 100.000, 100.000, 0.969, 0.656, 
[765] Train acc: 0.9219, Constr acc: 0.8438, CE loss: 0.176, DL2 loss: 7.549
9, 76, 0.1761, 0.0002, 92.188, 100.000, 0.963, 0.665, 
[780] Train acc: 0.9688, Constr acc: 0.9375, CE loss: 0.348, DL2 loss: 2.777
9, 75, 0.3475, 0.0002, 96.875, 98.438, 0.953, 0.671, 
[795] Train acc: 0.9219, Constr acc: 0.8750, CE loss: 0.465, DL2 loss: 6.669
9, 74, 0.4655, 0.0002, 92.188, 100.000, 0.953, 0.663, 
[810] Train acc: 0.8438, Constr acc: 0.9062, CE loss: 0.577, DL2 loss: 4.947
9, 73, 0.5769, 0.0003, 84.375, 100.000, 0.944, 0.664, 
[825] Train acc: 0.9375, Constr acc: 0.8750, CE loss: 0.240, DL2 loss: 2.864
9, 72, 0.2399, 0.0002, 93.750, 98.438, 0.962, 0.660, 
[840] Train acc: 0.8906, Constr acc: 0.8750, CE loss: 0.533, DL2 loss: 5.991
9, 71, 0.5328, 0.0002, 89.062, 100.000, 0.953, 0.670, 
[855] Train acc: 0.9688, Constr acc: 0.8750, CE loss: 0.368, DL2 loss: 4.711
9, 70, 0.3682, 0.0002, 96.875, 98.438, 0.958, 0.660, 
[870] Train acc: 0.9375, Constr acc: 0.7812, CE loss: 0.322, DL2 loss: 13.042
9, 69, 0.3224, 0.0002, 93.750, 100.000, 0.942, 0.669, 
[885] Train acc: 0.9688, Constr acc: 0.8750, CE loss: 0.143, DL2 loss: 7.088
9, 68, 0.1427, 0.0002, 96.875, 100.000, 0.948, 0.667, 
[900] Train acc: 0.9688, Constr acc: 0.8750, CE loss: 0.096, DL2 loss: 7.361
9, 67, 0.0960, 0.0002, 96.875, 100.000, 0.956, 0.656, 
[915] Train acc: 0.9688, Constr acc: 0.9062, CE loss: 0.162, DL2 loss: 3.698
9, 66, 0.1620, 0.0002, 96.875, 100.000, 0.962, 0.656, 
[930] Train acc: 0.9688, Constr acc: 0.9062, CE loss: 0.073, DL2 loss: 4.679
9, 65, 0.0731, 0.0002, 96.875, 100.000, 0.969, 0.648, 
[0] Train acc: 0.9844, Constr acc: 0.9375, CE loss: 0.124, DL2 loss: 3.979
10, 65, 0.1239, 0.0002, 98.438, 98.438, 0.963, 0.654, 
[15] Train acc: 0.9062, Constr acc: 0.9062, CE loss: 0.316, DL2 loss: 5.922
10, 64, 0.3159, 0.0002, 90.625, 100.000, 0.966, 0.657, 
[30] Train acc: 1.0000, Constr acc: 0.9062, CE loss: 0.002, DL2 loss: 2.091
10, 63, 0.0022, 0.0002, 100.000, 100.000, 0.965, 0.657, 
[45] Train acc: 0.9688, Constr acc: 0.9062, CE loss: 0.303, DL2 loss: 6.590
10, 62, 0.3030, 0.0002, 96.875, 100.000, 0.970, 0.661, 
[60] Train acc: 0.9844, Constr acc: 0.7500, CE loss: 0.057, DL2 loss: 6.993
10, 61, 0.0566, 0.0004, 98.438, 100.000, 0.871, 0.668, 
[75] Train acc: 0.9531, Constr acc: 0.8750, CE loss: 0.210, DL2 loss: 6.560
10, 60, 0.2101, 0.0002, 95.312, 100.000, 0.966, 0.668, 
[90] Train acc: 1.0000, Constr acc: 0.8750, CE loss: 0.007, DL2 loss: 7.024
10, 59, 0.0071, 0.0002, 100.000, 100.000, 0.964, 0.677, 
[105] Train acc: 0.9531, Constr acc: 0.8750, CE loss: 0.295, DL2 loss: 3.175
10, 58, 0.2946, 0.0002, 95.312, 100.000, 0.971, 0.653, 
[120] Train acc: 0.9688, Constr acc: 0.8438, CE loss: 0.285, DL2 loss: 9.473
10, 57, 0.2855, 0.0002, 96.875, 100.000, 0.967, 0.660, 
[135] Train acc: 0.9531, Constr acc: 0.8125, CE loss: 0.074, DL2 loss: 6.967
10, 56, 0.0740, 0.0003, 95.312, 100.000, 0.952, 0.674, 
[150] Train acc: 0.9531, Constr acc: 0.7812, CE loss: 0.193, DL2 loss: 9.626
10, 55, 0.1929, 0.0002, 95.312, 100.000, 0.962, 0.649, 
[165] Train acc: 0.8750, Constr acc: 0.9688, CE loss: 0.518, DL2 loss: 0.169
10, 54, 0.5182, 0.0002, 87.500, 100.000, 0.950, 0.666, 
[180] Train acc: 0.9844, Constr acc: 0.9688, CE loss: 0.032, DL2 loss: 2.480
10, 53, 0.0316, 0.0002, 98.438, 100.000, 0.954, 0.658, 
[195] Train acc: 0.9688, Constr acc: 0.9375, CE loss: 0.107, DL2 loss: 4.012
10, 52, 0.1075, 0.0002, 96.875, 100.000, 0.966, 0.668, 
[210] Train acc: 1.0000, Constr acc: 0.8125, CE loss: 0.012, DL2 loss: 7.601
10, 51, 0.0121, 0.0002, 100.000, 100.000, 0.964, 0.670, 
[225] Train acc: 0.9375, Constr acc: 0.9062, CE loss: 0.233, DL2 loss: 2.160
10, 50, 0.2325, 0.0003, 93.750, 100.000, 0.949, 0.692, 
[240] Train acc: 0.9375, Constr acc: 0.8438, CE loss: 0.228, DL2 loss: 7.417
10, 49, 0.2281, 0.0006, 93.750, 100.000, 0.837, 0.686, 
[255] Train acc: 0.9062, Constr acc: 0.8750, CE loss: 0.563, DL2 loss: 7.857
10, 48, 0.5633, 0.0003, 90.625, 100.000, 0.934, 0.688, 
[270] Train acc: 0.9375, Constr acc: 0.8750, CE loss: 0.184, DL2 loss: 7.741
10, 47, 0.1840, 0.0003, 93.750, 100.000, 0.951, 0.676, 
[285] Train acc: 0.9219, Constr acc: 0.7812, CE loss: 0.239, DL2 loss: 13.455
10, 46, 0.2391, 0.0003, 92.188, 100.000, 0.928, 0.682, 
[300] Train acc: 0.9219, Constr acc: 0.9375, CE loss: 0.316, DL2 loss: 1.228
10, 45, 0.3159, 0.0002, 92.188, 100.000, 0.956, 0.663, 
[315] Train acc: 0.9844, Constr acc: 0.7812, CE loss: 0.066, DL2 loss: 12.273
10, 44, 0.0656, 0.0003, 98.438, 100.000, 0.952, 0.687, 
[330] Train acc: 0.8906, Constr acc: 0.9688, CE loss: 0.660, DL2 loss: 1.689
10, 43, 0.6601, 0.0002, 89.062, 98.438, 0.956, 0.674, 
[345] Train acc: 0.9062, Constr acc: 0.7812, CE loss: 0.314, DL2 loss: 7.886
10, 42, 0.3144, 0.0003, 90.625, 98.438, 0.951, 0.673, 
[360] Train acc: 0.9531, Constr acc: 0.8750, CE loss: 0.087, DL2 loss: 5.169
10, 41, 0.0870, 0.0002, 95.312, 100.000, 0.954, 0.674, 
[375] Train acc: 0.9688, Constr acc: 0.7188, CE loss: 0.143, DL2 loss: 11.541
10, 40, 0.1430, 0.0003, 96.875, 100.000, 0.950, 0.678, 
[390] Train acc: 0.9844, Constr acc: 0.7812, CE loss: 0.084, DL2 loss: 8.976
10, 39, 0.0837, 0.0003, 98.438, 100.000, 0.936, 0.678, 
[405] Train acc: 0.9688, Constr acc: 0.8750, CE loss: 0.067, DL2 loss: 6.553
10, 38, 0.0672, 0.0002, 96.875, 100.000, 0.956, 0.675, 
[420] Train acc: 0.9219, Constr acc: 0.8750, CE loss: 0.636, DL2 loss: 5.342
10, 37, 0.6364, 0.0003, 92.188, 100.000, 0.914, 0.666, 
[435] Train acc: 0.9062, Constr acc: 0.8750, CE loss: 0.608, DL2 loss: 6.078
10, 36, 0.6082, 0.0003, 90.625, 100.000, 0.937, 0.689, 
[450] Train acc: 0.8906, Constr acc: 0.8438, CE loss: 0.324, DL2 loss: 7.981
10, 35, 0.3243, 0.0004, 89.062, 100.000, 0.919, 0.710, 
[465] Train acc: 0.8906, Constr acc: 0.8750, CE loss: 0.541, DL2 loss: 5.174
10, 34, 0.5406, 0.0004, 89.062, 98.438, 0.934, 0.705, 
[480] Train acc: 0.9375, Constr acc: 0.7500, CE loss: 0.520, DL2 loss: 10.011
10, 33, 0.5201, 0.0003, 93.750, 98.438, 0.906, 0.675, 
[495] Train acc: 0.9531, Constr acc: 0.7188, CE loss: 0.157, DL2 loss: 10.750
10, 32, 0.1573, 0.0016, 95.312, 100.000, 0.665, 0.728, 
[510] Train acc: 0.8594, Constr acc: 0.9062, CE loss: 0.415, DL2 loss: 4.736
10, 31, 0.4147, 0.0004, 85.938, 100.000, 0.920, 0.684, 
[525] Train acc: 0.9062, Constr acc: 0.8125, CE loss: 0.348, DL2 loss: 6.584
10, 30, 0.3476, 0.0004, 90.625, 100.000, 0.906, 0.677, 
[540] Train acc: 0.8594, Constr acc: 0.6875, CE loss: 0.479, DL2 loss: 10.309
10, 29, 0.4788, 0.0003, 85.938, 98.438, 0.919, 0.678, 
[555] Train acc: 0.9219, Constr acc: 0.7812, CE loss: 0.613, DL2 loss: 12.409
10, 28, 0.6131, 0.0004, 92.188, 100.000, 0.908, 0.684, 
[570] Train acc: 0.8125, Constr acc: 0.8750, CE loss: 1.035, DL2 loss: 2.975
10, 27, 1.0353, 0.0004, 81.250, 98.438, 0.873, 0.701, 
[585] Train acc: 0.8438, Constr acc: 0.7188, CE loss: 0.644, DL2 loss: 5.774
10, 26, 0.6437, 0.0006, 84.375, 100.000, 0.801, 0.721, 
[600] Train acc: 0.8438, Constr acc: 0.8125, CE loss: 0.696, DL2 loss: 10.909
10, 25, 0.6959, 0.0005, 84.375, 98.438, 0.884, 0.703, 
[615] Train acc: 0.8906, Constr acc: 0.6875, CE loss: 0.446, DL2 loss: 13.834
10, 24, 0.4462, 0.0004, 89.062, 100.000, 0.865, 0.701, 
[630] Train acc: 0.9219, Constr acc: 0.9062, CE loss: 0.367, DL2 loss: 2.198
10, 23, 0.3670, 0.0006, 92.188, 100.000, 0.812, 0.716, 
[645] Train acc: 0.8438, Constr acc: 0.8125, CE loss: 0.758, DL2 loss: 12.709
10, 22, 0.7578, 0.0006, 84.375, 100.000, 0.818, 0.765, 
[660] Train acc: 0.6406, Constr acc: 0.8125, CE loss: 1.490, DL2 loss: 9.741
10, 21, 1.4901, 0.0009, 64.062, 96.875, 0.720, 0.746, 
[675] Train acc: 0.7344, Constr acc: 0.9375, CE loss: 1.321, DL2 loss: 3.640
10, 20, 1.3210, 0.0007, 73.438, 95.312, 0.783, 0.709, 
[690] Train acc: 0.5156, Constr acc: 0.6875, CE loss: 3.414, DL2 loss: 14.999
10, 19, 3.4137, 0.0012, 51.562, 95.312, 0.594, 0.725, 
[705] Train acc: 0.5781, Constr acc: 0.5312, CE loss: 1.710, DL2 loss: 23.798
10, 18, 1.7097, 0.0010, 57.812, 96.875, 0.601, 0.771, 
[720] Train acc: 0.5156, Constr acc: 0.7188, CE loss: 1.646, DL2 loss: 10.294
10, 17, 1.6456, 0.0011, 51.562, 96.875, 0.582, 0.779, 
[735] Train acc: 0.6406, Constr acc: 0.6562, CE loss: 1.446, DL2 loss: 20.025
10, 16, 1.4459, 0.0011, 64.062, 92.188, 0.622, 0.776, 
[750] Train acc: 0.5000, Constr acc: 0.7188, CE loss: 2.076, DL2 loss: 16.328
10, 15, 2.0758, 0.0011, 50.000, 100.000, 0.539, 0.789, 
[765] Train acc: 0.4375, Constr acc: 0.4688, CE loss: 2.268, DL2 loss: 22.917
10, 14, 2.2676, 0.0015, 43.750, 87.500, 0.403, 0.874, 
[780] Train acc: 0.5156, Constr acc: 0.5625, CE loss: 1.498, DL2 loss: 20.371
10, 13, 1.4983, 0.0014, 51.562, 95.312, 0.451, 0.780, 
[795] Train acc: 0.5625, Constr acc: 0.7188, CE loss: 2.669, DL2 loss: 7.612
10, 12, 2.6694, 0.0018, 56.250, 95.312, 0.380, 0.830, 
[810] Train acc: 0.3906, Constr acc: 0.2812, CE loss: 2.189, DL2 loss: 31.322
10, 11, 2.1893, 0.0017, 39.062, 85.938, 0.387, 0.898, 
[825] Train acc: 0.4531, Constr acc: 0.4688, CE loss: 1.940, DL2 loss: 27.276
10, 10, 1.9398, 0.0017, 45.312, 89.062, 0.370, 0.881, 
[840] Train acc: 0.3125, Constr acc: 0.5312, CE loss: 2.910, DL2 loss: 30.177
10, 9, 2.9096, 0.0017, 31.250, 87.500, 0.375, 0.950, 
[855] Train acc: 0.2188, Constr acc: 0.4062, CE loss: 4.223, DL2 loss: 34.176
10, 8, 4.2232, 0.0018, 21.875, 73.438, 0.324, 0.914, 
[870] Train acc: 0.2031, Constr acc: 0.2188, CE loss: 4.261, DL2 loss: 39.768
10, 7, 4.2611, 0.0021, 20.312, 70.312, 0.310, 0.953, 
[885] Train acc: 0.0781, Constr acc: 0.0938, CE loss: 3.645, DL2 loss: 54.337
10, 6, 3.6447, 0.0023, 7.812, 64.062, 0.099, 1.000, 
[900] Train acc: 0.1719, Constr acc: 0.0938, CE loss: 2.316, DL2 loss: 52.509
10, 5, 2.3156, 0.0022, 17.188, 68.750, 0.200, 0.966, 
[915] Train acc: 0.1250, Constr acc: 0.0000, CE loss: 2.289, DL2 loss: 75.762
10, 4, 2.2890, 0.0023, 12.500, 59.375, 0.114, 1.000, 
[930] Train acc: 0.1250, Constr acc: 0.0312, CE loss: 2.343, DL2 loss: 67.341
10, 3, 2.3431, 0.0023, 12.500, 54.688, 0.114, 1.000, 
