main_allinputs_dl2.py --pruning=True --tensorboard=True --log-interval=15 --pruning_config=./configs/mnist_22_15.json --constraint RobustnessMany(eps1=10, eps2=2, eps3=25, eps4=6) --print-after-epoch=0 --dl2-weight=0.2 --delay=6
pruning_engine.load_mask(): did not find mask file, will load nothing
epoch, neuron_units, loss, dl2_loss, top1, top5, dl2_p_acc, dl2_constraint_acc
[0] Train acc: 0.1406
1, 252, 2.2927, 0.0023, 14.062, 59.375, 0.103, 1.000, 
[15] Train acc: 0.1875
1, 252, 2.2763, 0.0023, 18.750, 68.750, 0.103, 1.000, 
[30] Train acc: 0.3125
1, 252, 2.2343, 0.0023, 31.250, 75.000, 0.205, 1.000, 
[45] Train acc: 0.3594
1, 252, 2.1083, 0.0022, 35.938, 89.062, 0.408, 1.000, 
[60] Train acc: 0.5625
1, 252, 1.8079, 0.0021, 56.250, 90.625, 0.576, 1.000, 
[75] Train acc: 0.6719
1, 252, 1.1560, 0.0017, 67.188, 95.312, 0.646, 1.000, 
[90] Train acc: 0.6250
1, 252, 1.0569, 0.0015, 62.500, 98.438, 0.674, 1.000, 
[105] Train acc: 0.7031
1, 252, 0.8945, 0.0013, 70.312, 95.312, 0.730, 1.000, 
[120] Train acc: 0.8125
1, 252, 0.5999, 0.0011, 81.250, 98.438, 0.806, 0.995, 
[135] Train acc: 0.8594
1, 252, 0.3908, 0.0010, 85.938, 100.000, 0.854, 0.988, 
[150] Train acc: 0.8594
1, 252, 0.5338, 0.0010, 85.938, 100.000, 0.820, 0.987, 
[165] Train acc: 0.8281
1, 252, 0.5438, 0.0010, 82.812, 98.438, 0.764, 0.976, 
[180] Train acc: 0.9062
1, 252, 0.4400, 0.0009, 90.625, 98.438, 0.846, 0.971, 
[195] Train acc: 0.9062
1, 252, 0.2807, 0.0009, 90.625, 100.000, 0.848, 0.956, 
[210] Train acc: 0.9219
1, 252, 0.3626, 0.0009, 92.188, 98.438, 0.857, 0.964, 
[225] Train acc: 0.8750
1, 252, 0.3995, 0.0008, 87.500, 100.000, 0.887, 0.958, 
[240] Train acc: 0.8750
1, 252, 0.4170, 0.0008, 87.500, 98.438, 0.877, 0.940, 
[255] Train acc: 0.8281
1, 252, 0.4295, 0.0008, 82.812, 100.000, 0.851, 0.934, 
[270] Train acc: 0.9219
1, 252, 0.2311, 0.0008, 92.188, 100.000, 0.843, 0.940, 
[285] Train acc: 0.9375
1, 252, 0.2467, 0.0007, 93.750, 100.000, 0.920, 0.911, 
[300] Train acc: 0.9062
1, 252, 0.2694, 0.0007, 90.625, 100.000, 0.911, 0.907, 
[315] Train acc: 0.9219
1, 252, 0.2680, 0.0007, 92.188, 98.438, 0.922, 0.912, 
[330] Train acc: 0.9062
1, 252, 0.3726, 0.0007, 90.625, 98.438, 0.864, 0.909, 
[345] Train acc: 0.8594
1, 252, 0.4701, 0.0007, 85.938, 98.438, 0.908, 0.897, 
[360] Train acc: 0.8750
1, 252, 0.2838, 0.0007, 87.500, 100.000, 0.909, 0.902, 
[375] Train acc: 0.9375
1, 252, 0.1560, 0.0007, 93.750, 100.000, 0.923, 0.891, 
[390] Train acc: 0.9062
1, 252, 0.2070, 0.0006, 90.625, 100.000, 0.915, 0.892, 
[405] Train acc: 0.9375
1, 252, 0.1975, 0.0006, 93.750, 100.000, 0.918, 0.897, 
[420] Train acc: 0.9219
1, 252, 0.2446, 0.0006, 92.188, 100.000, 0.936, 0.876, 
[435] Train acc: 0.9219
1, 252, 0.2261, 0.0006, 92.188, 100.000, 0.935, 0.868, 
[450] Train acc: 0.9219
1, 252, 0.1807, 0.0006, 92.188, 100.000, 0.942, 0.854, 
[465] Train acc: 0.8906
1, 252, 0.3503, 0.0006, 89.062, 100.000, 0.914, 0.850, 
[480] Train acc: 1.0000
1, 252, 0.0762, 0.0006, 100.000, 100.000, 0.934, 0.841, 
[495] Train acc: 0.9531
1, 252, 0.1621, 0.0006, 95.312, 100.000, 0.948, 0.860, 
[510] Train acc: 0.9219
1, 252, 0.1649, 0.0005, 92.188, 100.000, 0.949, 0.847, 
[525] Train acc: 0.9531
1, 252, 0.1392, 0.0006, 95.312, 100.000, 0.945, 0.850, 
[540] Train acc: 0.9531
1, 252, 0.2543, 0.0006, 95.312, 98.438, 0.933, 0.845, 
[555] Train acc: 0.9688
1, 252, 0.1702, 0.0005, 96.875, 98.438, 0.953, 0.829, 
[570] Train acc: 0.9531
1, 252, 0.1492, 0.0005, 95.312, 100.000, 0.925, 0.811, 
[585] Train acc: 0.9844
1, 252, 0.0822, 0.0005, 98.438, 100.000, 0.950, 0.827, 
[600] Train acc: 0.9531
1, 252, 0.1890, 0.0005, 95.312, 100.000, 0.951, 0.830, 
[615] Train acc: 0.9531
1, 252, 0.1561, 0.0005, 95.312, 100.000, 0.951, 0.833, 
[630] Train acc: 0.9375
1, 252, 0.3362, 0.0005, 93.750, 100.000, 0.956, 0.835, 
[645] Train acc: 0.9688
1, 252, 0.1513, 0.0005, 96.875, 100.000, 0.956, 0.828, 
[660] Train acc: 0.9688
1, 252, 0.1354, 0.0005, 96.875, 100.000, 0.956, 0.801, 
[675] Train acc: 0.9375
1, 252, 0.1571, 0.0005, 93.750, 100.000, 0.956, 0.808, 
[690] Train acc: 0.9688
1, 252, 0.1637, 0.0005, 96.875, 98.438, 0.958, 0.813, 
[705] Train acc: 0.8906
1, 252, 0.3415, 0.0005, 89.062, 100.000, 0.953, 0.815, 
[720] Train acc: 1.0000
1, 252, 0.0550, 0.0005, 100.000, 100.000, 0.958, 0.798, 
[735] Train acc: 0.9375
1, 252, 0.1595, 0.0005, 93.750, 100.000, 0.956, 0.809, 
[750] Train acc: 0.9688
1, 252, 0.0683, 0.0005, 96.875, 100.000, 0.950, 0.792, 
[765] Train acc: 0.9062
1, 252, 0.2801, 0.0005, 90.625, 100.000, 0.945, 0.826, 
[780] Train acc: 0.9219
1, 252, 0.1975, 0.0005, 92.188, 100.000, 0.965, 0.828, 
[795] Train acc: 0.9375
1, 252, 0.1232, 0.0005, 93.750, 100.000, 0.960, 0.849, 
[810] Train acc: 1.0000
1, 252, 0.0531, 0.0005, 100.000, 100.000, 0.963, 0.821, 
[825] Train acc: 0.9531
1, 252, 0.1005, 0.0005, 95.312, 100.000, 0.959, 0.819, 
[840] Train acc: 0.9531
1, 252, 0.1271, 0.0005, 95.312, 100.000, 0.969, 0.809, 
[855] Train acc: 0.9375
1, 252, 0.1566, 0.0005, 93.750, 100.000, 0.942, 0.819, 
[870] Train acc: 0.9531
1, 252, 0.1490, 0.0004, 95.312, 100.000, 0.963, 0.798, 
[885] Train acc: 0.9375
1, 252, 0.1344, 0.0005, 93.750, 100.000, 0.959, 0.820, 
[900] Train acc: 0.9531
1, 252, 0.1105, 0.0004, 95.312, 100.000, 0.962, 0.801, 
[915] Train acc: 0.9375
1, 252, 0.1970, 0.0004, 93.750, 100.000, 0.960, 0.787, 
[930] Train acc: 0.9375
1, 252, 0.1600, 0.0004, 93.750, 100.000, 0.965, 0.780, 
[0] Train acc: 0.9531
2, 252, 0.1407, 0.0004, 95.312, 100.000, 0.963, 0.772, 
[15] Train acc: 0.9844
2, 252, 0.0752, 0.0004, 98.438, 100.000, 0.967, 0.777, 
[30] Train acc: 0.9688
2, 252, 0.0801, 0.0004, 96.875, 100.000, 0.955, 0.774, 
[45] Train acc: 0.9688
2, 252, 0.0949, 0.0004, 96.875, 100.000, 0.965, 0.763, 
[60] Train acc: 0.9844
2, 252, 0.0438, 0.0004, 98.438, 100.000, 0.963, 0.784, 
[75] Train acc: 0.9688
2, 252, 0.1399, 0.0004, 96.875, 100.000, 0.966, 0.779, 
[90] Train acc: 0.9375
2, 252, 0.3302, 0.0004, 93.750, 100.000, 0.967, 0.777, 
[105] Train acc: 0.9844
2, 252, 0.0491, 0.0004, 98.438, 100.000, 0.970, 0.783, 
[120] Train acc: 0.9688
2, 252, 0.0914, 0.0004, 96.875, 100.000, 0.970, 0.771, 
[135] Train acc: 0.9688
2, 252, 0.1508, 0.0004, 96.875, 100.000, 0.964, 0.786, 
[150] Train acc: 0.9531
2, 252, 0.0793, 0.0004, 95.312, 100.000, 0.967, 0.771, 
[165] Train acc: 0.9844
2, 252, 0.0713, 0.0004, 98.438, 100.000, 0.969, 0.745, 
[180] Train acc: 0.9531
2, 252, 0.0830, 0.0004, 95.312, 100.000, 0.966, 0.752, 
[195] Train acc: 0.9844
2, 252, 0.0966, 0.0004, 98.438, 100.000, 0.961, 0.775, 
[210] Train acc: 0.9688
2, 252, 0.0620, 0.0004, 96.875, 100.000, 0.973, 0.734, 
[225] Train acc: 0.9531
2, 252, 0.1448, 0.0004, 95.312, 100.000, 0.965, 0.751, 
[240] Train acc: 0.9531
2, 252, 0.1479, 0.0004, 95.312, 100.000, 0.967, 0.768, 
[255] Train acc: 1.0000
2, 252, 0.0279, 0.0004, 100.000, 100.000, 0.968, 0.760, 
[270] Train acc: 0.9844
2, 252, 0.0609, 0.0003, 98.438, 100.000, 0.974, 0.736, 
[285] Train acc: 0.9844
2, 252, 0.0342, 0.0003, 98.438, 100.000, 0.975, 0.735, 
[300] Train acc: 0.9688
2, 252, 0.0782, 0.0004, 96.875, 100.000, 0.969, 0.745, 
[315] Train acc: 0.9375
2, 252, 0.1122, 0.0004, 93.750, 100.000, 0.975, 0.743, 
[330] Train acc: 0.9688
2, 252, 0.0469, 0.0004, 96.875, 100.000, 0.968, 0.755, 
[345] Train acc: 0.9531
2, 252, 0.2345, 0.0004, 95.312, 100.000, 0.977, 0.746, 
[360] Train acc: 0.9688
2, 252, 0.0647, 0.0004, 96.875, 100.000, 0.962, 0.777, 
[375] Train acc: 0.9531
2, 252, 0.1035, 0.0004, 95.312, 100.000, 0.976, 0.746, 
[390] Train acc: 0.9844
2, 252, 0.0274, 0.0004, 98.438, 100.000, 0.974, 0.749, 
[405] Train acc: 0.9844
2, 252, 0.0408, 0.0004, 98.438, 100.000, 0.968, 0.739, 
[420] Train acc: 0.9844
2, 252, 0.0255, 0.0004, 98.438, 100.000, 0.976, 0.735, 
[435] Train acc: 0.9844
2, 252, 0.0391, 0.0004, 98.438, 100.000, 0.977, 0.750, 
[450] Train acc: 0.9844
2, 252, 0.0888, 0.0003, 98.438, 100.000, 0.975, 0.737, 
[465] Train acc: 0.9688
2, 252, 0.0860, 0.0004, 96.875, 100.000, 0.972, 0.746, 
[480] Train acc: 0.9688
2, 252, 0.0826, 0.0004, 96.875, 100.000, 0.969, 0.740, 
[495] Train acc: 0.9375
2, 252, 0.1246, 0.0004, 93.750, 100.000, 0.972, 0.739, 
[510] Train acc: 1.0000
2, 252, 0.0169, 0.0004, 100.000, 100.000, 0.974, 0.761, 
[525] Train acc: 0.9688
2, 252, 0.1215, 0.0004, 96.875, 100.000, 0.977, 0.747, 
[540] Train acc: 0.9844
2, 252, 0.0627, 0.0004, 98.438, 100.000, 0.977, 0.766, 
[555] Train acc: 1.0000
2, 252, 0.0338, 0.0004, 100.000, 100.000, 0.977, 0.753, 
[570] Train acc: 0.9531
2, 252, 0.1980, 0.0004, 95.312, 100.000, 0.972, 0.747, 
[585] Train acc: 1.0000
2, 252, 0.0180, 0.0004, 100.000, 100.000, 0.965, 0.758, 
[600] Train acc: 0.9531
2, 252, 0.1889, 0.0004, 95.312, 100.000, 0.966, 0.753, 
[615] Train acc: 0.9531
2, 252, 0.1996, 0.0004, 95.312, 100.000, 0.972, 0.733, 
[630] Train acc: 0.9844
2, 252, 0.0752, 0.0004, 98.438, 100.000, 0.971, 0.736, 
[645] Train acc: 0.9062
2, 252, 0.2343, 0.0003, 90.625, 100.000, 0.980, 0.733, 
[660] Train acc: 0.9844
2, 252, 0.0542, 0.0003, 98.438, 100.000, 0.978, 0.729, 
[675] Train acc: 0.9844
2, 252, 0.0672, 0.0003, 98.438, 100.000, 0.977, 0.723, 
[690] Train acc: 0.9688
2, 252, 0.0481, 0.0003, 96.875, 100.000, 0.975, 0.712, 
[705] Train acc: 0.9844
2, 252, 0.0961, 0.0003, 98.438, 100.000, 0.970, 0.709, 
[720] Train acc: 0.9688
2, 252, 0.0633, 0.0003, 96.875, 100.000, 0.976, 0.709, 
[735] Train acc: 0.9844
2, 252, 0.0988, 0.0004, 98.438, 100.000, 0.959, 0.728, 
[750] Train acc: 0.9844
2, 252, 0.0208, 0.0003, 98.438, 100.000, 0.978, 0.714, 
[765] Train acc: 0.9688
2, 252, 0.0411, 0.0003, 96.875, 100.000, 0.978, 0.704, 
[780] Train acc: 0.9844
2, 252, 0.0408, 0.0003, 98.438, 100.000, 0.975, 0.713, 
[795] Train acc: 0.9688
2, 252, 0.0842, 0.0003, 96.875, 100.000, 0.976, 0.711, 
[810] Train acc: 0.9688
2, 252, 0.0810, 0.0003, 96.875, 100.000, 0.976, 0.710, 
[825] Train acc: 0.9375
2, 252, 0.2803, 0.0003, 93.750, 100.000, 0.979, 0.710, 
[840] Train acc: 1.0000
2, 252, 0.0204, 0.0003, 100.000, 100.000, 0.974, 0.726, 
[855] Train acc: 1.0000
2, 252, 0.0160, 0.0003, 100.000, 100.000, 0.980, 0.707, 
[870] Train acc: 1.0000
2, 252, 0.0261, 0.0003, 100.000, 100.000, 0.978, 0.710, 
[885] Train acc: 0.9844
2, 252, 0.0547, 0.0003, 98.438, 100.000, 0.977, 0.728, 
[900] Train acc: 0.9375
2, 252, 0.1150, 0.0003, 93.750, 100.000, 0.979, 0.730, 
[915] Train acc: 0.9688
2, 252, 0.0495, 0.0003, 96.875, 100.000, 0.981, 0.692, 
[930] Train acc: 0.9688
2, 252, 0.1090, 0.0003, 96.875, 100.000, 0.971, 0.730, 
[0] Train acc: 0.9688
3, 252, 0.1437, 0.0003, 96.875, 100.000, 0.970, 0.720, 
[15] Train acc: 1.0000
3, 252, 0.0285, 0.0003, 100.000, 100.000, 0.981, 0.714, 
[30] Train acc: 0.9844
3, 252, 0.0529, 0.0003, 98.438, 100.000, 0.978, 0.717, 
[45] Train acc: 0.9688
3, 252, 0.0809, 0.0004, 96.875, 100.000, 0.969, 0.719, 
[60] Train acc: 1.0000
3, 252, 0.0216, 0.0003, 100.000, 100.000, 0.981, 0.711, 
[75] Train acc: 0.9688
3, 252, 0.1329, 0.0003, 96.875, 100.000, 0.969, 0.719, 
[90] Train acc: 0.9844
3, 252, 0.0656, 0.0003, 98.438, 100.000, 0.976, 0.706, 
[105] Train acc: 1.0000
3, 252, 0.0243, 0.0003, 100.000, 100.000, 0.981, 0.703, 
[120] Train acc: 1.0000
3, 252, 0.0218, 0.0003, 100.000, 100.000, 0.979, 0.723, 
[135] Train acc: 0.9531
3, 252, 0.0817, 0.0003, 95.312, 100.000, 0.981, 0.710, 
[150] Train acc: 1.0000
3, 252, 0.0099, 0.0003, 100.000, 100.000, 0.975, 0.737, 
[165] Train acc: 0.9844
3, 252, 0.1767, 0.0003, 98.438, 100.000, 0.981, 0.715, 
[180] Train acc: 0.9531
3, 252, 0.1106, 0.0003, 95.312, 100.000, 0.981, 0.710, 
[195] Train acc: 0.9844
3, 252, 0.0700, 0.0003, 98.438, 100.000, 0.976, 0.714, 
[210] Train acc: 0.9531
3, 252, 0.0754, 0.0003, 95.312, 100.000, 0.972, 0.704, 
[225] Train acc: 1.0000
3, 252, 0.0133, 0.0003, 100.000, 100.000, 0.983, 0.690, 
[240] Train acc: 0.9688
3, 252, 0.0620, 0.0003, 96.875, 100.000, 0.980, 0.694, 
[255] Train acc: 0.9844
3, 252, 0.0525, 0.0003, 98.438, 100.000, 0.972, 0.696, 
[270] Train acc: 0.9688
3, 252, 0.0948, 0.0003, 96.875, 100.000, 0.982, 0.693, 
[285] Train acc: 0.9688
3, 252, 0.0618, 0.0003, 96.875, 100.000, 0.984, 0.690, 
[300] Train acc: 0.9844
3, 252, 0.0618, 0.0003, 98.438, 100.000, 0.981, 0.710, 
[315] Train acc: 0.9688
3, 252, 0.1432, 0.0003, 96.875, 100.000, 0.983, 0.712, 
[330] Train acc: 0.9531
3, 252, 0.1283, 0.0003, 95.312, 100.000, 0.978, 0.705, 
[345] Train acc: 1.0000
3, 252, 0.0156, 0.0003, 100.000, 100.000, 0.982, 0.690, 
[360] Train acc: 0.9844
3, 252, 0.0625, 0.0003, 98.438, 100.000, 0.979, 0.707, 
[375] Train acc: 1.0000
3, 252, 0.0429, 0.0003, 100.000, 100.000, 0.977, 0.704, 
[390] Train acc: 0.9375
3, 252, 0.2170, 0.0003, 93.750, 100.000, 0.966, 0.703, 
[405] Train acc: 0.9844
3, 252, 0.0477, 0.0003, 98.438, 100.000, 0.982, 0.685, 
[420] Train acc: 1.0000
3, 252, 0.0266, 0.0003, 100.000, 100.000, 0.982, 0.689, 
[435] Train acc: 0.9844
3, 252, 0.0296, 0.0003, 98.438, 100.000, 0.972, 0.715, 
[450] Train acc: 0.9844
3, 252, 0.0515, 0.0003, 98.438, 100.000, 0.979, 0.692, 
[465] Train acc: 1.0000
3, 252, 0.0425, 0.0003, 100.000, 100.000, 0.982, 0.700, 
[480] Train acc: 0.9844
3, 252, 0.1283, 0.0003, 98.438, 100.000, 0.981, 0.715, 
[495] Train acc: 0.9688
3, 252, 0.0506, 0.0003, 96.875, 100.000, 0.983, 0.695, 
[510] Train acc: 0.9688
3, 252, 0.0836, 0.0003, 96.875, 100.000, 0.982, 0.696, 
[525] Train acc: 0.9531
3, 252, 0.1020, 0.0003, 95.312, 100.000, 0.984, 0.700, 
[540] Train acc: 1.0000
3, 252, 0.0214, 0.0003, 100.000, 100.000, 0.982, 0.701, 
[555] Train acc: 0.9531
3, 252, 0.1520, 0.0003, 95.312, 100.000, 0.985, 0.721, 
[570] Train acc: 0.9844
3, 252, 0.0536, 0.0003, 98.438, 100.000, 0.978, 0.727, 
[585] Train acc: 1.0000
3, 252, 0.0112, 0.0003, 100.000, 100.000, 0.982, 0.698, 
[600] Train acc: 0.9375
3, 252, 0.1640, 0.0003, 93.750, 100.000, 0.980, 0.723, 
[615] Train acc: 0.9531
3, 252, 0.1815, 0.0003, 95.312, 100.000, 0.982, 0.708, 
[630] Train acc: 1.0000
3, 252, 0.0235, 0.0003, 100.000, 100.000, 0.984, 0.692, 
[645] Train acc: 0.9688
3, 252, 0.2124, 0.0003, 96.875, 100.000, 0.983, 0.697, 
[660] Train acc: 1.0000
3, 252, 0.0341, 0.0003, 100.000, 100.000, 0.983, 0.720, 
[675] Train acc: 1.0000
3, 252, 0.0153, 0.0003, 100.000, 100.000, 0.984, 0.713, 
[690] Train acc: 0.9844
3, 252, 0.0284, 0.0003, 98.438, 100.000, 0.985, 0.701, 
[705] Train acc: 1.0000
3, 252, 0.0274, 0.0003, 100.000, 100.000, 0.983, 0.708, 
[720] Train acc: 0.9844
3, 252, 0.0483, 0.0003, 98.438, 100.000, 0.984, 0.704, 
[735] Train acc: 0.9844
3, 252, 0.0342, 0.0003, 98.438, 100.000, 0.982, 0.698, 
[750] Train acc: 0.9844
3, 252, 0.0250, 0.0003, 98.438, 100.000, 0.986, 0.705, 
[765] Train acc: 1.0000
3, 252, 0.0191, 0.0003, 100.000, 100.000, 0.981, 0.706, 
[780] Train acc: 0.9531
3, 252, 0.1058, 0.0003, 95.312, 100.000, 0.984, 0.692, 
[795] Train acc: 0.9688
3, 252, 0.0497, 0.0003, 96.875, 100.000, 0.982, 0.693, 
[810] Train acc: 1.0000
3, 252, 0.0074, 0.0003, 100.000, 100.000, 0.978, 0.685, 
[825] Train acc: 1.0000
3, 252, 0.0133, 0.0002, 100.000, 100.000, 0.984, 0.682, 
[840] Train acc: 0.9531
3, 252, 0.0715, 0.0003, 95.312, 100.000, 0.981, 0.696, 
[855] Train acc: 1.0000
3, 252, 0.0085, 0.0003, 100.000, 100.000, 0.978, 0.711, 
[870] Train acc: 1.0000
3, 252, 0.0084, 0.0003, 100.000, 100.000, 0.981, 0.695, 
[885] Train acc: 1.0000
3, 252, 0.0144, 0.0003, 100.000, 100.000, 0.983, 0.702, 
[900] Train acc: 0.9844
3, 252, 0.0241, 0.0003, 98.438, 100.000, 0.981, 0.717, 
[915] Train acc: 0.9531
3, 252, 0.2423, 0.0003, 95.312, 100.000, 0.983, 0.700, 
[930] Train acc: 0.9844
3, 252, 0.0708, 0.0003, 98.438, 100.000, 0.987, 0.687, 
[0] Train acc: 0.9844
4, 252, 0.0484, 0.0003, 98.438, 100.000, 0.985, 0.701, 
[15] Train acc: 1.0000
4, 252, 0.0244, 0.0003, 100.000, 100.000, 0.983, 0.680, 
[30] Train acc: 0.9844
4, 252, 0.0416, 0.0003, 98.438, 100.000, 0.981, 0.693, 
[45] Train acc: 1.0000
4, 252, 0.0063, 0.0003, 100.000, 100.000, 0.985, 0.690, 
[60] Train acc: 1.0000
4, 252, 0.0215, 0.0003, 100.000, 100.000, 0.984, 0.687, 
[75] Train acc: 1.0000
4, 252, 0.0432, 0.0003, 100.000, 100.000, 0.972, 0.695, 
[90] Train acc: 0.9844
4, 252, 0.0448, 0.0002, 98.438, 100.000, 0.985, 0.681, 
[105] Train acc: 1.0000
4, 252, 0.0111, 0.0002, 100.000, 100.000, 0.984, 0.674, 
[120] Train acc: 0.9844
4, 252, 0.0530, 0.0003, 98.438, 100.000, 0.982, 0.707, 
[135] Train acc: 0.9844
4, 252, 0.0300, 0.0003, 98.438, 100.000, 0.985, 0.690, 
[150] Train acc: 0.9688
4, 252, 0.0593, 0.0002, 96.875, 100.000, 0.985, 0.679, 
[165] Train acc: 1.0000
4, 252, 0.0173, 0.0003, 100.000, 100.000, 0.982, 0.686, 
[180] Train acc: 0.9844
4, 252, 0.1133, 0.0002, 98.438, 100.000, 0.985, 0.688, 
[195] Train acc: 1.0000
4, 252, 0.0079, 0.0003, 100.000, 100.000, 0.983, 0.682, 
[210] Train acc: 0.9531
4, 252, 0.1191, 0.0003, 95.312, 100.000, 0.980, 0.679, 
[225] Train acc: 1.0000
4, 252, 0.0161, 0.0003, 100.000, 100.000, 0.985, 0.698, 
[240] Train acc: 1.0000
4, 252, 0.0187, 0.0003, 100.000, 100.000, 0.982, 0.691, 
[255] Train acc: 0.9844
4, 252, 0.1243, 0.0003, 98.438, 98.438, 0.983, 0.692, 
[270] Train acc: 1.0000
4, 252, 0.0103, 0.0002, 100.000, 100.000, 0.986, 0.676, 
[285] Train acc: 0.9688
4, 252, 0.0890, 0.0002, 96.875, 100.000, 0.986, 0.672, 
[300] Train acc: 1.0000
4, 252, 0.0147, 0.0003, 100.000, 100.000, 0.981, 0.697, 
[315] Train acc: 1.0000
4, 252, 0.0182, 0.0002, 100.000, 100.000, 0.985, 0.674, 
[330] Train acc: 1.0000
4, 252, 0.0325, 0.0003, 100.000, 100.000, 0.985, 0.678, 
[345] Train acc: 0.9531
4, 252, 0.0922, 0.0003, 95.312, 100.000, 0.983, 0.690, 
[360] Train acc: 0.9688
4, 252, 0.0669, 0.0003, 96.875, 100.000, 0.979, 0.701, 
[375] Train acc: 1.0000
4, 252, 0.0089, 0.0003, 100.000, 100.000, 0.987, 0.684, 
[390] Train acc: 1.0000
4, 252, 0.0179, 0.0003, 100.000, 100.000, 0.985, 0.680, 
[405] Train acc: 1.0000
4, 252, 0.0076, 0.0003, 100.000, 100.000, 0.982, 0.679, 
[420] Train acc: 0.9688
4, 252, 0.0540, 0.0003, 96.875, 100.000, 0.982, 0.687, 
[435] Train acc: 0.9688
4, 252, 0.0744, 0.0003, 96.875, 100.000, 0.984, 0.682, 
[450] Train acc: 1.0000
4, 252, 0.0152, 0.0003, 100.000, 100.000, 0.983, 0.694, 
[465] Train acc: 0.9844
4, 252, 0.0753, 0.0002, 98.438, 100.000, 0.985, 0.671, 
[480] Train acc: 0.9688
4, 252, 0.0678, 0.0002, 96.875, 100.000, 0.984, 0.682, 
[495] Train acc: 0.9844
4, 252, 0.0385, 0.0003, 98.438, 100.000, 0.985, 0.682, 
[510] Train acc: 0.9531
4, 252, 0.0576, 0.0003, 95.312, 100.000, 0.987, 0.676, 
[525] Train acc: 1.0000
4, 252, 0.0055, 0.0002, 100.000, 100.000, 0.985, 0.689, 
[540] Train acc: 1.0000
4, 252, 0.0088, 0.0003, 100.000, 100.000, 0.980, 0.685, 
[555] Train acc: 0.9844
4, 252, 0.0672, 0.0002, 98.438, 100.000, 0.984, 0.691, 
[570] Train acc: 1.0000
4, 252, 0.0215, 0.0003, 100.000, 100.000, 0.982, 0.688, 
[585] Train acc: 0.9531
4, 252, 0.1056, 0.0002, 95.312, 100.000, 0.986, 0.680, 
[600] Train acc: 1.0000
4, 252, 0.0105, 0.0002, 100.000, 100.000, 0.987, 0.675, 
[615] Train acc: 0.9844
4, 252, 0.0304, 0.0002, 98.438, 100.000, 0.986, 0.680, 
[630] Train acc: 0.9531
4, 252, 0.1299, 0.0002, 95.312, 100.000, 0.983, 0.682, 
[645] Train acc: 1.0000
4, 252, 0.0146, 0.0002, 100.000, 100.000, 0.985, 0.672, 
[660] Train acc: 1.0000
4, 252, 0.0169, 0.0002, 100.000, 100.000, 0.987, 0.691, 
[675] Train acc: 0.9688
4, 252, 0.0538, 0.0002, 96.875, 100.000, 0.986, 0.684, 
[690] Train acc: 0.9844
4, 252, 0.0774, 0.0002, 98.438, 100.000, 0.983, 0.689, 
[705] Train acc: 1.0000
4, 252, 0.0300, 0.0002, 100.000, 100.000, 0.986, 0.673, 
[720] Train acc: 0.9844
4, 252, 0.0937, 0.0002, 98.438, 100.000, 0.983, 0.672, 
[735] Train acc: 1.0000
4, 252, 0.0191, 0.0002, 100.000, 100.000, 0.980, 0.682, 
[750] Train acc: 1.0000
4, 252, 0.0044, 0.0002, 100.000, 100.000, 0.983, 0.682, 
[765] Train acc: 0.9531
4, 252, 0.0958, 0.0002, 95.312, 100.000, 0.985, 0.687, 
[780] Train acc: 0.9688
4, 252, 0.0661, 0.0002, 96.875, 100.000, 0.985, 0.668, 
[795] Train acc: 0.9531
4, 252, 0.1070, 0.0002, 95.312, 100.000, 0.983, 0.678, 
[810] Train acc: 1.0000
4, 252, 0.0131, 0.0002, 100.000, 100.000, 0.985, 0.676, 
[825] Train acc: 0.9688
4, 252, 0.0316, 0.0002, 96.875, 100.000, 0.985, 0.678, 
[840] Train acc: 1.0000
4, 252, 0.0235, 0.0002, 100.000, 100.000, 0.986, 0.697, 
[855] Train acc: 1.0000
4, 252, 0.0032, 0.0002, 100.000, 100.000, 0.986, 0.682, 
[870] Train acc: 0.9844
4, 252, 0.0457, 0.0003, 98.438, 100.000, 0.983, 0.685, 
[885] Train acc: 1.0000
4, 252, 0.0180, 0.0002, 100.000, 100.000, 0.983, 0.677, 
[900] Train acc: 0.9844
4, 252, 0.0469, 0.0003, 98.438, 100.000, 0.980, 0.692, 
[915] Train acc: 1.0000
4, 252, 0.0054, 0.0002, 100.000, 100.000, 0.987, 0.676, 
[930] Train acc: 0.9688
4, 252, 0.1351, 0.0002, 96.875, 100.000, 0.988, 0.687, 
[0] Train acc: 0.9531
5, 252, 0.1104, 0.0003, 95.312, 100.000, 0.982, 0.680, 
[15] Train acc: 0.9844
5, 252, 0.0755, 0.0002, 98.438, 100.000, 0.987, 0.681, 
[30] Train acc: 1.0000
5, 252, 0.0264, 0.0002, 100.000, 100.000, 0.988, 0.662, 
[45] Train acc: 0.9531
5, 252, 0.0984, 0.0002, 95.312, 100.000, 0.986, 0.680, 
[60] Train acc: 1.0000
5, 252, 0.0236, 0.0002, 100.000, 100.000, 0.983, 0.676, 
[75] Train acc: 0.9844
5, 252, 0.0256, 0.0002, 98.438, 100.000, 0.988, 0.669, 
[90] Train acc: 0.9531
5, 252, 0.1569, 0.0003, 95.312, 100.000, 0.984, 0.694, 
[105] Train acc: 0.9844
5, 252, 0.0473, 0.0002, 98.438, 100.000, 0.987, 0.664, 
[120] Train acc: 1.0000
5, 252, 0.0015, 0.0002, 100.000, 100.000, 0.986, 0.683, 
[135] Train acc: 0.9844
5, 252, 0.0393, 0.0002, 98.438, 100.000, 0.988, 0.697, 
[150] Train acc: 1.0000
5, 252, 0.0231, 0.0002, 100.000, 100.000, 0.988, 0.662, 
[165] Train acc: 0.9844
5, 252, 0.0324, 0.0002, 98.438, 100.000, 0.984, 0.685, 
[180] Train acc: 0.9844
5, 252, 0.0189, 0.0002, 98.438, 100.000, 0.985, 0.672, 
[195] Train acc: 1.0000
5, 252, 0.0243, 0.0002, 100.000, 100.000, 0.986, 0.675, 
[210] Train acc: 0.9688
5, 252, 0.2014, 0.0002, 96.875, 98.438, 0.986, 0.680, 
[225] Train acc: 0.9688
5, 252, 0.0636, 0.0002, 96.875, 100.000, 0.981, 0.677, 
[240] Train acc: 0.9844
5, 252, 0.0409, 0.0002, 98.438, 100.000, 0.988, 0.674, 
[255] Train acc: 0.9844
5, 252, 0.0414, 0.0002, 98.438, 100.000, 0.985, 0.681, 
[270] Train acc: 1.0000
5, 252, 0.0077, 0.0002, 100.000, 100.000, 0.984, 0.678, 
[285] Train acc: 0.9844
5, 252, 0.0314, 0.0002, 98.438, 100.000, 0.986, 0.678, 
[300] Train acc: 0.9688
5, 252, 0.0770, 0.0002, 96.875, 100.000, 0.987, 0.680, 
[315] Train acc: 0.9688
5, 252, 0.0528, 0.0002, 96.875, 100.000, 0.986, 0.679, 
[330] Train acc: 0.9844
5, 252, 0.0357, 0.0002, 98.438, 100.000, 0.986, 0.674, 
[345] Train acc: 1.0000
5, 252, 0.0078, 0.0002, 100.000, 100.000, 0.986, 0.672, 
[360] Train acc: 1.0000
5, 252, 0.0062, 0.0002, 100.000, 100.000, 0.988, 0.684, 
[375] Train acc: 1.0000
5, 252, 0.0182, 0.0002, 100.000, 100.000, 0.985, 0.673, 
[390] Train acc: 0.9844
5, 252, 0.0347, 0.0002, 98.438, 100.000, 0.986, 0.660, 
[405] Train acc: 0.9844
5, 252, 0.0357, 0.0002, 98.438, 100.000, 0.986, 0.669, 
[420] Train acc: 0.9844
5, 252, 0.0288, 0.0002, 98.438, 100.000, 0.987, 0.674, 
[435] Train acc: 1.0000
5, 252, 0.0384, 0.0002, 100.000, 100.000, 0.987, 0.674, 
[450] Train acc: 0.9688
5, 252, 0.0746, 0.0002, 96.875, 100.000, 0.986, 0.663, 
[465] Train acc: 0.9531
5, 252, 0.2299, 0.0003, 95.312, 100.000, 0.985, 0.682, 
[480] Train acc: 1.0000
5, 252, 0.0095, 0.0002, 100.000, 100.000, 0.985, 0.682, 
[495] Train acc: 0.9688
5, 252, 0.0636, 0.0002, 96.875, 100.000, 0.985, 0.685, 
[510] Train acc: 0.9531
5, 252, 0.0753, 0.0002, 95.312, 100.000, 0.987, 0.681, 
[525] Train acc: 0.9688
5, 252, 0.0763, 0.0002, 96.875, 100.000, 0.988, 0.669, 
[540] Train acc: 0.9688
5, 252, 0.1208, 0.0002, 96.875, 100.000, 0.988, 0.671, 
[555] Train acc: 0.9844
5, 252, 0.0301, 0.0002, 98.438, 100.000, 0.990, 0.682, 
[570] Train acc: 1.0000
5, 252, 0.0098, 0.0002, 100.000, 100.000, 0.986, 0.673, 
[585] Train acc: 1.0000
5, 252, 0.0090, 0.0002, 100.000, 100.000, 0.985, 0.674, 
[600] Train acc: 1.0000
5, 252, 0.0170, 0.0002, 100.000, 100.000, 0.985, 0.671, 
[615] Train acc: 0.9844
5, 252, 0.0246, 0.0002, 98.438, 100.000, 0.988, 0.689, 
[630] Train acc: 0.9219
5, 252, 0.1508, 0.0002, 92.188, 100.000, 0.987, 0.675, 
[645] Train acc: 1.0000
5, 252, 0.0039, 0.0002, 100.000, 100.000, 0.987, 0.674, 
[660] Train acc: 1.0000
5, 252, 0.0033, 0.0002, 100.000, 100.000, 0.987, 0.664, 
[675] Train acc: 1.0000
5, 252, 0.0219, 0.0002, 100.000, 100.000, 0.987, 0.680, 
[690] Train acc: 1.0000
5, 252, 0.0031, 0.0002, 100.000, 100.000, 0.986, 0.660, 
[705] Train acc: 1.0000
5, 252, 0.0078, 0.0002, 100.000, 100.000, 0.988, 0.679, 
[720] Train acc: 0.9844
5, 252, 0.0540, 0.0002, 98.438, 100.000, 0.986, 0.684, 
[735] Train acc: 0.9844
5, 252, 0.0684, 0.0002, 98.438, 100.000, 0.987, 0.669, 
[750] Train acc: 1.0000
5, 252, 0.0082, 0.0002, 100.000, 100.000, 0.986, 0.672, 
[765] Train acc: 1.0000
5, 252, 0.0112, 0.0002, 100.000, 100.000, 0.983, 0.686, 
[780] Train acc: 0.9531
5, 252, 0.2455, 0.0002, 95.312, 100.000, 0.988, 0.677, 
[795] Train acc: 0.9688
5, 252, 0.0589, 0.0002, 96.875, 100.000, 0.988, 0.674, 
[810] Train acc: 0.9844
5, 252, 0.0220, 0.0002, 98.438, 100.000, 0.986, 0.680, 
[825] Train acc: 1.0000
5, 252, 0.0090, 0.0002, 100.000, 100.000, 0.983, 0.684, 
[840] Train acc: 0.9844
5, 252, 0.0306, 0.0002, 98.438, 100.000, 0.987, 0.650, 
[855] Train acc: 1.0000
5, 252, 0.0127, 0.0002, 100.000, 100.000, 0.985, 0.670, 
[870] Train acc: 0.9688
5, 252, 0.1107, 0.0002, 96.875, 100.000, 0.980, 0.671, 
[885] Train acc: 1.0000
5, 252, 0.0024, 0.0002, 100.000, 100.000, 0.987, 0.678, 
[900] Train acc: 1.0000
5, 252, 0.0236, 0.0002, 100.000, 100.000, 0.987, 0.673, 
[915] Train acc: 0.9844
5, 252, 0.0203, 0.0002, 98.438, 100.000, 0.987, 0.683, 
[930] Train acc: 0.9844
5, 252, 0.0435, 0.0002, 98.438, 100.000, 0.986, 0.683, 
[0] Train acc: 1.0000
6, 252, 0.0085, 0.0002, 100.000, 100.000, 0.985, 0.673, 
[15] Train acc: 1.0000
6, 252, 0.0074, 0.0002, 100.000, 100.000, 0.990, 0.660, 
[30] Train acc: 0.9844
6, 252, 0.0378, 0.0002, 98.438, 100.000, 0.986, 0.677, 
[45] Train acc: 1.0000
6, 252, 0.0035, 0.0002, 100.000, 100.000, 0.989, 0.676, 
[60] Train acc: 1.0000
6, 252, 0.0291, 0.0002, 100.000, 100.000, 0.987, 0.690, 
[75] Train acc: 1.0000
6, 252, 0.0240, 0.0002, 100.000, 100.000, 0.986, 0.667, 
[90] Train acc: 1.0000
6, 252, 0.0225, 0.0002, 100.000, 100.000, 0.987, 0.671, 
[105] Train acc: 0.9688
6, 252, 0.0429, 0.0002, 96.875, 100.000, 0.987, 0.666, 
[120] Train acc: 0.9844
6, 252, 0.0526, 0.0002, 98.438, 100.000, 0.988, 0.664, 
[135] Train acc: 1.0000
6, 252, 0.0031, 0.0002, 100.000, 100.000, 0.988, 0.673, 
[150] Train acc: 1.0000
6, 252, 0.0227, 0.0002, 100.000, 100.000, 0.986, 0.667, 
[165] Train acc: 1.0000
6, 252, 0.0111, 0.0002, 100.000, 100.000, 0.986, 0.671, 
[180] Train acc: 1.0000
6, 252, 0.0106, 0.0002, 100.000, 100.000, 0.988, 0.658, 
[195] Train acc: 0.9688
6, 252, 0.0541, 0.0002, 96.875, 100.000, 0.988, 0.662, 
[210] Train acc: 0.9844
6, 252, 0.0496, 0.0002, 98.438, 100.000, 0.987, 0.672, 
[225] Train acc: 0.9688
6, 252, 0.0520, 0.0002, 96.875, 100.000, 0.989, 0.664, 
[240] Train acc: 1.0000
6, 252, 0.0066, 0.0002, 100.000, 100.000, 0.986, 0.677, 
[255] Train acc: 0.9844
6, 252, 0.0878, 0.0002, 98.438, 100.000, 0.987, 0.662, 
[270] Train acc: 1.0000
6, 252, 0.0132, 0.0002, 100.000, 100.000, 0.988, 0.679, 
[285] Train acc: 0.9688
6, 252, 0.0930, 0.0002, 96.875, 100.000, 0.988, 0.683, 
[300] Train acc: 0.9844
6, 252, 0.1033, 0.0002, 98.438, 100.000, 0.985, 0.673, 
[315] Train acc: 1.0000
6, 252, 0.0046, 0.0002, 100.000, 100.000, 0.988, 0.675, 
[330] Train acc: 0.9844
6, 252, 0.0216, 0.0002, 98.438, 100.000, 0.988, 0.675, 
[345] Train acc: 0.9688
6, 252, 0.1465, 0.0002, 96.875, 100.000, 0.989, 0.679, 
[360] Train acc: 0.9844
6, 252, 0.0298, 0.0002, 98.438, 100.000, 0.990, 0.672, 
[375] Train acc: 0.9844
6, 252, 0.0448, 0.0003, 98.438, 100.000, 0.984, 0.688, 
[390] Train acc: 0.9844
6, 252, 0.0541, 0.0002, 98.438, 100.000, 0.987, 0.667, 
[405] Train acc: 1.0000
6, 252, 0.0164, 0.0002, 100.000, 100.000, 0.984, 0.682, 
[420] Train acc: 1.0000
6, 252, 0.0045, 0.0002, 100.000, 100.000, 0.985, 0.671, 
[435] Train acc: 1.0000
6, 252, 0.0035, 0.0002, 100.000, 100.000, 0.988, 0.677, 
[450] Train acc: 1.0000
6, 252, 0.0090, 0.0002, 100.000, 100.000, 0.986, 0.671, 
[465] Train acc: 0.9844
6, 252, 0.0272, 0.0002, 98.438, 100.000, 0.989, 0.665, 
[480] Train acc: 1.0000
6, 252, 0.0067, 0.0002, 100.000, 100.000, 0.988, 0.678, 
[495] Train acc: 1.0000
6, 252, 0.0115, 0.0002, 100.000, 100.000, 0.987, 0.675, 
[510] Train acc: 0.9688
6, 252, 0.1064, 0.0002, 96.875, 100.000, 0.986, 0.677, 
[525] Train acc: 0.9688
6, 252, 0.0514, 0.0002, 96.875, 100.000, 0.991, 0.673, 
[540] Train acc: 0.9844
6, 252, 0.0582, 0.0002, 98.438, 100.000, 0.986, 0.672, 
[555] Train acc: 1.0000
6, 252, 0.0139, 0.0002, 100.000, 100.000, 0.989, 0.668, 
[570] Train acc: 0.9688
6, 252, 0.0436, 0.0002, 96.875, 100.000, 0.989, 0.666, 
[585] Train acc: 0.9844
6, 252, 0.0471, 0.0002, 98.438, 100.000, 0.988, 0.680, 
[600] Train acc: 1.0000
6, 252, 0.0010, 0.0002, 100.000, 100.000, 0.986, 0.677, 
[615] Train acc: 1.0000
6, 252, 0.0274, 0.0002, 100.000, 100.000, 0.989, 0.658, 
[630] Train acc: 0.9844
6, 252, 0.0533, 0.0002, 98.438, 100.000, 0.981, 0.665, 
[645] Train acc: 1.0000
6, 252, 0.0045, 0.0002, 100.000, 100.000, 0.989, 0.672, 
[660] Train acc: 1.0000
6, 252, 0.0103, 0.0002, 100.000, 100.000, 0.988, 0.669, 
[675] Train acc: 1.0000
6, 252, 0.0031, 0.0002, 100.000, 100.000, 0.990, 0.670, 
[690] Train acc: 1.0000
6, 252, 0.0067, 0.0002, 100.000, 100.000, 0.988, 0.661, 
[705] Train acc: 1.0000
6, 252, 0.0077, 0.0002, 100.000, 100.000, 0.986, 0.671, 
[720] Train acc: 0.9844
6, 252, 0.0290, 0.0002, 98.438, 100.000, 0.985, 0.684, 
[735] Train acc: 0.9844
6, 252, 0.0469, 0.0002, 98.438, 100.000, 0.988, 0.665, 
[750] Train acc: 0.9844
6, 252, 0.0277, 0.0002, 98.438, 100.000, 0.990, 0.658, 
[765] Train acc: 1.0000
6, 252, 0.0017, 0.0002, 100.000, 100.000, 0.989, 0.674, 
[780] Train acc: 1.0000
6, 252, 0.0126, 0.0002, 100.000, 100.000, 0.987, 0.675, 
[795] Train acc: 0.9844
6, 252, 0.0272, 0.0002, 98.438, 100.000, 0.988, 0.666, 
[810] Train acc: 1.0000
6, 252, 0.0162, 0.0002, 100.000, 100.000, 0.988, 0.669, 
[825] Train acc: 0.9688
6, 252, 0.0488, 0.0002, 96.875, 100.000, 0.988, 0.668, 
[840] Train acc: 0.9844
6, 252, 0.0506, 0.0002, 98.438, 100.000, 0.987, 0.678, 
[855] Train acc: 1.0000
6, 252, 0.0059, 0.0002, 100.000, 100.000, 0.987, 0.662, 
[870] Train acc: 1.0000
6, 252, 0.0069, 0.0002, 100.000, 100.000, 0.987, 0.664, 
[885] Train acc: 0.9688
6, 252, 0.0715, 0.0002, 96.875, 100.000, 0.987, 0.667, 
[900] Train acc: 1.0000
6, 252, 0.0087, 0.0002, 100.000, 100.000, 0.989, 0.674, 
[915] Train acc: 1.0000
6, 252, 0.0105, 0.0002, 100.000, 100.000, 0.988, 0.667, 
[930] Train acc: 1.0000
6, 252, 0.0081, 0.0002, 100.000, 100.000, 0.987, 0.662, 
[0] Train acc: 1.0000, Constr acc: 0.7812, CE loss: 0.005, DL2 loss: 5.509
7, 252, 0.0049, 0.0005, 100.000, 100.000, 0.870, 0.715, 
[15] Train acc: 0.9844, Constr acc: 0.8750, CE loss: 0.069, DL2 loss: 4.456
7, 251, 0.0694, 0.0002, 98.438, 100.000, 0.964, 0.678, 
[30] Train acc: 0.9375, Constr acc: 0.9688, CE loss: 0.315, DL2 loss: 1.321
7, 250, 0.3149, 0.0002, 93.750, 98.438, 0.965, 0.669, 
[45] Train acc: 0.9688, Constr acc: 0.9062, CE loss: 0.076, DL2 loss: 2.118
7, 249, 0.0758, 0.0002, 96.875, 100.000, 0.977, 0.669, 
[60] Train acc: 0.9844, Constr acc: 0.8438, CE loss: 0.049, DL2 loss: 5.562
7, 248, 0.0489, 0.0002, 98.438, 100.000, 0.972, 0.667, 
[75] Train acc: 0.9844, Constr acc: 0.9062, CE loss: 0.108, DL2 loss: 3.777
7, 247, 0.1082, 0.0002, 98.438, 100.000, 0.956, 0.663, 
[90] Train acc: 1.0000, Constr acc: 0.8438, CE loss: 0.004, DL2 loss: 4.126
7, 246, 0.0044, 0.0002, 100.000, 100.000, 0.961, 0.662, 
[105] Train acc: 1.0000, Constr acc: 0.8438, CE loss: 0.002, DL2 loss: 4.251
7, 245, 0.0020, 0.0001, 100.000, 100.000, 0.977, 0.651, 
[120] Train acc: 0.9844, Constr acc: 0.9375, CE loss: 0.026, DL2 loss: 1.183
7, 244, 0.0257, 0.0002, 98.438, 100.000, 0.956, 0.662, 
[135] Train acc: 0.9062, Constr acc: 0.9375, CE loss: 0.417, DL2 loss: 0.125
7, 243, 0.4166, 0.0002, 90.625, 98.438, 0.955, 0.657, 
[150] Train acc: 0.9531, Constr acc: 0.7812, CE loss: 0.136, DL2 loss: 10.637
7, 242, 0.1362, 0.0002, 95.312, 100.000, 0.951, 0.643, 
[165] Train acc: 0.9375, Constr acc: 0.8750, CE loss: 0.242, DL2 loss: 4.230
7, 241, 0.2419, 0.0005, 93.750, 100.000, 0.901, 0.737, 
[180] Train acc: 0.9844, Constr acc: 0.9688, CE loss: 0.079, DL2 loss: 0.304
7, 240, 0.0793, 0.0003, 98.438, 100.000, 0.952, 0.674, 
[195] Train acc: 0.9375, Constr acc: 0.7188, CE loss: 0.156, DL2 loss: 7.875
7, 239, 0.1564, 0.0002, 93.750, 100.000, 0.964, 0.658, 
[210] Train acc: 0.9375, Constr acc: 0.8125, CE loss: 0.241, DL2 loss: 5.452
7, 238, 0.2407, 0.0004, 93.750, 98.438, 0.897, 0.671, 
[225] Train acc: 0.9688, Constr acc: 0.9062, CE loss: 0.086, DL2 loss: 3.337
7, 237, 0.0858, 0.0002, 96.875, 100.000, 0.963, 0.656, 
[240] Train acc: 0.9688, Constr acc: 0.9062, CE loss: 0.091, DL2 loss: 3.348
7, 236, 0.0908, 0.0001, 96.875, 100.000, 0.968, 0.660, 
[255] Train acc: 0.9844, Constr acc: 0.9375, CE loss: 0.120, DL2 loss: 0.657
7, 235, 0.1196, 0.0002, 98.438, 100.000, 0.972, 0.666, 
[270] Train acc: 0.9531, Constr acc: 0.8750, CE loss: 0.190, DL2 loss: 7.613
7, 234, 0.1902, 0.0003, 95.312, 100.000, 0.926, 0.665, 
[285] Train acc: 0.8750, Constr acc: 0.7812, CE loss: 0.559, DL2 loss: 6.058
7, 233, 0.5591, 0.0003, 87.500, 98.438, 0.920, 0.683, 
[300] Train acc: 0.9688, Constr acc: 0.8125, CE loss: 0.106, DL2 loss: 4.787
7, 232, 0.1064, 0.0002, 96.875, 100.000, 0.960, 0.674, 
[315] Train acc: 0.9531, Constr acc: 0.9375, CE loss: 0.156, DL2 loss: 3.178
7, 231, 0.1560, 0.0002, 95.312, 100.000, 0.959, 0.668, 
[330] Train acc: 0.9531, Constr acc: 0.8438, CE loss: 0.200, DL2 loss: 2.852
7, 230, 0.2001, 0.0003, 95.312, 100.000, 0.921, 0.664, 
[345] Train acc: 0.9219, Constr acc: 0.8750, CE loss: 0.367, DL2 loss: 2.278
7, 229, 0.3674, 0.0002, 92.188, 100.000, 0.962, 0.664, 
[360] Train acc: 1.0000, Constr acc: 0.9062, CE loss: 0.045, DL2 loss: 2.080
7, 228, 0.0452, 0.0002, 100.000, 100.000, 0.945, 0.661, 
[375] Train acc: 0.9531, Constr acc: 0.9375, CE loss: 0.252, DL2 loss: 3.224
7, 227, 0.2522, 0.0002, 95.312, 100.000, 0.972, 0.661, 
[390] Train acc: 0.9219, Constr acc: 0.9062, CE loss: 0.308, DL2 loss: 2.573
7, 226, 0.3076, 0.0002, 92.188, 100.000, 0.962, 0.665, 
[405] Train acc: 0.9531, Constr acc: 0.9688, CE loss: 0.163, DL2 loss: 2.749
7, 225, 0.1631, 0.0001, 95.312, 98.438, 0.976, 0.648, 
[420] Train acc: 0.9531, Constr acc: 0.8750, CE loss: 0.101, DL2 loss: 0.372
7, 224, 0.1013, 0.0002, 95.312, 100.000, 0.972, 0.664, 
[435] Train acc: 0.9688, Constr acc: 0.9062, CE loss: 0.142, DL2 loss: 1.266
7, 223, 0.1425, 0.0002, 96.875, 100.000, 0.939, 0.667, 
[450] Train acc: 0.9844, Constr acc: 0.8438, CE loss: 0.213, DL2 loss: 6.163
7, 222, 0.2131, 0.0002, 98.438, 100.000, 0.966, 0.668, 
[465] Train acc: 1.0000, Constr acc: 0.8750, CE loss: 0.002, DL2 loss: 6.638
7, 221, 0.0019, 0.0001, 100.000, 100.000, 0.977, 0.653, 
[480] Train acc: 0.9844, Constr acc: 0.8750, CE loss: 0.097, DL2 loss: 6.061
7, 220, 0.0968, 0.0001, 98.438, 100.000, 0.978, 0.659, 
[495] Train acc: 0.9844, Constr acc: 0.9375, CE loss: 0.028, DL2 loss: 1.087
7, 219, 0.0282, 0.0001, 98.438, 100.000, 0.977, 0.656, 
[510] Train acc: 0.9844, Constr acc: 0.9062, CE loss: 0.039, DL2 loss: 3.763
7, 218, 0.0393, 0.0002, 98.438, 100.000, 0.972, 0.661, 
[525] Train acc: 0.9688, Constr acc: 0.8750, CE loss: 0.068, DL2 loss: 1.658
7, 217, 0.0677, 0.0006, 96.875, 100.000, 0.824, 0.689, 
[540] Train acc: 1.0000, Constr acc: 0.9375, CE loss: 0.006, DL2 loss: 4.076
7, 216, 0.0064, 0.0002, 100.000, 100.000, 0.977, 0.651, 
[555] Train acc: 0.9219, Constr acc: 0.8438, CE loss: 0.285, DL2 loss: 5.106
7, 215, 0.2849, 0.0001, 92.188, 100.000, 0.978, 0.664, 
[570] Train acc: 0.9844, Constr acc: 0.9375, CE loss: 0.029, DL2 loss: 3.563
7, 214, 0.0290, 0.0002, 98.438, 100.000, 0.966, 0.659, 
[585] Train acc: 1.0000, Constr acc: 0.9375, CE loss: 0.015, DL2 loss: 3.355
7, 213, 0.0152, 0.0002, 100.000, 100.000, 0.974, 0.653, 
[600] Train acc: 0.9688, Constr acc: 0.9062, CE loss: 0.060, DL2 loss: 3.463
7, 212, 0.0597, 0.0002, 96.875, 100.000, 0.974, 0.661, 
[615] Train acc: 0.9688, Constr acc: 0.9062, CE loss: 0.081, DL2 loss: 2.362
7, 211, 0.0805, 0.0002, 96.875, 100.000, 0.947, 0.661, 
[630] Train acc: 0.8906, Constr acc: 0.9062, CE loss: 0.624, DL2 loss: 4.456
7, 210, 0.6240, 0.0002, 89.062, 98.438, 0.963, 0.652, 
[645] Train acc: 0.9375, Constr acc: 0.8438, CE loss: 0.203, DL2 loss: 3.221
7, 209, 0.2027, 0.0003, 93.750, 100.000, 0.942, 0.673, 
[660] Train acc: 0.9844, Constr acc: 0.9062, CE loss: 0.047, DL2 loss: 3.749
7, 208, 0.0473, 0.0002, 98.438, 100.000, 0.956, 0.672, 
[675] Train acc: 0.9688, Constr acc: 0.7812, CE loss: 0.080, DL2 loss: 10.823
7, 207, 0.0804, 0.0002, 96.875, 100.000, 0.962, 0.654, 
[690] Train acc: 0.9844, Constr acc: 0.9062, CE loss: 0.025, DL2 loss: 3.009
7, 206, 0.0254, 0.0002, 98.438, 100.000, 0.974, 0.653, 
[705] Train acc: 1.0000, Constr acc: 0.9062, CE loss: 0.022, DL2 loss: 2.808
7, 205, 0.0219, 0.0002, 100.000, 100.000, 0.973, 0.662, 
[720] Train acc: 0.9688, Constr acc: 0.9375, CE loss: 0.127, DL2 loss: 1.266
7, 204, 0.1274, 0.0002, 96.875, 100.000, 0.972, 0.667, 
[735] Train acc: 0.9688, Constr acc: 0.8750, CE loss: 0.101, DL2 loss: 5.877
7, 203, 0.1009, 0.0002, 96.875, 100.000, 0.961, 0.658, 
[750] Train acc: 0.9531, Constr acc: 0.8750, CE loss: 0.240, DL2 loss: 2.776
7, 202, 0.2398, 0.0002, 95.312, 100.000, 0.960, 0.664, 
[765] Train acc: 1.0000, Constr acc: 1.0000, CE loss: 0.024, DL2 loss: 0.000
7, 201, 0.0240, 0.0001, 100.000, 100.000, 0.979, 0.654, 
[780] Train acc: 0.9844, Constr acc: 0.9375, CE loss: 0.054, DL2 loss: 0.814
7, 200, 0.0543, 0.0002, 98.438, 100.000, 0.973, 0.660, 
[795] Train acc: 0.9844, Constr acc: 0.9062, CE loss: 0.043, DL2 loss: 2.106
7, 199, 0.0432, 0.0002, 98.438, 100.000, 0.965, 0.660, 
[810] Train acc: 0.9531, Constr acc: 0.9688, CE loss: 0.098, DL2 loss: 1.357
7, 198, 0.0976, 0.0002, 95.312, 100.000, 0.974, 0.673, 
[825] Train acc: 1.0000, Constr acc: 0.8750, CE loss: 0.022, DL2 loss: 2.485
7, 197, 0.0215, 0.0002, 100.000, 100.000, 0.965, 0.673, 
[840] Train acc: 0.9688, Constr acc: 0.9688, CE loss: 0.117, DL2 loss: 1.439
7, 196, 0.1171, 0.0002, 96.875, 100.000, 0.972, 0.659, 
[855] Train acc: 0.9844, Constr acc: 0.8750, CE loss: 0.060, DL2 loss: 6.965
7, 195, 0.0599, 0.0002, 98.438, 100.000, 0.975, 0.660, 
[870] Train acc: 0.9688, Constr acc: 0.9688, CE loss: 0.044, DL2 loss: 0.154
7, 194, 0.0440, 0.0002, 96.875, 100.000, 0.966, 0.661, 
[885] Train acc: 0.9844, Constr acc: 0.8438, CE loss: 0.033, DL2 loss: 9.540
7, 193, 0.0331, 0.0002, 98.438, 100.000, 0.972, 0.642, 
[900] Train acc: 0.9688, Constr acc: 0.9375, CE loss: 0.126, DL2 loss: 1.916
7, 192, 0.1259, 0.0002, 96.875, 100.000, 0.974, 0.651, 
[915] Train acc: 0.9531, Constr acc: 0.8438, CE loss: 0.158, DL2 loss: 4.635
7, 191, 0.1577, 0.0002, 95.312, 100.000, 0.972, 0.664, 
[930] Train acc: 0.9531, Constr acc: 0.9688, CE loss: 0.385, DL2 loss: 1.357
7, 190, 0.3846, 0.0002, 95.312, 98.438, 0.969, 0.671, 
[0] Train acc: 1.0000, Constr acc: 0.9062, CE loss: 0.011, DL2 loss: 5.660
8, 190, 0.0113, 0.0002, 100.000, 100.000, 0.956, 0.664, 
[15] Train acc: 0.9375, Constr acc: 0.9375, CE loss: 0.124, DL2 loss: 1.487
8, 189, 0.1236, 0.0002, 93.750, 100.000, 0.970, 0.658, 
[30] Train acc: 0.9844, Constr acc: 0.9062, CE loss: 0.069, DL2 loss: 3.944
8, 188, 0.0693, 0.0002, 98.438, 100.000, 0.971, 0.656, 
[45] Train acc: 0.9844, Constr acc: 0.8125, CE loss: 0.110, DL2 loss: 8.118
8, 187, 0.1099, 0.0002, 98.438, 100.000, 0.954, 0.669, 
[60] Train acc: 0.9219, Constr acc: 0.8438, CE loss: 0.390, DL2 loss: 4.708
8, 186, 0.3901, 0.0001, 92.188, 100.000, 0.979, 0.648, 
[75] Train acc: 0.9844, Constr acc: 0.8438, CE loss: 0.044, DL2 loss: 3.632
8, 185, 0.0437, 0.0001, 98.438, 100.000, 0.975, 0.651, 
[90] Train acc: 0.9531, Constr acc: 0.9062, CE loss: 0.065, DL2 loss: 3.677
8, 184, 0.0648, 0.0001, 95.312, 100.000, 0.980, 0.646, 
[105] Train acc: 0.9844, Constr acc: 0.9375, CE loss: 0.054, DL2 loss: 2.149
8, 183, 0.0544, 0.0001, 98.438, 100.000, 0.977, 0.645, 
[120] Train acc: 0.9531, Constr acc: 1.0000, CE loss: 0.150, DL2 loss: 0.000
8, 182, 0.1499, 0.0001, 95.312, 100.000, 0.974, 0.651, 
[135] Train acc: 1.0000, Constr acc: 0.9062, CE loss: 0.005, DL2 loss: 3.771
8, 181, 0.0054, 0.0001, 100.000, 100.000, 0.982, 0.651, 
[150] Train acc: 0.9062, Constr acc: 0.9688, CE loss: 0.762, DL2 loss: 1.927
8, 180, 0.7622, 0.0002, 90.625, 100.000, 0.964, 0.654, 
[165] Train acc: 1.0000, Constr acc: 0.8750, CE loss: 0.009, DL2 loss: 2.739
8, 179, 0.0091, 0.0002, 100.000, 100.000, 0.972, 0.659, 
[180] Train acc: 0.9844, Constr acc: 0.9375, CE loss: 0.174, DL2 loss: 2.774
8, 178, 0.1741, 0.0002, 98.438, 100.000, 0.958, 0.646, 
[195] Train acc: 0.9688, Constr acc: 0.9062, CE loss: 0.109, DL2 loss: 3.038
8, 177, 0.1088, 0.0002, 96.875, 100.000, 0.966, 0.646, 
[210] Train acc: 0.9844, Constr acc: 0.8438, CE loss: 0.026, DL2 loss: 5.648
8, 176, 0.0256, 0.0001, 98.438, 100.000, 0.977, 0.636, 
[225] Train acc: 0.9844, Constr acc: 1.0000, CE loss: 0.077, DL2 loss: 0.000
8, 175, 0.0771, 0.0002, 98.438, 100.000, 0.970, 0.659, 
[240] Train acc: 0.9688, Constr acc: 0.8750, CE loss: 0.192, DL2 loss: 3.893
8, 174, 0.1922, 0.0001, 96.875, 100.000, 0.970, 0.659, 
[255] Train acc: 0.9844, Constr acc: 0.9062, CE loss: 0.052, DL2 loss: 5.186
8, 173, 0.0519, 0.0001, 98.438, 100.000, 0.977, 0.649, 
[270] Train acc: 0.9531, Constr acc: 0.9688, CE loss: 0.428, DL2 loss: 0.958
8, 172, 0.4281, 0.0001, 95.312, 100.000, 0.970, 0.647, 
[285] Train acc: 0.9375, Constr acc: 0.8750, CE loss: 0.231, DL2 loss: 2.937
8, 171, 0.2306, 0.0002, 93.750, 100.000, 0.964, 0.649, 
[300] Train acc: 0.9688, Constr acc: 0.9688, CE loss: 0.175, DL2 loss: 1.005
8, 170, 0.1748, 0.0001, 96.875, 100.000, 0.979, 0.664, 
[315] Train acc: 0.9531, Constr acc: 0.9062, CE loss: 0.137, DL2 loss: 3.023
8, 169, 0.1366, 0.0001, 95.312, 100.000, 0.977, 0.656, 
[330] Train acc: 1.0000, Constr acc: 0.9688, CE loss: 0.008, DL2 loss: 0.110
8, 168, 0.0082, 0.0001, 100.000, 100.000, 0.982, 0.655, 
[345] Train acc: 0.9844, Constr acc: 0.8750, CE loss: 0.035, DL2 loss: 4.455
8, 167, 0.0345, 0.0002, 98.438, 100.000, 0.930, 0.657, 
[360] Train acc: 0.9688, Constr acc: 0.8438, CE loss: 0.302, DL2 loss: 3.485
8, 166, 0.3018, 0.0002, 96.875, 100.000, 0.976, 0.644, 
[375] Train acc: 1.0000, Constr acc: 0.9688, CE loss: 0.023, DL2 loss: 1.683
8, 165, 0.0226, 0.0001, 100.000, 100.000, 0.979, 0.669, 
[390] Train acc: 0.9688, Constr acc: 0.9062, CE loss: 0.225, DL2 loss: 2.084
8, 164, 0.2250, 0.0001, 96.875, 100.000, 0.975, 0.647, 
[405] Train acc: 0.9844, Constr acc: 0.9688, CE loss: 0.034, DL2 loss: 1.643
8, 163, 0.0345, 0.0001, 98.438, 100.000, 0.975, 0.656, 
[420] Train acc: 0.9844, Constr acc: 0.9375, CE loss: 0.031, DL2 loss: 2.747
8, 162, 0.0305, 0.0001, 98.438, 100.000, 0.978, 0.661, 
[435] Train acc: 0.9688, Constr acc: 0.9375, CE loss: 0.197, DL2 loss: 2.773
8, 161, 0.1975, 0.0001, 96.875, 100.000, 0.981, 0.650, 
[450] Train acc: 0.9531, Constr acc: 0.9062, CE loss: 0.170, DL2 loss: 6.017
8, 160, 0.1702, 0.0002, 95.312, 100.000, 0.962, 0.656, 
[465] Train acc: 0.9531, Constr acc: 0.9375, CE loss: 0.282, DL2 loss: 2.161
8, 159, 0.2824, 0.0002, 95.312, 100.000, 0.978, 0.649, 
[480] Train acc: 0.9844, Constr acc: 0.9375, CE loss: 0.017, DL2 loss: 1.715
8, 158, 0.0173, 0.0002, 98.438, 100.000, 0.978, 0.645, 
[495] Train acc: 0.9844, Constr acc: 0.8750, CE loss: 0.030, DL2 loss: 3.148
8, 157, 0.0296, 0.0002, 98.438, 100.000, 0.978, 0.654, 
[510] Train acc: 0.9531, Constr acc: 1.0000, CE loss: 0.184, DL2 loss: 0.000
8, 156, 0.1840, 0.0001, 95.312, 100.000, 0.980, 0.644, 
[525] Train acc: 0.9688, Constr acc: 1.0000, CE loss: 0.037, DL2 loss: 0.000
8, 155, 0.0375, 0.0002, 96.875, 100.000, 0.973, 0.661, 
[540] Train acc: 0.9688, Constr acc: 0.8125, CE loss: 0.389, DL2 loss: 5.143
8, 154, 0.3893, 0.0002, 96.875, 98.438, 0.973, 0.674, 
[555] Train acc: 0.9531, Constr acc: 0.9375, CE loss: 0.300, DL2 loss: 2.771
8, 153, 0.2997, 0.0002, 95.312, 100.000, 0.942, 0.666, 
[570] Train acc: 1.0000, Constr acc: 0.9375, CE loss: 0.001, DL2 loss: 3.295
8, 152, 0.0014, 0.0002, 100.000, 100.000, 0.980, 0.648, 
[585] Train acc: 0.9844, Constr acc: 0.9375, CE loss: 0.021, DL2 loss: 2.743
8, 151, 0.0211, 0.0001, 98.438, 100.000, 0.982, 0.658, 
[600] Train acc: 0.9688, Constr acc: 0.9062, CE loss: 0.099, DL2 loss: 2.649
8, 150, 0.0990, 0.0001, 96.875, 100.000, 0.981, 0.649, 
[615] Train acc: 0.9219, Constr acc: 0.9062, CE loss: 0.212, DL2 loss: 2.064
8, 149, 0.2119, 0.0002, 92.188, 100.000, 0.976, 0.657, 
[630] Train acc: 0.9531, Constr acc: 0.9062, CE loss: 0.089, DL2 loss: 5.466
8, 148, 0.0888, 0.0001, 95.312, 100.000, 0.982, 0.649, 
[645] Train acc: 0.9688, Constr acc: 0.9375, CE loss: 0.119, DL2 loss: 2.555
8, 147, 0.1190, 0.0001, 96.875, 100.000, 0.981, 0.658, 
[660] Train acc: 0.9688, Constr acc: 0.8438, CE loss: 0.151, DL2 loss: 6.483
8, 146, 0.1510, 0.0001, 96.875, 100.000, 0.984, 0.655, 
[675] Train acc: 0.9844, Constr acc: 0.9062, CE loss: 0.034, DL2 loss: 3.507
8, 145, 0.0342, 0.0001, 98.438, 100.000, 0.977, 0.650, 
[690] Train acc: 0.9688, Constr acc: 0.8125, CE loss: 0.049, DL2 loss: 6.747
8, 144, 0.0491, 0.0006, 96.875, 100.000, 0.857, 0.677, 
[705] Train acc: 0.9531, Constr acc: 0.9375, CE loss: 0.342, DL2 loss: 0.435
8, 143, 0.3420, 0.0002, 95.312, 98.438, 0.973, 0.667, 
[720] Train acc: 0.9062, Constr acc: 0.9062, CE loss: 0.492, DL2 loss: 3.650
8, 142, 0.4921, 0.0003, 90.625, 100.000, 0.931, 0.671, 
[735] Train acc: 0.9688, Constr acc: 0.9062, CE loss: 0.088, DL2 loss: 3.940
8, 141, 0.0882, 0.0002, 96.875, 100.000, 0.971, 0.674, 
[750] Train acc: 0.9375, Constr acc: 0.8750, CE loss: 0.202, DL2 loss: 1.844
8, 140, 0.2018, 0.0002, 93.750, 100.000, 0.977, 0.665, 
[765] Train acc: 1.0000, Constr acc: 0.8125, CE loss: 0.012, DL2 loss: 4.573
8, 139, 0.0118, 0.0002, 100.000, 100.000, 0.976, 0.664, 
[780] Train acc: 0.9531, Constr acc: 0.9062, CE loss: 0.189, DL2 loss: 1.034
8, 138, 0.1885, 0.0002, 95.312, 100.000, 0.978, 0.655, 
[795] Train acc: 0.9844, Constr acc: 0.8438, CE loss: 0.018, DL2 loss: 6.277
8, 137, 0.0179, 0.0001, 98.438, 100.000, 0.980, 0.660, 
[810] Train acc: 0.9531, Constr acc: 1.0000, CE loss: 0.248, DL2 loss: 0.000
8, 136, 0.2482, 0.0001, 95.312, 100.000, 0.979, 0.658, 
[825] Train acc: 0.9531, Constr acc: 0.9062, CE loss: 0.143, DL2 loss: 2.965
8, 135, 0.1433, 0.0002, 95.312, 100.000, 0.949, 0.667, 
[840] Train acc: 0.9844, Constr acc: 0.8438, CE loss: 0.045, DL2 loss: 3.562
8, 134, 0.0446, 0.0002, 98.438, 100.000, 0.980, 0.666, 
[855] Train acc: 0.9688, Constr acc: 0.8125, CE loss: 0.078, DL2 loss: 6.801
8, 133, 0.0778, 0.0002, 96.875, 100.000, 0.978, 0.665, 
[870] Train acc: 0.9375, Constr acc: 0.8750, CE loss: 0.092, DL2 loss: 4.030
8, 132, 0.0921, 0.0002, 93.750, 100.000, 0.981, 0.662, 
[885] Train acc: 0.9375, Constr acc: 0.8125, CE loss: 0.098, DL2 loss: 6.195
8, 131, 0.0978, 0.0002, 93.750, 100.000, 0.979, 0.658, 
[900] Train acc: 0.9688, Constr acc: 0.9375, CE loss: 0.104, DL2 loss: 0.155
8, 130, 0.1044, 0.0002, 96.875, 100.000, 0.981, 0.652, 
[915] Train acc: 0.9844, Constr acc: 0.8438, CE loss: 0.060, DL2 loss: 4.701
8, 129, 0.0601, 0.0002, 98.438, 100.000, 0.982, 0.666, 
[930] Train acc: 0.9844, Constr acc: 0.9688, CE loss: 0.032, DL2 loss: 0.786
8, 128, 0.0319, 0.0001, 98.438, 100.000, 0.980, 0.657, 
[0] Train acc: 0.9688, Constr acc: 0.8125, CE loss: 0.119, DL2 loss: 7.930
9, 127, 0.1191, 0.0002, 96.875, 100.000, 0.980, 0.668, 
[15] Train acc: 0.9844, Constr acc: 0.8125, CE loss: 0.035, DL2 loss: 8.901
9, 126, 0.0345, 0.0002, 98.438, 100.000, 0.979, 0.653, 
[30] Train acc: 1.0000, Constr acc: 0.8438, CE loss: 0.013, DL2 loss: 7.707
9, 125, 0.0135, 0.0001, 100.000, 100.000, 0.980, 0.650, 
[45] Train acc: 0.9531, Constr acc: 0.8750, CE loss: 0.116, DL2 loss: 1.448
9, 124, 0.1161, 0.0001, 95.312, 100.000, 0.981, 0.664, 
[60] Train acc: 0.9844, Constr acc: 0.9375, CE loss: 0.036, DL2 loss: 3.133
9, 123, 0.0362, 0.0001, 98.438, 100.000, 0.976, 0.646, 
[75] Train acc: 0.9688, Constr acc: 1.0000, CE loss: 0.058, DL2 loss: 0.000
9, 122, 0.0582, 0.0001, 96.875, 100.000, 0.978, 0.654, 
[90] Train acc: 0.9844, Constr acc: 0.7812, CE loss: 0.103, DL2 loss: 2.912
9, 121, 0.1029, 0.0002, 98.438, 100.000, 0.974, 0.654, 
[105] Train acc: 1.0000, Constr acc: 0.9062, CE loss: 0.002, DL2 loss: 3.472
9, 120, 0.0019, 0.0001, 100.000, 100.000, 0.975, 0.664, 
[120] Train acc: 0.9531, Constr acc: 0.9375, CE loss: 0.121, DL2 loss: 1.709
9, 119, 0.1207, 0.0001, 95.312, 100.000, 0.980, 0.663, 
[135] Train acc: 1.0000, Constr acc: 0.8750, CE loss: 0.013, DL2 loss: 1.955
9, 118, 0.0128, 0.0002, 100.000, 100.000, 0.975, 0.664, 
[150] Train acc: 0.9375, Constr acc: 0.9688, CE loss: 0.117, DL2 loss: 1.254
9, 117, 0.1171, 0.0001, 93.750, 100.000, 0.977, 0.653, 
[165] Train acc: 0.9688, Constr acc: 0.9688, CE loss: 0.082, DL2 loss: 1.289
9, 116, 0.0817, 0.0001, 96.875, 100.000, 0.981, 0.649, 
[180] Train acc: 0.9844, Constr acc: 0.9375, CE loss: 0.019, DL2 loss: 4.723
9, 115, 0.0191, 0.0002, 98.438, 100.000, 0.977, 0.649, 
[195] Train acc: 0.9688, Constr acc: 0.9688, CE loss: 0.078, DL2 loss: 0.034
9, 114, 0.0779, 0.0002, 96.875, 100.000, 0.979, 0.640, 
[210] Train acc: 0.9688, Constr acc: 0.9062, CE loss: 0.123, DL2 loss: 5.023
9, 113, 0.1230, 0.0002, 96.875, 100.000, 0.982, 0.654, 
[225] Train acc: 0.9531, Constr acc: 0.9062, CE loss: 0.137, DL2 loss: 1.678
9, 112, 0.1374, 0.0002, 95.312, 100.000, 0.978, 0.666, 
[240] Train acc: 0.9844, Constr acc: 0.8750, CE loss: 0.077, DL2 loss: 3.146
9, 111, 0.0766, 0.0002, 98.438, 100.000, 0.981, 0.655, 
[255] Train acc: 0.9844, Constr acc: 0.9375, CE loss: 0.038, DL2 loss: 2.287
9, 110, 0.0383, 0.0002, 98.438, 100.000, 0.983, 0.660, 
[270] Train acc: 0.9375, Constr acc: 0.8438, CE loss: 0.297, DL2 loss: 1.879
9, 109, 0.2971, 0.0002, 93.750, 100.000, 0.948, 0.660, 
[285] Train acc: 0.9688, Constr acc: 0.9062, CE loss: 0.109, DL2 loss: 4.455
9, 108, 0.1094, 0.0002, 96.875, 100.000, 0.978, 0.662, 
[300] Train acc: 0.9688, Constr acc: 0.9375, CE loss: 0.077, DL2 loss: 2.507
9, 107, 0.0770, 0.0002, 96.875, 100.000, 0.974, 0.663, 
[315] Train acc: 0.9531, Constr acc: 0.8438, CE loss: 0.188, DL2 loss: 8.307
9, 106, 0.1883, 0.0001, 95.312, 100.000, 0.979, 0.663, 
[330] Train acc: 0.9844, Constr acc: 0.8750, CE loss: 0.090, DL2 loss: 2.719
9, 105, 0.0900, 0.0002, 98.438, 100.000, 0.978, 0.645, 
[345] Train acc: 0.9844, Constr acc: 0.9688, CE loss: 0.053, DL2 loss: 0.554
9, 104, 0.0527, 0.0001, 98.438, 100.000, 0.979, 0.656, 
[360] Train acc: 0.9688, Constr acc: 0.9688, CE loss: 0.085, DL2 loss: 0.880
9, 103, 0.0855, 0.0002, 96.875, 100.000, 0.977, 0.665, 
[375] Train acc: 0.9844, Constr acc: 0.9688, CE loss: 0.019, DL2 loss: 0.559
9, 102, 0.0194, 0.0002, 98.438, 100.000, 0.970, 0.672, 
[390] Train acc: 0.9688, Constr acc: 0.9375, CE loss: 0.124, DL2 loss: 1.603
9, 101, 0.1237, 0.0002, 96.875, 100.000, 0.978, 0.662, 
[405] Train acc: 1.0000, Constr acc: 0.8125, CE loss: 0.016, DL2 loss: 4.448
9, 100, 0.0164, 0.0002, 100.000, 100.000, 0.961, 0.673, 
[420] Train acc: 1.0000, Constr acc: 0.9062, CE loss: 0.013, DL2 loss: 3.201
9, 99, 0.0131, 0.0002, 100.000, 100.000, 0.977, 0.665, 
[435] Train acc: 1.0000, Constr acc: 0.9688, CE loss: 0.015, DL2 loss: 1.578
9, 98, 0.0154, 0.0002, 100.000, 100.000, 0.963, 0.668, 
[450] Train acc: 0.9688, Constr acc: 0.9375, CE loss: 0.107, DL2 loss: 0.609
9, 97, 0.1075, 0.0002, 96.875, 100.000, 0.975, 0.671, 
[465] Train acc: 0.9688, Constr acc: 0.8750, CE loss: 0.087, DL2 loss: 3.537
9, 96, 0.0870, 0.0002, 96.875, 100.000, 0.977, 0.665, 
[480] Train acc: 0.9688, Constr acc: 0.8750, CE loss: 0.063, DL2 loss: 3.318
9, 95, 0.0632, 0.0002, 96.875, 100.000, 0.978, 0.669, 
[495] Train acc: 0.9844, Constr acc: 0.8750, CE loss: 0.108, DL2 loss: 3.614
9, 94, 0.1078, 0.0002, 98.438, 100.000, 0.974, 0.655, 
[510] Train acc: 0.9844, Constr acc: 0.8750, CE loss: 0.041, DL2 loss: 5.550
9, 93, 0.0411, 0.0002, 98.438, 100.000, 0.979, 0.654, 
[525] Train acc: 0.9375, Constr acc: 0.8438, CE loss: 0.401, DL2 loss: 7.237
9, 92, 0.4010, 0.0002, 93.750, 96.875, 0.976, 0.666, 
[540] Train acc: 0.9844, Constr acc: 0.8750, CE loss: 0.082, DL2 loss: 6.494
9, 91, 0.0816, 0.0002, 98.438, 100.000, 0.978, 0.662, 
[555] Train acc: 0.9219, Constr acc: 0.9062, CE loss: 0.396, DL2 loss: 3.937
9, 90, 0.3957, 0.0003, 92.188, 98.438, 0.930, 0.671, 
[570] Train acc: 0.9844, Constr acc: 0.9062, CE loss: 0.024, DL2 loss: 1.802
9, 89, 0.0242, 0.0002, 98.438, 100.000, 0.974, 0.677, 
[585] Train acc: 0.9844, Constr acc: 0.8750, CE loss: 0.087, DL2 loss: 3.594
9, 88, 0.0874, 0.0002, 98.438, 100.000, 0.977, 0.663, 
[600] Train acc: 0.9688, Constr acc: 0.7812, CE loss: 0.126, DL2 loss: 7.237
9, 87, 0.1260, 0.0003, 96.875, 100.000, 0.964, 0.685, 
[615] Train acc: 0.9844, Constr acc: 0.9062, CE loss: 0.034, DL2 loss: 4.872
9, 86, 0.0338, 0.0003, 98.438, 100.000, 0.964, 0.675, 
[630] Train acc: 0.9844, Constr acc: 0.8125, CE loss: 0.127, DL2 loss: 4.893
9, 85, 0.1273, 0.0003, 98.438, 100.000, 0.958, 0.695, 
[645] Train acc: 0.9688, Constr acc: 0.9062, CE loss: 0.105, DL2 loss: 5.913
9, 84, 0.1050, 0.0002, 96.875, 100.000, 0.960, 0.669, 
[660] Train acc: 0.9531, Constr acc: 0.8125, CE loss: 0.148, DL2 loss: 9.780
9, 83, 0.1485, 0.0002, 95.312, 100.000, 0.967, 0.660, 
[675] Train acc: 0.9375, Constr acc: 0.9375, CE loss: 0.264, DL2 loss: 0.952
9, 82, 0.2638, 0.0002, 93.750, 100.000, 0.972, 0.668, 
[690] Train acc: 0.9844, Constr acc: 0.9688, CE loss: 0.021, DL2 loss: 0.114
9, 81, 0.0211, 0.0002, 98.438, 100.000, 0.976, 0.658, 
[705] Train acc: 0.9531, Constr acc: 0.9062, CE loss: 0.143, DL2 loss: 1.917
9, 80, 0.1428, 0.0002, 95.312, 100.000, 0.976, 0.642, 
[720] Train acc: 0.9844, Constr acc: 0.9062, CE loss: 0.101, DL2 loss: 2.260
9, 79, 0.1008, 0.0002, 98.438, 100.000, 0.976, 0.654, 
[735] Train acc: 0.9375, Constr acc: 0.9062, CE loss: 0.277, DL2 loss: 3.644
9, 78, 0.2770, 0.0002, 93.750, 100.000, 0.964, 0.665, 
[750] Train acc: 0.9688, Constr acc: 0.8125, CE loss: 0.072, DL2 loss: 5.811
9, 77, 0.0722, 0.0002, 96.875, 100.000, 0.960, 0.664, 
[765] Train acc: 0.9219, Constr acc: 0.9062, CE loss: 0.138, DL2 loss: 0.957
9, 76, 0.1378, 0.0002, 92.188, 100.000, 0.957, 0.674, 
[780] Train acc: 0.9531, Constr acc: 0.9688, CE loss: 0.209, DL2 loss: 1.221
9, 75, 0.2093, 0.0002, 95.312, 100.000, 0.971, 0.670, 
[795] Train acc: 0.9219, Constr acc: 0.9062, CE loss: 0.177, DL2 loss: 3.532
9, 74, 0.1772, 0.0002, 92.188, 100.000, 0.972, 0.670, 
[810] Train acc: 0.9844, Constr acc: 0.8750, CE loss: 0.021, DL2 loss: 3.701
9, 73, 0.0213, 0.0002, 98.438, 100.000, 0.968, 0.668, 
[825] Train acc: 0.9375, Constr acc: 0.9375, CE loss: 0.315, DL2 loss: 1.322
9, 72, 0.3147, 0.0002, 93.750, 100.000, 0.972, 0.666, 
[840] Train acc: 0.9062, Constr acc: 0.9375, CE loss: 0.266, DL2 loss: 3.197
9, 71, 0.2663, 0.0002, 90.625, 100.000, 0.956, 0.678, 
[855] Train acc: 0.9062, Constr acc: 0.9375, CE loss: 0.584, DL2 loss: 1.451
9, 70, 0.5840, 0.0002, 90.625, 98.438, 0.959, 0.658, 
[870] Train acc: 0.9531, Constr acc: 0.8125, CE loss: 0.211, DL2 loss: 5.364
9, 69, 0.2114, 0.0002, 95.312, 100.000, 0.965, 0.670, 
[885] Train acc: 0.9531, Constr acc: 0.8438, CE loss: 0.243, DL2 loss: 5.079
9, 68, 0.2428, 0.0003, 95.312, 100.000, 0.932, 0.683, 
[900] Train acc: 0.9688, Constr acc: 0.8750, CE loss: 0.101, DL2 loss: 4.331
9, 67, 0.1008, 0.0002, 96.875, 100.000, 0.953, 0.673, 
[915] Train acc: 0.9844, Constr acc: 0.9062, CE loss: 0.111, DL2 loss: 1.271
9, 66, 0.1113, 0.0002, 98.438, 100.000, 0.968, 0.672, 
[930] Train acc: 0.9375, Constr acc: 0.9062, CE loss: 0.156, DL2 loss: 1.856
9, 65, 0.1562, 0.0002, 93.750, 100.000, 0.968, 0.677, 
[0] Train acc: 0.9531, Constr acc: 0.9375, CE loss: 0.286, DL2 loss: 2.101
10, 65, 0.2864, 0.0003, 95.312, 98.438, 0.958, 0.677, 
[15] Train acc: 0.8750, Constr acc: 0.7188, CE loss: 0.545, DL2 loss: 6.383
10, 64, 0.5448, 0.0002, 87.500, 100.000, 0.959, 0.674, 
[30] Train acc: 0.9844, Constr acc: 0.9375, CE loss: 0.028, DL2 loss: 0.530
10, 63, 0.0283, 0.0002, 98.438, 100.000, 0.968, 0.665, 
[45] Train acc: 0.9531, Constr acc: 0.9062, CE loss: 0.231, DL2 loss: 3.784
10, 62, 0.2307, 0.0002, 95.312, 100.000, 0.962, 0.673, 
[60] Train acc: 0.9062, Constr acc: 0.7812, CE loss: 0.251, DL2 loss: 2.573
10, 61, 0.2508, 0.0003, 90.625, 100.000, 0.902, 0.665, 
[75] Train acc: 0.9844, Constr acc: 0.9062, CE loss: 0.080, DL2 loss: 3.044
10, 60, 0.0795, 0.0002, 98.438, 100.000, 0.972, 0.673, 
[90] Train acc: 0.9688, Constr acc: 0.8438, CE loss: 0.083, DL2 loss: 4.370
10, 59, 0.0828, 0.0002, 96.875, 100.000, 0.953, 0.683, 
[105] Train acc: 0.9375, Constr acc: 0.9688, CE loss: 0.161, DL2 loss: 1.385
10, 58, 0.1614, 0.0002, 93.750, 100.000, 0.972, 0.653, 
[120] Train acc: 0.9531, Constr acc: 0.8125, CE loss: 0.146, DL2 loss: 2.935
10, 57, 0.1461, 0.0003, 95.312, 100.000, 0.956, 0.678, 
[135] Train acc: 0.9219, Constr acc: 0.9062, CE loss: 0.233, DL2 loss: 1.974
10, 56, 0.2334, 0.0003, 92.188, 100.000, 0.935, 0.684, 
[150] Train acc: 0.9844, Constr acc: 0.8750, CE loss: 0.027, DL2 loss: 3.902
10, 55, 0.0272, 0.0003, 98.438, 100.000, 0.958, 0.670, 
[165] Train acc: 0.9062, Constr acc: 0.9688, CE loss: 0.310, DL2 loss: 0.002
10, 54, 0.3101, 0.0003, 90.625, 100.000, 0.949, 0.686, 
[180] Train acc: 0.9688, Constr acc: 0.9375, CE loss: 0.056, DL2 loss: 1.764
10, 53, 0.0557, 0.0003, 96.875, 100.000, 0.930, 0.676, 
[195] Train acc: 0.9688, Constr acc: 0.8750, CE loss: 0.212, DL2 loss: 2.198
10, 52, 0.2116, 0.0003, 96.875, 100.000, 0.952, 0.694, 
[210] Train acc: 0.9219, Constr acc: 0.8125, CE loss: 0.223, DL2 loss: 3.963
10, 51, 0.2228, 0.0003, 92.188, 98.438, 0.954, 0.688, 
[225] Train acc: 1.0000, Constr acc: 0.9688, CE loss: 0.006, DL2 loss: 0.723
10, 50, 0.0056, 0.0003, 100.000, 100.000, 0.953, 0.693, 
[240] Train acc: 0.9219, Constr acc: 0.8750, CE loss: 0.451, DL2 loss: 4.475
10, 49, 0.4510, 0.0003, 92.188, 98.438, 0.950, 0.699, 
[255] Train acc: 0.9062, Constr acc: 0.8750, CE loss: 0.238, DL2 loss: 5.251
10, 48, 0.2381, 0.0004, 90.625, 100.000, 0.946, 0.730, 
[270] Train acc: 0.9219, Constr acc: 0.9062, CE loss: 0.304, DL2 loss: 4.924
10, 47, 0.3037, 0.0003, 92.188, 100.000, 0.949, 0.704, 
[285] Train acc: 0.9375, Constr acc: 0.7500, CE loss: 0.205, DL2 loss: 8.875
10, 46, 0.2048, 0.0003, 93.750, 100.000, 0.956, 0.712, 
[300] Train acc: 0.9688, Constr acc: 0.8438, CE loss: 0.101, DL2 loss: 0.713
10, 45, 0.1014, 0.0003, 96.875, 100.000, 0.954, 0.708, 
[315] Train acc: 0.9531, Constr acc: 0.8125, CE loss: 0.073, DL2 loss: 7.334
10, 44, 0.0727, 0.0003, 95.312, 100.000, 0.958, 0.698, 
[330] Train acc: 0.9219, Constr acc: 0.9688, CE loss: 0.607, DL2 loss: 0.752
10, 43, 0.6067, 0.0003, 92.188, 98.438, 0.956, 0.680, 
[345] Train acc: 0.9219, Constr acc: 0.8750, CE loss: 0.267, DL2 loss: 2.777
10, 42, 0.2667, 0.0002, 92.188, 100.000, 0.959, 0.667, 
[360] Train acc: 0.9688, Constr acc: 0.9062, CE loss: 0.045, DL2 loss: 2.875
10, 41, 0.0449, 0.0003, 96.875, 100.000, 0.958, 0.702, 
[375] Train acc: 0.9375, Constr acc: 0.8125, CE loss: 0.136, DL2 loss: 5.816
10, 40, 0.1364, 0.0003, 93.750, 100.000, 0.958, 0.683, 
[390] Train acc: 0.9844, Constr acc: 0.8750, CE loss: 0.079, DL2 loss: 3.632
10, 39, 0.0795, 0.0003, 98.438, 100.000, 0.931, 0.699, 
[405] Train acc: 0.9844, Constr acc: 0.9062, CE loss: 0.038, DL2 loss: 3.561
10, 38, 0.0378, 0.0003, 98.438, 100.000, 0.955, 0.688, 
[420] Train acc: 0.9688, Constr acc: 0.9062, CE loss: 0.209, DL2 loss: 2.589
10, 37, 0.2086, 0.0004, 96.875, 100.000, 0.920, 0.699, 
[435] Train acc: 0.9531, Constr acc: 0.8750, CE loss: 0.174, DL2 loss: 1.555
10, 36, 0.1740, 0.0003, 95.312, 100.000, 0.931, 0.705, 
[450] Train acc: 0.9219, Constr acc: 0.8125, CE loss: 0.265, DL2 loss: 4.016
10, 35, 0.2647, 0.0004, 92.188, 100.000, 0.937, 0.723, 
[465] Train acc: 0.8750, Constr acc: 0.8125, CE loss: 0.414, DL2 loss: 2.322
10, 34, 0.4140, 0.0003, 87.500, 98.438, 0.956, 0.692, 
[480] Train acc: 0.8906, Constr acc: 0.8438, CE loss: 0.516, DL2 loss: 3.996
10, 33, 0.5160, 0.0003, 89.062, 98.438, 0.951, 0.705, 
[495] Train acc: 0.9688, Constr acc: 0.8125, CE loss: 0.171, DL2 loss: 8.329
10, 32, 0.1712, 0.0004, 96.875, 100.000, 0.935, 0.711, 
[510] Train acc: 0.8594, Constr acc: 0.8125, CE loss: 0.298, DL2 loss: 6.185
10, 31, 0.2983, 0.0003, 85.938, 100.000, 0.938, 0.689, 
[525] Train acc: 0.8594, Constr acc: 0.8125, CE loss: 0.585, DL2 loss: 3.771
10, 30, 0.5850, 0.0004, 85.938, 100.000, 0.920, 0.705, 
[540] Train acc: 0.9062, Constr acc: 0.7500, CE loss: 0.343, DL2 loss: 4.160
10, 29, 0.3429, 0.0004, 90.625, 98.438, 0.942, 0.704, 
[555] Train acc: 0.9375, Constr acc: 0.8125, CE loss: 0.307, DL2 loss: 7.560
10, 28, 0.3071, 0.0005, 93.750, 100.000, 0.871, 0.723, 
[570] Train acc: 0.8750, Constr acc: 1.0000, CE loss: 0.590, DL2 loss: 0.000
10, 27, 0.5901, 0.0004, 87.500, 100.000, 0.934, 0.701, 
[585] Train acc: 0.8750, Constr acc: 0.8750, CE loss: 0.452, DL2 loss: 1.920
10, 26, 0.4521, 0.0004, 87.500, 100.000, 0.912, 0.699, 
[600] Train acc: 0.8594, Constr acc: 0.8125, CE loss: 0.828, DL2 loss: 6.883
10, 25, 0.8279, 0.0005, 85.938, 100.000, 0.877, 0.721, 
[615] Train acc: 0.9062, Constr acc: 0.6562, CE loss: 0.377, DL2 loss: 9.499
10, 24, 0.3774, 0.0005, 90.625, 100.000, 0.885, 0.710, 
[630] Train acc: 0.9219, Constr acc: 0.9062, CE loss: 0.400, DL2 loss: 1.500
10, 23, 0.4003, 0.0006, 92.188, 98.438, 0.835, 0.735, 
[645] Train acc: 0.8438, Constr acc: 0.8438, CE loss: 0.927, DL2 loss: 5.632
10, 22, 0.9267, 0.0005, 84.375, 100.000, 0.889, 0.714, 
[660] Train acc: 0.8594, Constr acc: 0.8750, CE loss: 0.597, DL2 loss: 2.804
10, 21, 0.5969, 0.0005, 85.938, 100.000, 0.880, 0.716, 
[675] Train acc: 0.5781, Constr acc: 0.6875, CE loss: 2.193, DL2 loss: 11.001
10, 20, 2.1929, 0.0014, 57.812, 96.875, 0.587, 0.739, 
[690] Train acc: 0.7656, Constr acc: 0.5625, CE loss: 0.715, DL2 loss: 13.894
10, 19, 0.7146, 0.0007, 76.562, 98.438, 0.770, 0.770, 
[705] Train acc: 0.7031, Constr acc: 0.6562, CE loss: 1.531, DL2 loss: 8.460
10, 18, 1.5309, 0.0009, 70.312, 93.750, 0.729, 0.762, 
[720] Train acc: 0.7344, Constr acc: 0.7188, CE loss: 1.223, DL2 loss: 6.973
10, 17, 1.2232, 0.0011, 73.438, 100.000, 0.654, 0.763, 
[735] Train acc: 0.5781, Constr acc: 0.3750, CE loss: 1.804, DL2 loss: 20.668
10, 16, 1.8044, 0.0013, 57.812, 100.000, 0.527, 0.849, 
[750] Train acc: 0.5938, Constr acc: 0.6250, CE loss: 1.689, DL2 loss: 12.071
10, 15, 1.6888, 0.0011, 59.375, 92.188, 0.643, 0.855, 
[765] Train acc: 0.3750, Constr acc: 0.3438, CE loss: 2.023, DL2 loss: 16.519
10, 14, 2.0227, 0.0014, 37.500, 95.312, 0.482, 0.874, 
[780] Train acc: 0.4688, Constr acc: 0.6562, CE loss: 2.492, DL2 loss: 9.057
10, 13, 2.4922, 0.0015, 46.875, 95.312, 0.407, 0.822, 
[795] Train acc: 0.3750, Constr acc: 0.6562, CE loss: 2.521, DL2 loss: 11.025
10, 12, 2.5210, 0.0013, 37.500, 87.500, 0.485, 0.832, 
[810] Train acc: 0.4062, Constr acc: 0.5312, CE loss: 1.931, DL2 loss: 12.760
10, 11, 1.9312, 0.0014, 40.625, 92.188, 0.423, 0.860, 
[825] Train acc: 0.2344, Constr acc: 0.2500, CE loss: 4.298, DL2 loss: 29.440
10, 10, 4.2981, 0.0025, 23.438, 82.812, 0.295, 0.941, 
[840] Train acc: 0.2031, Constr acc: 0.3750, CE loss: 2.103, DL2 loss: 23.462
10, 9, 2.1033, 0.0018, 20.312, 89.062, 0.339, 0.934, 
[855] Train acc: 0.1250, Constr acc: 0.0312, CE loss: 2.266, DL2 loss: 35.035
10, 8, 2.2657, 0.0021, 12.500, 78.125, 0.212, 0.965, 
[870] Train acc: 0.1406, Constr acc: 0.1562, CE loss: 2.801, DL2 loss: 34.972
10, 7, 2.8005, 0.0020, 14.062, 81.250, 0.228, 0.971, 
[885] Train acc: 0.1562, Constr acc: 0.2188, CE loss: 2.412, DL2 loss: 26.743
10, 6, 2.4120, 0.0020, 15.625, 75.000, 0.225, 0.968, 
[900] Train acc: 0.2188, Constr acc: 0.1875, CE loss: 2.439, DL2 loss: 25.907
10, 5, 2.4390, 0.0020, 21.875, 79.688, 0.245, 0.966, 
[915] Train acc: 0.1250, Constr acc: 0.0625, CE loss: 2.324, DL2 loss: 46.601
10, 4, 2.3244, 0.0024, 12.500, 57.812, 0.114, 1.000, 
[930] Train acc: 0.1250, Constr acc: 0.0938, CE loss: 2.339, DL2 loss: 38.838
10, 3, 2.3385, 0.0023, 12.500, 54.688, 0.114, 1.000, 
