main_test.py --pruning=True --tensorboard=True --log-interval=15 --dataset=CIFAR10 --pruning_config=./configs/cifar_22_15.json --constraint RobustnessT(eps1=7.8, eps2=2.9)
pruning_engine.load_mask(): did not find mask file, will load nothing
epoch, neuron_units, loss, dl2_loss, top1, top5, dl2_p_acc, dl2_constraint_acc
1, 252, 2.3194, 0.0023, 4.688, 34.375, 0.099, 1.000, 
1, 252, 2.2939, 0.0023, 6.250, 57.812, 0.103, 1.000, 
1, 252, 2.3034, 0.0023, 12.500, 53.125, 0.107, 1.000, 
1, 252, 2.3048, 0.0023, 17.188, 43.750, 0.115, 1.000, 
1, 252, 2.3086, 0.0023, 12.500, 57.812, 0.114, 1.000, 
1, 252, 2.3085, 0.0023, 3.125, 54.688, 0.112, 1.000, 
1, 252, 2.2836, 0.0023, 14.062, 64.062, 0.130, 1.000, 
1, 252, 2.2946, 0.0023, 10.938, 59.375, 0.141, 1.000, 
1, 252, 2.2870, 0.0023, 15.625, 65.625, 0.152, 1.000, 
1, 252, 2.2936, 0.0023, 21.875, 54.688, 0.199, 1.000, 
1, 252, 2.2742, 0.0023, 23.438, 68.750, 0.202, 1.000, 
1, 252, 2.2731, 0.0023, 23.438, 64.062, 0.195, 1.000, 
1, 252, 2.2809, 0.0023, 10.938, 62.500, 0.200, 1.000, 
1, 252, 2.2541, 0.0023, 23.438, 73.438, 0.195, 1.000, 
1, 252, 2.2240, 0.0022, 23.438, 67.188, 0.184, 1.000, 
1, 252, 2.2157, 0.0022, 18.750, 71.875, 0.190, 1.000, 
1, 252, 2.2000, 0.0022, 20.312, 68.750, 0.204, 1.000, 
1, 252, 2.2183, 0.0022, 18.750, 57.812, 0.220, 1.000, 
1, 252, 2.1780, 0.0022, 17.188, 71.875, 0.221, 1.000, 
1, 252, 2.1828, 0.0021, 20.312, 68.750, 0.248, 1.000, 
1, 252, 2.0308, 0.0021, 40.625, 78.125, 0.253, 1.000, 
1, 252, 2.0002, 0.0021, 28.125, 84.375, 0.266, 1.000, 
1, 252, 2.0770, 0.0020, 25.000, 73.438, 0.256, 1.000, 
1, 252, 2.0252, 0.0020, 26.562, 84.375, 0.285, 1.000, 
1, 252, 1.8604, 0.0020, 37.500, 85.938, 0.269, 1.000, 
1, 252, 1.8956, 0.0020, 29.688, 76.562, 0.293, 1.000, 
1, 252, 1.8905, 0.0020, 34.375, 82.812, 0.279, 1.000, 
1, 252, 2.0907, 0.0020, 26.562, 75.000, 0.298, 1.000, 
1, 252, 1.8882, 0.0020, 31.250, 85.938, 0.293, 1.000, 
1, 252, 1.9460, 0.0019, 23.438, 85.938, 0.312, 1.000, 
1, 252, 1.8338, 0.0019, 31.250, 87.500, 0.301, 1.000, 
1, 252, 1.8765, 0.0019, 28.125, 84.375, 0.300, 1.000, 
1, 252, 1.9874, 0.0019, 29.688, 76.562, 0.312, 1.000, 
1, 252, 2.0018, 0.0019, 18.750, 82.812, 0.306, 1.000, 
1, 252, 1.8665, 0.0019, 35.938, 79.688, 0.317, 1.000, 
1, 252, 2.0410, 0.0019, 21.875, 75.000, 0.311, 1.000, 
1, 252, 1.9455, 0.0019, 29.688, 87.500, 0.319, 1.000, 
1, 252, 1.9626, 0.0019, 20.312, 82.812, 0.324, 1.000, 
1, 252, 1.8926, 0.0019, 35.938, 85.938, 0.321, 1.000, 
1, 252, 1.8701, 0.0018, 29.688, 85.938, 0.328, 1.000, 
1, 252, 1.9456, 0.0018, 32.812, 81.250, 0.328, 1.000, 
1, 252, 1.7456, 0.0018, 34.375, 89.062, 0.329, 1.000, 
1, 252, 1.7816, 0.0018, 40.625, 89.062, 0.337, 1.000, 
1, 252, 1.8803, 0.0018, 29.688, 81.250, 0.340, 1.000, 
1, 252, 1.7693, 0.0018, 25.000, 85.938, 0.332, 1.000, 
1, 252, 1.9335, 0.0018, 39.062, 79.688, 0.343, 1.000, 
1, 252, 1.8394, 0.0018, 26.562, 84.375, 0.343, 1.000, 
1, 252, 1.7140, 0.0018, 32.812, 84.375, 0.348, 1.000, 
1, 252, 1.7014, 0.0018, 35.938, 82.812, 0.343, 1.000, 
1, 252, 1.8356, 0.0018, 31.250, 85.938, 0.351, 1.000, 
1, 252, 1.8598, 0.0018, 29.688, 85.938, 0.353, 1.000, 
1, 252, 1.7760, 0.0018, 40.625, 82.812, 0.350, 1.000, 
1, 252, 1.8321, 0.0018, 35.938, 87.500, 0.348, 1.000, 
2, 252, 2.0374, 0.0018, 20.312, 75.000, 0.352, 1.000, 
2, 252, 1.8138, 0.0018, 45.312, 89.062, 0.353, 1.000, 
2, 252, 2.1321, 0.0018, 20.312, 75.000, 0.366, 1.000, 
2, 252, 1.8031, 0.0018, 31.250, 84.375, 0.356, 1.000, 
2, 252, 1.7564, 0.0017, 34.375, 87.500, 0.366, 1.000, 
2, 252, 1.7195, 0.0017, 40.625, 87.500, 0.356, 1.000, 
2, 252, 1.7329, 0.0017, 32.812, 87.500, 0.351, 1.000, 
2, 252, 1.8447, 0.0017, 31.250, 85.938, 0.366, 1.000, 
2, 252, 1.7398, 0.0017, 35.938, 89.062, 0.365, 1.000, 
2, 252, 1.7229, 0.0017, 31.250, 89.062, 0.372, 1.000, 
2, 252, 1.6421, 0.0017, 42.188, 93.750, 0.368, 1.000, 
2, 252, 1.7296, 0.0017, 39.062, 92.188, 0.364, 1.000, 
2, 252, 1.6209, 0.0017, 40.625, 85.938, 0.375, 1.000, 
2, 252, 1.7794, 0.0017, 28.125, 87.500, 0.366, 1.000, 
2, 252, 1.9101, 0.0017, 29.688, 81.250, 0.379, 1.000, 
2, 252, 1.6578, 0.0017, 40.625, 89.062, 0.372, 1.000, 
2, 252, 1.7772, 0.0017, 40.625, 85.938, 0.382, 1.000, 
2, 252, 1.6398, 0.0017, 42.188, 87.500, 0.382, 1.000, 
2, 252, 1.6768, 0.0017, 32.812, 89.062, 0.380, 1.000, 
2, 252, 1.6045, 0.0017, 45.312, 90.625, 0.381, 1.000, 
2, 252, 1.4998, 0.0017, 48.438, 93.750, 0.375, 1.000, 
2, 252, 1.7318, 0.0017, 37.500, 90.625, 0.373, 1.000, 
2, 252, 1.8354, 0.0017, 29.688, 82.812, 0.371, 1.000, 
2, 252, 1.6689, 0.0017, 43.750, 90.625, 0.378, 1.000, 
2, 252, 1.7377, 0.0017, 31.250, 90.625, 0.388, 1.000, 
2, 252, 1.7211, 0.0017, 31.250, 85.938, 0.384, 1.000, 
2, 252, 1.6655, 0.0017, 35.938, 87.500, 0.385, 1.000, 
2, 252, 1.5678, 0.0017, 39.062, 93.750, 0.387, 1.000, 
2, 252, 1.5682, 0.0017, 39.062, 95.312, 0.390, 1.000, 
2, 252, 1.7049, 0.0017, 34.375, 84.375, 0.388, 1.000, 
2, 252, 1.6407, 0.0017, 42.188, 87.500, 0.396, 1.000, 
2, 252, 1.7559, 0.0017, 40.625, 90.625, 0.394, 1.000, 
2, 252, 1.6489, 0.0017, 43.750, 84.375, 0.386, 1.000, 
2, 252, 1.6109, 0.0017, 48.438, 92.188, 0.390, 1.000, 
2, 252, 1.8255, 0.0016, 28.125, 85.938, 0.394, 1.000, 
2, 252, 1.7360, 0.0016, 34.375, 89.062, 0.397, 1.000, 
2, 252, 1.6019, 0.0016, 37.500, 95.312, 0.394, 1.000, 
2, 252, 1.8285, 0.0016, 32.812, 84.375, 0.397, 1.000, 
2, 252, 1.6577, 0.0017, 34.375, 89.062, 0.387, 1.000, 
2, 252, 1.5849, 0.0016, 35.938, 95.312, 0.394, 1.000, 
2, 252, 1.6824, 0.0016, 39.062, 84.375, 0.401, 1.000, 
2, 252, 1.7211, 0.0016, 29.688, 93.750, 0.405, 1.000, 
2, 252, 1.7025, 0.0016, 37.500, 84.375, 0.394, 1.000, 
2, 252, 1.7527, 0.0016, 31.250, 87.500, 0.391, 1.000, 
2, 252, 1.4275, 0.0016, 51.562, 96.875, 0.407, 1.000, 
2, 252, 1.6017, 0.0016, 40.625, 95.312, 0.398, 1.000, 
2, 252, 1.5180, 0.0016, 51.562, 93.750, 0.406, 1.000, 
2, 252, 1.5118, 0.0016, 51.562, 89.062, 0.402, 1.000, 
2, 252, 1.5316, 0.0016, 42.188, 93.750, 0.405, 1.000, 
2, 252, 1.5160, 0.0016, 42.188, 98.438, 0.404, 1.000, 
2, 252, 1.5950, 0.0016, 37.500, 90.625, 0.408, 1.000, 
2, 252, 1.5276, 0.0016, 42.188, 95.312, 0.398, 1.000, 
2, 252, 1.8036, 0.0016, 21.875, 89.062, 0.405, 1.000, 
3, 252, 1.7463, 0.0016, 35.938, 92.188, 0.407, 1.000, 
3, 252, 1.5546, 0.0016, 42.188, 90.625, 0.404, 1.000, 
3, 252, 1.5844, 0.0016, 42.188, 90.625, 0.412, 1.000, 
3, 252, 1.6249, 0.0016, 43.750, 87.500, 0.403, 1.000, 
3, 252, 1.4093, 0.0016, 50.000, 93.750, 0.411, 1.000, 
3, 252, 1.5388, 0.0016, 48.438, 92.188, 0.410, 1.000, 
3, 252, 1.6704, 0.0016, 35.938, 82.812, 0.408, 1.000, 
3, 252, 1.6012, 0.0016, 40.625, 87.500, 0.414, 1.000, 
3, 252, 1.7215, 0.0016, 39.062, 87.500, 0.412, 1.000, 
3, 252, 1.7094, 0.0016, 39.062, 87.500, 0.413, 1.000, 
3, 252, 1.5304, 0.0016, 50.000, 85.938, 0.414, 1.000, 
3, 252, 1.4415, 0.0016, 43.750, 93.750, 0.421, 1.000, 
3, 252, 1.9911, 0.0016, 32.812, 81.250, 0.412, 1.000, 
3, 252, 1.7039, 0.0016, 35.938, 89.062, 0.413, 1.000, 
3, 252, 1.3302, 0.0016, 51.562, 96.875, 0.418, 1.000, 
3, 252, 1.5436, 0.0016, 39.062, 92.188, 0.416, 1.000, 
3, 252, 1.7243, 0.0016, 32.812, 90.625, 0.418, 1.000, 
3, 252, 1.5538, 0.0016, 40.625, 93.750, 0.420, 1.000, 
3, 252, 1.6807, 0.0016, 42.188, 89.062, 0.417, 1.000, 
3, 252, 1.5321, 0.0016, 48.438, 89.062, 0.417, 1.000, 
3, 252, 1.4516, 0.0016, 48.438, 95.312, 0.417, 1.000, 
3, 252, 1.5690, 0.0016, 40.625, 90.625, 0.419, 1.000, 
3, 252, 1.4832, 0.0016, 46.875, 93.750, 0.420, 1.000, 
3, 252, 1.6278, 0.0016, 35.938, 92.188, 0.412, 1.000, 
3, 252, 1.4336, 0.0016, 46.875, 89.062, 0.426, 1.000, 
3, 252, 1.5149, 0.0016, 50.000, 90.625, 0.417, 1.000, 
3, 252, 1.6563, 0.0016, 37.500, 89.062, 0.428, 1.000, 
3, 252, 1.4512, 0.0016, 50.000, 92.188, 0.423, 1.000, 
3, 252, 1.7434, 0.0016, 39.062, 81.250, 0.424, 1.000, 
3, 252, 1.7324, 0.0016, 42.188, 90.625, 0.424, 1.000, 
3, 252, 1.6833, 0.0016, 39.062, 90.625, 0.418, 1.000, 
3, 252, 1.7991, 0.0016, 28.125, 87.500, 0.424, 1.000, 
3, 252, 1.5680, 0.0016, 37.500, 92.188, 0.424, 1.000, 
3, 252, 1.5646, 0.0016, 40.625, 93.750, 0.430, 1.000, 
3, 252, 1.6335, 0.0016, 46.875, 90.625, 0.425, 1.000, 
3, 252, 1.6038, 0.0016, 34.375, 89.062, 0.429, 1.000, 
3, 252, 1.4556, 0.0016, 46.875, 90.625, 0.425, 1.000, 
3, 252, 1.6878, 0.0016, 46.875, 90.625, 0.426, 1.000, 
3, 252, 1.5936, 0.0016, 40.625, 92.188, 0.427, 1.000, 
3, 252, 1.6310, 0.0016, 43.750, 90.625, 0.430, 1.000, 
3, 252, 1.6234, 0.0016, 45.312, 89.062, 0.433, 1.000, 
3, 252, 1.4530, 0.0016, 50.000, 95.312, 0.428, 1.000, 
3, 252, 1.5509, 0.0015, 34.375, 90.625, 0.430, 1.000, 
3, 252, 1.6227, 0.0016, 31.250, 90.625, 0.432, 1.000, 
3, 252, 1.7265, 0.0016, 32.812, 84.375, 0.432, 1.000, 
3, 252, 1.3313, 0.0016, 54.688, 98.438, 0.437, 1.000, 
3, 252, 1.4512, 0.0015, 46.875, 98.438, 0.434, 1.000, 
3, 252, 1.4577, 0.0016, 43.750, 96.875, 0.434, 1.000, 
3, 252, 1.6811, 0.0015, 35.938, 87.500, 0.439, 1.000, 
3, 252, 1.4600, 0.0015, 45.312, 93.750, 0.434, 1.000, 
3, 252, 1.4140, 0.0015, 48.438, 92.188, 0.430, 1.000, 
3, 252, 1.5052, 0.0016, 51.562, 89.062, 0.426, 1.000, 
3, 252, 1.5180, 0.0015, 46.875, 92.188, 0.438, 1.000, 
4, 252, 1.5604, 0.0015, 56.250, 92.188, 0.432, 1.000, 
4, 252, 1.5779, 0.0015, 56.250, 87.500, 0.437, 1.000, 
4, 252, 1.6218, 0.0015, 46.875, 87.500, 0.439, 1.000, 
4, 252, 1.6027, 0.0015, 35.938, 95.312, 0.440, 1.000, 
4, 252, 1.5718, 0.0015, 37.500, 89.062, 0.432, 1.000, 
4, 252, 1.3643, 0.0015, 56.250, 89.062, 0.438, 1.000, 
4, 252, 1.4929, 0.0015, 39.062, 95.312, 0.432, 1.000, 
4, 252, 1.6838, 0.0015, 39.062, 85.938, 0.438, 1.000, 
4, 252, 1.5688, 0.0015, 46.875, 85.938, 0.445, 1.000, 
4, 252, 1.4385, 0.0016, 51.562, 90.625, 0.428, 1.000, 
4, 252, 1.5756, 0.0015, 45.312, 92.188, 0.429, 1.000, 
4, 252, 1.2605, 0.0015, 60.938, 95.312, 0.448, 1.000, 
4, 252, 1.6368, 0.0015, 37.500, 93.750, 0.444, 1.000, 
4, 252, 1.3826, 0.0015, 43.750, 92.188, 0.436, 1.000, 
4, 252, 1.4335, 0.0015, 50.000, 93.750, 0.437, 1.000, 
4, 252, 1.4695, 0.0015, 53.125, 89.062, 0.445, 1.000, 
4, 252, 1.3697, 0.0015, 51.562, 96.875, 0.448, 1.000, 
4, 252, 1.5133, 0.0015, 43.750, 92.188, 0.449, 1.000, 
4, 252, 1.4527, 0.0015, 43.750, 90.625, 0.444, 1.000, 
4, 252, 1.5028, 0.0015, 50.000, 92.188, 0.449, 1.000, 
4, 252, 1.6359, 0.0015, 37.500, 90.625, 0.449, 1.000, 
4, 252, 1.5108, 0.0015, 48.438, 90.625, 0.439, 1.000, 
4, 252, 1.5875, 0.0015, 39.062, 89.062, 0.451, 1.000, 
4, 252, 1.4838, 0.0015, 45.312, 93.750, 0.456, 1.000, 
4, 252, 1.5568, 0.0015, 50.000, 90.625, 0.453, 1.000, 
4, 252, 1.5258, 0.0015, 53.125, 85.938, 0.449, 1.000, 
4, 252, 1.4325, 0.0015, 50.000, 92.188, 0.452, 1.000, 
4, 252, 1.7858, 0.0015, 42.188, 84.375, 0.452, 1.000, 
4, 252, 1.4905, 0.0015, 39.062, 95.312, 0.447, 1.000, 
4, 252, 1.4195, 0.0015, 48.438, 92.188, 0.450, 1.000, 
4, 252, 1.4229, 0.0015, 53.125, 89.062, 0.458, 1.000, 
4, 252, 1.4906, 0.0015, 45.312, 93.750, 0.459, 1.000, 
4, 252, 1.5027, 0.0015, 46.875, 95.312, 0.451, 1.000, 
4, 252, 1.3902, 0.0015, 50.000, 95.312, 0.449, 1.000, 
4, 252, 1.6058, 0.0015, 45.312, 92.188, 0.442, 1.000, 
4, 252, 1.4123, 0.0015, 48.438, 92.188, 0.458, 1.000, 
4, 252, 1.5356, 0.0015, 50.000, 89.062, 0.456, 1.000, 
4, 252, 1.2955, 0.0015, 57.812, 95.312, 0.457, 1.000, 
4, 252, 1.4067, 0.0015, 50.000, 92.188, 0.463, 1.000, 
4, 252, 1.9633, 0.0015, 37.500, 87.500, 0.458, 1.000, 
4, 252, 1.5867, 0.0015, 40.625, 89.062, 0.458, 1.000, 
4, 252, 1.5362, 0.0015, 46.875, 85.938, 0.461, 1.000, 
4, 252, 1.3307, 0.0015, 53.125, 96.875, 0.459, 1.000, 
4, 252, 1.6407, 0.0015, 39.062, 92.188, 0.459, 1.000, 
4, 252, 1.3580, 0.0015, 51.562, 92.188, 0.461, 1.000, 
4, 252, 1.3840, 0.0015, 40.625, 92.188, 0.465, 1.000, 
4, 252, 1.4724, 0.0015, 40.625, 93.750, 0.455, 1.000, 
4, 252, 1.4925, 0.0015, 48.438, 90.625, 0.464, 1.000, 
4, 252, 1.8078, 0.0015, 34.375, 90.625, 0.461, 1.000, 
4, 252, 1.9185, 0.0015, 45.312, 87.500, 0.460, 1.000, 
4, 252, 1.6270, 0.0015, 42.188, 93.750, 0.461, 1.000, 
4, 252, 1.3950, 0.0015, 48.438, 92.188, 0.464, 1.000, 
4, 252, 1.3626, 0.0015, 51.562, 96.875, 0.458, 1.000, 
5, 252, 1.3300, 0.0015, 53.125, 95.312, 0.462, 1.000, 
5, 252, 1.3918, 0.0015, 45.312, 95.312, 0.461, 1.000, 
5, 252, 1.5324, 0.0015, 45.312, 85.938, 0.468, 1.000, 
5, 252, 1.3967, 0.0015, 50.000, 95.312, 0.465, 1.000, 
5, 252, 1.3060, 0.0015, 48.438, 93.750, 0.467, 1.000, 
5, 252, 1.5341, 0.0015, 40.625, 89.062, 0.468, 1.000, 
5, 252, 1.4993, 0.0015, 43.750, 95.312, 0.474, 1.000, 
5, 252, 1.3428, 0.0015, 50.000, 93.750, 0.453, 1.000, 
5, 252, 1.7009, 0.0015, 35.938, 92.188, 0.473, 1.000, 
5, 252, 1.3645, 0.0015, 46.875, 95.312, 0.471, 1.000, 
5, 252, 1.4469, 0.0015, 53.125, 90.625, 0.465, 1.000, 
5, 252, 1.3433, 0.0015, 53.125, 96.875, 0.465, 1.000, 
5, 252, 1.5390, 0.0015, 45.312, 90.625, 0.471, 1.000, 
5, 252, 1.4636, 0.0015, 46.875, 89.062, 0.474, 1.000, 
5, 252, 1.6197, 0.0015, 40.625, 90.625, 0.470, 1.000, 
5, 252, 1.3453, 0.0015, 51.562, 96.875, 0.465, 1.000, 
5, 252, 1.4254, 0.0015, 46.875, 89.062, 0.470, 1.000, 
5, 252, 1.5808, 0.0015, 45.312, 84.375, 0.476, 1.000, 
5, 252, 1.3317, 0.0015, 50.000, 95.312, 0.472, 1.000, 
5, 252, 1.7665, 0.0015, 37.500, 85.938, 0.473, 1.000, 
5, 252, 1.3173, 0.0015, 45.312, 95.312, 0.467, 1.000, 
5, 252, 1.5509, 0.0015, 43.750, 87.500, 0.468, 1.000, 
5, 252, 1.4402, 0.0015, 51.562, 95.312, 0.479, 1.000, 
5, 252, 1.4258, 0.0015, 39.062, 90.625, 0.478, 1.000, 
5, 252, 1.5426, 0.0015, 46.875, 92.188, 0.469, 1.000, 
5, 252, 1.2420, 0.0015, 59.375, 96.875, 0.473, 1.000, 
5, 252, 1.3964, 0.0015, 51.562, 90.625, 0.477, 1.000, 
5, 252, 1.3211, 0.0015, 54.688, 93.750, 0.474, 1.000, 
5, 252, 1.4844, 0.0014, 46.875, 90.625, 0.474, 1.000, 
5, 252, 1.3643, 0.0015, 48.438, 92.188, 0.475, 1.000, 
5, 252, 1.8140, 0.0015, 39.062, 93.750, 0.478, 1.000, 
5, 252, 1.3220, 0.0015, 42.188, 93.750, 0.467, 1.000, 
5, 252, 1.4189, 0.0015, 50.000, 93.750, 0.474, 1.000, 
5, 252, 1.4633, 0.0014, 46.875, 90.625, 0.478, 1.000, 
5, 252, 1.5445, 0.0014, 50.000, 84.375, 0.481, 1.000, 
5, 252, 1.3465, 0.0014, 56.250, 95.312, 0.474, 1.000, 
5, 252, 1.3627, 0.0015, 54.688, 93.750, 0.478, 1.000, 
5, 252, 1.3707, 0.0015, 46.875, 90.625, 0.473, 1.000, 
5, 252, 1.3332, 0.0014, 51.562, 93.750, 0.483, 1.000, 
5, 252, 1.0808, 0.0014, 62.500, 98.438, 0.481, 1.000, 
5, 252, 1.6417, 0.0014, 45.312, 84.375, 0.476, 1.000, 
5, 252, 1.4289, 0.0015, 45.312, 95.312, 0.475, 1.000, 
5, 252, 1.4423, 0.0014, 54.688, 92.188, 0.483, 1.000, 
5, 252, 1.6789, 0.0014, 34.375, 89.062, 0.478, 1.000, 
5, 252, 1.3616, 0.0015, 43.750, 92.188, 0.472, 1.000, 
5, 252, 1.5981, 0.0014, 39.062, 87.500, 0.477, 1.000, 
5, 252, 1.3084, 0.0014, 53.125, 92.188, 0.479, 1.000, 
5, 252, 1.1886, 0.0015, 54.688, 96.875, 0.469, 1.000, 
5, 252, 1.3357, 0.0014, 45.312, 95.312, 0.485, 1.000, 
5, 252, 1.3812, 0.0014, 51.562, 89.062, 0.487, 1.000, 
5, 252, 1.6940, 0.0014, 39.062, 84.375, 0.482, 1.000, 
5, 252, 1.5661, 0.0014, 42.188, 90.625, 0.484, 1.000, 
5, 252, 1.2243, 0.0014, 57.812, 95.312, 0.485, 1.000, 
6, 252, 1.3848, 0.0014, 51.562, 90.625, 0.487, 1.000, 
6, 252, 1.4331, 0.0014, 45.312, 95.312, 0.473, 1.000, 
6, 252, 1.4531, 0.0014, 54.688, 92.188, 0.478, 1.000, 
6, 252, 1.7820, 0.0014, 35.938, 85.938, 0.485, 1.000, 
6, 252, 1.4452, 0.0014, 48.438, 96.875, 0.492, 1.000, 
6, 252, 1.3651, 0.0014, 43.750, 96.875, 0.485, 1.000, 
6, 252, 1.5383, 0.0014, 43.750, 93.750, 0.486, 1.000, 
6, 252, 1.6128, 0.0014, 51.562, 84.375, 0.492, 1.000, 
6, 252, 1.3228, 0.0014, 56.250, 93.750, 0.483, 1.000, 
6, 252, 1.3872, 0.0014, 43.750, 92.188, 0.484, 1.000, 
6, 252, 1.2495, 0.0014, 53.125, 96.875, 0.488, 1.000, 
6, 252, 1.2028, 0.0014, 56.250, 93.750, 0.489, 1.000, 
6, 252, 1.3804, 0.0014, 40.625, 96.875, 0.481, 1.000, 
6, 252, 1.4103, 0.0014, 42.188, 90.625, 0.489, 1.000, 
6, 252, 1.4666, 0.0014, 42.188, 89.062, 0.485, 1.000, 
6, 252, 1.3574, 0.0014, 51.562, 95.312, 0.477, 1.000, 
6, 252, 1.3669, 0.0014, 48.438, 89.062, 0.490, 1.000, 
6, 252, 1.3116, 0.0014, 51.562, 93.750, 0.494, 1.000, 
6, 252, 1.4248, 0.0014, 39.062, 93.750, 0.487, 1.000, 
6, 252, 1.4620, 0.0014, 54.688, 90.625, 0.485, 1.000, 
6, 252, 1.3815, 0.0014, 42.188, 93.750, 0.494, 1.000, 
6, 252, 1.5258, 0.0014, 48.438, 90.625, 0.494, 1.000, 
6, 252, 1.2902, 0.0014, 50.000, 96.875, 0.482, 1.000, 
6, 252, 1.2793, 0.0014, 53.125, 93.750, 0.493, 1.000, 
6, 252, 1.4181, 0.0014, 51.562, 90.625, 0.494, 1.000, 
6, 252, 1.3397, 0.0014, 48.438, 95.312, 0.487, 1.000, 
6, 252, 1.5368, 0.0014, 45.312, 87.500, 0.492, 1.000, 
6, 252, 1.3950, 0.0014, 54.688, 93.750, 0.493, 1.000, 
6, 252, 1.2960, 0.0014, 54.688, 96.875, 0.493, 1.000, 
6, 252, 1.4866, 0.0014, 42.188, 93.750, 0.490, 1.000, 
6, 252, 1.2951, 0.0014, 57.812, 90.625, 0.491, 1.000, 
6, 252, 1.2877, 0.0014, 53.125, 95.312, 0.490, 1.000, 
6, 252, 1.3034, 0.0014, 56.250, 93.750, 0.490, 1.000, 
6, 252, 1.3167, 0.0014, 53.125, 96.875, 0.489, 1.000, 
6, 252, 1.4143, 0.0014, 50.000, 92.188, 0.499, 1.000, 
6, 252, 1.3023, 0.0014, 57.812, 90.625, 0.500, 1.000, 
6, 252, 1.4978, 0.0014, 45.312, 89.062, 0.492, 1.000, 
6, 252, 1.2892, 0.0014, 50.000, 96.875, 0.492, 1.000, 
6, 252, 1.2805, 0.0014, 59.375, 92.188, 0.490, 1.000, 
6, 252, 1.4470, 0.0014, 48.438, 96.875, 0.502, 1.000, 
6, 252, 1.3881, 0.0014, 43.750, 98.438, 0.501, 1.000, 
6, 252, 1.4559, 0.0014, 54.688, 90.625, 0.498, 1.000, 
6, 252, 1.4426, 0.0014, 45.312, 95.312, 0.503, 1.000, 
6, 252, 1.4603, 0.0014, 46.875, 95.312, 0.501, 1.000, 
6, 252, 1.2702, 0.0014, 54.688, 98.438, 0.503, 1.000, 
6, 252, 1.4648, 0.0014, 42.188, 90.625, 0.498, 1.000, 
6, 252, 1.3811, 0.0014, 53.125, 93.750, 0.495, 1.000, 
6, 252, 1.3842, 0.0014, 42.188, 93.750, 0.495, 1.000, 
6, 252, 1.3162, 0.0014, 56.250, 96.875, 0.500, 1.000, 
6, 252, 1.4983, 0.0014, 42.188, 95.312, 0.506, 1.000, 
6, 252, 1.4255, 0.0014, 48.438, 95.312, 0.499, 1.000, 
6, 252, 1.3477, 0.0014, 46.875, 98.438, 0.496, 1.000, 
6, 252, 1.3381, 0.0014, 51.562, 87.500, 0.504, 1.000, 
7, 252, 1.3323, 0.0014, 53.125, 93.750, 0.503, 1.000, 
7, 252, 1.3705, 0.0014, 51.562, 95.312, 0.501, 1.000, 
7, 250, 1.3039, 0.0014, 48.438, 93.750, 0.497, 1.000, 
7, 249, 1.2758, 0.0014, 50.000, 92.188, 0.500, 1.000, 
7, 248, 1.3211, 0.0014, 54.688, 92.188, 0.500, 1.000, 
7, 247, 1.3935, 0.0014, 45.312, 93.750, 0.502, 1.000, 
7, 246, 1.4726, 0.0014, 42.188, 95.312, 0.510, 1.000, 
7, 245, 1.5726, 0.0014, 35.938, 92.188, 0.505, 1.000, 
7, 244, 1.3965, 0.0014, 50.000, 98.438, 0.502, 1.000, 
7, 243, 1.4855, 0.0014, 48.438, 92.188, 0.483, 1.000, 
7, 242, 1.5264, 0.0014, 42.188, 87.500, 0.505, 1.000, 
7, 241, 1.3460, 0.0014, 51.562, 92.188, 0.505, 1.000, 
7, 240, 1.4840, 0.0014, 42.188, 89.062, 0.499, 1.000, 
7, 239, 1.8251, 0.0014, 42.188, 82.812, 0.501, 1.000, 
7, 238, 1.1031, 0.0014, 67.188, 96.875, 0.502, 1.000, 
7, 237, 1.2890, 0.0014, 54.688, 93.750, 0.510, 1.000, 
7, 236, 1.3939, 0.0014, 50.000, 93.750, 0.509, 1.000, 
7, 235, 1.3514, 0.0014, 46.875, 95.312, 0.503, 1.000, 
7, 234, 1.2004, 0.0014, 59.375, 95.312, 0.506, 1.000, 
7, 233, 1.3787, 0.0014, 50.000, 93.750, 0.510, 1.000, 
7, 232, 1.2818, 0.0014, 53.125, 90.625, 0.509, 1.000, 
7, 231, 1.3883, 0.0014, 51.562, 92.188, 0.509, 1.000, 
7, 230, 1.4747, 0.0014, 48.438, 92.188, 0.505, 1.000, 
7, 229, 1.3325, 0.0014, 56.250, 96.875, 0.492, 1.000, 
7, 228, 1.3745, 0.0014, 45.312, 98.438, 0.510, 1.000, 
7, 227, 1.4970, 0.0014, 43.750, 89.062, 0.508, 1.000, 
7, 226, 1.5548, 0.0014, 51.562, 89.062, 0.497, 1.000, 
7, 225, 1.4123, 0.0014, 53.125, 93.750, 0.511, 1.000, 
7, 224, 1.2880, 0.0014, 56.250, 95.312, 0.508, 1.000, 
7, 223, 1.3883, 0.0014, 45.312, 95.312, 0.512, 1.000, 
7, 222, 1.5168, 0.0014, 42.188, 89.062, 0.509, 1.000, 
7, 221, 0.9980, 0.0014, 64.062, 98.438, 0.504, 1.000, 
7, 220, 1.1954, 0.0014, 60.938, 98.438, 0.501, 1.000, 
7, 219, 1.4128, 0.0014, 46.875, 85.938, 0.514, 1.000, 
7, 218, 1.2929, 0.0014, 57.812, 92.188, 0.494, 1.000, 
7, 217, 1.3532, 0.0014, 54.688, 95.312, 0.506, 1.000, 
7, 216, 1.1421, 0.0014, 54.688, 98.438, 0.505, 1.000, 
7, 215, 1.4391, 0.0014, 42.188, 93.750, 0.513, 1.000, 
7, 214, 1.5611, 0.0014, 45.312, 92.188, 0.509, 1.000, 
7, 213, 1.2446, 0.0014, 62.500, 93.750, 0.512, 1.000, 
7, 212, 1.4252, 0.0014, 53.125, 93.750, 0.516, 1.000, 
7, 211, 1.3325, 0.0014, 46.875, 93.750, 0.511, 1.000, 
7, 210, 1.1886, 0.0013, 56.250, 96.875, 0.515, 1.000, 
7, 209, 1.2833, 0.0013, 56.250, 92.188, 0.517, 1.000, 
7, 208, 1.2293, 0.0014, 53.125, 98.438, 0.514, 1.000, 
7, 207, 1.3305, 0.0014, 57.812, 95.312, 0.509, 1.000, 
7, 206, 1.4612, 0.0014, 48.438, 92.188, 0.514, 1.000, 
7, 205, 1.2925, 0.0014, 59.375, 92.188, 0.516, 1.000, 
7, 204, 1.2401, 0.0014, 62.500, 92.188, 0.511, 1.000, 
7, 203, 1.1389, 0.0014, 60.938, 96.875, 0.514, 1.000, 
7, 202, 1.5078, 0.0013, 45.312, 93.750, 0.518, 1.000, 
7, 201, 1.3016, 0.0014, 48.438, 95.312, 0.508, 1.000, 
7, 200, 1.2539, 0.0014, 62.500, 96.875, 0.512, 1.000, 
8, 200, 1.3178, 0.0014, 45.312, 93.750, 0.512, 1.000, 
8, 199, 1.2029, 0.0014, 57.812, 96.875, 0.507, 1.000, 
8, 198, 1.1409, 0.0014, 54.688, 95.312, 0.505, 1.000, 
8, 197, 1.5065, 0.0014, 45.312, 92.188, 0.517, 1.000, 
8, 196, 1.6366, 0.0014, 37.500, 87.500, 0.515, 1.000, 
8, 195, 1.3780, 0.0014, 51.562, 92.188, 0.511, 1.000, 
8, 194, 1.3631, 0.0014, 53.125, 93.750, 0.509, 1.000, 
8, 193, 1.4753, 0.0014, 46.875, 87.500, 0.515, 1.000, 
8, 192, 1.2868, 0.0013, 56.250, 93.750, 0.516, 1.000, 
8, 191, 1.3447, 0.0013, 46.875, 95.312, 0.513, 1.000, 
8, 190, 1.2691, 0.0014, 53.125, 95.312, 0.514, 1.000, 
8, 189, 1.0904, 0.0013, 57.812, 95.312, 0.513, 1.000, 
8, 188, 1.1755, 0.0014, 56.250, 93.750, 0.514, 1.000, 
8, 187, 1.2122, 0.0014, 50.000, 93.750, 0.508, 1.000, 
8, 186, 1.3122, 0.0014, 48.438, 96.875, 0.515, 1.000, 
8, 185, 1.2332, 0.0014, 48.438, 95.312, 0.510, 1.000, 
8, 184, 1.5231, 0.0013, 53.125, 87.500, 0.512, 1.000, 
8, 183, 1.1580, 0.0014, 59.375, 98.438, 0.514, 1.000, 
8, 182, 1.3082, 0.0014, 54.688, 95.312, 0.510, 1.000, 
8, 181, 1.2356, 0.0014, 51.562, 96.875, 0.514, 1.000, 
8, 180, 1.4667, 0.0014, 51.562, 89.062, 0.508, 1.000, 
8, 179, 1.2815, 0.0014, 51.562, 93.750, 0.505, 1.000, 
8, 178, 1.1456, 0.0013, 59.375, 98.438, 0.514, 1.000, 
8, 177, 1.5038, 0.0014, 50.000, 95.312, 0.507, 1.000, 
8, 176, 1.3890, 0.0014, 48.438, 95.312, 0.508, 1.000, 
8, 175, 1.1893, 0.0013, 57.812, 95.312, 0.519, 1.000, 
8, 174, 1.2761, 0.0014, 51.562, 96.875, 0.511, 1.000, 
8, 173, 1.5839, 0.0014, 50.000, 84.375, 0.506, 1.000, 
8, 172, 1.2809, 0.0014, 51.562, 93.750, 0.503, 1.000, 
8, 171, 1.4049, 0.0014, 45.312, 98.438, 0.510, 1.000, 
8, 170, 1.3478, 0.0014, 56.250, 92.188, 0.511, 1.000, 
8, 169, 1.7163, 0.0014, 39.062, 81.250, 0.520, 1.000, 
8, 168, 1.2648, 0.0014, 62.500, 92.188, 0.507, 1.000, 
8, 167, 1.3282, 0.0014, 60.938, 90.625, 0.514, 1.000, 
8, 166, 1.5665, 0.0013, 43.750, 87.500, 0.519, 1.000, 
8, 165, 1.3482, 0.0014, 59.375, 96.875, 0.509, 1.000, 
8, 164, 1.2476, 0.0014, 56.250, 93.750, 0.514, 1.000, 
8, 163, 1.1184, 0.0014, 57.812, 98.438, 0.509, 1.000, 
8, 162, 1.5873, 0.0014, 35.938, 90.625, 0.508, 1.000, 
8, 161, 1.3135, 0.0014, 50.000, 93.750, 0.503, 1.000, 
8, 160, 1.4188, 0.0014, 45.312, 92.188, 0.508, 1.000, 
8, 159, 1.5047, 0.0014, 51.562, 90.625, 0.509, 1.000, 
8, 158, 1.3033, 0.0014, 45.312, 98.438, 0.515, 1.000, 
8, 157, 1.2155, 0.0014, 59.375, 96.875, 0.512, 1.000, 
8, 156, 1.4486, 0.0014, 53.125, 92.188, 0.513, 1.000, 
8, 155, 1.5381, 0.0014, 43.750, 89.062, 0.503, 1.000, 
8, 154, 1.4698, 0.0014, 48.438, 89.062, 0.493, 1.000, 
8, 153, 1.6325, 0.0014, 37.500, 92.188, 0.504, 1.000, 
8, 152, 1.4142, 0.0014, 54.688, 92.188, 0.515, 1.000, 
8, 151, 1.3283, 0.0014, 48.438, 96.875, 0.515, 1.000, 
8, 150, 1.3734, 0.0014, 51.562, 93.750, 0.517, 1.000, 
8, 149, 1.4452, 0.0014, 42.188, 95.312, 0.511, 1.000, 
8, 148, 1.4135, 0.0014, 51.562, 95.312, 0.515, 1.000, 
9, 148, 1.2211, 0.0014, 56.250, 93.750, 0.510, 1.000, 
9, 147, 1.3821, 0.0014, 48.438, 93.750, 0.507, 1.000, 
9, 146, 1.2711, 0.0014, 53.125, 96.875, 0.510, 1.000, 
9, 145, 1.4073, 0.0014, 59.375, 89.062, 0.510, 1.000, 
9, 144, 1.3191, 0.0014, 54.688, 96.875, 0.510, 1.000, 
9, 143, 1.1901, 0.0014, 54.688, 96.875, 0.508, 1.000, 
9, 142, 1.3360, 0.0014, 54.688, 92.188, 0.508, 1.000, 
9, 141, 1.6202, 0.0014, 35.938, 89.062, 0.503, 1.000, 
9, 140, 1.4599, 0.0014, 39.062, 93.750, 0.504, 1.000, 
9, 139, 1.4311, 0.0014, 46.875, 90.625, 0.506, 1.000, 
9, 138, 1.4234, 0.0014, 50.000, 92.188, 0.506, 1.000, 
9, 137, 1.3712, 0.0014, 50.000, 93.750, 0.515, 1.000, 
9, 136, 1.4016, 0.0014, 53.125, 92.188, 0.502, 1.000, 
9, 135, 1.5262, 0.0014, 48.438, 93.750, 0.508, 1.000, 
9, 134, 1.5325, 0.0014, 51.562, 89.062, 0.496, 1.000, 
9, 133, 1.2176, 0.0014, 54.688, 98.438, 0.505, 1.000, 
9, 132, 1.4479, 0.0014, 53.125, 93.750, 0.500, 1.000, 
9, 131, 1.3972, 0.0014, 50.000, 95.312, 0.505, 1.000, 
9, 130, 1.4293, 0.0014, 43.750, 90.625, 0.494, 1.000, 
9, 129, 1.1902, 0.0014, 56.250, 96.875, 0.490, 1.000, 
9, 128, 1.3517, 0.0014, 54.688, 90.625, 0.502, 1.000, 
9, 127, 1.4417, 0.0014, 57.812, 93.750, 0.507, 1.000, 
9, 126, 1.2179, 0.0014, 50.000, 100.000, 0.495, 1.000, 
9, 125, 1.3892, 0.0014, 50.000, 95.312, 0.509, 1.000, 
9, 124, 1.4749, 0.0014, 50.000, 90.625, 0.491, 1.000, 
9, 123, 1.3331, 0.0014, 57.812, 92.188, 0.502, 1.000, 
9, 122, 1.4028, 0.0014, 54.688, 92.188, 0.493, 1.000, 
9, 121, 1.3445, 0.0014, 54.688, 92.188, 0.498, 1.000, 
9, 120, 1.0712, 0.0014, 70.312, 98.438, 0.497, 1.000, 
9, 119, 1.3471, 0.0014, 54.688, 93.750, 0.486, 1.000, 
9, 118, 1.4701, 0.0014, 46.875, 90.625, 0.507, 1.000, 
9, 117, 1.3925, 0.0014, 56.250, 89.062, 0.493, 1.000, 
9, 116, 1.5647, 0.0014, 43.750, 87.500, 0.489, 1.000, 
9, 115, 1.3202, 0.0014, 53.125, 93.750, 0.498, 1.000, 
9, 114, 1.3795, 0.0014, 51.562, 93.750, 0.498, 1.000, 
9, 113, 1.4217, 0.0014, 46.875, 96.875, 0.490, 1.000, 
9, 112, 1.3578, 0.0014, 45.312, 92.188, 0.489, 1.000, 
9, 111, 1.3503, 0.0014, 53.125, 93.750, 0.495, 1.000, 
9, 110, 1.2676, 0.0014, 56.250, 96.875, 0.500, 1.000, 
9, 109, 1.6117, 0.0014, 39.062, 89.062, 0.495, 1.000, 
9, 108, 1.2432, 0.0014, 54.688, 98.438, 0.497, 1.000, 
9, 107, 1.2902, 0.0014, 50.000, 100.000, 0.490, 1.000, 
9, 106, 1.5450, 0.0014, 40.625, 87.500, 0.497, 1.000, 
9, 105, 1.4523, 0.0014, 51.562, 93.750, 0.484, 1.000, 
9, 104, 1.4235, 0.0014, 53.125, 95.312, 0.494, 1.000, 
9, 103, 1.3197, 0.0014, 48.438, 93.750, 0.491, 1.000, 
9, 102, 1.3626, 0.0014, 56.250, 96.875, 0.492, 1.000, 
9, 101, 1.4549, 0.0014, 46.875, 93.750, 0.493, 1.000, 
9, 100, 1.5317, 0.0014, 29.688, 96.875, 0.483, 1.000, 
9, 99, 1.4546, 0.0014, 53.125, 90.625, 0.489, 1.000, 
9, 98, 1.3667, 0.0014, 53.125, 95.312, 0.494, 1.000, 
9, 97, 1.4479, 0.0014, 43.750, 93.750, 0.481, 1.000, 
9, 96, 1.5304, 0.0014, 42.188, 93.750, 0.487, 1.000, 
10, 96, 1.3315, 0.0014, 48.438, 98.438, 0.487, 1.000, 
10, 95, 1.4475, 0.0014, 46.875, 90.625, 0.489, 1.000, 
10, 94, 1.3838, 0.0014, 48.438, 90.625, 0.489, 1.000, 
10, 93, 1.3786, 0.0014, 50.000, 95.312, 0.494, 1.000, 
10, 92, 1.4730, 0.0014, 50.000, 89.062, 0.482, 1.000, 
10, 91, 1.4206, 0.0014, 43.750, 93.750, 0.484, 1.000, 
10, 90, 1.4604, 0.0014, 45.312, 96.875, 0.491, 1.000, 
10, 89, 1.4384, 0.0014, 43.750, 93.750, 0.482, 1.000, 
10, 88, 1.5449, 0.0014, 48.438, 87.500, 0.488, 1.000, 
10, 87, 1.4013, 0.0014, 46.875, 92.188, 0.488, 1.000, 
10, 86, 1.3921, 0.0014, 45.312, 95.312, 0.487, 1.000, 
10, 85, 1.4489, 0.0014, 50.000, 93.750, 0.481, 1.000, 
10, 84, 1.4465, 0.0014, 48.438, 92.188, 0.483, 1.000, 
10, 83, 1.4099, 0.0014, 56.250, 92.188, 0.481, 1.000, 
10, 82, 1.4183, 0.0014, 50.000, 90.625, 0.482, 1.000, 
10, 81, 1.3892, 0.0014, 54.688, 92.188, 0.476, 1.000, 
10, 80, 1.5277, 0.0014, 43.750, 90.625, 0.478, 1.000, 
10, 79, 1.4139, 0.0015, 50.000, 92.188, 0.475, 1.000, 
10, 78, 1.6215, 0.0015, 40.625, 90.625, 0.478, 1.000, 
10, 77, 1.3962, 0.0015, 48.438, 93.750, 0.475, 1.000, 
10, 76, 1.5092, 0.0015, 50.000, 92.188, 0.479, 1.000, 
10, 75, 1.2861, 0.0015, 57.812, 95.312, 0.475, 1.000, 
10, 74, 1.4589, 0.0015, 43.750, 92.188, 0.469, 1.000, 
10, 73, 1.4288, 0.0015, 53.125, 95.312, 0.470, 1.000, 
10, 72, 1.4591, 0.0015, 54.688, 92.188, 0.469, 1.000, 
10, 71, 1.6445, 0.0015, 40.625, 89.062, 0.466, 1.000, 
10, 70, 1.4257, 0.0015, 50.000, 90.625, 0.468, 1.000, 
10, 69, 1.2705, 0.0015, 53.125, 93.750, 0.467, 1.000, 
10, 68, 1.4408, 0.0015, 59.375, 92.188, 0.461, 1.000, 
10, 67, 1.5073, 0.0015, 40.625, 90.625, 0.464, 1.000, 
10, 66, 1.4890, 0.0015, 50.000, 90.625, 0.465, 1.000, 
10, 65, 1.4536, 0.0015, 46.875, 93.750, 0.464, 1.000, 
10, 64, 1.5322, 0.0015, 45.312, 95.312, 0.448, 1.000, 
10, 63, 1.4494, 0.0015, 50.000, 93.750, 0.463, 1.000, 
10, 62, 1.6065, 0.0015, 42.188, 90.625, 0.458, 1.000, 
10, 61, 1.6943, 0.0015, 42.188, 90.625, 0.451, 1.000, 
10, 60, 1.6614, 0.0015, 43.750, 93.750, 0.452, 1.000, 
10, 59, 1.5075, 0.0015, 50.000, 96.875, 0.439, 1.000, 
10, 58, 1.5737, 0.0015, 39.062, 95.312, 0.447, 1.000, 
10, 57, 1.6022, 0.0015, 35.938, 95.312, 0.435, 1.000, 
10, 56, 1.6751, 0.0015, 37.500, 90.625, 0.437, 1.000, 
10, 55, 1.7826, 0.0015, 43.750, 85.938, 0.443, 1.000, 
10, 54, 1.7361, 0.0015, 29.688, 89.062, 0.443, 1.000, 
10, 53, 1.6966, 0.0016, 34.375, 85.938, 0.440, 1.000, 
10, 52, 1.7025, 0.0016, 32.812, 87.500, 0.424, 1.000, 
10, 51, 1.4629, 0.0016, 53.125, 93.750, 0.432, 1.000, 
10, 50, 1.4625, 0.0016, 48.438, 92.188, 0.436, 1.000, 
10, 49, 1.7459, 0.0016, 29.688, 87.500, 0.425, 1.000, 
10, 48, 1.5561, 0.0016, 40.625, 96.875, 0.433, 1.000, 
10, 47, 1.5460, 0.0016, 39.062, 89.062, 0.425, 1.000, 
10, 46, 1.6253, 0.0016, 45.312, 93.750, 0.412, 1.000, 
10, 45, 1.5287, 0.0016, 54.688, 90.625, 0.418, 1.000, 
10, 44, 1.8345, 0.0016, 31.250, 82.812, 0.410, 1.000, 
