main_dl2.py --pruning=True --tensorboard=True --log-interval=15 --pruning_config=./configs/mnist_22_15.json --constraint RobustnessDandR(eps1=7.8, eps2=2.9) --print-after-epoch=0 --dl2-weight=0.0001 --delay=6
pruning_engine.load_mask(): did not find mask file, will load nothing
epoch, neuron_units, loss, dl2_loss, top1, top5, dl2_p_acc, dl2_constraint_acc
[0] Train acc: 0.1406
1, 252, 2.2927, 0.0023, 14.062, 59.375, 0.103, 1.000, 
[15] Train acc: 0.1875
1, 252, 2.2763, 0.0023, 18.750, 68.750, 0.103, 0.910, 
[30] Train acc: 0.3125
1, 252, 2.2343, 0.0023, 31.250, 75.000, 0.205, 0.636, 
[45] Train acc: 0.3594
1, 252, 2.1083, 0.0022, 35.938, 89.062, 0.408, 0.641, 
[60] Train acc: 0.5625
1, 252, 1.8079, 0.0021, 56.250, 90.625, 0.576, 0.257, 
[75] Train acc: 0.6719
1, 252, 1.1560, 0.0017, 67.188, 95.312, 0.646, 0.341, 
[90] Train acc: 0.6250
1, 252, 1.0569, 0.0015, 62.500, 98.438, 0.674, 0.341, 
[105] Train acc: 0.7031
1, 252, 0.8945, 0.0013, 70.312, 95.312, 0.730, 0.151, 
[120] Train acc: 0.8125
1, 252, 0.5999, 0.0011, 81.250, 98.438, 0.806, 0.066, 
[135] Train acc: 0.8594
1, 252, 0.3908, 0.0010, 85.938, 100.000, 0.854, 0.083, 
[150] Train acc: 0.8594
1, 252, 0.5338, 0.0010, 85.938, 100.000, 0.820, 0.351, 
[165] Train acc: 0.8281
1, 252, 0.5438, 0.0010, 82.812, 98.438, 0.764, 0.297, 
[180] Train acc: 0.9062
1, 252, 0.4400, 0.0009, 90.625, 98.438, 0.846, 0.317, 
[195] Train acc: 0.9062
1, 252, 0.2807, 0.0009, 90.625, 100.000, 0.848, 0.322, 
[210] Train acc: 0.9219
1, 252, 0.3626, 0.0009, 92.188, 98.438, 0.857, 0.131, 
[225] Train acc: 0.8750
1, 252, 0.3995, 0.0008, 87.500, 100.000, 0.887, 0.411, 
[240] Train acc: 0.8750
1, 252, 0.4170, 0.0008, 87.500, 98.438, 0.877, 0.269, 
[255] Train acc: 0.8281
1, 252, 0.4295, 0.0008, 82.812, 100.000, 0.851, 0.196, 
[270] Train acc: 0.9219
1, 252, 0.2311, 0.0008, 92.188, 100.000, 0.843, 0.360, 
[285] Train acc: 0.9375
1, 252, 0.2467, 0.0007, 93.750, 100.000, 0.920, 0.317, 
[300] Train acc: 0.9062
1, 252, 0.2694, 0.0007, 90.625, 100.000, 0.911, 0.257, 
[315] Train acc: 0.9219
1, 252, 0.2680, 0.0007, 92.188, 98.438, 0.922, 0.318, 
[330] Train acc: 0.9062
1, 252, 0.3726, 0.0007, 90.625, 98.438, 0.864, 0.404, 
[345] Train acc: 0.8594
1, 252, 0.4701, 0.0007, 85.938, 98.438, 0.908, 0.421, 
[360] Train acc: 0.8750
1, 252, 0.2838, 0.0007, 87.500, 100.000, 0.909, 0.337, 
[375] Train acc: 0.9375
1, 252, 0.1560, 0.0007, 93.750, 100.000, 0.923, 0.348, 
[390] Train acc: 0.9062
1, 252, 0.2070, 0.0006, 90.625, 100.000, 0.915, 0.430, 
[405] Train acc: 0.9375
1, 252, 0.1975, 0.0006, 93.750, 100.000, 0.918, 0.266, 
[420] Train acc: 0.9219
1, 252, 0.2446, 0.0006, 92.188, 100.000, 0.936, 0.366, 
[435] Train acc: 0.9219
1, 252, 0.2261, 0.0006, 92.188, 100.000, 0.935, 0.362, 
[450] Train acc: 0.9219
1, 252, 0.1807, 0.0006, 92.188, 100.000, 0.942, 0.333, 
[465] Train acc: 0.8906
1, 252, 0.3503, 0.0006, 89.062, 100.000, 0.914, 0.336, 
[480] Train acc: 1.0000
1, 252, 0.0762, 0.0006, 100.000, 100.000, 0.934, 0.424, 
[495] Train acc: 0.9531
1, 252, 0.1621, 0.0006, 95.312, 100.000, 0.948, 0.329, 
[510] Train acc: 0.9219
1, 252, 0.1649, 0.0005, 92.188, 100.000, 0.949, 0.411, 
[525] Train acc: 0.9531
1, 252, 0.1392, 0.0006, 95.312, 100.000, 0.945, 0.386, 
[540] Train acc: 0.9531
1, 252, 0.2543, 0.0006, 95.312, 98.438, 0.933, 0.320, 
[555] Train acc: 0.9688
1, 252, 0.1702, 0.0005, 96.875, 98.438, 0.953, 0.375, 
[570] Train acc: 0.9531
1, 252, 0.1492, 0.0005, 95.312, 100.000, 0.925, 0.467, 
[585] Train acc: 0.9844
1, 252, 0.0822, 0.0005, 98.438, 100.000, 0.950, 0.360, 
[600] Train acc: 0.9531
1, 252, 0.1890, 0.0005, 95.312, 100.000, 0.951, 0.444, 
[615] Train acc: 0.9531
1, 252, 0.1561, 0.0005, 95.312, 100.000, 0.951, 0.383, 
[630] Train acc: 0.9375
1, 252, 0.3362, 0.0005, 93.750, 100.000, 0.956, 0.367, 
[645] Train acc: 0.9688
1, 252, 0.1513, 0.0005, 96.875, 100.000, 0.956, 0.376, 
[660] Train acc: 0.9688
1, 252, 0.1354, 0.0005, 96.875, 100.000, 0.956, 0.421, 
[675] Train acc: 0.9375
1, 252, 0.1571, 0.0005, 93.750, 100.000, 0.956, 0.422, 
[690] Train acc: 0.9688
1, 252, 0.1637, 0.0005, 96.875, 98.438, 0.958, 0.436, 
[705] Train acc: 0.8906
1, 252, 0.3415, 0.0005, 89.062, 100.000, 0.953, 0.464, 
[720] Train acc: 1.0000
1, 252, 0.0550, 0.0005, 100.000, 100.000, 0.958, 0.438, 
[735] Train acc: 0.9375
1, 252, 0.1595, 0.0005, 93.750, 100.000, 0.956, 0.394, 
[750] Train acc: 0.9688
1, 252, 0.0683, 0.0005, 96.875, 100.000, 0.950, 0.510, 
[765] Train acc: 0.9062
1, 252, 0.2801, 0.0005, 90.625, 100.000, 0.945, 0.442, 
[780] Train acc: 0.9219
1, 252, 0.1975, 0.0005, 92.188, 100.000, 0.965, 0.353, 
[795] Train acc: 0.9375
1, 252, 0.1232, 0.0005, 93.750, 100.000, 0.960, 0.439, 
[810] Train acc: 1.0000
1, 252, 0.0531, 0.0005, 100.000, 100.000, 0.963, 0.358, 
[825] Train acc: 0.9531
1, 252, 0.1005, 0.0005, 95.312, 100.000, 0.959, 0.355, 
[840] Train acc: 0.9531
1, 252, 0.1271, 0.0005, 95.312, 100.000, 0.969, 0.395, 
[855] Train acc: 0.9375
1, 252, 0.1566, 0.0005, 93.750, 100.000, 0.942, 0.397, 
[870] Train acc: 0.9531
1, 252, 0.1490, 0.0004, 95.312, 100.000, 0.963, 0.417, 
[885] Train acc: 0.9375
1, 252, 0.1344, 0.0005, 93.750, 100.000, 0.959, 0.437, 
[900] Train acc: 0.9531
1, 252, 0.1105, 0.0004, 95.312, 100.000, 0.962, 0.462, 
[915] Train acc: 0.9375
1, 252, 0.1970, 0.0004, 93.750, 100.000, 0.960, 0.458, 
[930] Train acc: 0.9375
1, 252, 0.1600, 0.0004, 93.750, 100.000, 0.965, 0.462, 
[0] Train acc: 0.9531
2, 252, 0.1407, 0.0004, 95.312, 100.000, 0.963, 0.481, 
[15] Train acc: 0.9844
2, 252, 0.0752, 0.0004, 98.438, 100.000, 0.967, 0.500, 
[30] Train acc: 0.9688
2, 252, 0.0801, 0.0004, 96.875, 100.000, 0.955, 0.567, 
[45] Train acc: 0.9688
2, 252, 0.0949, 0.0004, 96.875, 100.000, 0.965, 0.518, 
[60] Train acc: 0.9844
2, 252, 0.0438, 0.0004, 98.438, 100.000, 0.963, 0.531, 
[75] Train acc: 0.9688
2, 252, 0.1399, 0.0004, 96.875, 100.000, 0.966, 0.522, 
[90] Train acc: 0.9375
2, 252, 0.3302, 0.0004, 93.750, 100.000, 0.967, 0.463, 
[105] Train acc: 0.9844
2, 252, 0.0491, 0.0004, 98.438, 100.000, 0.970, 0.431, 
[120] Train acc: 0.9688
2, 252, 0.0914, 0.0004, 96.875, 100.000, 0.970, 0.463, 
[135] Train acc: 0.9688
2, 252, 0.1508, 0.0004, 96.875, 100.000, 0.964, 0.461, 
[150] Train acc: 0.9531
2, 252, 0.0793, 0.0004, 95.312, 100.000, 0.967, 0.507, 
[165] Train acc: 0.9844
2, 252, 0.0713, 0.0004, 98.438, 100.000, 0.969, 0.560, 
[180] Train acc: 0.9531
2, 252, 0.0830, 0.0004, 95.312, 100.000, 0.966, 0.537, 
[195] Train acc: 0.9844
2, 252, 0.0966, 0.0004, 98.438, 100.000, 0.961, 0.498, 
[210] Train acc: 0.9688
2, 252, 0.0620, 0.0004, 96.875, 100.000, 0.973, 0.584, 
[225] Train acc: 0.9531
2, 252, 0.1448, 0.0004, 95.312, 100.000, 0.965, 0.609, 
[240] Train acc: 0.9531
2, 252, 0.1479, 0.0004, 95.312, 100.000, 0.967, 0.480, 
[255] Train acc: 1.0000
2, 252, 0.0279, 0.0004, 100.000, 100.000, 0.968, 0.498, 
[270] Train acc: 0.9844
2, 252, 0.0609, 0.0003, 98.438, 100.000, 0.974, 0.567, 
[285] Train acc: 0.9844
2, 252, 0.0342, 0.0003, 98.438, 100.000, 0.975, 0.602, 
[300] Train acc: 0.9688
2, 252, 0.0782, 0.0004, 96.875, 100.000, 0.969, 0.557, 
[315] Train acc: 0.9375
2, 252, 0.1122, 0.0004, 93.750, 100.000, 0.975, 0.581, 
[330] Train acc: 0.9688
2, 252, 0.0469, 0.0004, 96.875, 100.000, 0.968, 0.531, 
[345] Train acc: 0.9531
2, 252, 0.2345, 0.0004, 95.312, 100.000, 0.977, 0.505, 
[360] Train acc: 0.9688
2, 252, 0.0647, 0.0004, 96.875, 100.000, 0.962, 0.426, 
[375] Train acc: 0.9531
2, 252, 0.1035, 0.0004, 95.312, 100.000, 0.976, 0.464, 
[390] Train acc: 0.9844
2, 252, 0.0274, 0.0004, 98.438, 100.000, 0.974, 0.508, 
[405] Train acc: 0.9844
2, 252, 0.0408, 0.0004, 98.438, 100.000, 0.968, 0.521, 
[420] Train acc: 0.9844
2, 252, 0.0255, 0.0004, 98.438, 100.000, 0.976, 0.554, 
[435] Train acc: 0.9844
2, 252, 0.0391, 0.0004, 98.438, 100.000, 0.977, 0.516, 
[450] Train acc: 0.9844
2, 252, 0.0888, 0.0003, 98.438, 100.000, 0.975, 0.563, 
[465] Train acc: 0.9688
2, 252, 0.0860, 0.0004, 96.875, 100.000, 0.972, 0.569, 
[480] Train acc: 0.9688
2, 252, 0.0826, 0.0004, 96.875, 100.000, 0.969, 0.512, 
[495] Train acc: 0.9375
2, 252, 0.1246, 0.0004, 93.750, 100.000, 0.972, 0.594, 
[510] Train acc: 1.0000
2, 252, 0.0169, 0.0004, 100.000, 100.000, 0.974, 0.490, 
[525] Train acc: 0.9688
2, 252, 0.1215, 0.0004, 96.875, 100.000, 0.977, 0.503, 
[540] Train acc: 0.9844
2, 252, 0.0627, 0.0004, 98.438, 100.000, 0.977, 0.453, 
[555] Train acc: 1.0000
2, 252, 0.0338, 0.0004, 100.000, 100.000, 0.977, 0.491, 
[570] Train acc: 0.9531
2, 252, 0.1980, 0.0004, 95.312, 100.000, 0.972, 0.498, 
[585] Train acc: 1.0000
2, 252, 0.0180, 0.0004, 100.000, 100.000, 0.965, 0.488, 
[600] Train acc: 0.9531
2, 252, 0.1889, 0.0004, 95.312, 100.000, 0.966, 0.527, 
[615] Train acc: 0.9531
2, 252, 0.1996, 0.0004, 95.312, 100.000, 0.972, 0.528, 
[630] Train acc: 0.9844
2, 252, 0.0752, 0.0004, 98.438, 100.000, 0.971, 0.529, 
[645] Train acc: 0.9062
2, 252, 0.2343, 0.0003, 90.625, 100.000, 0.980, 0.573, 
[660] Train acc: 0.9844
2, 252, 0.0542, 0.0003, 98.438, 100.000, 0.978, 0.615, 
[675] Train acc: 0.9844
2, 252, 0.0672, 0.0003, 98.438, 100.000, 0.977, 0.662, 
[690] Train acc: 0.9688
2, 252, 0.0481, 0.0003, 96.875, 100.000, 0.975, 0.660, 
[705] Train acc: 0.9844
2, 252, 0.0961, 0.0003, 98.438, 100.000, 0.970, 0.615, 
[720] Train acc: 0.9688
2, 252, 0.0633, 0.0003, 96.875, 100.000, 0.976, 0.623, 
[735] Train acc: 0.9844
2, 252, 0.0988, 0.0004, 98.438, 100.000, 0.959, 0.666, 
[750] Train acc: 0.9844
2, 252, 0.0208, 0.0003, 98.438, 100.000, 0.978, 0.612, 
[765] Train acc: 0.9688
2, 252, 0.0411, 0.0003, 96.875, 100.000, 0.978, 0.636, 
[780] Train acc: 0.9844
2, 252, 0.0408, 0.0003, 98.438, 100.000, 0.975, 0.647, 
[795] Train acc: 0.9688
2, 252, 0.0842, 0.0003, 96.875, 100.000, 0.976, 0.589, 
[810] Train acc: 0.9688
2, 252, 0.0810, 0.0003, 96.875, 100.000, 0.976, 0.621, 
[825] Train acc: 0.9375
2, 252, 0.2803, 0.0003, 93.750, 100.000, 0.979, 0.609, 
[840] Train acc: 1.0000
2, 252, 0.0204, 0.0003, 100.000, 100.000, 0.974, 0.605, 
[855] Train acc: 1.0000
2, 252, 0.0160, 0.0003, 100.000, 100.000, 0.980, 0.616, 
[870] Train acc: 1.0000
2, 252, 0.0261, 0.0003, 100.000, 100.000, 0.978, 0.613, 
[885] Train acc: 0.9844
2, 252, 0.0547, 0.0003, 98.438, 100.000, 0.977, 0.607, 
[900] Train acc: 0.9375
2, 252, 0.1150, 0.0003, 93.750, 100.000, 0.979, 0.569, 
[915] Train acc: 0.9688
2, 252, 0.0495, 0.0003, 96.875, 100.000, 0.981, 0.664, 
[930] Train acc: 0.9688
2, 252, 0.1090, 0.0003, 96.875, 100.000, 0.971, 0.666, 
[0] Train acc: 0.9688
3, 252, 0.1437, 0.0003, 96.875, 100.000, 0.970, 0.561, 
[15] Train acc: 1.0000
3, 252, 0.0285, 0.0003, 100.000, 100.000, 0.981, 0.600, 
[30] Train acc: 0.9844
3, 252, 0.0529, 0.0003, 98.438, 100.000, 0.978, 0.620, 
[45] Train acc: 0.9688
3, 252, 0.0809, 0.0004, 96.875, 100.000, 0.969, 0.546, 
[60] Train acc: 1.0000
3, 252, 0.0216, 0.0003, 100.000, 100.000, 0.981, 0.627, 
[75] Train acc: 0.9688
3, 252, 0.1329, 0.0003, 96.875, 100.000, 0.969, 0.597, 
[90] Train acc: 0.9844
3, 252, 0.0656, 0.0003, 98.438, 100.000, 0.976, 0.626, 
[105] Train acc: 1.0000
3, 252, 0.0243, 0.0003, 100.000, 100.000, 0.981, 0.609, 
[120] Train acc: 1.0000
3, 252, 0.0218, 0.0003, 100.000, 100.000, 0.979, 0.664, 
[135] Train acc: 0.9531
3, 252, 0.0817, 0.0003, 95.312, 100.000, 0.981, 0.639, 
[150] Train acc: 1.0000
3, 252, 0.0099, 0.0003, 100.000, 100.000, 0.975, 0.573, 
[165] Train acc: 0.9844
3, 252, 0.1767, 0.0003, 98.438, 100.000, 0.981, 0.579, 
[180] Train acc: 0.9531
3, 252, 0.1106, 0.0003, 95.312, 100.000, 0.981, 0.634, 
[195] Train acc: 0.9844
3, 252, 0.0700, 0.0003, 98.438, 100.000, 0.976, 0.613, 
[210] Train acc: 0.9531
3, 252, 0.0754, 0.0003, 95.312, 100.000, 0.972, 0.672, 
[225] Train acc: 1.0000
3, 252, 0.0133, 0.0003, 100.000, 100.000, 0.983, 0.660, 
[240] Train acc: 0.9688
3, 252, 0.0620, 0.0003, 96.875, 100.000, 0.980, 0.683, 
[255] Train acc: 0.9844
3, 252, 0.0525, 0.0003, 98.438, 100.000, 0.972, 0.687, 
[270] Train acc: 0.9688
3, 252, 0.0948, 0.0003, 96.875, 100.000, 0.982, 0.674, 
[285] Train acc: 0.9688
3, 252, 0.0618, 0.0003, 96.875, 100.000, 0.984, 0.643, 
[300] Train acc: 0.9844
3, 252, 0.0618, 0.0003, 98.438, 100.000, 0.981, 0.595, 
[315] Train acc: 0.9688
3, 252, 0.1432, 0.0003, 96.875, 100.000, 0.983, 0.608, 
[330] Train acc: 0.9531
3, 252, 0.1283, 0.0003, 95.312, 100.000, 0.978, 0.702, 
[345] Train acc: 1.0000
3, 252, 0.0156, 0.0003, 100.000, 100.000, 0.982, 0.658, 
[360] Train acc: 0.9844
3, 252, 0.0625, 0.0003, 98.438, 100.000, 0.979, 0.690, 
[375] Train acc: 1.0000
3, 252, 0.0429, 0.0003, 100.000, 100.000, 0.977, 0.688, 
[390] Train acc: 0.9375
3, 252, 0.2170, 0.0003, 93.750, 100.000, 0.966, 0.740, 
[405] Train acc: 0.9844
3, 252, 0.0477, 0.0003, 98.438, 100.000, 0.982, 0.724, 
[420] Train acc: 1.0000
3, 252, 0.0266, 0.0003, 100.000, 100.000, 0.982, 0.682, 
[435] Train acc: 0.9844
3, 252, 0.0296, 0.0003, 98.438, 100.000, 0.972, 0.657, 
[450] Train acc: 0.9844
3, 252, 0.0515, 0.0003, 98.438, 100.000, 0.979, 0.663, 
[465] Train acc: 1.0000
3, 252, 0.0425, 0.0003, 100.000, 100.000, 0.982, 0.683, 
[480] Train acc: 0.9844
3, 252, 0.1283, 0.0003, 98.438, 100.000, 0.981, 0.653, 
[495] Train acc: 0.9688
3, 252, 0.0506, 0.0003, 96.875, 100.000, 0.983, 0.672, 
[510] Train acc: 0.9688
3, 252, 0.0836, 0.0003, 96.875, 100.000, 0.982, 0.651, 
[525] Train acc: 0.9531
3, 252, 0.1020, 0.0003, 95.312, 100.000, 0.984, 0.640, 
[540] Train acc: 1.0000
3, 252, 0.0214, 0.0003, 100.000, 100.000, 0.982, 0.664, 
[555] Train acc: 0.9531
3, 252, 0.1520, 0.0003, 95.312, 100.000, 0.985, 0.558, 
[570] Train acc: 0.9844
3, 252, 0.0536, 0.0003, 98.438, 100.000, 0.978, 0.591, 
[585] Train acc: 1.0000
3, 252, 0.0112, 0.0003, 100.000, 100.000, 0.982, 0.702, 
[600] Train acc: 0.9375
3, 252, 0.1640, 0.0003, 93.750, 100.000, 0.980, 0.583, 
[615] Train acc: 0.9531
3, 252, 0.1815, 0.0003, 95.312, 100.000, 0.982, 0.662, 
[630] Train acc: 1.0000
3, 252, 0.0235, 0.0003, 100.000, 100.000, 0.984, 0.658, 
[645] Train acc: 0.9688
3, 252, 0.2124, 0.0003, 96.875, 100.000, 0.983, 0.641, 
[660] Train acc: 1.0000
3, 252, 0.0341, 0.0003, 100.000, 100.000, 0.983, 0.604, 
[675] Train acc: 1.0000
3, 252, 0.0153, 0.0003, 100.000, 100.000, 0.984, 0.634, 
[690] Train acc: 0.9844
3, 252, 0.0284, 0.0003, 98.438, 100.000, 0.985, 0.639, 
[705] Train acc: 1.0000
3, 252, 0.0274, 0.0003, 100.000, 100.000, 0.983, 0.649, 
[720] Train acc: 0.9844
3, 252, 0.0483, 0.0003, 98.438, 100.000, 0.984, 0.626, 
[735] Train acc: 0.9844
3, 252, 0.0342, 0.0003, 98.438, 100.000, 0.982, 0.675, 
[750] Train acc: 0.9844
3, 252, 0.0250, 0.0003, 98.438, 100.000, 0.986, 0.644, 
[765] Train acc: 1.0000
3, 252, 0.0191, 0.0003, 100.000, 100.000, 0.981, 0.644, 
[780] Train acc: 0.9531
3, 252, 0.1058, 0.0003, 95.312, 100.000, 0.984, 0.674, 
[795] Train acc: 0.9688
3, 252, 0.0497, 0.0003, 96.875, 100.000, 0.982, 0.688, 
[810] Train acc: 1.0000
3, 252, 0.0074, 0.0003, 100.000, 100.000, 0.978, 0.724, 
[825] Train acc: 1.0000
3, 252, 0.0133, 0.0002, 100.000, 100.000, 0.984, 0.742, 
[840] Train acc: 0.9531
3, 252, 0.0715, 0.0003, 95.312, 100.000, 0.981, 0.677, 
[855] Train acc: 1.0000
3, 252, 0.0085, 0.0003, 100.000, 100.000, 0.978, 0.613, 
[870] Train acc: 1.0000
3, 252, 0.0084, 0.0003, 100.000, 100.000, 0.981, 0.660, 
[885] Train acc: 1.0000
3, 252, 0.0144, 0.0003, 100.000, 100.000, 0.983, 0.652, 
[900] Train acc: 0.9844
3, 252, 0.0241, 0.0003, 98.438, 100.000, 0.981, 0.650, 
[915] Train acc: 0.9531
3, 252, 0.2423, 0.0003, 95.312, 100.000, 0.983, 0.641, 
[930] Train acc: 0.9844
3, 252, 0.0708, 0.0003, 98.438, 100.000, 0.987, 0.685, 
[0] Train acc: 0.9844
4, 252, 0.0484, 0.0003, 98.438, 100.000, 0.985, 0.674, 
[15] Train acc: 1.0000
4, 252, 0.0244, 0.0003, 100.000, 100.000, 0.983, 0.674, 
[30] Train acc: 0.9844
4, 252, 0.0416, 0.0003, 98.438, 100.000, 0.981, 0.686, 
[45] Train acc: 1.0000
4, 252, 0.0063, 0.0003, 100.000, 100.000, 0.985, 0.673, 
[60] Train acc: 1.0000
4, 252, 0.0215, 0.0003, 100.000, 100.000, 0.984, 0.666, 
[75] Train acc: 1.0000
4, 252, 0.0432, 0.0003, 100.000, 100.000, 0.972, 0.645, 
[90] Train acc: 0.9844
4, 252, 0.0448, 0.0002, 98.438, 100.000, 0.985, 0.742, 
[105] Train acc: 1.0000
4, 252, 0.0111, 0.0002, 100.000, 100.000, 0.984, 0.715, 
[120] Train acc: 0.9844
4, 252, 0.0530, 0.0003, 98.438, 100.000, 0.982, 0.700, 
[135] Train acc: 0.9844
4, 252, 0.0300, 0.0003, 98.438, 100.000, 0.985, 0.709, 
[150] Train acc: 0.9688
4, 252, 0.0593, 0.0002, 96.875, 100.000, 0.985, 0.709, 
[165] Train acc: 1.0000
4, 252, 0.0173, 0.0003, 100.000, 100.000, 0.982, 0.732, 
[180] Train acc: 0.9844
4, 252, 0.1133, 0.0002, 98.438, 100.000, 0.985, 0.711, 
[195] Train acc: 1.0000
4, 252, 0.0079, 0.0003, 100.000, 100.000, 0.983, 0.708, 
[210] Train acc: 0.9531
4, 252, 0.1191, 0.0003, 95.312, 100.000, 0.980, 0.702, 
[225] Train acc: 1.0000
4, 252, 0.0161, 0.0003, 100.000, 100.000, 0.985, 0.666, 
[240] Train acc: 1.0000
4, 252, 0.0187, 0.0003, 100.000, 100.000, 0.982, 0.679, 
[255] Train acc: 0.9844
4, 252, 0.1243, 0.0003, 98.438, 98.438, 0.983, 0.696, 
[270] Train acc: 1.0000
4, 252, 0.0103, 0.0002, 100.000, 100.000, 0.986, 0.719, 
[285] Train acc: 0.9688
4, 252, 0.0890, 0.0002, 96.875, 100.000, 0.986, 0.763, 
[300] Train acc: 1.0000
4, 252, 0.0147, 0.0003, 100.000, 100.000, 0.981, 0.698, 
[315] Train acc: 1.0000
4, 252, 0.0182, 0.0002, 100.000, 100.000, 0.985, 0.704, 
[330] Train acc: 1.0000
4, 252, 0.0325, 0.0003, 100.000, 100.000, 0.985, 0.685, 
[345] Train acc: 0.9531
4, 252, 0.0922, 0.0003, 95.312, 100.000, 0.983, 0.676, 
[360] Train acc: 0.9688
4, 252, 0.0669, 0.0003, 96.875, 100.000, 0.979, 0.659, 
[375] Train acc: 1.0000
4, 252, 0.0089, 0.0003, 100.000, 100.000, 0.987, 0.659, 
[390] Train acc: 1.0000
4, 252, 0.0179, 0.0003, 100.000, 100.000, 0.985, 0.695, 
[405] Train acc: 1.0000
4, 252, 0.0076, 0.0003, 100.000, 100.000, 0.982, 0.680, 
[420] Train acc: 0.9688
4, 252, 0.0540, 0.0003, 96.875, 100.000, 0.982, 0.700, 
[435] Train acc: 0.9688
4, 252, 0.0744, 0.0003, 96.875, 100.000, 0.984, 0.695, 
[450] Train acc: 1.0000
4, 252, 0.0152, 0.0003, 100.000, 100.000, 0.983, 0.701, 
[465] Train acc: 0.9844
4, 252, 0.0753, 0.0002, 98.438, 100.000, 0.985, 0.692, 
[480] Train acc: 0.9688
4, 252, 0.0678, 0.0002, 96.875, 100.000, 0.984, 0.715, 
[495] Train acc: 0.9844
4, 252, 0.0385, 0.0003, 98.438, 100.000, 0.985, 0.710, 
[510] Train acc: 0.9531
4, 252, 0.0576, 0.0003, 95.312, 100.000, 0.987, 0.693, 
[525] Train acc: 1.0000
4, 252, 0.0055, 0.0002, 100.000, 100.000, 0.985, 0.719, 
[540] Train acc: 1.0000
4, 252, 0.0088, 0.0003, 100.000, 100.000, 0.980, 0.696, 
[555] Train acc: 0.9844
4, 252, 0.0672, 0.0002, 98.438, 100.000, 0.984, 0.723, 
[570] Train acc: 1.0000
4, 252, 0.0215, 0.0003, 100.000, 100.000, 0.982, 0.722, 
[585] Train acc: 0.9531
4, 252, 0.1056, 0.0002, 95.312, 100.000, 0.986, 0.693, 
[600] Train acc: 1.0000
4, 252, 0.0105, 0.0002, 100.000, 100.000, 0.987, 0.721, 
[615] Train acc: 0.9844
4, 252, 0.0304, 0.0002, 98.438, 100.000, 0.986, 0.746, 
[630] Train acc: 0.9531
4, 252, 0.1299, 0.0002, 95.312, 100.000, 0.983, 0.752, 
[645] Train acc: 1.0000
4, 252, 0.0146, 0.0002, 100.000, 100.000, 0.985, 0.736, 
[660] Train acc: 1.0000
4, 252, 0.0169, 0.0002, 100.000, 100.000, 0.987, 0.722, 
[675] Train acc: 0.9688
4, 252, 0.0538, 0.0002, 96.875, 100.000, 0.986, 0.714, 
[690] Train acc: 0.9844
4, 252, 0.0774, 0.0002, 98.438, 100.000, 0.983, 0.756, 
[705] Train acc: 1.0000
4, 252, 0.0300, 0.0002, 100.000, 100.000, 0.986, 0.740, 
[720] Train acc: 0.9844
4, 252, 0.0937, 0.0002, 98.438, 100.000, 0.983, 0.744, 
[735] Train acc: 1.0000
4, 252, 0.0191, 0.0002, 100.000, 100.000, 0.980, 0.748, 
[750] Train acc: 1.0000
4, 252, 0.0044, 0.0002, 100.000, 100.000, 0.983, 0.780, 
[765] Train acc: 0.9531
4, 252, 0.0958, 0.0002, 95.312, 100.000, 0.985, 0.729, 
[780] Train acc: 0.9688
4, 252, 0.0661, 0.0002, 96.875, 100.000, 0.985, 0.739, 
[795] Train acc: 0.9531
4, 252, 0.1070, 0.0002, 95.312, 100.000, 0.983, 0.728, 
[810] Train acc: 1.0000
4, 252, 0.0131, 0.0002, 100.000, 100.000, 0.985, 0.738, 
[825] Train acc: 0.9688
4, 252, 0.0316, 0.0002, 96.875, 100.000, 0.985, 0.730, 
[840] Train acc: 1.0000
4, 252, 0.0235, 0.0002, 100.000, 100.000, 0.986, 0.708, 
[855] Train acc: 1.0000
4, 252, 0.0032, 0.0002, 100.000, 100.000, 0.986, 0.714, 
[870] Train acc: 0.9844
4, 252, 0.0457, 0.0003, 98.438, 100.000, 0.983, 0.692, 
[885] Train acc: 1.0000
4, 252, 0.0180, 0.0002, 100.000, 100.000, 0.983, 0.726, 
[900] Train acc: 0.9844
4, 252, 0.0469, 0.0003, 98.438, 100.000, 0.980, 0.696, 
[915] Train acc: 1.0000
4, 252, 0.0054, 0.0002, 100.000, 100.000, 0.987, 0.748, 
[930] Train acc: 0.9688
4, 252, 0.1351, 0.0002, 96.875, 100.000, 0.988, 0.706, 
[0] Train acc: 0.9531
5, 252, 0.1104, 0.0003, 95.312, 100.000, 0.982, 0.724, 
[15] Train acc: 0.9844
5, 252, 0.0755, 0.0002, 98.438, 100.000, 0.987, 0.708, 
[30] Train acc: 1.0000
5, 252, 0.0264, 0.0002, 100.000, 100.000, 0.988, 0.743, 
[45] Train acc: 0.9531
5, 252, 0.0984, 0.0002, 95.312, 100.000, 0.986, 0.724, 
[60] Train acc: 1.0000
5, 252, 0.0236, 0.0002, 100.000, 100.000, 0.983, 0.748, 
[75] Train acc: 0.9844
5, 252, 0.0256, 0.0002, 98.438, 100.000, 0.988, 0.743, 
[90] Train acc: 0.9531
5, 252, 0.1569, 0.0003, 95.312, 100.000, 0.984, 0.728, 
[105] Train acc: 0.9844
5, 252, 0.0473, 0.0002, 98.438, 100.000, 0.987, 0.707, 
[120] Train acc: 1.0000
5, 252, 0.0015, 0.0002, 100.000, 100.000, 0.986, 0.695, 
[135] Train acc: 0.9844
5, 252, 0.0393, 0.0002, 98.438, 100.000, 0.988, 0.702, 
[150] Train acc: 1.0000
5, 252, 0.0231, 0.0002, 100.000, 100.000, 0.988, 0.731, 
[165] Train acc: 0.9844
5, 252, 0.0324, 0.0002, 98.438, 100.000, 0.984, 0.705, 
[180] Train acc: 0.9844
5, 252, 0.0189, 0.0002, 98.438, 100.000, 0.985, 0.755, 
[195] Train acc: 1.0000
5, 252, 0.0243, 0.0002, 100.000, 100.000, 0.986, 0.736, 
[210] Train acc: 0.9688
5, 252, 0.2014, 0.0002, 96.875, 98.438, 0.986, 0.704, 
[225] Train acc: 0.9688
5, 252, 0.0636, 0.0002, 96.875, 100.000, 0.981, 0.742, 
[240] Train acc: 0.9844
5, 252, 0.0409, 0.0002, 98.438, 100.000, 0.988, 0.736, 
[255] Train acc: 0.9844
5, 252, 0.0414, 0.0002, 98.438, 100.000, 0.985, 0.713, 
[270] Train acc: 1.0000
5, 252, 0.0077, 0.0002, 100.000, 100.000, 0.984, 0.750, 
[285] Train acc: 0.9844
5, 252, 0.0314, 0.0002, 98.438, 100.000, 0.986, 0.700, 
[300] Train acc: 0.9688
5, 252, 0.0770, 0.0002, 96.875, 100.000, 0.987, 0.730, 
[315] Train acc: 0.9688
5, 252, 0.0528, 0.0002, 96.875, 100.000, 0.986, 0.721, 
[330] Train acc: 0.9844
5, 252, 0.0357, 0.0002, 98.438, 100.000, 0.986, 0.731, 
[345] Train acc: 1.0000
5, 252, 0.0078, 0.0002, 100.000, 100.000, 0.986, 0.741, 
[360] Train acc: 1.0000
5, 252, 0.0062, 0.0002, 100.000, 100.000, 0.988, 0.743, 
[375] Train acc: 1.0000
5, 252, 0.0182, 0.0002, 100.000, 100.000, 0.985, 0.755, 
[390] Train acc: 0.9844
5, 252, 0.0347, 0.0002, 98.438, 100.000, 0.986, 0.756, 
[405] Train acc: 0.9844
5, 252, 0.0357, 0.0002, 98.438, 100.000, 0.986, 0.764, 
[420] Train acc: 0.9844
5, 252, 0.0288, 0.0002, 98.438, 100.000, 0.987, 0.800, 
[435] Train acc: 1.0000
5, 252, 0.0384, 0.0002, 100.000, 100.000, 0.987, 0.795, 
[450] Train acc: 0.9688
5, 252, 0.0746, 0.0002, 96.875, 100.000, 0.986, 0.788, 
[465] Train acc: 0.9531
5, 252, 0.2299, 0.0003, 95.312, 100.000, 0.985, 0.695, 
[480] Train acc: 1.0000
5, 252, 0.0095, 0.0002, 100.000, 100.000, 0.985, 0.720, 
[495] Train acc: 0.9688
5, 252, 0.0636, 0.0002, 96.875, 100.000, 0.985, 0.714, 
[510] Train acc: 0.9531
5, 252, 0.0753, 0.0002, 95.312, 100.000, 0.987, 0.737, 
[525] Train acc: 0.9688
5, 252, 0.0763, 0.0002, 96.875, 100.000, 0.988, 0.779, 
[540] Train acc: 0.9688
5, 252, 0.1208, 0.0002, 96.875, 100.000, 0.988, 0.781, 
[555] Train acc: 0.9844
5, 252, 0.0301, 0.0002, 98.438, 100.000, 0.990, 0.759, 
[570] Train acc: 1.0000
5, 252, 0.0098, 0.0002, 100.000, 100.000, 0.986, 0.764, 
[585] Train acc: 1.0000
5, 252, 0.0090, 0.0002, 100.000, 100.000, 0.985, 0.754, 
[600] Train acc: 1.0000
5, 252, 0.0170, 0.0002, 100.000, 100.000, 0.985, 0.740, 
[615] Train acc: 0.9844
5, 252, 0.0246, 0.0002, 98.438, 100.000, 0.988, 0.719, 
[630] Train acc: 0.9219
5, 252, 0.1508, 0.0002, 92.188, 100.000, 0.987, 0.751, 
[645] Train acc: 1.0000
5, 252, 0.0039, 0.0002, 100.000, 100.000, 0.987, 0.762, 
[660] Train acc: 1.0000
5, 252, 0.0033, 0.0002, 100.000, 100.000, 0.987, 0.749, 
[675] Train acc: 1.0000
5, 252, 0.0219, 0.0002, 100.000, 100.000, 0.987, 0.736, 
[690] Train acc: 1.0000
5, 252, 0.0031, 0.0002, 100.000, 100.000, 0.986, 0.773, 
[705] Train acc: 1.0000
5, 252, 0.0078, 0.0002, 100.000, 100.000, 0.988, 0.744, 
[720] Train acc: 0.9844
5, 252, 0.0540, 0.0002, 98.438, 100.000, 0.986, 0.756, 
[735] Train acc: 0.9844
5, 252, 0.0684, 0.0002, 98.438, 100.000, 0.987, 0.748, 
[750] Train acc: 1.0000
5, 252, 0.0082, 0.0002, 100.000, 100.000, 0.986, 0.772, 
[765] Train acc: 1.0000
5, 252, 0.0112, 0.0002, 100.000, 100.000, 0.983, 0.751, 
[780] Train acc: 0.9531
5, 252, 0.2455, 0.0002, 95.312, 100.000, 0.988, 0.713, 
[795] Train acc: 0.9688
5, 252, 0.0589, 0.0002, 96.875, 100.000, 0.988, 0.737, 
[810] Train acc: 0.9844
5, 252, 0.0220, 0.0002, 98.438, 100.000, 0.986, 0.750, 
[825] Train acc: 1.0000
5, 252, 0.0090, 0.0002, 100.000, 100.000, 0.983, 0.761, 
[840] Train acc: 0.9844
5, 252, 0.0306, 0.0002, 98.438, 100.000, 0.987, 0.773, 
[855] Train acc: 1.0000
5, 252, 0.0127, 0.0002, 100.000, 100.000, 0.985, 0.777, 
[870] Train acc: 0.9688
5, 252, 0.1107, 0.0002, 96.875, 100.000, 0.980, 0.788, 
[885] Train acc: 1.0000
5, 252, 0.0024, 0.0002, 100.000, 100.000, 0.987, 0.749, 
[900] Train acc: 1.0000
5, 252, 0.0236, 0.0002, 100.000, 100.000, 0.987, 0.739, 
[915] Train acc: 0.9844
5, 252, 0.0203, 0.0002, 98.438, 100.000, 0.987, 0.754, 
[930] Train acc: 0.9844
5, 252, 0.0435, 0.0002, 98.438, 100.000, 0.986, 0.707, 
[0] Train acc: 1.0000
6, 252, 0.0085, 0.0002, 100.000, 100.000, 0.985, 0.753, 
[15] Train acc: 1.0000
6, 252, 0.0074, 0.0002, 100.000, 100.000, 0.990, 0.740, 
[30] Train acc: 0.9844
6, 252, 0.0378, 0.0002, 98.438, 100.000, 0.986, 0.706, 
[45] Train acc: 1.0000
6, 252, 0.0035, 0.0002, 100.000, 100.000, 0.989, 0.709, 
[60] Train acc: 1.0000
6, 252, 0.0291, 0.0002, 100.000, 100.000, 0.987, 0.731, 
[75] Train acc: 1.0000
6, 252, 0.0240, 0.0002, 100.000, 100.000, 0.986, 0.790, 
[90] Train acc: 1.0000
6, 252, 0.0225, 0.0002, 100.000, 100.000, 0.987, 0.776, 
[105] Train acc: 0.9688
6, 252, 0.0429, 0.0002, 96.875, 100.000, 0.987, 0.770, 
[120] Train acc: 0.9844
6, 252, 0.0526, 0.0002, 98.438, 100.000, 0.988, 0.812, 
[135] Train acc: 1.0000
6, 252, 0.0031, 0.0002, 100.000, 100.000, 0.988, 0.786, 
[150] Train acc: 1.0000
6, 252, 0.0227, 0.0002, 100.000, 100.000, 0.986, 0.764, 
[165] Train acc: 1.0000
6, 252, 0.0111, 0.0002, 100.000, 100.000, 0.986, 0.757, 
[180] Train acc: 1.0000
6, 252, 0.0106, 0.0002, 100.000, 100.000, 0.988, 0.786, 
[195] Train acc: 0.9688
6, 252, 0.0541, 0.0002, 96.875, 100.000, 0.988, 0.766, 
[210] Train acc: 0.9844
6, 252, 0.0496, 0.0002, 98.438, 100.000, 0.987, 0.741, 
[225] Train acc: 0.9688
6, 252, 0.0520, 0.0002, 96.875, 100.000, 0.989, 0.751, 
[240] Train acc: 1.0000
6, 252, 0.0066, 0.0002, 100.000, 100.000, 0.986, 0.753, 
[255] Train acc: 0.9844
6, 252, 0.0878, 0.0002, 98.438, 100.000, 0.987, 0.756, 
[270] Train acc: 1.0000
6, 252, 0.0132, 0.0002, 100.000, 100.000, 0.988, 0.767, 
[285] Train acc: 0.9688
6, 252, 0.0930, 0.0002, 96.875, 100.000, 0.988, 0.759, 
[300] Train acc: 0.9844
6, 252, 0.1033, 0.0002, 98.438, 100.000, 0.985, 0.704, 
[315] Train acc: 1.0000
6, 252, 0.0046, 0.0002, 100.000, 100.000, 0.988, 0.749, 
[330] Train acc: 0.9844
6, 252, 0.0216, 0.0002, 98.438, 100.000, 0.988, 0.734, 
[345] Train acc: 0.9688
6, 252, 0.1465, 0.0002, 96.875, 100.000, 0.989, 0.749, 
[360] Train acc: 0.9844
6, 252, 0.0298, 0.0002, 98.438, 100.000, 0.990, 0.734, 
[375] Train acc: 0.9844
6, 252, 0.0448, 0.0003, 98.438, 100.000, 0.984, 0.695, 
[390] Train acc: 0.9844
6, 252, 0.0541, 0.0002, 98.438, 100.000, 0.987, 0.741, 
[405] Train acc: 1.0000
6, 252, 0.0164, 0.0002, 100.000, 100.000, 0.984, 0.748, 
[420] Train acc: 1.0000
6, 252, 0.0045, 0.0002, 100.000, 100.000, 0.985, 0.777, 
[435] Train acc: 1.0000
6, 252, 0.0035, 0.0002, 100.000, 100.000, 0.988, 0.787, 
[450] Train acc: 1.0000
6, 252, 0.0090, 0.0002, 100.000, 100.000, 0.986, 0.755, 
[465] Train acc: 0.9844
6, 252, 0.0272, 0.0002, 98.438, 100.000, 0.989, 0.725, 
[480] Train acc: 1.0000
6, 252, 0.0067, 0.0002, 100.000, 100.000, 0.988, 0.715, 
[495] Train acc: 1.0000
6, 252, 0.0115, 0.0002, 100.000, 100.000, 0.987, 0.739, 
[510] Train acc: 0.9688
6, 252, 0.1064, 0.0002, 96.875, 100.000, 0.986, 0.754, 
[525] Train acc: 0.9688
6, 252, 0.0514, 0.0002, 96.875, 100.000, 0.991, 0.769, 
[540] Train acc: 0.9844
6, 252, 0.0582, 0.0002, 98.438, 100.000, 0.986, 0.727, 
[555] Train acc: 1.0000
6, 252, 0.0139, 0.0002, 100.000, 100.000, 0.989, 0.779, 
[570] Train acc: 0.9688
6, 252, 0.0436, 0.0002, 96.875, 100.000, 0.989, 0.758, 
[585] Train acc: 0.9844
6, 252, 0.0471, 0.0002, 98.438, 100.000, 0.988, 0.746, 
[600] Train acc: 1.0000
6, 252, 0.0010, 0.0002, 100.000, 100.000, 0.986, 0.750, 
[615] Train acc: 1.0000
6, 252, 0.0274, 0.0002, 100.000, 100.000, 0.989, 0.820, 
[630] Train acc: 0.9844
6, 252, 0.0533, 0.0002, 98.438, 100.000, 0.981, 0.773, 
[645] Train acc: 1.0000
6, 252, 0.0045, 0.0002, 100.000, 100.000, 0.989, 0.807, 
[660] Train acc: 1.0000
6, 252, 0.0103, 0.0002, 100.000, 100.000, 0.988, 0.785, 
[675] Train acc: 1.0000
6, 252, 0.0031, 0.0002, 100.000, 100.000, 0.990, 0.777, 
[690] Train acc: 1.0000
6, 252, 0.0067, 0.0002, 100.000, 100.000, 0.988, 0.784, 
[705] Train acc: 1.0000
6, 252, 0.0077, 0.0002, 100.000, 100.000, 0.986, 0.769, 
[720] Train acc: 0.9844
6, 252, 0.0290, 0.0002, 98.438, 100.000, 0.985, 0.767, 
[735] Train acc: 0.9844
6, 252, 0.0469, 0.0002, 98.438, 100.000, 0.988, 0.783, 
[750] Train acc: 0.9844
6, 252, 0.0277, 0.0002, 98.438, 100.000, 0.990, 0.743, 
[765] Train acc: 1.0000
6, 252, 0.0017, 0.0002, 100.000, 100.000, 0.989, 0.748, 
[780] Train acc: 1.0000
6, 252, 0.0126, 0.0002, 100.000, 100.000, 0.987, 0.769, 
[795] Train acc: 0.9844
6, 252, 0.0272, 0.0002, 98.438, 100.000, 0.988, 0.771, 
[810] Train acc: 1.0000
6, 252, 0.0162, 0.0002, 100.000, 100.000, 0.988, 0.818, 
[825] Train acc: 0.9688
6, 252, 0.0488, 0.0002, 96.875, 100.000, 0.988, 0.749, 
[840] Train acc: 0.9844
6, 252, 0.0506, 0.0002, 98.438, 100.000, 0.987, 0.754, 
[855] Train acc: 1.0000
6, 252, 0.0059, 0.0002, 100.000, 100.000, 0.987, 0.769, 
[870] Train acc: 1.0000
6, 252, 0.0069, 0.0002, 100.000, 100.000, 0.987, 0.793, 
[885] Train acc: 0.9688
6, 252, 0.0715, 0.0002, 96.875, 100.000, 0.987, 0.763, 
[900] Train acc: 1.0000
6, 252, 0.0087, 0.0002, 100.000, 100.000, 0.989, 0.767, 
[915] Train acc: 1.0000
6, 252, 0.0105, 0.0002, 100.000, 100.000, 0.988, 0.762, 
[930] Train acc: 1.0000
6, 252, 0.0081, 0.0002, 100.000, 100.000, 0.987, 0.761, 
[0] Train acc: 1.0000, Constr acc: 0.7812, CE loss: 0.005, DL2 loss: 11.829
7, 252, 0.0049, 0.0002, 100.000, 100.000, 0.989, 0.796, 
[15] Train acc: 1.0000, Constr acc: 0.9375, CE loss: 0.007, DL2 loss: 4.828
7, 251, 0.0066, 0.0002, 100.000, 100.000, 0.988, 0.773, 
[30] Train acc: 1.0000, Constr acc: 0.8750, CE loss: 0.007, DL2 loss: 6.426
7, 250, 0.0069, 0.0002, 100.000, 100.000, 0.987, 0.786, 
[45] Train acc: 0.9688, Constr acc: 0.9062, CE loss: 0.044, DL2 loss: 4.741
7, 249, 0.0440, 0.0002, 96.875, 100.000, 0.989, 0.789, 
[60] Train acc: 1.0000, Constr acc: 0.8438, CE loss: 0.002, DL2 loss: 9.846
7, 248, 0.0022, 0.0002, 100.000, 100.000, 0.988, 0.800, 
[75] Train acc: 0.9844, Constr acc: 0.9375, CE loss: 0.046, DL2 loss: 4.668
7, 247, 0.0456, 0.0002, 98.438, 100.000, 0.989, 0.795, 
[90] Train acc: 1.0000, Constr acc: 0.8438, CE loss: 0.004, DL2 loss: 6.839
7, 246, 0.0043, 0.0002, 100.000, 100.000, 0.989, 0.797, 
[105] Train acc: 1.0000, Constr acc: 0.8125, CE loss: 0.007, DL2 loss: 11.307
7, 245, 0.0071, 0.0002, 100.000, 100.000, 0.988, 0.811, 
[120] Train acc: 1.0000, Constr acc: 0.9688, CE loss: 0.007, DL2 loss: 1.198
7, 244, 0.0072, 0.0002, 100.000, 100.000, 0.988, 0.809, 
[135] Train acc: 1.0000, Constr acc: 0.9375, CE loss: 0.001, DL2 loss: 2.270
7, 243, 0.0013, 0.0002, 100.000, 100.000, 0.988, 0.801, 
[150] Train acc: 1.0000, Constr acc: 0.7500, CE loss: 0.006, DL2 loss: 17.498
7, 242, 0.0061, 0.0002, 100.000, 100.000, 0.988, 0.818, 
[165] Train acc: 1.0000, Constr acc: 0.8750, CE loss: 0.001, DL2 loss: 7.045
7, 241, 0.0014, 0.0002, 100.000, 100.000, 0.989, 0.822, 
[180] Train acc: 0.9844, Constr acc: 0.9375, CE loss: 0.035, DL2 loss: 2.666
7, 240, 0.0354, 0.0002, 98.438, 100.000, 0.987, 0.802, 
[195] Train acc: 0.9844, Constr acc: 0.7812, CE loss: 0.032, DL2 loss: 14.041
7, 239, 0.0321, 0.0002, 98.438, 100.000, 0.986, 0.799, 
[210] Train acc: 1.0000, Constr acc: 0.9062, CE loss: 0.003, DL2 loss: 6.069
7, 238, 0.0033, 0.0002, 100.000, 100.000, 0.989, 0.825, 
[225] Train acc: 1.0000, Constr acc: 0.8750, CE loss: 0.009, DL2 loss: 7.593
7, 237, 0.0092, 0.0002, 100.000, 100.000, 0.988, 0.804, 
[240] Train acc: 1.0000, Constr acc: 0.9375, CE loss: 0.008, DL2 loss: 4.422
7, 236, 0.0076, 0.0002, 100.000, 100.000, 0.987, 0.805, 
[255] Train acc: 1.0000, Constr acc: 0.8750, CE loss: 0.004, DL2 loss: 5.375
7, 235, 0.0038, 0.0002, 100.000, 100.000, 0.988, 0.781, 
[270] Train acc: 1.0000, Constr acc: 0.8750, CE loss: 0.017, DL2 loss: 8.950
7, 234, 0.0167, 0.0002, 100.000, 100.000, 0.986, 0.780, 
[285] Train acc: 1.0000, Constr acc: 0.6875, CE loss: 0.016, DL2 loss: 17.222
7, 233, 0.0164, 0.0002, 100.000, 100.000, 0.987, 0.799, 
[300] Train acc: 1.0000, Constr acc: 0.8750, CE loss: 0.012, DL2 loss: 6.828
7, 232, 0.0125, 0.0002, 100.000, 100.000, 0.990, 0.791, 
[315] Train acc: 1.0000, Constr acc: 0.9375, CE loss: 0.014, DL2 loss: 4.675
7, 231, 0.0139, 0.0002, 100.000, 100.000, 0.987, 0.802, 
[330] Train acc: 1.0000, Constr acc: 0.8438, CE loss: 0.004, DL2 loss: 8.314
7, 230, 0.0036, 0.0002, 100.000, 100.000, 0.989, 0.817, 
[345] Train acc: 0.9844, Constr acc: 0.9062, CE loss: 0.055, DL2 loss: 5.029
7, 229, 0.0550, 0.0002, 98.438, 100.000, 0.991, 0.804, 
[360] Train acc: 1.0000, Constr acc: 0.9375, CE loss: 0.007, DL2 loss: 4.061
7, 228, 0.0065, 0.0002, 100.000, 100.000, 0.989, 0.783, 
[375] Train acc: 0.9688, Constr acc: 0.9375, CE loss: 0.083, DL2 loss: 5.058
7, 227, 0.0834, 0.0002, 96.875, 100.000, 0.988, 0.810, 
[390] Train acc: 1.0000, Constr acc: 0.8750, CE loss: 0.014, DL2 loss: 7.727
7, 226, 0.0143, 0.0002, 100.000, 100.000, 0.988, 0.793, 
[405] Train acc: 0.9844, Constr acc: 0.9062, CE loss: 0.074, DL2 loss: 5.060
7, 225, 0.0735, 0.0002, 98.438, 100.000, 0.991, 0.824, 
[420] Train acc: 0.9688, Constr acc: 0.9375, CE loss: 0.047, DL2 loss: 3.245
7, 224, 0.0472, 0.0002, 96.875, 100.000, 0.985, 0.751, 
[435] Train acc: 0.9844, Constr acc: 0.9375, CE loss: 0.037, DL2 loss: 2.229
7, 223, 0.0366, 0.0002, 98.438, 100.000, 0.988, 0.763, 
[450] Train acc: 1.0000, Constr acc: 0.7812, CE loss: 0.010, DL2 loss: 10.388
7, 222, 0.0103, 0.0002, 100.000, 100.000, 0.989, 0.790, 
[465] Train acc: 1.0000, Constr acc: 0.8750, CE loss: 0.006, DL2 loss: 9.435
7, 221, 0.0062, 0.0002, 100.000, 100.000, 0.989, 0.800, 
[480] Train acc: 0.9844, Constr acc: 0.8750, CE loss: 0.061, DL2 loss: 8.496
7, 220, 0.0612, 0.0002, 98.438, 100.000, 0.989, 0.791, 
[495] Train acc: 1.0000, Constr acc: 0.9375, CE loss: 0.003, DL2 loss: 2.237
7, 219, 0.0028, 0.0002, 100.000, 100.000, 0.986, 0.779, 
[510] Train acc: 1.0000, Constr acc: 0.8438, CE loss: 0.009, DL2 loss: 9.092
7, 218, 0.0095, 0.0002, 100.000, 100.000, 0.991, 0.791, 
[525] Train acc: 0.9844, Constr acc: 0.9375, CE loss: 0.026, DL2 loss: 3.334
7, 217, 0.0259, 0.0002, 98.438, 100.000, 0.988, 0.797, 
[540] Train acc: 1.0000, Constr acc: 0.9375, CE loss: 0.002, DL2 loss: 4.970
7, 216, 0.0019, 0.0002, 100.000, 100.000, 0.988, 0.759, 
[555] Train acc: 0.9531, Constr acc: 0.8750, CE loss: 0.072, DL2 loss: 6.350
7, 215, 0.0718, 0.0002, 95.312, 100.000, 0.987, 0.745, 
[570] Train acc: 1.0000, Constr acc: 0.9375, CE loss: 0.011, DL2 loss: 4.596
7, 214, 0.0112, 0.0002, 100.000, 100.000, 0.990, 0.754, 
[585] Train acc: 0.9844, Constr acc: 0.9062, CE loss: 0.062, DL2 loss: 5.123
7, 213, 0.0619, 0.0002, 98.438, 100.000, 0.988, 0.764, 
[600] Train acc: 1.0000, Constr acc: 0.8438, CE loss: 0.004, DL2 loss: 7.445
7, 212, 0.0036, 0.0002, 100.000, 100.000, 0.987, 0.775, 
[615] Train acc: 1.0000, Constr acc: 0.9062, CE loss: 0.006, DL2 loss: 5.816
7, 211, 0.0059, 0.0002, 100.000, 100.000, 0.989, 0.784, 
[630] Train acc: 0.9844, Constr acc: 0.9062, CE loss: 0.046, DL2 loss: 4.608
7, 210, 0.0461, 0.0002, 98.438, 100.000, 0.989, 0.794, 
[645] Train acc: 0.9531, Constr acc: 0.7500, CE loss: 0.104, DL2 loss: 10.657
7, 209, 0.1042, 0.0002, 95.312, 100.000, 0.988, 0.780, 
[660] Train acc: 1.0000, Constr acc: 0.9375, CE loss: 0.003, DL2 loss: 4.779
7, 208, 0.0030, 0.0002, 100.000, 100.000, 0.987, 0.745, 
[675] Train acc: 1.0000, Constr acc: 0.7500, CE loss: 0.015, DL2 loss: 17.275
7, 207, 0.0147, 0.0002, 100.000, 100.000, 0.988, 0.766, 
[690] Train acc: 1.0000, Constr acc: 0.9062, CE loss: 0.007, DL2 loss: 6.120
7, 206, 0.0072, 0.0002, 100.000, 100.000, 0.989, 0.782, 
[705] Train acc: 1.0000, Constr acc: 0.9375, CE loss: 0.005, DL2 loss: 3.110
7, 205, 0.0050, 0.0002, 100.000, 100.000, 0.987, 0.780, 
[720] Train acc: 1.0000, Constr acc: 0.9375, CE loss: 0.020, DL2 loss: 3.651
7, 204, 0.0200, 0.0002, 100.000, 100.000, 0.986, 0.778, 
[735] Train acc: 0.9844, Constr acc: 0.8750, CE loss: 0.047, DL2 loss: 7.777
7, 203, 0.0472, 0.0002, 98.438, 100.000, 0.989, 0.814, 
[750] Train acc: 1.0000, Constr acc: 0.9375, CE loss: 0.006, DL2 loss: 3.691
7, 202, 0.0056, 0.0002, 100.000, 100.000, 0.989, 0.789, 
[765] Train acc: 0.9844, Constr acc: 0.9688, CE loss: 0.023, DL2 loss: 0.620
7, 201, 0.0229, 0.0002, 98.438, 100.000, 0.986, 0.792, 
[780] Train acc: 1.0000, Constr acc: 1.0000, CE loss: 0.008, DL2 loss: 0.000
7, 200, 0.0078, 0.0002, 100.000, 100.000, 0.989, 0.792, 
[795] Train acc: 1.0000, Constr acc: 0.8750, CE loss: 0.009, DL2 loss: 6.485
7, 199, 0.0085, 0.0002, 100.000, 100.000, 0.989, 0.803, 
[810] Train acc: 1.0000, Constr acc: 0.9375, CE loss: 0.020, DL2 loss: 3.485
7, 198, 0.0201, 0.0002, 100.000, 100.000, 0.987, 0.791, 
[825] Train acc: 0.9844, Constr acc: 0.8438, CE loss: 0.029, DL2 loss: 8.004
7, 197, 0.0292, 0.0002, 98.438, 100.000, 0.988, 0.769, 
[840] Train acc: 1.0000, Constr acc: 0.9688, CE loss: 0.013, DL2 loss: 2.254
7, 196, 0.0128, 0.0002, 100.000, 100.000, 0.988, 0.774, 
[855] Train acc: 1.0000, Constr acc: 0.8438, CE loss: 0.007, DL2 loss: 10.926
7, 195, 0.0067, 0.0002, 100.000, 100.000, 0.989, 0.791, 
[870] Train acc: 1.0000, Constr acc: 0.9688, CE loss: 0.005, DL2 loss: 1.166
7, 194, 0.0052, 0.0002, 100.000, 100.000, 0.988, 0.790, 
[885] Train acc: 0.9844, Constr acc: 0.8750, CE loss: 0.032, DL2 loss: 10.375
7, 193, 0.0321, 0.0002, 98.438, 100.000, 0.989, 0.791, 
[900] Train acc: 0.9844, Constr acc: 0.8750, CE loss: 0.025, DL2 loss: 6.407
7, 192, 0.0252, 0.0002, 98.438, 100.000, 0.988, 0.826, 
[915] Train acc: 0.9844, Constr acc: 0.8438, CE loss: 0.057, DL2 loss: 9.549
7, 191, 0.0570, 0.0002, 98.438, 100.000, 0.989, 0.743, 
[930] Train acc: 0.9844, Constr acc: 0.9375, CE loss: 0.068, DL2 loss: 3.350
7, 190, 0.0682, 0.0002, 98.438, 100.000, 0.988, 0.775, 
[0] Train acc: 1.0000, Constr acc: 0.9062, CE loss: 0.005, DL2 loss: 7.406
8, 190, 0.0051, 0.0002, 100.000, 100.000, 0.989, 0.802, 
[15] Train acc: 1.0000, Constr acc: 0.9375, CE loss: 0.011, DL2 loss: 3.416
8, 189, 0.0109, 0.0002, 100.000, 100.000, 0.989, 0.756, 
[30] Train acc: 1.0000, Constr acc: 0.8750, CE loss: 0.017, DL2 loss: 6.852
8, 188, 0.0167, 0.0002, 100.000, 100.000, 0.989, 0.734, 
[45] Train acc: 1.0000, Constr acc: 0.8125, CE loss: 0.009, DL2 loss: 12.445
8, 187, 0.0086, 0.0002, 100.000, 100.000, 0.991, 0.738, 
[60] Train acc: 0.9688, Constr acc: 0.8125, CE loss: 0.134, DL2 loss: 10.327
8, 186, 0.1337, 0.0002, 96.875, 100.000, 0.987, 0.721, 
[75] Train acc: 1.0000, Constr acc: 0.8125, CE loss: 0.003, DL2 loss: 10.921
8, 185, 0.0026, 0.0002, 100.000, 100.000, 0.986, 0.756, 
[90] Train acc: 0.9844, Constr acc: 0.9062, CE loss: 0.025, DL2 loss: 6.418
8, 184, 0.0248, 0.0002, 98.438, 100.000, 0.988, 0.785, 
[105] Train acc: 0.9844, Constr acc: 0.9688, CE loss: 0.020, DL2 loss: 2.130
8, 183, 0.0196, 0.0002, 98.438, 100.000, 0.988, 0.812, 
[120] Train acc: 0.9844, Constr acc: 1.0000, CE loss: 0.041, DL2 loss: 0.000
8, 182, 0.0406, 0.0002, 98.438, 100.000, 0.987, 0.789, 
[135] Train acc: 1.0000, Constr acc: 0.9062, CE loss: 0.004, DL2 loss: 4.993
8, 181, 0.0036, 0.0002, 100.000, 100.000, 0.983, 0.760, 
[150] Train acc: 0.9844, Constr acc: 0.8750, CE loss: 0.039, DL2 loss: 6.419
8, 180, 0.0392, 0.0002, 98.438, 100.000, 0.989, 0.797, 
[165] Train acc: 1.0000, Constr acc: 0.8125, CE loss: 0.015, DL2 loss: 7.817
8, 179, 0.0151, 0.0002, 100.000, 100.000, 0.986, 0.770, 
[180] Train acc: 1.0000, Constr acc: 0.9688, CE loss: 0.004, DL2 loss: 2.843
8, 178, 0.0039, 0.0002, 100.000, 100.000, 0.988, 0.798, 
[195] Train acc: 0.9844, Constr acc: 0.9062, CE loss: 0.026, DL2 loss: 5.488
8, 177, 0.0259, 0.0002, 98.438, 100.000, 0.987, 0.788, 
[210] Train acc: 1.0000, Constr acc: 0.7812, CE loss: 0.011, DL2 loss: 12.277
8, 176, 0.0110, 0.0002, 100.000, 100.000, 0.987, 0.835, 
[225] Train acc: 1.0000, Constr acc: 0.9688, CE loss: 0.002, DL2 loss: 1.446
8, 175, 0.0017, 0.0002, 100.000, 100.000, 0.986, 0.815, 
[240] Train acc: 0.9688, Constr acc: 0.8438, CE loss: 0.045, DL2 loss: 11.049
8, 174, 0.0452, 0.0002, 96.875, 100.000, 0.988, 0.783, 
[255] Train acc: 0.9688, Constr acc: 0.8438, CE loss: 0.048, DL2 loss: 9.725
8, 173, 0.0484, 0.0002, 96.875, 100.000, 0.988, 0.792, 
[270] Train acc: 0.9844, Constr acc: 0.9688, CE loss: 0.042, DL2 loss: 2.020
8, 172, 0.0420, 0.0002, 98.438, 100.000, 0.987, 0.767, 
[285] Train acc: 0.9844, Constr acc: 0.9375, CE loss: 0.038, DL2 loss: 3.807
8, 171, 0.0376, 0.0002, 98.438, 100.000, 0.988, 0.776, 
[300] Train acc: 1.0000, Constr acc: 0.9375, CE loss: 0.019, DL2 loss: 2.705
8, 170, 0.0189, 0.0002, 100.000, 100.000, 0.987, 0.758, 
[315] Train acc: 0.9844, Constr acc: 0.9062, CE loss: 0.032, DL2 loss: 4.514
8, 169, 0.0320, 0.0002, 98.438, 100.000, 0.988, 0.776, 
[330] Train acc: 1.0000, Constr acc: 0.9688, CE loss: 0.005, DL2 loss: 0.863
8, 168, 0.0054, 0.0002, 100.000, 100.000, 0.987, 0.801, 
[345] Train acc: 1.0000, Constr acc: 0.9062, CE loss: 0.010, DL2 loss: 6.580
8, 167, 0.0103, 0.0002, 100.000, 100.000, 0.989, 0.788, 
[360] Train acc: 0.9844, Constr acc: 0.9062, CE loss: 0.150, DL2 loss: 6.018
8, 166, 0.1497, 0.0002, 98.438, 100.000, 0.988, 0.765, 
[375] Train acc: 0.9844, Constr acc: 0.9688, CE loss: 0.033, DL2 loss: 2.214
8, 165, 0.0326, 0.0002, 98.438, 100.000, 0.989, 0.763, 
[390] Train acc: 1.0000, Constr acc: 0.8750, CE loss: 0.003, DL2 loss: 6.500
8, 164, 0.0027, 0.0002, 100.000, 100.000, 0.988, 0.769, 
[405] Train acc: 1.0000, Constr acc: 0.9688, CE loss: 0.006, DL2 loss: 2.352
8, 163, 0.0063, 0.0002, 100.000, 100.000, 0.989, 0.774, 
[420] Train acc: 1.0000, Constr acc: 0.8438, CE loss: 0.006, DL2 loss: 7.182
8, 162, 0.0062, 0.0002, 100.000, 100.000, 0.989, 0.779, 
[435] Train acc: 0.9688, Constr acc: 0.9062, CE loss: 0.128, DL2 loss: 4.725
8, 161, 0.1278, 0.0002, 96.875, 100.000, 0.987, 0.736, 
[450] Train acc: 0.9844, Constr acc: 0.9062, CE loss: 0.021, DL2 loss: 6.454
8, 160, 0.0213, 0.0002, 98.438, 100.000, 0.988, 0.719, 
[465] Train acc: 0.9531, Constr acc: 0.9062, CE loss: 0.130, DL2 loss: 4.302
8, 159, 0.1301, 0.0002, 95.312, 100.000, 0.986, 0.701, 
[480] Train acc: 1.0000, Constr acc: 0.9062, CE loss: 0.004, DL2 loss: 5.244
8, 158, 0.0041, 0.0002, 100.000, 100.000, 0.987, 0.719, 
[495] Train acc: 1.0000, Constr acc: 0.8750, CE loss: 0.008, DL2 loss: 6.145
8, 157, 0.0080, 0.0002, 100.000, 100.000, 0.988, 0.722, 
[510] Train acc: 1.0000, Constr acc: 0.9688, CE loss: 0.002, DL2 loss: 1.335
8, 156, 0.0021, 0.0002, 100.000, 100.000, 0.987, 0.725, 
[525] Train acc: 0.9844, Constr acc: 0.9688, CE loss: 0.029, DL2 loss: 1.529
8, 155, 0.0289, 0.0002, 98.438, 100.000, 0.988, 0.724, 
[540] Train acc: 0.9844, Constr acc: 0.8750, CE loss: 0.073, DL2 loss: 7.964
8, 154, 0.0728, 0.0002, 98.438, 100.000, 0.989, 0.757, 
[555] Train acc: 0.9688, Constr acc: 0.9375, CE loss: 0.067, DL2 loss: 4.416
8, 153, 0.0669, 0.0002, 96.875, 100.000, 0.989, 0.724, 
[570] Train acc: 1.0000, Constr acc: 0.9375, CE loss: 0.006, DL2 loss: 4.690
8, 152, 0.0061, 0.0002, 100.000, 100.000, 0.989, 0.730, 
[585] Train acc: 1.0000, Constr acc: 0.9062, CE loss: 0.006, DL2 loss: 5.180
8, 151, 0.0056, 0.0002, 100.000, 100.000, 0.989, 0.737, 
[600] Train acc: 0.9844, Constr acc: 0.9062, CE loss: 0.074, DL2 loss: 5.661
8, 150, 0.0742, 0.0002, 98.438, 100.000, 0.986, 0.719, 
[615] Train acc: 0.9844, Constr acc: 0.9062, CE loss: 0.049, DL2 loss: 4.069
8, 149, 0.0485, 0.0003, 98.438, 100.000, 0.984, 0.700, 
[630] Train acc: 0.9688, Constr acc: 0.8750, CE loss: 0.043, DL2 loss: 7.639
8, 148, 0.0429, 0.0002, 96.875, 100.000, 0.986, 0.692, 
[645] Train acc: 0.9844, Constr acc: 0.8750, CE loss: 0.023, DL2 loss: 6.183
8, 147, 0.0227, 0.0002, 98.438, 100.000, 0.988, 0.709, 
[660] Train acc: 0.9688, Constr acc: 0.8125, CE loss: 0.078, DL2 loss: 8.834
8, 146, 0.0782, 0.0003, 96.875, 100.000, 0.987, 0.683, 
[675] Train acc: 1.0000, Constr acc: 0.9375, CE loss: 0.021, DL2 loss: 4.274
8, 145, 0.0215, 0.0003, 100.000, 100.000, 0.989, 0.680, 
[690] Train acc: 1.0000, Constr acc: 0.8750, CE loss: 0.016, DL2 loss: 8.091
8, 144, 0.0162, 0.0002, 100.000, 100.000, 0.987, 0.719, 
[705] Train acc: 0.9688, Constr acc: 0.9375, CE loss: 0.154, DL2 loss: 2.942
8, 143, 0.1536, 0.0003, 96.875, 100.000, 0.989, 0.675, 
[720] Train acc: 0.9844, Constr acc: 0.8750, CE loss: 0.022, DL2 loss: 6.272
8, 142, 0.0217, 0.0003, 98.438, 100.000, 0.990, 0.620, 
[735] Train acc: 1.0000, Constr acc: 0.9062, CE loss: 0.026, DL2 loss: 6.585
8, 141, 0.0260, 0.0003, 100.000, 100.000, 0.988, 0.616, 
[750] Train acc: 0.9688, Constr acc: 0.9375, CE loss: 0.089, DL2 loss: 3.249
8, 140, 0.0889, 0.0003, 96.875, 100.000, 0.988, 0.615, 
[765] Train acc: 0.9844, Constr acc: 0.7812, CE loss: 0.029, DL2 loss: 12.178
8, 139, 0.0289, 0.0003, 98.438, 100.000, 0.989, 0.649, 
[780] Train acc: 0.9844, Constr acc: 0.9375, CE loss: 0.030, DL2 loss: 3.479
8, 138, 0.0300, 0.0003, 98.438, 100.000, 0.985, 0.618, 
[795] Train acc: 1.0000, Constr acc: 0.8438, CE loss: 0.014, DL2 loss: 10.798
8, 137, 0.0141, 0.0003, 100.000, 100.000, 0.988, 0.659, 
[810] Train acc: 0.9531, Constr acc: 1.0000, CE loss: 0.076, DL2 loss: 0.000
8, 136, 0.0762, 0.0003, 95.312, 100.000, 0.988, 0.645, 
[825] Train acc: 0.9844, Constr acc: 0.9375, CE loss: 0.082, DL2 loss: 4.181
8, 135, 0.0821, 0.0003, 98.438, 100.000, 0.988, 0.679, 
[840] Train acc: 1.0000, Constr acc: 0.9375, CE loss: 0.018, DL2 loss: 3.688
8, 134, 0.0179, 0.0003, 100.000, 100.000, 0.988, 0.643, 
[855] Train acc: 1.0000, Constr acc: 0.8750, CE loss: 0.021, DL2 loss: 9.185
8, 133, 0.0210, 0.0003, 100.000, 100.000, 0.988, 0.644, 
[870] Train acc: 1.0000, Constr acc: 0.8438, CE loss: 0.028, DL2 loss: 8.014
8, 132, 0.0283, 0.0003, 100.000, 100.000, 0.988, 0.639, 
[885] Train acc: 1.0000, Constr acc: 0.8750, CE loss: 0.023, DL2 loss: 7.931
8, 131, 0.0234, 0.0003, 100.000, 100.000, 0.986, 0.651, 
[900] Train acc: 0.9531, Constr acc: 0.9375, CE loss: 0.113, DL2 loss: 1.386
8, 130, 0.1130, 0.0003, 95.312, 98.438, 0.989, 0.682, 
[915] Train acc: 0.9844, Constr acc: 0.8750, CE loss: 0.037, DL2 loss: 8.404
8, 129, 0.0370, 0.0003, 98.438, 100.000, 0.987, 0.666, 
[930] Train acc: 1.0000, Constr acc: 0.9375, CE loss: 0.006, DL2 loss: 3.458
8, 128, 0.0065, 0.0003, 100.000, 100.000, 0.983, 0.661, 
[0] Train acc: 0.9844, Constr acc: 0.8125, CE loss: 0.060, DL2 loss: 11.791
9, 127, 0.0598, 0.0003, 98.438, 100.000, 0.988, 0.630, 
[15] Train acc: 1.0000, Constr acc: 0.8438, CE loss: 0.026, DL2 loss: 11.299
9, 126, 0.0257, 0.0003, 100.000, 100.000, 0.988, 0.604, 
[30] Train acc: 1.0000, Constr acc: 0.8125, CE loss: 0.012, DL2 loss: 12.797
9, 125, 0.0116, 0.0003, 100.000, 100.000, 0.988, 0.637, 
[45] Train acc: 1.0000, Constr acc: 0.8750, CE loss: 0.031, DL2 loss: 4.340
9, 124, 0.0315, 0.0003, 100.000, 100.000, 0.988, 0.668, 
[60] Train acc: 1.0000, Constr acc: 0.9375, CE loss: 0.021, DL2 loss: 3.335
9, 123, 0.0210, 0.0003, 100.000, 100.000, 0.984, 0.678, 
[75] Train acc: 1.0000, Constr acc: 1.0000, CE loss: 0.020, DL2 loss: 0.000
9, 122, 0.0201, 0.0003, 100.000, 100.000, 0.986, 0.664, 
[90] Train acc: 0.9844, Constr acc: 0.8125, CE loss: 0.035, DL2 loss: 8.946
9, 121, 0.0347, 0.0003, 98.438, 100.000, 0.988, 0.677, 
[105] Train acc: 1.0000, Constr acc: 0.9062, CE loss: 0.013, DL2 loss: 6.106
9, 120, 0.0133, 0.0003, 100.000, 100.000, 0.988, 0.651, 
[120] Train acc: 1.0000, Constr acc: 0.9375, CE loss: 0.010, DL2 loss: 3.613
9, 119, 0.0101, 0.0003, 100.000, 100.000, 0.985, 0.674, 
[135] Train acc: 0.9844, Constr acc: 0.8438, CE loss: 0.044, DL2 loss: 6.962
9, 118, 0.0437, 0.0003, 98.438, 100.000, 0.982, 0.573, 
[150] Train acc: 1.0000, Constr acc: 0.9375, CE loss: 0.022, DL2 loss: 2.889
9, 117, 0.0225, 0.0003, 100.000, 100.000, 0.988, 0.646, 
[165] Train acc: 1.0000, Constr acc: 0.9688, CE loss: 0.013, DL2 loss: 1.320
9, 116, 0.0133, 0.0003, 100.000, 100.000, 0.987, 0.644, 
[180] Train acc: 0.9844, Constr acc: 0.8438, CE loss: 0.029, DL2 loss: 8.379
9, 115, 0.0286, 0.0003, 98.438, 100.000, 0.986, 0.672, 
[195] Train acc: 0.9688, Constr acc: 0.9062, CE loss: 0.050, DL2 loss: 3.067
9, 114, 0.0505, 0.0003, 96.875, 100.000, 0.987, 0.615, 
[210] Train acc: 0.9844, Constr acc: 0.9062, CE loss: 0.023, DL2 loss: 7.037
9, 113, 0.0228, 0.0003, 98.438, 100.000, 0.986, 0.666, 
[225] Train acc: 0.9844, Constr acc: 0.9062, CE loss: 0.042, DL2 loss: 5.466
9, 112, 0.0423, 0.0003, 98.438, 100.000, 0.983, 0.601, 
[240] Train acc: 0.9844, Constr acc: 0.8750, CE loss: 0.040, DL2 loss: 6.795
9, 111, 0.0396, 0.0003, 98.438, 100.000, 0.984, 0.580, 
[255] Train acc: 1.0000, Constr acc: 0.9062, CE loss: 0.021, DL2 loss: 5.427
9, 110, 0.0214, 0.0003, 100.000, 100.000, 0.986, 0.610, 
[270] Train acc: 0.9844, Constr acc: 0.8438, CE loss: 0.136, DL2 loss: 6.118
9, 109, 0.1361, 0.0004, 98.438, 100.000, 0.978, 0.487, 
[285] Train acc: 0.9688, Constr acc: 0.9062, CE loss: 0.065, DL2 loss: 6.828
9, 108, 0.0655, 0.0004, 96.875, 100.000, 0.981, 0.502, 
[300] Train acc: 1.0000, Constr acc: 0.9688, CE loss: 0.023, DL2 loss: 2.390
9, 107, 0.0234, 0.0003, 100.000, 100.000, 0.981, 0.537, 
[315] Train acc: 0.9844, Constr acc: 0.7812, CE loss: 0.051, DL2 loss: 12.525
9, 106, 0.0514, 0.0003, 98.438, 100.000, 0.987, 0.606, 
[330] Train acc: 0.9688, Constr acc: 0.8750, CE loss: 0.076, DL2 loss: 6.972
9, 105, 0.0761, 0.0003, 96.875, 100.000, 0.987, 0.526, 
[345] Train acc: 1.0000, Constr acc: 0.9375, CE loss: 0.013, DL2 loss: 3.318
9, 104, 0.0135, 0.0003, 100.000, 100.000, 0.986, 0.566, 
[360] Train acc: 0.9844, Constr acc: 0.9375, CE loss: 0.035, DL2 loss: 2.738
9, 103, 0.0346, 0.0003, 98.438, 100.000, 0.986, 0.585, 
[375] Train acc: 1.0000, Constr acc: 0.9375, CE loss: 0.017, DL2 loss: 2.437
9, 102, 0.0174, 0.0003, 100.000, 100.000, 0.983, 0.568, 
[390] Train acc: 0.9688, Constr acc: 0.9688, CE loss: 0.066, DL2 loss: 2.046
9, 101, 0.0665, 0.0003, 96.875, 100.000, 0.985, 0.545, 
[405] Train acc: 1.0000, Constr acc: 0.8125, CE loss: 0.013, DL2 loss: 10.282
9, 100, 0.0131, 0.0003, 100.000, 100.000, 0.984, 0.600, 
[420] Train acc: 1.0000, Constr acc: 0.9062, CE loss: 0.025, DL2 loss: 4.683
9, 99, 0.0254, 0.0003, 100.000, 100.000, 0.985, 0.550, 
[435] Train acc: 0.9688, Constr acc: 0.9688, CE loss: 0.061, DL2 loss: 2.320
9, 98, 0.0607, 0.0004, 96.875, 100.000, 0.978, 0.569, 
[450] Train acc: 0.9688, Constr acc: 0.8750, CE loss: 0.081, DL2 loss: 3.548
9, 97, 0.0814, 0.0004, 96.875, 100.000, 0.978, 0.484, 
[465] Train acc: 0.9844, Constr acc: 0.8750, CE loss: 0.047, DL2 loss: 6.829
9, 96, 0.0472, 0.0004, 98.438, 100.000, 0.980, 0.495, 
[480] Train acc: 0.9844, Constr acc: 0.9062, CE loss: 0.051, DL2 loss: 6.261
9, 95, 0.0510, 0.0003, 98.438, 100.000, 0.984, 0.512, 
[495] Train acc: 1.0000, Constr acc: 0.8438, CE loss: 0.015, DL2 loss: 9.022
9, 94, 0.0152, 0.0003, 100.000, 100.000, 0.984, 0.520, 
[510] Train acc: 0.9844, Constr acc: 0.8750, CE loss: 0.029, DL2 loss: 8.807
9, 93, 0.0291, 0.0003, 98.438, 100.000, 0.986, 0.557, 
[525] Train acc: 0.9375, Constr acc: 0.8750, CE loss: 0.137, DL2 loss: 6.735
9, 92, 0.1370, 0.0004, 93.750, 100.000, 0.981, 0.508, 
[540] Train acc: 1.0000, Constr acc: 0.8750, CE loss: 0.050, DL2 loss: 9.368
9, 91, 0.0503, 0.0004, 100.000, 100.000, 0.980, 0.517, 
[555] Train acc: 0.9688, Constr acc: 0.8438, CE loss: 0.062, DL2 loss: 7.834
9, 90, 0.0617, 0.0004, 96.875, 100.000, 0.985, 0.491, 
[570] Train acc: 1.0000, Constr acc: 0.9062, CE loss: 0.029, DL2 loss: 4.279
9, 89, 0.0291, 0.0004, 100.000, 100.000, 0.982, 0.527, 
[585] Train acc: 1.0000, Constr acc: 0.8438, CE loss: 0.018, DL2 loss: 9.231
9, 88, 0.0183, 0.0004, 100.000, 100.000, 0.985, 0.488, 
[600] Train acc: 1.0000, Constr acc: 0.7500, CE loss: 0.025, DL2 loss: 15.211
9, 87, 0.0250, 0.0003, 100.000, 100.000, 0.984, 0.521, 
[615] Train acc: 0.9844, Constr acc: 0.8125, CE loss: 0.036, DL2 loss: 9.912
9, 86, 0.0356, 0.0004, 98.438, 100.000, 0.982, 0.472, 
[630] Train acc: 1.0000, Constr acc: 0.8125, CE loss: 0.016, DL2 loss: 11.734
9, 85, 0.0164, 0.0004, 100.000, 100.000, 0.983, 0.553, 
[645] Train acc: 1.0000, Constr acc: 0.9062, CE loss: 0.022, DL2 loss: 7.527
9, 84, 0.0221, 0.0004, 100.000, 100.000, 0.983, 0.496, 
[660] Train acc: 0.9531, Constr acc: 0.7812, CE loss: 0.102, DL2 loss: 13.853
9, 83, 0.1024, 0.0004, 95.312, 100.000, 0.984, 0.501, 
[675] Train acc: 0.9219, Constr acc: 0.9375, CE loss: 0.191, DL2 loss: 1.973
9, 82, 0.1913, 0.0004, 92.188, 100.000, 0.978, 0.443, 
[690] Train acc: 1.0000, Constr acc: 1.0000, CE loss: 0.032, DL2 loss: 0.000
9, 81, 0.0323, 0.0004, 100.000, 100.000, 0.983, 0.484, 
[705] Train acc: 1.0000, Constr acc: 0.9375, CE loss: 0.027, DL2 loss: 4.239
9, 80, 0.0268, 0.0004, 100.000, 100.000, 0.983, 0.431, 
[720] Train acc: 0.9688, Constr acc: 0.8750, CE loss: 0.100, DL2 loss: 6.464
9, 79, 0.1002, 0.0004, 96.875, 100.000, 0.979, 0.421, 
[735] Train acc: 0.9531, Constr acc: 0.8750, CE loss: 0.168, DL2 loss: 5.639
9, 78, 0.1678, 0.0004, 95.312, 100.000, 0.976, 0.374, 
[750] Train acc: 0.9844, Constr acc: 0.8438, CE loss: 0.042, DL2 loss: 9.147
9, 77, 0.0422, 0.0004, 98.438, 100.000, 0.976, 0.395, 
[765] Train acc: 0.9844, Constr acc: 0.9062, CE loss: 0.046, DL2 loss: 4.573
9, 76, 0.0462, 0.0004, 98.438, 100.000, 0.983, 0.435, 
[780] Train acc: 0.9688, Constr acc: 0.9375, CE loss: 0.074, DL2 loss: 3.525
9, 75, 0.0736, 0.0004, 96.875, 100.000, 0.979, 0.383, 
[795] Train acc: 1.0000, Constr acc: 0.9062, CE loss: 0.050, DL2 loss: 6.365
9, 74, 0.0495, 0.0004, 100.000, 100.000, 0.980, 0.363, 
[810] Train acc: 0.9688, Constr acc: 0.9062, CE loss: 0.052, DL2 loss: 4.359
9, 73, 0.0516, 0.0004, 96.875, 100.000, 0.980, 0.401, 
[825] Train acc: 0.9688, Constr acc: 0.9375, CE loss: 0.132, DL2 loss: 3.522
9, 72, 0.1320, 0.0004, 96.875, 100.000, 0.978, 0.458, 
[840] Train acc: 0.9844, Constr acc: 0.9375, CE loss: 0.069, DL2 loss: 4.669
9, 71, 0.0690, 0.0004, 98.438, 100.000, 0.979, 0.408, 
[855] Train acc: 0.9062, Constr acc: 0.8750, CE loss: 0.277, DL2 loss: 6.637
9, 70, 0.2771, 0.0004, 90.625, 100.000, 0.979, 0.401, 
[870] Train acc: 0.9531, Constr acc: 0.7812, CE loss: 0.171, DL2 loss: 12.798
9, 69, 0.1706, 0.0004, 95.312, 100.000, 0.981, 0.457, 
[885] Train acc: 0.9688, Constr acc: 0.8438, CE loss: 0.077, DL2 loss: 8.519
9, 68, 0.0772, 0.0004, 96.875, 100.000, 0.973, 0.363, 
[900] Train acc: 0.9688, Constr acc: 0.9062, CE loss: 0.062, DL2 loss: 6.550
9, 67, 0.0625, 0.0004, 96.875, 100.000, 0.981, 0.403, 
[915] Train acc: 0.9844, Constr acc: 0.9062, CE loss: 0.050, DL2 loss: 3.822
9, 66, 0.0501, 0.0004, 98.438, 100.000, 0.980, 0.458, 
[930] Train acc: 0.9688, Constr acc: 0.8750, CE loss: 0.057, DL2 loss: 6.283
9, 65, 0.0573, 0.0004, 96.875, 100.000, 0.973, 0.381, 
[0] Train acc: 0.9844, Constr acc: 0.9375, CE loss: 0.062, DL2 loss: 4.088
10, 65, 0.0622, 0.0005, 98.438, 100.000, 0.975, 0.409, 
[15] Train acc: 0.9062, Constr acc: 0.8438, CE loss: 0.217, DL2 loss: 6.912
10, 64, 0.2173, 0.0004, 90.625, 100.000, 0.981, 0.376, 
[30] Train acc: 1.0000, Constr acc: 0.9375, CE loss: 0.040, DL2 loss: 2.909
10, 63, 0.0398, 0.0005, 100.000, 100.000, 0.976, 0.368, 
[45] Train acc: 0.9531, Constr acc: 0.9062, CE loss: 0.091, DL2 loss: 6.212
10, 62, 0.0911, 0.0004, 95.312, 100.000, 0.978, 0.374, 
[60] Train acc: 0.9844, Constr acc: 0.7500, CE loss: 0.052, DL2 loss: 9.676
10, 61, 0.0522, 0.0004, 98.438, 100.000, 0.975, 0.453, 
[75] Train acc: 0.9688, Constr acc: 0.9062, CE loss: 0.093, DL2 loss: 6.006
10, 60, 0.0929, 0.0005, 96.875, 100.000, 0.973, 0.340, 
[90] Train acc: 0.9844, Constr acc: 0.8750, CE loss: 0.056, DL2 loss: 5.601
10, 59, 0.0561, 0.0005, 98.438, 100.000, 0.975, 0.353, 
[105] Train acc: 0.9844, Constr acc: 0.8750, CE loss: 0.062, DL2 loss: 3.395
10, 58, 0.0616, 0.0004, 98.438, 100.000, 0.979, 0.390, 
[120] Train acc: 0.9844, Constr acc: 0.8750, CE loss: 0.051, DL2 loss: 6.164
10, 57, 0.0509, 0.0005, 98.438, 100.000, 0.971, 0.375, 
[135] Train acc: 0.9375, Constr acc: 0.8438, CE loss: 0.090, DL2 loss: 8.673
10, 56, 0.0898, 0.0005, 93.750, 100.000, 0.969, 0.310, 
[150] Train acc: 0.9688, Constr acc: 0.7812, CE loss: 0.097, DL2 loss: 10.539
10, 55, 0.0968, 0.0005, 96.875, 100.000, 0.973, 0.304, 
[165] Train acc: 1.0000, Constr acc: 0.9688, CE loss: 0.069, DL2 loss: 1.238
10, 54, 0.0686, 0.0005, 100.000, 100.000, 0.976, 0.337, 
[180] Train acc: 0.9688, Constr acc: 0.9375, CE loss: 0.086, DL2 loss: 2.904
10, 53, 0.0864, 0.0005, 96.875, 100.000, 0.967, 0.303, 
[195] Train acc: 0.9531, Constr acc: 0.9375, CE loss: 0.090, DL2 loss: 4.149
10, 52, 0.0900, 0.0005, 95.312, 100.000, 0.959, 0.425, 
[210] Train acc: 1.0000, Constr acc: 0.8125, CE loss: 0.049, DL2 loss: 8.126
10, 51, 0.0490, 0.0005, 100.000, 100.000, 0.973, 0.343, 
[225] Train acc: 1.0000, Constr acc: 0.9062, CE loss: 0.046, DL2 loss: 4.281
10, 50, 0.0462, 0.0005, 100.000, 100.000, 0.968, 0.307, 
[240] Train acc: 0.9688, Constr acc: 0.8438, CE loss: 0.177, DL2 loss: 8.035
10, 49, 0.1774, 0.0005, 96.875, 100.000, 0.964, 0.295, 
[255] Train acc: 0.9531, Constr acc: 0.8750, CE loss: 0.105, DL2 loss: 7.962
10, 48, 0.1053, 0.0005, 95.312, 100.000, 0.966, 0.300, 
[270] Train acc: 0.9375, Constr acc: 0.8750, CE loss: 0.141, DL2 loss: 6.806
10, 47, 0.1407, 0.0006, 93.750, 100.000, 0.949, 0.293, 
[285] Train acc: 0.9688, Constr acc: 0.7500, CE loss: 0.105, DL2 loss: 12.309
10, 46, 0.1052, 0.0005, 96.875, 100.000, 0.974, 0.374, 
[300] Train acc: 0.9531, Constr acc: 0.8438, CE loss: 0.139, DL2 loss: 3.392
10, 45, 0.1393, 0.0005, 95.312, 100.000, 0.970, 0.297, 
[315] Train acc: 0.9688, Constr acc: 0.8125, CE loss: 0.081, DL2 loss: 11.063
10, 44, 0.0808, 0.0005, 96.875, 100.000, 0.974, 0.301, 
[330] Train acc: 0.9688, Constr acc: 0.9062, CE loss: 0.275, DL2 loss: 3.430
10, 43, 0.2746, 0.0006, 96.875, 98.438, 0.949, 0.306, 
[345] Train acc: 0.9688, Constr acc: 0.8750, CE loss: 0.100, DL2 loss: 3.715
10, 42, 0.0998, 0.0006, 96.875, 100.000, 0.957, 0.271, 
[360] Train acc: 0.9688, Constr acc: 0.8750, CE loss: 0.090, DL2 loss: 6.524
10, 41, 0.0899, 0.0006, 96.875, 100.000, 0.955, 0.314, 
[375] Train acc: 0.9844, Constr acc: 0.7812, CE loss: 0.062, DL2 loss: 12.688
10, 40, 0.0615, 0.0006, 98.438, 100.000, 0.969, 0.245, 
[390] Train acc: 1.0000, Constr acc: 0.8438, CE loss: 0.047, DL2 loss: 8.003
10, 39, 0.0473, 0.0006, 100.000, 100.000, 0.960, 0.336, 
[405] Train acc: 0.9844, Constr acc: 0.8438, CE loss: 0.052, DL2 loss: 8.129
10, 38, 0.0525, 0.0006, 98.438, 100.000, 0.966, 0.262, 
[420] Train acc: 0.9688, Constr acc: 0.8750, CE loss: 0.113, DL2 loss: 6.578
10, 37, 0.1131, 0.0006, 96.875, 100.000, 0.956, 0.318, 
[435] Train acc: 0.9688, Constr acc: 0.8438, CE loss: 0.177, DL2 loss: 2.759
10, 36, 0.1769, 0.0006, 96.875, 100.000, 0.961, 0.246, 
[450] Train acc: 0.9531, Constr acc: 0.8750, CE loss: 0.119, DL2 loss: 7.535
10, 35, 0.1190, 0.0006, 95.312, 100.000, 0.961, 0.326, 
[465] Train acc: 0.9531, Constr acc: 0.9062, CE loss: 0.182, DL2 loss: 4.423
10, 34, 0.1815, 0.0007, 95.312, 100.000, 0.955, 0.266, 
[480] Train acc: 0.9531, Constr acc: 0.7188, CE loss: 0.177, DL2 loss: 11.844
10, 33, 0.1769, 0.0006, 95.312, 100.000, 0.946, 0.207, 
[495] Train acc: 0.9844, Constr acc: 0.8125, CE loss: 0.105, DL2 loss: 11.013
10, 32, 0.1049, 0.0006, 98.438, 100.000, 0.960, 0.201, 
[510] Train acc: 0.9844, Constr acc: 0.8438, CE loss: 0.113, DL2 loss: 4.575
10, 31, 0.1128, 0.0006, 98.438, 100.000, 0.956, 0.208, 
[525] Train acc: 0.9219, Constr acc: 0.9375, CE loss: 0.231, DL2 loss: 3.446
10, 30, 0.2310, 0.0007, 92.188, 100.000, 0.954, 0.196, 
[540] Train acc: 0.9375, Constr acc: 0.7500, CE loss: 0.270, DL2 loss: 9.525
10, 29, 0.2705, 0.0007, 93.750, 100.000, 0.956, 0.266, 
[555] Train acc: 0.8906, Constr acc: 0.8125, CE loss: 0.293, DL2 loss: 10.564
10, 28, 0.2930, 0.0007, 89.062, 100.000, 0.939, 0.162, 
[570] Train acc: 0.8438, Constr acc: 0.9375, CE loss: 0.379, DL2 loss: 2.644
10, 27, 0.3791, 0.0007, 84.375, 100.000, 0.938, 0.229, 
[585] Train acc: 0.8906, Constr acc: 0.8438, CE loss: 0.343, DL2 loss: 4.874
10, 26, 0.3432, 0.0007, 89.062, 100.000, 0.944, 0.241, 
[600] Train acc: 0.9688, Constr acc: 0.7812, CE loss: 0.178, DL2 loss: 11.711
10, 25, 0.1781, 0.0007, 96.875, 100.000, 0.940, 0.143, 
[615] Train acc: 0.8906, Constr acc: 0.6562, CE loss: 0.330, DL2 loss: 13.675
10, 24, 0.3299, 0.0008, 89.062, 98.438, 0.940, 0.229, 
[630] Train acc: 0.9219, Constr acc: 0.9062, CE loss: 0.231, DL2 loss: 3.731
10, 23, 0.2313, 0.0008, 92.188, 100.000, 0.929, 0.121, 
[645] Train acc: 0.8750, Constr acc: 0.8438, CE loss: 0.334, DL2 loss: 6.964
10, 22, 0.3338, 0.0009, 87.500, 100.000, 0.910, 0.173, 
[660] Train acc: 0.9219, Constr acc: 0.8438, CE loss: 0.370, DL2 loss: 5.972
10, 21, 0.3696, 0.0009, 92.188, 98.438, 0.910, 0.205, 
[675] Train acc: 0.9219, Constr acc: 0.8750, CE loss: 0.393, DL2 loss: 6.177
10, 20, 0.3934, 0.0009, 92.188, 98.438, 0.909, 0.191, 
[690] Train acc: 0.8594, Constr acc: 0.6875, CE loss: 0.456, DL2 loss: 11.583
10, 19, 0.4562, 0.0010, 85.938, 100.000, 0.860, 0.203, 
[705] Train acc: 0.7656, Constr acc: 0.7812, CE loss: 0.616, DL2 loss: 9.180
10, 18, 0.6156, 0.0010, 76.562, 100.000, 0.822, 0.204, 
[720] Train acc: 0.7969, Constr acc: 0.7500, CE loss: 0.540, DL2 loss: 10.174
10, 17, 0.5395, 0.0011, 79.688, 98.438, 0.808, 0.293, 
[735] Train acc: 0.7500, Constr acc: 0.5000, CE loss: 0.650, DL2 loss: 22.382
10, 16, 0.6501, 0.0012, 75.000, 98.438, 0.715, 0.532, 
[750] Train acc: 0.6719, Constr acc: 0.5312, CE loss: 1.055, DL2 loss: 16.176
10, 15, 1.0552, 0.0015, 67.188, 87.500, 0.507, 0.277, 
[765] Train acc: 0.3750, Constr acc: 0.1562, CE loss: 1.588, DL2 loss: 42.980
10, 14, 1.5876, 0.0019, 37.500, 90.625, 0.264, 0.445, 
[780] Train acc: 0.4062, Constr acc: 0.1250, CE loss: 1.604, DL2 loss: 48.787
10, 13, 1.6039, 0.0018, 40.625, 84.375, 0.312, 0.557, 
[795] Train acc: 0.3438, Constr acc: 0.0625, CE loss: 1.635, DL2 loss: 41.500
10, 12, 1.6352, 0.0020, 34.375, 87.500, 0.348, 0.653, 
[810] Train acc: 0.3750, Constr acc: 0.1250, CE loss: 1.768, DL2 loss: 45.670
10, 11, 1.7684, 0.0019, 37.500, 96.875, 0.417, 0.639, 
[825] Train acc: 0.2031, Constr acc: 0.0312, CE loss: 2.103, DL2 loss: 57.850
10, 10, 2.1031, 0.0021, 20.312, 64.062, 0.202, 1.000, 
[840] Train acc: 0.1875, Constr acc: 0.0000, CE loss: 2.004, DL2 loss: 54.953
10, 9, 2.0036, 0.0022, 18.750, 79.688, 0.191, 0.818, 
[855] Train acc: 0.1094, Constr acc: 0.0000, CE loss: 2.289, DL2 loss: 72.189
10, 8, 2.2892, 0.0023, 10.938, 56.250, 0.089, 1.000, 
[870] Train acc: 0.0625, Constr acc: 0.0000, CE loss: 2.312, DL2 loss: 70.525
10, 7, 2.3123, 0.0023, 6.250, 46.875, 0.089, 0.815, 
[885] Train acc: 0.0938, Constr acc: 0.0000, CE loss: 2.296, DL2 loss: 66.696
10, 6, 2.2959, 0.0023, 9.375, 54.688, 0.089, 0.818, 
[900] Train acc: 0.1250, Constr acc: 0.0000, CE loss: 2.294, DL2 loss: 68.665
10, 5, 2.2937, 0.0023, 12.500, 54.688, 0.101, 1.000, 
[915] Train acc: 0.0781, Constr acc: 0.0000, CE loss: 2.305, DL2 loss: 71.998
10, 4, 2.3049, 0.0023, 7.812, 53.125, 0.089, 0.902, 
[930] Train acc: 0.0938, Constr acc: 0.0000, CE loss: 2.312, DL2 loss: 67.815
10, 3, 2.3122, 0.0023, 9.375, 43.750, 0.089, 1.000, 
