main_allinputs_dl2.py --pruning=True --tensorboard=True --log-interval=15 --pruning_config=./configs/mnist_22_15.json --constraint RobustnessDandR(eps1=10, eps2=6) --print-after-epoch=0 --dl2-weight=0.2 --delay=6
pruning_engine.load_mask(): did not find mask file, will load nothing
epoch, neuron_units, loss, dl2_loss, top1, top5, dl2_p_acc, dl2_constraint_acc
[0] Train acc: 0.1406
1, 252, 2.2927, 0.0023, 14.062, 59.375, 0.103, 0.421, 
[15] Train acc: 0.1875
1, 252, 2.2763, 0.0023, 18.750, 68.750, 0.103, 0.426, 
[30] Train acc: 0.3125
1, 252, 2.2343, 0.0023, 31.250, 75.000, 0.205, 0.428, 
[45] Train acc: 0.3594
1, 252, 2.1083, 0.0022, 35.938, 89.062, 0.408, 0.432, 
[60] Train acc: 0.5625
1, 252, 1.8079, 0.0021, 56.250, 90.625, 0.576, 0.432, 
[75] Train acc: 0.6719
1, 252, 1.1560, 0.0017, 67.188, 95.312, 0.646, 0.432, 
[90] Train acc: 0.6250
1, 252, 1.0569, 0.0015, 62.500, 98.438, 0.674, 0.440, 
[105] Train acc: 0.7031
1, 252, 0.8945, 0.0013, 70.312, 95.312, 0.730, 0.415, 
[120] Train acc: 0.8125
1, 252, 0.5999, 0.0011, 81.250, 98.438, 0.806, 0.425, 
[135] Train acc: 0.8594
1, 252, 0.3908, 0.0010, 85.938, 100.000, 0.854, 0.431, 
[150] Train acc: 0.8594
1, 252, 0.5338, 0.0010, 85.938, 100.000, 0.820, 0.426, 
[165] Train acc: 0.8281
1, 252, 0.5438, 0.0010, 82.812, 98.438, 0.764, 0.426, 
[180] Train acc: 0.9062
1, 252, 0.4400, 0.0009, 90.625, 98.438, 0.846, 0.426, 
[195] Train acc: 0.9062
1, 252, 0.2807, 0.0009, 90.625, 100.000, 0.848, 0.431, 
[210] Train acc: 0.9219
1, 252, 0.3626, 0.0009, 92.188, 98.438, 0.857, 0.427, 
[225] Train acc: 0.8750
1, 252, 0.3995, 0.0008, 87.500, 100.000, 0.887, 0.417, 
[240] Train acc: 0.8750
1, 252, 0.4170, 0.0008, 87.500, 98.438, 0.877, 0.426, 
[255] Train acc: 0.8281
1, 252, 0.4295, 0.0008, 82.812, 100.000, 0.851, 0.431, 
[270] Train acc: 0.9219
1, 252, 0.2311, 0.0008, 92.188, 100.000, 0.843, 0.433, 
[285] Train acc: 0.9375
1, 252, 0.2467, 0.0007, 93.750, 100.000, 0.920, 0.431, 
[300] Train acc: 0.9062
1, 252, 0.2694, 0.0007, 90.625, 100.000, 0.911, 0.441, 
[315] Train acc: 0.9219
1, 252, 0.2680, 0.0007, 92.188, 98.438, 0.922, 0.439, 
[330] Train acc: 0.9062
1, 252, 0.3726, 0.0007, 90.625, 98.438, 0.864, 0.430, 
[345] Train acc: 0.8594
1, 252, 0.4701, 0.0007, 85.938, 98.438, 0.908, 0.436, 
[360] Train acc: 0.8750
1, 252, 0.2838, 0.0007, 87.500, 100.000, 0.909, 0.426, 
[375] Train acc: 0.9375
1, 252, 0.1560, 0.0007, 93.750, 100.000, 0.923, 0.429, 
[390] Train acc: 0.9062
1, 252, 0.2070, 0.0006, 90.625, 100.000, 0.915, 0.420, 
[405] Train acc: 0.9375
1, 252, 0.1975, 0.0006, 93.750, 100.000, 0.918, 0.433, 
[420] Train acc: 0.9219
1, 252, 0.2446, 0.0006, 92.188, 100.000, 0.936, 0.435, 
[435] Train acc: 0.9219
1, 252, 0.2261, 0.0006, 92.188, 100.000, 0.935, 0.441, 
[450] Train acc: 0.9219
1, 252, 0.1807, 0.0006, 92.188, 100.000, 0.942, 0.438, 
[465] Train acc: 0.8906
1, 252, 0.3503, 0.0006, 89.062, 100.000, 0.914, 0.435, 
[480] Train acc: 1.0000
1, 252, 0.0762, 0.0006, 100.000, 100.000, 0.934, 0.435, 
[495] Train acc: 0.9531
1, 252, 0.1621, 0.0006, 95.312, 100.000, 0.948, 0.438, 
[510] Train acc: 0.9219
1, 252, 0.1649, 0.0005, 92.188, 100.000, 0.949, 0.436, 
[525] Train acc: 0.9531
1, 252, 0.1392, 0.0006, 95.312, 100.000, 0.945, 0.442, 
[540] Train acc: 0.9531
1, 252, 0.2543, 0.0006, 95.312, 98.438, 0.933, 0.444, 
[555] Train acc: 0.9688
1, 252, 0.1702, 0.0005, 96.875, 98.438, 0.953, 0.441, 
[570] Train acc: 0.9531
1, 252, 0.1492, 0.0005, 95.312, 100.000, 0.925, 0.436, 
[585] Train acc: 0.9844
1, 252, 0.0822, 0.0005, 98.438, 100.000, 0.950, 0.447, 
[600] Train acc: 0.9531
1, 252, 0.1890, 0.0005, 95.312, 100.000, 0.951, 0.425, 
[615] Train acc: 0.9531
1, 252, 0.1561, 0.0005, 95.312, 100.000, 0.951, 0.430, 
[630] Train acc: 0.9375
1, 252, 0.3362, 0.0005, 93.750, 100.000, 0.956, 0.421, 
[645] Train acc: 0.9688
1, 252, 0.1513, 0.0005, 96.875, 100.000, 0.956, 0.438, 
[660] Train acc: 0.9688
1, 252, 0.1354, 0.0005, 96.875, 100.000, 0.956, 0.437, 
[675] Train acc: 0.9375
1, 252, 0.1571, 0.0005, 93.750, 100.000, 0.956, 0.434, 
[690] Train acc: 0.9688
1, 252, 0.1637, 0.0005, 96.875, 98.438, 0.958, 0.447, 
[705] Train acc: 0.8906
1, 252, 0.3415, 0.0005, 89.062, 100.000, 0.953, 0.436, 
[720] Train acc: 1.0000
1, 252, 0.0550, 0.0005, 100.000, 100.000, 0.958, 0.436, 
[735] Train acc: 0.9375
1, 252, 0.1595, 0.0005, 93.750, 100.000, 0.956, 0.442, 
[750] Train acc: 0.9688
1, 252, 0.0683, 0.0005, 96.875, 100.000, 0.950, 0.439, 
[765] Train acc: 0.9062
1, 252, 0.2801, 0.0005, 90.625, 100.000, 0.945, 0.432, 
[780] Train acc: 0.9219
1, 252, 0.1975, 0.0005, 92.188, 100.000, 0.965, 0.430, 
[795] Train acc: 0.9375
1, 252, 0.1232, 0.0005, 93.750, 100.000, 0.960, 0.437, 
[810] Train acc: 1.0000
1, 252, 0.0531, 0.0005, 100.000, 100.000, 0.963, 0.447, 
[825] Train acc: 0.9531
1, 252, 0.1005, 0.0005, 95.312, 100.000, 0.959, 0.428, 
[840] Train acc: 0.9531
1, 252, 0.1271, 0.0005, 95.312, 100.000, 0.969, 0.440, 
[855] Train acc: 0.9375
1, 252, 0.1566, 0.0005, 93.750, 100.000, 0.942, 0.441, 
[870] Train acc: 0.9531
1, 252, 0.1490, 0.0004, 95.312, 100.000, 0.963, 0.439, 
[885] Train acc: 0.9375
1, 252, 0.1344, 0.0005, 93.750, 100.000, 0.959, 0.434, 
[900] Train acc: 0.9531
1, 252, 0.1105, 0.0004, 95.312, 100.000, 0.962, 0.432, 
[915] Train acc: 0.9375
1, 252, 0.1970, 0.0004, 93.750, 100.000, 0.960, 0.435, 
[930] Train acc: 0.9375
1, 252, 0.1600, 0.0004, 93.750, 100.000, 0.965, 0.449, 
[0] Train acc: 0.9531
2, 252, 0.1407, 0.0004, 95.312, 100.000, 0.963, 0.450, 
[15] Train acc: 0.9844
2, 252, 0.0752, 0.0004, 98.438, 100.000, 0.967, 0.436, 
[30] Train acc: 0.9688
2, 252, 0.0801, 0.0004, 96.875, 100.000, 0.955, 0.447, 
[45] Train acc: 0.9688
2, 252, 0.0949, 0.0004, 96.875, 100.000, 0.965, 0.444, 
[60] Train acc: 0.9844
2, 252, 0.0438, 0.0004, 98.438, 100.000, 0.963, 0.441, 
[75] Train acc: 0.9688
2, 252, 0.1399, 0.0004, 96.875, 100.000, 0.966, 0.438, 
[90] Train acc: 0.9375
2, 252, 0.3302, 0.0004, 93.750, 100.000, 0.967, 0.442, 
[105] Train acc: 0.9844
2, 252, 0.0491, 0.0004, 98.438, 100.000, 0.970, 0.451, 
[120] Train acc: 0.9688
2, 252, 0.0914, 0.0004, 96.875, 100.000, 0.970, 0.441, 
[135] Train acc: 0.9688
2, 252, 0.1508, 0.0004, 96.875, 100.000, 0.964, 0.440, 
[150] Train acc: 0.9531
2, 252, 0.0793, 0.0004, 95.312, 100.000, 0.967, 0.434, 
[165] Train acc: 0.9844
2, 252, 0.0713, 0.0004, 98.438, 100.000, 0.969, 0.457, 
[180] Train acc: 0.9531
2, 252, 0.0830, 0.0004, 95.312, 100.000, 0.966, 0.465, 
[195] Train acc: 0.9844
2, 252, 0.0966, 0.0004, 98.438, 100.000, 0.961, 0.442, 
[210] Train acc: 0.9688
2, 252, 0.0620, 0.0004, 96.875, 100.000, 0.973, 0.448, 
[225] Train acc: 0.9531
2, 252, 0.1448, 0.0004, 95.312, 100.000, 0.965, 0.449, 
[240] Train acc: 0.9531
2, 252, 0.1479, 0.0004, 95.312, 100.000, 0.967, 0.440, 
[255] Train acc: 1.0000
2, 252, 0.0279, 0.0004, 100.000, 100.000, 0.968, 0.452, 
[270] Train acc: 0.9844
2, 252, 0.0609, 0.0003, 98.438, 100.000, 0.974, 0.470, 
[285] Train acc: 0.9844
2, 252, 0.0342, 0.0003, 98.438, 100.000, 0.975, 0.459, 
[300] Train acc: 0.9688
2, 252, 0.0782, 0.0004, 96.875, 100.000, 0.969, 0.452, 
[315] Train acc: 0.9375
2, 252, 0.1122, 0.0004, 93.750, 100.000, 0.975, 0.449, 
[330] Train acc: 0.9688
2, 252, 0.0469, 0.0004, 96.875, 100.000, 0.968, 0.448, 
[345] Train acc: 0.9531
2, 252, 0.2345, 0.0004, 95.312, 100.000, 0.977, 0.454, 
[360] Train acc: 0.9688
2, 252, 0.0647, 0.0004, 96.875, 100.000, 0.962, 0.445, 
[375] Train acc: 0.9531
2, 252, 0.1035, 0.0004, 95.312, 100.000, 0.976, 0.449, 
[390] Train acc: 0.9844
2, 252, 0.0274, 0.0004, 98.438, 100.000, 0.974, 0.439, 
[405] Train acc: 0.9844
2, 252, 0.0408, 0.0004, 98.438, 100.000, 0.968, 0.461, 
[420] Train acc: 0.9844
2, 252, 0.0255, 0.0004, 98.438, 100.000, 0.976, 0.456, 
[435] Train acc: 0.9844
2, 252, 0.0391, 0.0004, 98.438, 100.000, 0.977, 0.436, 
[450] Train acc: 0.9844
2, 252, 0.0888, 0.0003, 98.438, 100.000, 0.975, 0.439, 
[465] Train acc: 0.9688
2, 252, 0.0860, 0.0004, 96.875, 100.000, 0.972, 0.441, 
[480] Train acc: 0.9688
2, 252, 0.0826, 0.0004, 96.875, 100.000, 0.969, 0.460, 
[495] Train acc: 0.9375
2, 252, 0.1246, 0.0004, 93.750, 100.000, 0.972, 0.444, 
[510] Train acc: 1.0000
2, 252, 0.0169, 0.0004, 100.000, 100.000, 0.974, 0.447, 
[525] Train acc: 0.9688
2, 252, 0.1215, 0.0004, 96.875, 100.000, 0.977, 0.443, 
[540] Train acc: 0.9844
2, 252, 0.0627, 0.0004, 98.438, 100.000, 0.977, 0.447, 
[555] Train acc: 1.0000
2, 252, 0.0338, 0.0004, 100.000, 100.000, 0.977, 0.448, 
[570] Train acc: 0.9531
2, 252, 0.1980, 0.0004, 95.312, 100.000, 0.972, 0.457, 
[585] Train acc: 1.0000
2, 252, 0.0180, 0.0004, 100.000, 100.000, 0.965, 0.454, 
[600] Train acc: 0.9531
2, 252, 0.1889, 0.0004, 95.312, 100.000, 0.966, 0.443, 
[615] Train acc: 0.9531
2, 252, 0.1996, 0.0004, 95.312, 100.000, 0.972, 0.461, 
[630] Train acc: 0.9844
2, 252, 0.0752, 0.0004, 98.438, 100.000, 0.971, 0.455, 
[645] Train acc: 0.9062
2, 252, 0.2343, 0.0003, 90.625, 100.000, 0.980, 0.452, 
[660] Train acc: 0.9844
2, 252, 0.0542, 0.0003, 98.438, 100.000, 0.978, 0.460, 
[675] Train acc: 0.9844
2, 252, 0.0672, 0.0003, 98.438, 100.000, 0.977, 0.448, 
[690] Train acc: 0.9688
2, 252, 0.0481, 0.0003, 96.875, 100.000, 0.975, 0.475, 
[705] Train acc: 0.9844
2, 252, 0.0961, 0.0003, 98.438, 100.000, 0.970, 0.477, 
[720] Train acc: 0.9688
2, 252, 0.0633, 0.0003, 96.875, 100.000, 0.976, 0.465, 
[735] Train acc: 0.9844
2, 252, 0.0988, 0.0004, 98.438, 100.000, 0.959, 0.472, 
[750] Train acc: 0.9844
2, 252, 0.0208, 0.0003, 98.438, 100.000, 0.978, 0.459, 
[765] Train acc: 0.9688
2, 252, 0.0411, 0.0003, 96.875, 100.000, 0.978, 0.466, 
[780] Train acc: 0.9844
2, 252, 0.0408, 0.0003, 98.438, 100.000, 0.975, 0.461, 
[795] Train acc: 0.9688
2, 252, 0.0842, 0.0003, 96.875, 100.000, 0.976, 0.464, 
[810] Train acc: 0.9688
2, 252, 0.0810, 0.0003, 96.875, 100.000, 0.976, 0.458, 
[825] Train acc: 0.9375
2, 252, 0.2803, 0.0003, 93.750, 100.000, 0.979, 0.456, 
[840] Train acc: 1.0000
2, 252, 0.0204, 0.0003, 100.000, 100.000, 0.974, 0.457, 
[855] Train acc: 1.0000
2, 252, 0.0160, 0.0003, 100.000, 100.000, 0.980, 0.466, 
[870] Train acc: 1.0000
2, 252, 0.0261, 0.0003, 100.000, 100.000, 0.978, 0.457, 
[885] Train acc: 0.9844
2, 252, 0.0547, 0.0003, 98.438, 100.000, 0.977, 0.457, 
[900] Train acc: 0.9375
2, 252, 0.1150, 0.0003, 93.750, 100.000, 0.979, 0.447, 
[915] Train acc: 0.9688
2, 252, 0.0495, 0.0003, 96.875, 100.000, 0.981, 0.468, 
[930] Train acc: 0.9688
2, 252, 0.1090, 0.0003, 96.875, 100.000, 0.971, 0.448, 
[0] Train acc: 0.9688
3, 252, 0.1437, 0.0003, 96.875, 100.000, 0.970, 0.457, 
[15] Train acc: 1.0000
3, 252, 0.0285, 0.0003, 100.000, 100.000, 0.981, 0.462, 
[30] Train acc: 0.9844
3, 252, 0.0529, 0.0003, 98.438, 100.000, 0.978, 0.459, 
[45] Train acc: 0.9688
3, 252, 0.0809, 0.0004, 96.875, 100.000, 0.969, 0.462, 
[60] Train acc: 1.0000
3, 252, 0.0216, 0.0003, 100.000, 100.000, 0.981, 0.459, 
[75] Train acc: 0.9688
3, 252, 0.1329, 0.0003, 96.875, 100.000, 0.969, 0.466, 
[90] Train acc: 0.9844
3, 252, 0.0656, 0.0003, 98.438, 100.000, 0.976, 0.465, 
[105] Train acc: 1.0000
3, 252, 0.0243, 0.0003, 100.000, 100.000, 0.981, 0.465, 
[120] Train acc: 1.0000
3, 252, 0.0218, 0.0003, 100.000, 100.000, 0.979, 0.445, 
[135] Train acc: 0.9531
3, 252, 0.0817, 0.0003, 95.312, 100.000, 0.981, 0.465, 
[150] Train acc: 1.0000
3, 252, 0.0099, 0.0003, 100.000, 100.000, 0.975, 0.460, 
[165] Train acc: 0.9844
3, 252, 0.1767, 0.0003, 98.438, 100.000, 0.981, 0.453, 
[180] Train acc: 0.9531
3, 252, 0.1106, 0.0003, 95.312, 100.000, 0.981, 0.459, 
[195] Train acc: 0.9844
3, 252, 0.0700, 0.0003, 98.438, 100.000, 0.976, 0.455, 
[210] Train acc: 0.9531
3, 252, 0.0754, 0.0003, 95.312, 100.000, 0.972, 0.471, 
[225] Train acc: 1.0000
3, 252, 0.0133, 0.0003, 100.000, 100.000, 0.983, 0.467, 
[240] Train acc: 0.9688
3, 252, 0.0620, 0.0003, 96.875, 100.000, 0.980, 0.475, 
[255] Train acc: 0.9844
3, 252, 0.0525, 0.0003, 98.438, 100.000, 0.972, 0.471, 
[270] Train acc: 0.9688
3, 252, 0.0948, 0.0003, 96.875, 100.000, 0.982, 0.478, 
[285] Train acc: 0.9688
3, 252, 0.0618, 0.0003, 96.875, 100.000, 0.984, 0.476, 
[300] Train acc: 0.9844
3, 252, 0.0618, 0.0003, 98.438, 100.000, 0.981, 0.466, 
[315] Train acc: 0.9688
3, 252, 0.1432, 0.0003, 96.875, 100.000, 0.983, 0.463, 
[330] Train acc: 0.9531
3, 252, 0.1283, 0.0003, 95.312, 100.000, 0.978, 0.479, 
[345] Train acc: 1.0000
3, 252, 0.0156, 0.0003, 100.000, 100.000, 0.982, 0.471, 
[360] Train acc: 0.9844
3, 252, 0.0625, 0.0003, 98.438, 100.000, 0.979, 0.468, 
[375] Train acc: 1.0000
3, 252, 0.0429, 0.0003, 100.000, 100.000, 0.977, 0.474, 
[390] Train acc: 0.9375
3, 252, 0.2170, 0.0003, 93.750, 100.000, 0.966, 0.477, 
[405] Train acc: 0.9844
3, 252, 0.0477, 0.0003, 98.438, 100.000, 0.982, 0.466, 
[420] Train acc: 1.0000
3, 252, 0.0266, 0.0003, 100.000, 100.000, 0.982, 0.474, 
[435] Train acc: 0.9844
3, 252, 0.0296, 0.0003, 98.438, 100.000, 0.972, 0.449, 
[450] Train acc: 0.9844
3, 252, 0.0515, 0.0003, 98.438, 100.000, 0.979, 0.472, 
[465] Train acc: 1.0000
3, 252, 0.0425, 0.0003, 100.000, 100.000, 0.982, 0.464, 
[480] Train acc: 0.9844
3, 252, 0.1283, 0.0003, 98.438, 100.000, 0.981, 0.457, 
[495] Train acc: 0.9688
3, 252, 0.0506, 0.0003, 96.875, 100.000, 0.983, 0.465, 
[510] Train acc: 0.9688
3, 252, 0.0836, 0.0003, 96.875, 100.000, 0.982, 0.474, 
[525] Train acc: 0.9531
3, 252, 0.1020, 0.0003, 95.312, 100.000, 0.984, 0.470, 
[540] Train acc: 1.0000
3, 252, 0.0214, 0.0003, 100.000, 100.000, 0.982, 0.465, 
[555] Train acc: 0.9531
3, 252, 0.1520, 0.0003, 95.312, 100.000, 0.985, 0.451, 
[570] Train acc: 0.9844
3, 252, 0.0536, 0.0003, 98.438, 100.000, 0.978, 0.457, 
[585] Train acc: 1.0000
3, 252, 0.0112, 0.0003, 100.000, 100.000, 0.982, 0.467, 
[600] Train acc: 0.9375
3, 252, 0.1640, 0.0003, 93.750, 100.000, 0.980, 0.456, 
[615] Train acc: 0.9531
3, 252, 0.1815, 0.0003, 95.312, 100.000, 0.982, 0.466, 
[630] Train acc: 1.0000
3, 252, 0.0235, 0.0003, 100.000, 100.000, 0.984, 0.466, 
[645] Train acc: 0.9688
3, 252, 0.2124, 0.0003, 96.875, 100.000, 0.983, 0.462, 
[660] Train acc: 1.0000
3, 252, 0.0341, 0.0003, 100.000, 100.000, 0.983, 0.445, 
[675] Train acc: 1.0000
3, 252, 0.0153, 0.0003, 100.000, 100.000, 0.984, 0.454, 
[690] Train acc: 0.9844
3, 252, 0.0284, 0.0003, 98.438, 100.000, 0.985, 0.462, 
[705] Train acc: 1.0000
3, 252, 0.0274, 0.0003, 100.000, 100.000, 0.983, 0.459, 
[720] Train acc: 0.9844
3, 252, 0.0483, 0.0003, 98.438, 100.000, 0.984, 0.464, 
[735] Train acc: 0.9844
3, 252, 0.0342, 0.0003, 98.438, 100.000, 0.982, 0.457, 
[750] Train acc: 0.9844
3, 252, 0.0250, 0.0003, 98.438, 100.000, 0.986, 0.447, 
[765] Train acc: 1.0000
3, 252, 0.0191, 0.0003, 100.000, 100.000, 0.981, 0.461, 
[780] Train acc: 0.9531
3, 252, 0.1058, 0.0003, 95.312, 100.000, 0.984, 0.472, 
[795] Train acc: 0.9688
3, 252, 0.0497, 0.0003, 96.875, 100.000, 0.982, 0.464, 
[810] Train acc: 1.0000
3, 252, 0.0074, 0.0003, 100.000, 100.000, 0.978, 0.472, 
[825] Train acc: 1.0000
3, 252, 0.0133, 0.0002, 100.000, 100.000, 0.984, 0.480, 
[840] Train acc: 0.9531
3, 252, 0.0715, 0.0003, 95.312, 100.000, 0.981, 0.460, 
[855] Train acc: 1.0000
3, 252, 0.0085, 0.0003, 100.000, 100.000, 0.978, 0.461, 
[870] Train acc: 1.0000
3, 252, 0.0084, 0.0003, 100.000, 100.000, 0.981, 0.470, 
[885] Train acc: 1.0000
3, 252, 0.0144, 0.0003, 100.000, 100.000, 0.983, 0.461, 
[900] Train acc: 0.9844
3, 252, 0.0241, 0.0003, 98.438, 100.000, 0.981, 0.446, 
[915] Train acc: 0.9531
3, 252, 0.2423, 0.0003, 95.312, 100.000, 0.983, 0.466, 
[930] Train acc: 0.9844
3, 252, 0.0708, 0.0003, 98.438, 100.000, 0.987, 0.472, 
[0] Train acc: 0.9844
4, 252, 0.0484, 0.0003, 98.438, 100.000, 0.985, 0.454, 
[15] Train acc: 1.0000
4, 252, 0.0244, 0.0003, 100.000, 100.000, 0.983, 0.479, 
[30] Train acc: 0.9844
4, 252, 0.0416, 0.0003, 98.438, 100.000, 0.981, 0.473, 
[45] Train acc: 1.0000
4, 252, 0.0063, 0.0003, 100.000, 100.000, 0.985, 0.472, 
[60] Train acc: 1.0000
4, 252, 0.0215, 0.0003, 100.000, 100.000, 0.984, 0.471, 
[75] Train acc: 1.0000
4, 252, 0.0432, 0.0003, 100.000, 100.000, 0.972, 0.487, 
[90] Train acc: 0.9844
4, 252, 0.0448, 0.0002, 98.438, 100.000, 0.985, 0.494, 
[105] Train acc: 1.0000
4, 252, 0.0111, 0.0002, 100.000, 100.000, 0.984, 0.486, 
[120] Train acc: 0.9844
4, 252, 0.0530, 0.0003, 98.438, 100.000, 0.982, 0.449, 
[135] Train acc: 0.9844
4, 252, 0.0300, 0.0003, 98.438, 100.000, 0.985, 0.481, 
[150] Train acc: 0.9688
4, 252, 0.0593, 0.0002, 96.875, 100.000, 0.985, 0.477, 
[165] Train acc: 1.0000
4, 252, 0.0173, 0.0003, 100.000, 100.000, 0.982, 0.472, 
[180] Train acc: 0.9844
4, 252, 0.1133, 0.0002, 98.438, 100.000, 0.985, 0.477, 
[195] Train acc: 1.0000
4, 252, 0.0079, 0.0003, 100.000, 100.000, 0.983, 0.476, 
[210] Train acc: 0.9531
4, 252, 0.1191, 0.0003, 95.312, 100.000, 0.980, 0.489, 
[225] Train acc: 1.0000
4, 252, 0.0161, 0.0003, 100.000, 100.000, 0.985, 0.459, 
[240] Train acc: 1.0000
4, 252, 0.0187, 0.0003, 100.000, 100.000, 0.982, 0.471, 
[255] Train acc: 0.9844
4, 252, 0.1243, 0.0003, 98.438, 98.438, 0.983, 0.465, 
[270] Train acc: 1.0000
4, 252, 0.0103, 0.0002, 100.000, 100.000, 0.986, 0.484, 
[285] Train acc: 0.9688
4, 252, 0.0890, 0.0002, 96.875, 100.000, 0.986, 0.485, 
[300] Train acc: 1.0000
4, 252, 0.0147, 0.0003, 100.000, 100.000, 0.981, 0.467, 
[315] Train acc: 1.0000
4, 252, 0.0182, 0.0002, 100.000, 100.000, 0.985, 0.489, 
[330] Train acc: 1.0000
4, 252, 0.0325, 0.0003, 100.000, 100.000, 0.985, 0.484, 
[345] Train acc: 0.9531
4, 252, 0.0922, 0.0003, 95.312, 100.000, 0.983, 0.464, 
[360] Train acc: 0.9688
4, 252, 0.0669, 0.0003, 96.875, 100.000, 0.979, 0.470, 
[375] Train acc: 1.0000
4, 252, 0.0089, 0.0003, 100.000, 100.000, 0.987, 0.476, 
[390] Train acc: 1.0000
4, 252, 0.0179, 0.0003, 100.000, 100.000, 0.985, 0.476, 
[405] Train acc: 1.0000
4, 252, 0.0076, 0.0003, 100.000, 100.000, 0.982, 0.488, 
[420] Train acc: 0.9688
4, 252, 0.0540, 0.0003, 96.875, 100.000, 0.982, 0.483, 
[435] Train acc: 0.9688
4, 252, 0.0744, 0.0003, 96.875, 100.000, 0.984, 0.486, 
[450] Train acc: 1.0000
4, 252, 0.0152, 0.0003, 100.000, 100.000, 0.983, 0.464, 
[465] Train acc: 0.9844
4, 252, 0.0753, 0.0002, 98.438, 100.000, 0.985, 0.486, 
[480] Train acc: 0.9688
4, 252, 0.0678, 0.0002, 96.875, 100.000, 0.984, 0.478, 
[495] Train acc: 0.9844
4, 252, 0.0385, 0.0003, 98.438, 100.000, 0.985, 0.491, 
[510] Train acc: 0.9531
4, 252, 0.0576, 0.0003, 95.312, 100.000, 0.987, 0.470, 
[525] Train acc: 1.0000
4, 252, 0.0055, 0.0002, 100.000, 100.000, 0.985, 0.483, 
[540] Train acc: 1.0000
4, 252, 0.0088, 0.0003, 100.000, 100.000, 0.980, 0.481, 
[555] Train acc: 0.9844
4, 252, 0.0672, 0.0002, 98.438, 100.000, 0.984, 0.479, 
[570] Train acc: 1.0000
4, 252, 0.0215, 0.0003, 100.000, 100.000, 0.982, 0.485, 
[585] Train acc: 0.9531
4, 252, 0.1056, 0.0002, 95.312, 100.000, 0.986, 0.483, 
[600] Train acc: 1.0000
4, 252, 0.0105, 0.0002, 100.000, 100.000, 0.987, 0.479, 
[615] Train acc: 0.9844
4, 252, 0.0304, 0.0002, 98.438, 100.000, 0.986, 0.497, 
[630] Train acc: 0.9531
4, 252, 0.1299, 0.0002, 95.312, 100.000, 0.983, 0.481, 
[645] Train acc: 1.0000
4, 252, 0.0146, 0.0002, 100.000, 100.000, 0.985, 0.491, 
[660] Train acc: 1.0000
4, 252, 0.0169, 0.0002, 100.000, 100.000, 0.987, 0.480, 
[675] Train acc: 0.9688
4, 252, 0.0538, 0.0002, 96.875, 100.000, 0.986, 0.481, 
[690] Train acc: 0.9844
4, 252, 0.0774, 0.0002, 98.438, 100.000, 0.983, 0.485, 
[705] Train acc: 1.0000
4, 252, 0.0300, 0.0002, 100.000, 100.000, 0.986, 0.499, 
[720] Train acc: 0.9844
4, 252, 0.0937, 0.0002, 98.438, 100.000, 0.983, 0.497, 
[735] Train acc: 1.0000
4, 252, 0.0191, 0.0002, 100.000, 100.000, 0.980, 0.499, 
[750] Train acc: 1.0000
4, 252, 0.0044, 0.0002, 100.000, 100.000, 0.983, 0.497, 
[765] Train acc: 0.9531
4, 252, 0.0958, 0.0002, 95.312, 100.000, 0.985, 0.488, 
[780] Train acc: 0.9688
4, 252, 0.0661, 0.0002, 96.875, 100.000, 0.985, 0.494, 
[795] Train acc: 0.9531
4, 252, 0.1070, 0.0002, 95.312, 100.000, 0.983, 0.494, 
[810] Train acc: 1.0000
4, 252, 0.0131, 0.0002, 100.000, 100.000, 0.985, 0.495, 
[825] Train acc: 0.9688
4, 252, 0.0316, 0.0002, 96.875, 100.000, 0.985, 0.494, 
[840] Train acc: 1.0000
4, 252, 0.0235, 0.0002, 100.000, 100.000, 0.986, 0.476, 
[855] Train acc: 1.0000
4, 252, 0.0032, 0.0002, 100.000, 100.000, 0.986, 0.485, 
[870] Train acc: 0.9844
4, 252, 0.0457, 0.0003, 98.438, 100.000, 0.983, 0.482, 
[885] Train acc: 1.0000
4, 252, 0.0180, 0.0002, 100.000, 100.000, 0.983, 0.488, 
[900] Train acc: 0.9844
4, 252, 0.0469, 0.0003, 98.438, 100.000, 0.980, 0.485, 
[915] Train acc: 1.0000
4, 252, 0.0054, 0.0002, 100.000, 100.000, 0.987, 0.477, 
[930] Train acc: 0.9688
4, 252, 0.1351, 0.0002, 96.875, 100.000, 0.988, 0.471, 
[0] Train acc: 0.9531
5, 252, 0.1104, 0.0003, 95.312, 100.000, 0.982, 0.481, 
[15] Train acc: 0.9844
5, 252, 0.0755, 0.0002, 98.438, 100.000, 0.987, 0.479, 
[30] Train acc: 1.0000
5, 252, 0.0264, 0.0002, 100.000, 100.000, 0.988, 0.496, 
[45] Train acc: 0.9531
5, 252, 0.0984, 0.0002, 95.312, 100.000, 0.986, 0.490, 
[60] Train acc: 1.0000
5, 252, 0.0236, 0.0002, 100.000, 100.000, 0.983, 0.496, 
[75] Train acc: 0.9844
5, 252, 0.0256, 0.0002, 98.438, 100.000, 0.988, 0.505, 
[90] Train acc: 0.9531
5, 252, 0.1569, 0.0003, 95.312, 100.000, 0.984, 0.472, 
[105] Train acc: 0.9844
5, 252, 0.0473, 0.0002, 98.438, 100.000, 0.987, 0.498, 
[120] Train acc: 1.0000
5, 252, 0.0015, 0.0002, 100.000, 100.000, 0.986, 0.474, 
[135] Train acc: 0.9844
5, 252, 0.0393, 0.0002, 98.438, 100.000, 0.988, 0.458, 
[150] Train acc: 1.0000
5, 252, 0.0231, 0.0002, 100.000, 100.000, 0.988, 0.484, 
[165] Train acc: 0.9844
5, 252, 0.0324, 0.0002, 98.438, 100.000, 0.984, 0.476, 
[180] Train acc: 0.9844
5, 252, 0.0189, 0.0002, 98.438, 100.000, 0.985, 0.480, 
[195] Train acc: 1.0000
5, 252, 0.0243, 0.0002, 100.000, 100.000, 0.986, 0.487, 
[210] Train acc: 0.9688
5, 252, 0.2014, 0.0002, 96.875, 98.438, 0.986, 0.478, 
[225] Train acc: 0.9688
5, 252, 0.0636, 0.0002, 96.875, 100.000, 0.981, 0.501, 
[240] Train acc: 0.9844
5, 252, 0.0409, 0.0002, 98.438, 100.000, 0.988, 0.491, 
[255] Train acc: 0.9844
5, 252, 0.0414, 0.0002, 98.438, 100.000, 0.985, 0.486, 
[270] Train acc: 1.0000
5, 252, 0.0077, 0.0002, 100.000, 100.000, 0.984, 0.482, 
[285] Train acc: 0.9844
5, 252, 0.0314, 0.0002, 98.438, 100.000, 0.986, 0.485, 
[300] Train acc: 0.9688
5, 252, 0.0770, 0.0002, 96.875, 100.000, 0.987, 0.490, 
[315] Train acc: 0.9688
5, 252, 0.0528, 0.0002, 96.875, 100.000, 0.986, 0.488, 
[330] Train acc: 0.9844
5, 252, 0.0357, 0.0002, 98.438, 100.000, 0.986, 0.482, 
[345] Train acc: 1.0000
5, 252, 0.0078, 0.0002, 100.000, 100.000, 0.986, 0.485, 
[360] Train acc: 1.0000
5, 252, 0.0062, 0.0002, 100.000, 100.000, 0.988, 0.464, 
[375] Train acc: 1.0000
5, 252, 0.0182, 0.0002, 100.000, 100.000, 0.985, 0.500, 
[390] Train acc: 0.9844
5, 252, 0.0347, 0.0002, 98.438, 100.000, 0.986, 0.491, 
[405] Train acc: 0.9844
5, 252, 0.0357, 0.0002, 98.438, 100.000, 0.986, 0.510, 
[420] Train acc: 0.9844
5, 252, 0.0288, 0.0002, 98.438, 100.000, 0.987, 0.514, 
[435] Train acc: 1.0000
5, 252, 0.0384, 0.0002, 100.000, 100.000, 0.987, 0.507, 
[450] Train acc: 0.9688
5, 252, 0.0746, 0.0002, 96.875, 100.000, 0.986, 0.502, 
[465] Train acc: 0.9531
5, 252, 0.2299, 0.0003, 95.312, 100.000, 0.985, 0.495, 
[480] Train acc: 1.0000
5, 252, 0.0095, 0.0002, 100.000, 100.000, 0.985, 0.485, 
[495] Train acc: 0.9688
5, 252, 0.0636, 0.0002, 96.875, 100.000, 0.985, 0.469, 
[510] Train acc: 0.9531
5, 252, 0.0753, 0.0002, 95.312, 100.000, 0.987, 0.480, 
[525] Train acc: 0.9688
5, 252, 0.0763, 0.0002, 96.875, 100.000, 0.988, 0.497, 
[540] Train acc: 0.9688
5, 252, 0.1208, 0.0002, 96.875, 100.000, 0.988, 0.505, 
[555] Train acc: 0.9844
5, 252, 0.0301, 0.0002, 98.438, 100.000, 0.990, 0.485, 
[570] Train acc: 1.0000
5, 252, 0.0098, 0.0002, 100.000, 100.000, 0.986, 0.503, 
[585] Train acc: 1.0000
5, 252, 0.0090, 0.0002, 100.000, 100.000, 0.985, 0.497, 
[600] Train acc: 1.0000
5, 252, 0.0170, 0.0002, 100.000, 100.000, 0.985, 0.494, 
[615] Train acc: 0.9844
5, 252, 0.0246, 0.0002, 98.438, 100.000, 0.988, 0.490, 
[630] Train acc: 0.9219
5, 252, 0.1508, 0.0002, 92.188, 100.000, 0.987, 0.480, 
[645] Train acc: 1.0000
5, 252, 0.0039, 0.0002, 100.000, 100.000, 0.987, 0.503, 
[660] Train acc: 1.0000
5, 252, 0.0033, 0.0002, 100.000, 100.000, 0.987, 0.503, 
[675] Train acc: 1.0000
5, 252, 0.0219, 0.0002, 100.000, 100.000, 0.987, 0.483, 
[690] Train acc: 1.0000
5, 252, 0.0031, 0.0002, 100.000, 100.000, 0.986, 0.488, 
[705] Train acc: 1.0000
5, 252, 0.0078, 0.0002, 100.000, 100.000, 0.988, 0.485, 
[720] Train acc: 0.9844
5, 252, 0.0540, 0.0002, 98.438, 100.000, 0.986, 0.491, 
[735] Train acc: 0.9844
5, 252, 0.0684, 0.0002, 98.438, 100.000, 0.987, 0.495, 
[750] Train acc: 1.0000
5, 252, 0.0082, 0.0002, 100.000, 100.000, 0.986, 0.497, 
[765] Train acc: 1.0000
5, 252, 0.0112, 0.0002, 100.000, 100.000, 0.983, 0.491, 
[780] Train acc: 0.9531
5, 252, 0.2455, 0.0002, 95.312, 100.000, 0.988, 0.492, 
[795] Train acc: 0.9688
5, 252, 0.0589, 0.0002, 96.875, 100.000, 0.988, 0.486, 
[810] Train acc: 0.9844
5, 252, 0.0220, 0.0002, 98.438, 100.000, 0.986, 0.477, 
[825] Train acc: 1.0000
5, 252, 0.0090, 0.0002, 100.000, 100.000, 0.983, 0.478, 
[840] Train acc: 0.9844
5, 252, 0.0306, 0.0002, 98.438, 100.000, 0.987, 0.501, 
[855] Train acc: 1.0000
5, 252, 0.0127, 0.0002, 100.000, 100.000, 0.985, 0.508, 
[870] Train acc: 0.9688
5, 252, 0.1107, 0.0002, 96.875, 100.000, 0.980, 0.511, 
[885] Train acc: 1.0000
5, 252, 0.0024, 0.0002, 100.000, 100.000, 0.987, 0.483, 
[900] Train acc: 1.0000
5, 252, 0.0236, 0.0002, 100.000, 100.000, 0.987, 0.498, 
[915] Train acc: 0.9844
5, 252, 0.0203, 0.0002, 98.438, 100.000, 0.987, 0.487, 
[930] Train acc: 0.9844
5, 252, 0.0435, 0.0002, 98.438, 100.000, 0.986, 0.483, 
[0] Train acc: 1.0000
6, 252, 0.0085, 0.0002, 100.000, 100.000, 0.985, 0.483, 
[15] Train acc: 1.0000
6, 252, 0.0074, 0.0002, 100.000, 100.000, 0.990, 0.493, 
[30] Train acc: 0.9844
6, 252, 0.0378, 0.0002, 98.438, 100.000, 0.986, 0.486, 
[45] Train acc: 1.0000
6, 252, 0.0035, 0.0002, 100.000, 100.000, 0.989, 0.484, 
[60] Train acc: 1.0000
6, 252, 0.0291, 0.0002, 100.000, 100.000, 0.987, 0.466, 
[75] Train acc: 1.0000
6, 252, 0.0240, 0.0002, 100.000, 100.000, 0.986, 0.502, 
[90] Train acc: 1.0000
6, 252, 0.0225, 0.0002, 100.000, 100.000, 0.987, 0.497, 
[105] Train acc: 0.9688
6, 252, 0.0429, 0.0002, 96.875, 100.000, 0.987, 0.501, 
[120] Train acc: 0.9844
6, 252, 0.0526, 0.0002, 98.438, 100.000, 0.988, 0.505, 
[135] Train acc: 1.0000
6, 252, 0.0031, 0.0002, 100.000, 100.000, 0.988, 0.500, 
[150] Train acc: 1.0000
6, 252, 0.0227, 0.0002, 100.000, 100.000, 0.986, 0.504, 
[165] Train acc: 1.0000
6, 252, 0.0111, 0.0002, 100.000, 100.000, 0.986, 0.487, 
[180] Train acc: 1.0000
6, 252, 0.0106, 0.0002, 100.000, 100.000, 0.988, 0.520, 
[195] Train acc: 0.9688
6, 252, 0.0541, 0.0002, 96.875, 100.000, 0.988, 0.508, 
[210] Train acc: 0.9844
6, 252, 0.0496, 0.0002, 98.438, 100.000, 0.987, 0.505, 
[225] Train acc: 0.9688
6, 252, 0.0520, 0.0002, 96.875, 100.000, 0.989, 0.489, 
[240] Train acc: 1.0000
6, 252, 0.0066, 0.0002, 100.000, 100.000, 0.986, 0.494, 
[255] Train acc: 0.9844
6, 252, 0.0878, 0.0002, 98.438, 100.000, 0.987, 0.488, 
[270] Train acc: 1.0000
6, 252, 0.0132, 0.0002, 100.000, 100.000, 0.988, 0.484, 
[285] Train acc: 0.9688
6, 252, 0.0930, 0.0002, 96.875, 100.000, 0.988, 0.484, 
[300] Train acc: 0.9844
6, 252, 0.1033, 0.0002, 98.438, 100.000, 0.985, 0.499, 
[315] Train acc: 1.0000
6, 252, 0.0046, 0.0002, 100.000, 100.000, 0.988, 0.495, 
[330] Train acc: 0.9844
6, 252, 0.0216, 0.0002, 98.438, 100.000, 0.988, 0.491, 
[345] Train acc: 0.9688
6, 252, 0.1465, 0.0002, 96.875, 100.000, 0.989, 0.484, 
[360] Train acc: 0.9844
6, 252, 0.0298, 0.0002, 98.438, 100.000, 0.990, 0.491, 
[375] Train acc: 0.9844
6, 252, 0.0448, 0.0003, 98.438, 100.000, 0.984, 0.475, 
[390] Train acc: 0.9844
6, 252, 0.0541, 0.0002, 98.438, 100.000, 0.987, 0.487, 
[405] Train acc: 1.0000
6, 252, 0.0164, 0.0002, 100.000, 100.000, 0.984, 0.485, 
[420] Train acc: 1.0000
6, 252, 0.0045, 0.0002, 100.000, 100.000, 0.985, 0.480, 
[435] Train acc: 1.0000
6, 252, 0.0035, 0.0002, 100.000, 100.000, 0.988, 0.489, 
[450] Train acc: 1.0000
6, 252, 0.0090, 0.0002, 100.000, 100.000, 0.986, 0.495, 
[465] Train acc: 0.9844
6, 252, 0.0272, 0.0002, 98.438, 100.000, 0.989, 0.482, 
[480] Train acc: 1.0000
6, 252, 0.0067, 0.0002, 100.000, 100.000, 0.988, 0.500, 
[495] Train acc: 1.0000
6, 252, 0.0115, 0.0002, 100.000, 100.000, 0.987, 0.485, 
[510] Train acc: 0.9688
6, 252, 0.1064, 0.0002, 96.875, 100.000, 0.986, 0.489, 
[525] Train acc: 0.9688
6, 252, 0.0514, 0.0002, 96.875, 100.000, 0.991, 0.483, 
[540] Train acc: 0.9844
6, 252, 0.0582, 0.0002, 98.438, 100.000, 0.986, 0.493, 
[555] Train acc: 1.0000
6, 252, 0.0139, 0.0002, 100.000, 100.000, 0.989, 0.495, 
[570] Train acc: 0.9688
6, 252, 0.0436, 0.0002, 96.875, 100.000, 0.989, 0.509, 
[585] Train acc: 0.9844
6, 252, 0.0471, 0.0002, 98.438, 100.000, 0.988, 0.499, 
[600] Train acc: 1.0000
6, 252, 0.0010, 0.0002, 100.000, 100.000, 0.986, 0.488, 
[615] Train acc: 1.0000
6, 252, 0.0274, 0.0002, 100.000, 100.000, 0.989, 0.506, 
[630] Train acc: 0.9844
6, 252, 0.0533, 0.0002, 98.438, 100.000, 0.981, 0.515, 
[645] Train acc: 1.0000
6, 252, 0.0045, 0.0002, 100.000, 100.000, 0.989, 0.508, 
[660] Train acc: 1.0000
6, 252, 0.0103, 0.0002, 100.000, 100.000, 0.988, 0.500, 
[675] Train acc: 1.0000
6, 252, 0.0031, 0.0002, 100.000, 100.000, 0.990, 0.507, 
[690] Train acc: 1.0000
6, 252, 0.0067, 0.0002, 100.000, 100.000, 0.988, 0.507, 
[705] Train acc: 1.0000
6, 252, 0.0077, 0.0002, 100.000, 100.000, 0.986, 0.510, 
[720] Train acc: 0.9844
6, 252, 0.0290, 0.0002, 98.438, 100.000, 0.985, 0.498, 
[735] Train acc: 0.9844
6, 252, 0.0469, 0.0002, 98.438, 100.000, 0.988, 0.500, 
[750] Train acc: 0.9844
6, 252, 0.0277, 0.0002, 98.438, 100.000, 0.990, 0.504, 
[765] Train acc: 1.0000
6, 252, 0.0017, 0.0002, 100.000, 100.000, 0.989, 0.481, 
[780] Train acc: 1.0000
6, 252, 0.0126, 0.0002, 100.000, 100.000, 0.987, 0.493, 
[795] Train acc: 0.9844
6, 252, 0.0272, 0.0002, 98.438, 100.000, 0.988, 0.494, 
[810] Train acc: 1.0000
6, 252, 0.0162, 0.0002, 100.000, 100.000, 0.988, 0.505, 
[825] Train acc: 0.9688
6, 252, 0.0488, 0.0002, 96.875, 100.000, 0.988, 0.501, 
[840] Train acc: 0.9844
6, 252, 0.0506, 0.0002, 98.438, 100.000, 0.987, 0.491, 
[855] Train acc: 1.0000
6, 252, 0.0059, 0.0002, 100.000, 100.000, 0.987, 0.508, 
[870] Train acc: 1.0000
6, 252, 0.0069, 0.0002, 100.000, 100.000, 0.987, 0.505, 
[885] Train acc: 0.9688
6, 252, 0.0715, 0.0002, 96.875, 100.000, 0.987, 0.511, 
[900] Train acc: 1.0000
6, 252, 0.0087, 0.0002, 100.000, 100.000, 0.989, 0.493, 
[915] Train acc: 1.0000
6, 252, 0.0105, 0.0002, 100.000, 100.000, 0.988, 0.507, 
[930] Train acc: 1.0000
6, 252, 0.0081, 0.0002, 100.000, 100.000, 0.987, 0.497, 
[0] Train acc: 1.0000, Constr acc: 0.7812, CE loss: 0.005, DL2 loss: 24.010
7, 252, 0.0049, 0.0026, 100.000, 100.000, 0.409, 0.467, 
[15] Train acc: 0.3750, Constr acc: 0.3438, CE loss: 8.515, DL2 loss: 51.234
7, 251, 8.5153, 0.0018, 37.500, 87.500, 0.410, 0.456, 
[30] Train acc: 0.7188, Constr acc: 0.7812, CE loss: 1.864, DL2 loss: 20.548
7, 250, 1.8637, 0.0008, 71.875, 92.188, 0.724, 0.557, 
[45] Train acc: 0.8125, Constr acc: 0.7812, CE loss: 0.948, DL2 loss: 17.389
7, 249, 0.9483, 0.0007, 81.250, 98.438, 0.780, 0.619, 
[60] Train acc: 0.8906, Constr acc: 0.8750, CE loss: 0.403, DL2 loss: 14.041
7, 248, 0.4027, 0.0005, 89.062, 100.000, 0.841, 0.616, 
[75] Train acc: 0.8750, Constr acc: 0.9062, CE loss: 0.650, DL2 loss: 9.879
7, 247, 0.6496, 0.0004, 87.500, 98.438, 0.870, 0.608, 
[90] Train acc: 0.9375, Constr acc: 0.8438, CE loss: 0.364, DL2 loss: 17.144
7, 246, 0.3639, 0.0006, 93.750, 100.000, 0.835, 0.579, 
[105] Train acc: 0.5781, Constr acc: 0.7812, CE loss: 3.147, DL2 loss: 18.981
7, 245, 3.1475, 0.0005, 57.812, 96.875, 0.831, 0.564, 
[120] Train acc: 0.8438, Constr acc: 0.8125, CE loss: 0.951, DL2 loss: 11.741
7, 244, 0.9514, 0.0006, 84.375, 100.000, 0.807, 0.511, 
[135] Train acc: 0.9062, Constr acc: 0.9062, CE loss: 0.557, DL2 loss: 3.995
7, 243, 0.5574, 0.0005, 90.625, 98.438, 0.857, 0.582, 
[150] Train acc: 0.8125, Constr acc: 0.6875, CE loss: 1.404, DL2 loss: 28.629
7, 242, 1.4039, 0.0009, 81.250, 100.000, 0.771, 0.565, 
[165] Train acc: 0.9375, Constr acc: 0.8438, CE loss: 0.556, DL2 loss: 17.962
7, 241, 0.5558, 0.0004, 93.750, 98.438, 0.891, 0.608, 
[180] Train acc: 0.9375, Constr acc: 0.8750, CE loss: 0.363, DL2 loss: 8.586
7, 240, 0.3627, 0.0005, 93.750, 100.000, 0.842, 0.619, 
[195] Train acc: 0.7344, Constr acc: 0.7500, CE loss: 2.045, DL2 loss: 21.993
7, 239, 2.0451, 0.0018, 73.438, 95.312, 0.583, 0.577, 
[210] Train acc: 0.9688, Constr acc: 0.8125, CE loss: 0.163, DL2 loss: 12.737
7, 238, 0.1629, 0.0003, 96.875, 100.000, 0.897, 0.598, 
[225] Train acc: 0.8750, Constr acc: 0.8438, CE loss: 0.699, DL2 loss: 18.671
7, 237, 0.6994, 0.0003, 87.500, 98.438, 0.895, 0.603, 
[240] Train acc: 0.9062, Constr acc: 0.8750, CE loss: 0.706, DL2 loss: 11.438
7, 236, 0.7059, 0.0003, 90.625, 100.000, 0.884, 0.622, 
[255] Train acc: 0.9688, Constr acc: 0.9062, CE loss: 0.104, DL2 loss: 6.174
7, 235, 0.1036, 0.0002, 96.875, 100.000, 0.935, 0.605, 
[270] Train acc: 0.9219, Constr acc: 0.8750, CE loss: 0.530, DL2 loss: 18.412
7, 234, 0.5304, 0.0003, 92.188, 100.000, 0.918, 0.603, 
[285] Train acc: 0.8750, Constr acc: 0.7812, CE loss: 0.859, DL2 loss: 23.528
7, 233, 0.8589, 0.0003, 87.500, 98.438, 0.916, 0.594, 
[300] Train acc: 0.9219, Constr acc: 0.9062, CE loss: 0.486, DL2 loss: 7.256
7, 232, 0.4863, 0.0003, 92.188, 100.000, 0.911, 0.607, 
[315] Train acc: 0.9219, Constr acc: 0.9375, CE loss: 0.592, DL2 loss: 8.857
7, 231, 0.5916, 0.0003, 92.188, 100.000, 0.922, 0.579, 
[330] Train acc: 0.9062, Constr acc: 0.8438, CE loss: 0.527, DL2 loss: 14.901
7, 230, 0.5270, 0.0003, 90.625, 100.000, 0.900, 0.566, 
[345] Train acc: 0.9062, Constr acc: 0.8750, CE loss: 0.801, DL2 loss: 10.503
7, 229, 0.8010, 0.0002, 90.625, 100.000, 0.935, 0.573, 
[360] Train acc: 0.8125, Constr acc: 0.8438, CE loss: 1.079, DL2 loss: 11.701
7, 228, 1.0791, 0.0006, 81.250, 95.312, 0.828, 0.549, 
[375] Train acc: 0.8281, Constr acc: 0.9688, CE loss: 0.783, DL2 loss: 5.575
7, 227, 0.7831, 0.0003, 82.812, 98.438, 0.909, 0.560, 
[390] Train acc: 0.7812, Constr acc: 0.8438, CE loss: 1.673, DL2 loss: 10.871
7, 226, 1.6727, 0.0004, 78.125, 96.875, 0.888, 0.482, 
[405] Train acc: 0.9375, Constr acc: 0.8125, CE loss: 0.333, DL2 loss: 12.073
7, 225, 0.3335, 0.0004, 93.750, 100.000, 0.886, 0.590, 
[420] Train acc: 0.8594, Constr acc: 0.9062, CE loss: 0.539, DL2 loss: 9.565
7, 224, 0.5389, 0.0003, 85.938, 98.438, 0.926, 0.537, 
[435] Train acc: 0.9688, Constr acc: 0.9062, CE loss: 0.290, DL2 loss: 9.792
7, 223, 0.2901, 0.0002, 96.875, 100.000, 0.935, 0.545, 
[450] Train acc: 0.9688, Constr acc: 0.8125, CE loss: 0.215, DL2 loss: 13.037
7, 222, 0.2154, 0.0003, 96.875, 100.000, 0.917, 0.572, 
[465] Train acc: 0.9688, Constr acc: 0.8750, CE loss: 0.144, DL2 loss: 17.781
7, 221, 0.1440, 0.0002, 96.875, 100.000, 0.948, 0.598, 
[480] Train acc: 0.9062, Constr acc: 0.8125, CE loss: 0.886, DL2 loss: 12.360
7, 220, 0.8863, 0.0002, 90.625, 98.438, 0.928, 0.600, 
[495] Train acc: 0.9531, Constr acc: 0.9688, CE loss: 0.374, DL2 loss: 2.884
7, 219, 0.3744, 0.0002, 95.312, 100.000, 0.950, 0.620, 
[510] Train acc: 0.9219, Constr acc: 0.7812, CE loss: 0.529, DL2 loss: 21.794
7, 218, 0.5287, 0.0003, 92.188, 100.000, 0.915, 0.590, 
[525] Train acc: 0.8906, Constr acc: 0.8438, CE loss: 0.633, DL2 loss: 18.629
7, 217, 0.6328, 0.0006, 89.062, 100.000, 0.801, 0.505, 
[540] Train acc: 0.8750, Constr acc: 0.9062, CE loss: 0.708, DL2 loss: 6.461
7, 216, 0.7084, 0.0011, 87.500, 100.000, 0.759, 0.566, 
[555] Train acc: 0.8125, Constr acc: 0.8125, CE loss: 1.181, DL2 loss: 19.810
7, 215, 1.1809, 0.0003, 81.250, 100.000, 0.895, 0.598, 
[570] Train acc: 0.8906, Constr acc: 0.9688, CE loss: 0.745, DL2 loss: 3.840
7, 214, 0.7448, 0.0003, 89.062, 100.000, 0.925, 0.606, 
[585] Train acc: 0.8906, Constr acc: 0.9688, CE loss: 0.541, DL2 loss: 3.123
7, 213, 0.5411, 0.0003, 89.062, 100.000, 0.928, 0.587, 
[600] Train acc: 0.9219, Constr acc: 0.8750, CE loss: 0.322, DL2 loss: 10.725
7, 212, 0.3221, 0.0002, 92.188, 100.000, 0.932, 0.571, 
[615] Train acc: 0.9688, Constr acc: 0.9062, CE loss: 0.185, DL2 loss: 10.794
7, 211, 0.1846, 0.0003, 96.875, 100.000, 0.925, 0.576, 
[630] Train acc: 0.9219, Constr acc: 0.8750, CE loss: 0.499, DL2 loss: 10.767
7, 210, 0.4994, 0.0002, 92.188, 100.000, 0.929, 0.598, 
[645] Train acc: 0.9375, Constr acc: 0.7812, CE loss: 0.716, DL2 loss: 20.780
7, 209, 0.7159, 0.0004, 93.750, 100.000, 0.878, 0.550, 
[660] Train acc: 0.9531, Constr acc: 0.9375, CE loss: 0.079, DL2 loss: 8.114
7, 208, 0.0790, 0.0002, 95.312, 100.000, 0.936, 0.575, 
[675] Train acc: 0.9062, Constr acc: 0.7812, CE loss: 0.665, DL2 loss: 24.770
7, 207, 0.6648, 0.0005, 90.625, 100.000, 0.864, 0.580, 
[690] Train acc: 0.7656, Constr acc: 0.9062, CE loss: 2.462, DL2 loss: 11.927
7, 206, 2.4618, 0.0004, 76.562, 98.438, 0.867, 0.585, 
[705] Train acc: 0.8750, Constr acc: 0.8750, CE loss: 0.718, DL2 loss: 12.121
7, 205, 0.7180, 0.0004, 87.500, 98.438, 0.889, 0.587, 
[720] Train acc: 0.9219, Constr acc: 0.8750, CE loss: 0.528, DL2 loss: 13.418
7, 204, 0.5283, 0.0002, 92.188, 100.000, 0.929, 0.583, 
[735] Train acc: 0.9219, Constr acc: 0.8438, CE loss: 0.290, DL2 loss: 14.537
7, 203, 0.2897, 0.0002, 92.188, 100.000, 0.932, 0.611, 
[750] Train acc: 0.9531, Constr acc: 0.9062, CE loss: 0.363, DL2 loss: 9.183
7, 202, 0.3632, 0.0002, 95.312, 100.000, 0.948, 0.594, 
[765] Train acc: 0.9531, Constr acc: 0.9375, CE loss: 0.094, DL2 loss: 5.257
7, 201, 0.0941, 0.0003, 95.312, 100.000, 0.894, 0.580, 
[780] Train acc: 0.9219, Constr acc: 0.9062, CE loss: 0.599, DL2 loss: 12.119
7, 200, 0.5994, 0.0003, 92.188, 98.438, 0.916, 0.584, 
[795] Train acc: 0.9219, Constr acc: 0.8750, CE loss: 0.580, DL2 loss: 11.929
7, 199, 0.5801, 0.0003, 92.188, 100.000, 0.902, 0.603, 
[810] Train acc: 0.9375, Constr acc: 0.9062, CE loss: 0.390, DL2 loss: 11.543
7, 198, 0.3897, 0.0002, 93.750, 100.000, 0.936, 0.598, 
[825] Train acc: 0.8906, Constr acc: 0.8125, CE loss: 0.571, DL2 loss: 17.257
7, 197, 0.5713, 0.0003, 89.062, 98.438, 0.902, 0.589, 
[840] Train acc: 0.8750, Constr acc: 0.9688, CE loss: 1.235, DL2 loss: 4.251
7, 196, 1.2346, 0.0004, 87.500, 100.000, 0.879, 0.578, 
[855] Train acc: 0.9375, Constr acc: 0.8438, CE loss: 0.289, DL2 loss: 17.999
7, 195, 0.2889, 0.0002, 93.750, 98.438, 0.934, 0.559, 
[870] Train acc: 0.9531, Constr acc: 0.9375, CE loss: 0.273, DL2 loss: 5.188
7, 194, 0.2733, 0.0002, 95.312, 98.438, 0.954, 0.579, 
[885] Train acc: 0.8906, Constr acc: 0.9062, CE loss: 0.522, DL2 loss: 14.997
7, 193, 0.5223, 0.0002, 89.062, 100.000, 0.935, 0.570, 
[900] Train acc: 0.9531, Constr acc: 0.9062, CE loss: 0.290, DL2 loss: 9.792
7, 192, 0.2896, 0.0003, 95.312, 100.000, 0.919, 0.603, 
[915] Train acc: 0.8906, Constr acc: 0.8438, CE loss: 0.547, DL2 loss: 14.480
7, 191, 0.5465, 0.0003, 89.062, 100.000, 0.907, 0.573, 
[930] Train acc: 0.9375, Constr acc: 0.8438, CE loss: 0.390, DL2 loss: 8.046
7, 190, 0.3896, 0.0003, 93.750, 100.000, 0.928, 0.577, 
[0] Train acc: 0.8906, Constr acc: 0.9375, CE loss: 1.185, DL2 loss: 9.848
8, 190, 1.1853, 0.0005, 89.062, 100.000, 0.834, 0.580, 
[15] Train acc: 0.9375, Constr acc: 0.9375, CE loss: 0.318, DL2 loss: 7.498
8, 189, 0.3176, 0.0003, 93.750, 100.000, 0.913, 0.583, 
[30] Train acc: 0.9531, Constr acc: 0.8750, CE loss: 0.196, DL2 loss: 12.527
8, 188, 0.1959, 0.0002, 95.312, 100.000, 0.948, 0.585, 
[45] Train acc: 0.8125, Constr acc: 0.6875, CE loss: 1.308, DL2 loss: 34.766
8, 187, 1.3075, 0.0005, 81.250, 100.000, 0.856, 0.567, 
[60] Train acc: 0.9219, Constr acc: 0.7812, CE loss: 0.754, DL2 loss: 19.166
8, 186, 0.7537, 0.0003, 92.188, 98.438, 0.933, 0.582, 
[75] Train acc: 0.8750, Constr acc: 0.7812, CE loss: 1.369, DL2 loss: 21.164
8, 185, 1.3690, 0.0004, 87.500, 98.438, 0.884, 0.576, 
[90] Train acc: 0.9219, Constr acc: 0.9062, CE loss: 0.616, DL2 loss: 9.623
8, 184, 0.6156, 0.0003, 92.188, 98.438, 0.915, 0.569, 
[105] Train acc: 0.9375, Constr acc: 0.9375, CE loss: 0.398, DL2 loss: 6.633
8, 183, 0.3977, 0.0003, 93.750, 98.438, 0.917, 0.579, 
[120] Train acc: 0.9688, Constr acc: 0.9688, CE loss: 0.416, DL2 loss: 1.224
8, 182, 0.4163, 0.0002, 96.875, 100.000, 0.941, 0.599, 
[135] Train acc: 0.9688, Constr acc: 0.8438, CE loss: 0.106, DL2 loss: 12.236
8, 181, 0.1059, 0.0004, 96.875, 100.000, 0.877, 0.592, 
[150] Train acc: 0.9219, Constr acc: 0.8438, CE loss: 0.526, DL2 loss: 15.473
8, 180, 0.5260, 0.0003, 92.188, 100.000, 0.925, 0.594, 
[165] Train acc: 0.9219, Constr acc: 0.8438, CE loss: 0.670, DL2 loss: 10.663
8, 179, 0.6703, 0.0005, 92.188, 100.000, 0.845, 0.549, 
[180] Train acc: 0.9062, Constr acc: 0.9688, CE loss: 0.490, DL2 loss: 5.469
8, 178, 0.4901, 0.0003, 90.625, 100.000, 0.896, 0.570, 
[195] Train acc: 0.9844, Constr acc: 0.9375, CE loss: 0.329, DL2 loss: 7.516
8, 177, 0.3291, 0.0003, 98.438, 100.000, 0.924, 0.569, 
[210] Train acc: 0.9844, Constr acc: 0.7188, CE loss: 0.154, DL2 loss: 29.461
8, 176, 0.1537, 0.0002, 98.438, 100.000, 0.938, 0.594, 
[225] Train acc: 0.8125, Constr acc: 1.0000, CE loss: 0.873, DL2 loss: 0.000
8, 175, 0.8734, 0.0005, 81.250, 100.000, 0.869, 0.569, 
[240] Train acc: 0.8125, Constr acc: 0.9375, CE loss: 1.796, DL2 loss: 7.186
8, 174, 1.7957, 0.0003, 81.250, 96.875, 0.905, 0.618, 
[255] Train acc: 0.9375, Constr acc: 0.8125, CE loss: 0.273, DL2 loss: 18.938
8, 173, 0.2735, 0.0003, 93.750, 100.000, 0.935, 0.616, 
[270] Train acc: 0.9219, Constr acc: 0.9688, CE loss: 0.735, DL2 loss: 3.771
8, 172, 0.7348, 0.0002, 92.188, 98.438, 0.937, 0.629, 
[285] Train acc: 0.8906, Constr acc: 0.9062, CE loss: 0.755, DL2 loss: 8.875
8, 171, 0.7552, 0.0003, 89.062, 100.000, 0.931, 0.599, 
[300] Train acc: 0.8594, Constr acc: 0.9062, CE loss: 1.213, DL2 loss: 10.102
8, 170, 1.2127, 0.0008, 85.938, 96.875, 0.797, 0.575, 
[315] Train acc: 0.9062, Constr acc: 0.8750, CE loss: 0.332, DL2 loss: 11.407
8, 169, 0.3316, 0.0003, 90.625, 98.438, 0.921, 0.593, 
[330] Train acc: 0.9375, Constr acc: 0.9375, CE loss: 0.169, DL2 loss: 2.238
8, 168, 0.1692, 0.0002, 93.750, 100.000, 0.951, 0.605, 
[345] Train acc: 0.8594, Constr acc: 0.8750, CE loss: 1.320, DL2 loss: 16.279
8, 167, 1.3197, 0.0003, 85.938, 96.875, 0.916, 0.589, 
[360] Train acc: 0.8750, Constr acc: 0.8125, CE loss: 0.977, DL2 loss: 15.795
8, 166, 0.9774, 0.0003, 87.500, 100.000, 0.927, 0.584, 
[375] Train acc: 0.9219, Constr acc: 0.9375, CE loss: 0.474, DL2 loss: 4.874
8, 165, 0.4738, 0.0003, 92.188, 100.000, 0.921, 0.578, 
[390] Train acc: 0.9531, Constr acc: 0.8750, CE loss: 0.245, DL2 loss: 9.613
8, 164, 0.2453, 0.0003, 95.312, 100.000, 0.921, 0.582, 
[405] Train acc: 0.9062, Constr acc: 0.9688, CE loss: 0.558, DL2 loss: 4.455
8, 163, 0.5576, 0.0003, 90.625, 100.000, 0.903, 0.586, 
[420] Train acc: 0.9688, Constr acc: 0.8750, CE loss: 0.129, DL2 loss: 10.767
8, 162, 0.1285, 0.0002, 96.875, 100.000, 0.944, 0.580, 
[435] Train acc: 0.9062, Constr acc: 0.9062, CE loss: 0.957, DL2 loss: 4.713
8, 161, 0.9565, 0.0003, 90.625, 98.438, 0.922, 0.599, 
[450] Train acc: 0.9062, Constr acc: 0.8750, CE loss: 0.841, DL2 loss: 10.724
8, 160, 0.8406, 0.0004, 90.625, 98.438, 0.873, 0.572, 
[465] Train acc: 0.8906, Constr acc: 0.8750, CE loss: 0.598, DL2 loss: 9.611
8, 159, 0.5978, 0.0002, 89.062, 100.000, 0.944, 0.587, 
[480] Train acc: 0.9219, Constr acc: 0.8750, CE loss: 0.310, DL2 loss: 8.701
8, 158, 0.3104, 0.0003, 92.188, 100.000, 0.927, 0.539, 
[495] Train acc: 0.9844, Constr acc: 0.8750, CE loss: 0.032, DL2 loss: 11.057
8, 157, 0.0320, 0.0003, 98.438, 100.000, 0.941, 0.556, 
[510] Train acc: 0.9844, Constr acc: 0.9375, CE loss: 0.045, DL2 loss: 5.580
8, 156, 0.0453, 0.0003, 98.438, 100.000, 0.931, 0.546, 
[525] Train acc: 0.9688, Constr acc: 0.9688, CE loss: 0.085, DL2 loss: 2.756
8, 155, 0.0846, 0.0002, 96.875, 100.000, 0.955, 0.581, 
[540] Train acc: 0.9375, Constr acc: 0.7812, CE loss: 0.474, DL2 loss: 21.823
8, 154, 0.4743, 0.0002, 93.750, 100.000, 0.951, 0.578, 
[555] Train acc: 0.9375, Constr acc: 0.9375, CE loss: 0.789, DL2 loss: 8.455
8, 153, 0.7887, 0.0002, 93.750, 100.000, 0.959, 0.597, 
[570] Train acc: 0.9844, Constr acc: 0.9688, CE loss: 0.060, DL2 loss: 4.784
8, 152, 0.0604, 0.0003, 98.438, 100.000, 0.941, 0.549, 
[585] Train acc: 0.9062, Constr acc: 0.8438, CE loss: 0.441, DL2 loss: 11.330
8, 151, 0.4408, 0.0004, 90.625, 100.000, 0.887, 0.546, 
[600] Train acc: 0.8438, Constr acc: 0.8438, CE loss: 0.793, DL2 loss: 10.543
8, 150, 0.7932, 0.0004, 84.375, 100.000, 0.884, 0.558, 
[615] Train acc: 0.8750, Constr acc: 0.9375, CE loss: 0.834, DL2 loss: 4.897
8, 149, 0.8345, 0.0004, 87.500, 98.438, 0.904, 0.527, 
[630] Train acc: 0.9219, Constr acc: 0.9062, CE loss: 0.690, DL2 loss: 9.084
8, 148, 0.6900, 0.0003, 92.188, 98.438, 0.923, 0.541, 
[645] Train acc: 0.8906, Constr acc: 0.8438, CE loss: 0.914, DL2 loss: 15.138
8, 147, 0.9138, 0.0004, 89.062, 100.000, 0.897, 0.536, 
[660] Train acc: 0.9219, Constr acc: 0.8438, CE loss: 0.735, DL2 loss: 15.291
8, 146, 0.7346, 0.0003, 92.188, 100.000, 0.927, 0.561, 
[675] Train acc: 0.9688, Constr acc: 0.9062, CE loss: 0.176, DL2 loss: 7.081
8, 145, 0.1756, 0.0004, 96.875, 100.000, 0.899, 0.559, 
[690] Train acc: 0.8438, Constr acc: 0.7812, CE loss: 1.402, DL2 loss: 24.841
8, 144, 1.4024, 0.0006, 84.375, 100.000, 0.826, 0.581, 
[705] Train acc: 0.9375, Constr acc: 0.9062, CE loss: 0.784, DL2 loss: 8.143
8, 143, 0.7843, 0.0003, 93.750, 95.312, 0.934, 0.574, 
[720] Train acc: 0.8594, Constr acc: 0.8125, CE loss: 1.257, DL2 loss: 17.229
8, 142, 1.2570, 0.0004, 85.938, 100.000, 0.886, 0.545, 
[735] Train acc: 0.9375, Constr acc: 0.9062, CE loss: 0.226, DL2 loss: 12.399
8, 141, 0.2258, 0.0003, 93.750, 100.000, 0.941, 0.525, 
[750] Train acc: 0.8906, Constr acc: 0.9375, CE loss: 0.550, DL2 loss: 3.896
8, 140, 0.5497, 0.0003, 89.062, 100.000, 0.945, 0.549, 
[765] Train acc: 0.9844, Constr acc: 0.7812, CE loss: 0.091, DL2 loss: 22.723
8, 139, 0.0912, 0.0003, 98.438, 100.000, 0.926, 0.549, 
[780] Train acc: 0.9688, Constr acc: 0.9062, CE loss: 0.411, DL2 loss: 8.393
8, 138, 0.4114, 0.0003, 96.875, 100.000, 0.929, 0.539, 
[795] Train acc: 0.9844, Constr acc: 0.8125, CE loss: 0.031, DL2 loss: 23.441
8, 137, 0.0313, 0.0003, 98.438, 100.000, 0.926, 0.563, 
[810] Train acc: 0.9844, Constr acc: 0.9375, CE loss: 0.158, DL2 loss: 1.363
8, 136, 0.1579, 0.0002, 98.438, 100.000, 0.954, 0.552, 
[825] Train acc: 0.9531, Constr acc: 0.9375, CE loss: 0.101, DL2 loss: 8.033
8, 135, 0.1006, 0.0002, 95.312, 100.000, 0.954, 0.534, 
[840] Train acc: 0.9531, Constr acc: 0.8750, CE loss: 0.105, DL2 loss: 8.917
8, 134, 0.1045, 0.0003, 95.312, 100.000, 0.947, 0.514, 
[855] Train acc: 0.9375, Constr acc: 0.8125, CE loss: 0.320, DL2 loss: 25.244
8, 133, 0.3204, 0.0003, 93.750, 100.000, 0.916, 0.516, 
[870] Train acc: 0.9219, Constr acc: 0.8438, CE loss: 0.609, DL2 loss: 14.382
8, 132, 0.6089, 0.0003, 92.188, 100.000, 0.947, 0.513, 
[885] Train acc: 0.9375, Constr acc: 0.8438, CE loss: 0.359, DL2 loss: 17.842
8, 131, 0.3592, 0.0003, 93.750, 100.000, 0.918, 0.569, 
[900] Train acc: 0.9062, Constr acc: 0.9062, CE loss: 0.640, DL2 loss: 4.150
8, 130, 0.6400, 0.0003, 90.625, 98.438, 0.907, 0.542, 
[915] Train acc: 0.9688, Constr acc: 0.8438, CE loss: 0.174, DL2 loss: 20.672
8, 129, 0.1744, 0.0002, 96.875, 100.000, 0.952, 0.572, 
[930] Train acc: 0.9375, Constr acc: 0.9375, CE loss: 0.187, DL2 loss: 6.330
8, 128, 0.1874, 0.0002, 93.750, 100.000, 0.954, 0.588, 
[0] Train acc: 0.9219, Constr acc: 0.8125, CE loss: 0.394, DL2 loss: 24.514
9, 127, 0.3941, 0.0002, 92.188, 100.000, 0.959, 0.582, 
[15] Train acc: 0.9531, Constr acc: 0.8750, CE loss: 0.491, DL2 loss: 17.502
9, 126, 0.4907, 0.0002, 95.312, 100.000, 0.962, 0.557, 
[30] Train acc: 0.9844, Constr acc: 0.8125, CE loss: 0.017, DL2 loss: 24.002
9, 125, 0.0170, 0.0003, 98.438, 100.000, 0.929, 0.551, 
[45] Train acc: 0.9219, Constr acc: 0.8750, CE loss: 0.457, DL2 loss: 9.326
9, 124, 0.4574, 0.0002, 92.188, 100.000, 0.956, 0.589, 
[60] Train acc: 0.9688, Constr acc: 0.9375, CE loss: 0.030, DL2 loss: 4.386
9, 123, 0.0303, 0.0002, 96.875, 100.000, 0.959, 0.572, 
[75] Train acc: 0.9219, Constr acc: 0.9375, CE loss: 0.397, DL2 loss: 5.326
9, 122, 0.3974, 0.0002, 92.188, 100.000, 0.956, 0.588, 
[90] Train acc: 0.9531, Constr acc: 0.8125, CE loss: 0.199, DL2 loss: 20.799
9, 121, 0.1992, 0.0003, 95.312, 100.000, 0.935, 0.547, 
[105] Train acc: 0.8906, Constr acc: 0.8750, CE loss: 0.683, DL2 loss: 14.487
9, 120, 0.6832, 0.0002, 89.062, 100.000, 0.940, 0.574, 
[120] Train acc: 0.9375, Constr acc: 0.9062, CE loss: 0.233, DL2 loss: 10.438
9, 119, 0.2327, 0.0002, 93.750, 100.000, 0.951, 0.578, 
[135] Train acc: 0.9531, Constr acc: 0.8750, CE loss: 0.239, DL2 loss: 11.458
9, 118, 0.2386, 0.0002, 95.312, 100.000, 0.957, 0.548, 
[150] Train acc: 0.8906, Constr acc: 0.9375, CE loss: 0.714, DL2 loss: 5.154
9, 117, 0.7144, 0.0002, 89.062, 100.000, 0.942, 0.549, 
[165] Train acc: 0.9062, Constr acc: 0.9062, CE loss: 0.414, DL2 loss: 11.300
9, 116, 0.4143, 0.0002, 90.625, 100.000, 0.952, 0.531, 
[180] Train acc: 0.9219, Constr acc: 0.8438, CE loss: 0.613, DL2 loss: 14.550
9, 115, 0.6132, 0.0003, 92.188, 100.000, 0.925, 0.575, 
[195] Train acc: 0.9688, Constr acc: 0.9375, CE loss: 0.239, DL2 loss: 5.151
9, 114, 0.2394, 0.0002, 96.875, 100.000, 0.945, 0.588, 
[210] Train acc: 0.9531, Constr acc: 0.9062, CE loss: 0.419, DL2 loss: 13.465
9, 113, 0.4189, 0.0002, 95.312, 100.000, 0.959, 0.574, 
[225] Train acc: 0.9531, Constr acc: 0.9062, CE loss: 0.201, DL2 loss: 10.111
9, 112, 0.2011, 0.0002, 95.312, 100.000, 0.947, 0.577, 
[240] Train acc: 0.9531, Constr acc: 0.9062, CE loss: 0.353, DL2 loss: 9.256
9, 111, 0.3529, 0.0002, 95.312, 100.000, 0.948, 0.565, 
[255] Train acc: 0.9688, Constr acc: 0.9375, CE loss: 0.151, DL2 loss: 7.460
9, 110, 0.1512, 0.0003, 96.875, 100.000, 0.944, 0.531, 
[270] Train acc: 0.8281, Constr acc: 0.8125, CE loss: 0.929, DL2 loss: 16.842
9, 109, 0.9294, 0.0003, 82.812, 98.438, 0.951, 0.512, 
[285] Train acc: 0.8594, Constr acc: 0.8438, CE loss: 1.785, DL2 loss: 21.303
9, 108, 1.7848, 0.0005, 85.938, 100.000, 0.835, 0.530, 
[300] Train acc: 0.9531, Constr acc: 0.8750, CE loss: 0.131, DL2 loss: 11.224
9, 107, 0.1314, 0.0003, 95.312, 100.000, 0.953, 0.514, 
[315] Train acc: 0.9531, Constr acc: 0.7812, CE loss: 0.332, DL2 loss: 22.491
9, 106, 0.3323, 0.0003, 95.312, 100.000, 0.959, 0.530, 
[330] Train acc: 0.9688, Constr acc: 0.8750, CE loss: 0.158, DL2 loss: 14.226
9, 105, 0.1578, 0.0003, 96.875, 100.000, 0.950, 0.542, 
[345] Train acc: 0.9531, Constr acc: 0.9062, CE loss: 0.181, DL2 loss: 11.080
9, 104, 0.1814, 0.0003, 95.312, 100.000, 0.945, 0.521, 
[360] Train acc: 0.9375, Constr acc: 0.9375, CE loss: 0.566, DL2 loss: 4.837
9, 103, 0.5664, 0.0004, 93.750, 100.000, 0.931, 0.477, 
[375] Train acc: 0.9531, Constr acc: 0.9375, CE loss: 0.289, DL2 loss: 4.288
9, 102, 0.2891, 0.0003, 95.312, 100.000, 0.944, 0.489, 
[390] Train acc: 0.9219, Constr acc: 0.9062, CE loss: 0.410, DL2 loss: 5.850
9, 101, 0.4098, 0.0003, 92.188, 98.438, 0.953, 0.509, 
[405] Train acc: 0.9688, Constr acc: 0.8125, CE loss: 0.051, DL2 loss: 17.897
9, 100, 0.0513, 0.0003, 96.875, 100.000, 0.942, 0.514, 
[420] Train acc: 0.9844, Constr acc: 0.9062, CE loss: 0.048, DL2 loss: 7.783
9, 99, 0.0480, 0.0002, 98.438, 100.000, 0.961, 0.545, 
[435] Train acc: 0.9531, Constr acc: 0.9688, CE loss: 0.266, DL2 loss: 4.390
9, 98, 0.2658, 0.0003, 95.312, 100.000, 0.938, 0.542, 
[450] Train acc: 0.9375, Constr acc: 0.8750, CE loss: 0.647, DL2 loss: 14.521
9, 97, 0.6470, 0.0004, 93.750, 100.000, 0.906, 0.570, 
[465] Train acc: 0.8750, Constr acc: 0.8750, CE loss: 0.781, DL2 loss: 10.340
9, 96, 0.7805, 0.0003, 87.500, 100.000, 0.936, 0.563, 
[480] Train acc: 0.9219, Constr acc: 0.9062, CE loss: 0.371, DL2 loss: 11.722
9, 95, 0.3714, 0.0004, 92.188, 100.000, 0.917, 0.519, 
[495] Train acc: 0.9688, Constr acc: 0.8438, CE loss: 0.296, DL2 loss: 16.705
9, 94, 0.2960, 0.0003, 96.875, 100.000, 0.937, 0.540, 
[510] Train acc: 0.9844, Constr acc: 0.8438, CE loss: 0.086, DL2 loss: 17.670
9, 93, 0.0861, 0.0003, 98.438, 100.000, 0.939, 0.522, 
[525] Train acc: 0.9531, Constr acc: 0.8750, CE loss: 0.406, DL2 loss: 12.855
9, 92, 0.4056, 0.0003, 95.312, 98.438, 0.949, 0.541, 
[540] Train acc: 1.0000, Constr acc: 0.8750, CE loss: 0.011, DL2 loss: 17.724
9, 91, 0.0109, 0.0003, 100.000, 100.000, 0.950, 0.514, 
[555] Train acc: 0.8594, Constr acc: 0.8125, CE loss: 0.663, DL2 loss: 11.391
9, 90, 0.6633, 0.0006, 85.938, 100.000, 0.850, 0.508, 
[570] Train acc: 0.9375, Constr acc: 0.8750, CE loss: 0.228, DL2 loss: 8.071
9, 89, 0.2280, 0.0004, 93.750, 98.438, 0.897, 0.521, 
[585] Train acc: 0.9844, Constr acc: 0.8438, CE loss: 0.037, DL2 loss: 17.120
9, 88, 0.0371, 0.0005, 98.438, 100.000, 0.894, 0.494, 
[600] Train acc: 0.9219, Constr acc: 0.7500, CE loss: 0.512, DL2 loss: 24.755
9, 87, 0.5115, 0.0004, 92.188, 100.000, 0.953, 0.485, 
[615] Train acc: 0.9844, Constr acc: 0.7812, CE loss: 0.182, DL2 loss: 19.398
9, 86, 0.1825, 0.0003, 98.438, 100.000, 0.955, 0.492, 
[630] Train acc: 0.8906, Constr acc: 0.7812, CE loss: 0.482, DL2 loss: 20.608
9, 85, 0.4816, 0.0005, 89.062, 100.000, 0.844, 0.492, 
[645] Train acc: 0.9375, Constr acc: 0.8750, CE loss: 0.404, DL2 loss: 15.560
9, 84, 0.4040, 0.0004, 93.750, 100.000, 0.942, 0.509, 
[660] Train acc: 0.9688, Constr acc: 0.7812, CE loss: 0.198, DL2 loss: 26.447
9, 83, 0.1981, 0.0004, 96.875, 100.000, 0.938, 0.492, 
[675] Train acc: 0.9062, Constr acc: 0.9375, CE loss: 0.909, DL2 loss: 6.582
9, 82, 0.9092, 0.0004, 90.625, 96.875, 0.938, 0.493, 
[690] Train acc: 0.9375, Constr acc: 1.0000, CE loss: 0.356, DL2 loss: 0.000
9, 81, 0.3559, 0.0004, 93.750, 100.000, 0.918, 0.496, 
[705] Train acc: 0.9062, Constr acc: 0.9062, CE loss: 0.460, DL2 loss: 10.491
9, 80, 0.4599, 0.0003, 90.625, 100.000, 0.935, 0.513, 
[720] Train acc: 0.9219, Constr acc: 0.8438, CE loss: 0.360, DL2 loss: 12.554
9, 79, 0.3602, 0.0003, 92.188, 98.438, 0.951, 0.522, 
[735] Train acc: 0.9531, Constr acc: 0.8750, CE loss: 0.463, DL2 loss: 14.771
9, 78, 0.4634, 0.0003, 95.312, 98.438, 0.957, 0.515, 
[750] Train acc: 1.0000, Constr acc: 0.8438, CE loss: 0.002, DL2 loss: 18.455
9, 77, 0.0017, 0.0002, 100.000, 100.000, 0.960, 0.537, 
[765] Train acc: 0.9375, Constr acc: 0.8438, CE loss: 0.335, DL2 loss: 10.515
9, 76, 0.3353, 0.0002, 93.750, 100.000, 0.961, 0.546, 
[780] Train acc: 0.9219, Constr acc: 0.9375, CE loss: 0.639, DL2 loss: 4.446
9, 75, 0.6392, 0.0002, 92.188, 100.000, 0.964, 0.516, 
[795] Train acc: 0.9531, Constr acc: 0.9062, CE loss: 0.373, DL2 loss: 11.780
9, 74, 0.3733, 0.0003, 95.312, 100.000, 0.941, 0.508, 
[810] Train acc: 0.9531, Constr acc: 0.9062, CE loss: 0.217, DL2 loss: 12.335
9, 73, 0.2168, 0.0003, 95.312, 100.000, 0.953, 0.525, 
[825] Train acc: 0.9531, Constr acc: 0.9375, CE loss: 0.416, DL2 loss: 6.657
9, 72, 0.4158, 0.0003, 95.312, 98.438, 0.954, 0.530, 
[840] Train acc: 0.9219, Constr acc: 0.9375, CE loss: 0.482, DL2 loss: 8.836
9, 71, 0.4817, 0.0002, 92.188, 100.000, 0.962, 0.528, 
[855] Train acc: 0.9375, Constr acc: 0.8438, CE loss: 0.536, DL2 loss: 12.221
9, 70, 0.5362, 0.0003, 93.750, 98.438, 0.953, 0.501, 
[870] Train acc: 0.9375, Constr acc: 0.8125, CE loss: 0.646, DL2 loss: 21.959
9, 69, 0.6457, 0.0003, 93.750, 100.000, 0.948, 0.487, 
[885] Train acc: 0.9688, Constr acc: 0.9062, CE loss: 0.154, DL2 loss: 12.128
9, 68, 0.1536, 0.0004, 96.875, 100.000, 0.941, 0.484, 
[900] Train acc: 0.9688, Constr acc: 0.8750, CE loss: 0.322, DL2 loss: 16.525
9, 67, 0.3222, 0.0003, 96.875, 100.000, 0.949, 0.530, 
[915] Train acc: 0.9531, Constr acc: 0.9062, CE loss: 0.362, DL2 loss: 9.087
9, 66, 0.3617, 0.0003, 95.312, 100.000, 0.945, 0.535, 
[930] Train acc: 0.9375, Constr acc: 0.9062, CE loss: 0.457, DL2 loss: 9.848
9, 65, 0.4573, 0.0003, 93.750, 100.000, 0.923, 0.574, 
[0] Train acc: 0.8906, Constr acc: 0.9375, CE loss: 0.469, DL2 loss: 7.729
10, 65, 0.4695, 0.0003, 89.062, 100.000, 0.944, 0.552, 
[15] Train acc: 0.8906, Constr acc: 0.8438, CE loss: 0.514, DL2 loss: 10.772
10, 64, 0.5139, 0.0002, 89.062, 98.438, 0.959, 0.567, 
[30] Train acc: 0.9688, Constr acc: 0.9062, CE loss: 0.131, DL2 loss: 10.510
10, 63, 0.1313, 0.0002, 96.875, 100.000, 0.961, 0.560, 
[45] Train acc: 0.8906, Constr acc: 0.9062, CE loss: 0.809, DL2 loss: 11.638
10, 62, 0.8095, 0.0003, 89.062, 100.000, 0.920, 0.539, 
[60] Train acc: 0.8594, Constr acc: 0.6562, CE loss: 1.910, DL2 loss: 26.410
10, 61, 1.9102, 0.0005, 85.938, 100.000, 0.861, 0.553, 
[75] Train acc: 0.9688, Constr acc: 0.9062, CE loss: 0.060, DL2 loss: 11.492
10, 60, 0.0596, 0.0002, 96.875, 100.000, 0.963, 0.525, 
[90] Train acc: 0.9062, Constr acc: 0.8125, CE loss: 0.328, DL2 loss: 17.685
10, 59, 0.3277, 0.0003, 90.625, 100.000, 0.933, 0.497, 
[105] Train acc: 0.9375, Constr acc: 0.9062, CE loss: 0.210, DL2 loss: 8.679
10, 58, 0.2098, 0.0003, 93.750, 100.000, 0.935, 0.524, 
[120] Train acc: 0.9688, Constr acc: 0.9062, CE loss: 0.037, DL2 loss: 11.510
10, 57, 0.0375, 0.0003, 96.875, 100.000, 0.935, 0.515, 
[135] Train acc: 0.9219, Constr acc: 0.8125, CE loss: 0.233, DL2 loss: 19.969
10, 56, 0.2325, 0.0003, 92.188, 100.000, 0.937, 0.512, 
[150] Train acc: 0.9375, Constr acc: 0.8125, CE loss: 0.344, DL2 loss: 19.065
10, 55, 0.3441, 0.0003, 93.750, 100.000, 0.920, 0.500, 
[165] Train acc: 0.9531, Constr acc: 0.9688, CE loss: 0.599, DL2 loss: 2.764
10, 54, 0.5993, 0.0003, 95.312, 100.000, 0.920, 0.535, 
[180] Train acc: 0.9219, Constr acc: 0.9375, CE loss: 0.316, DL2 loss: 7.666
10, 53, 0.3157, 0.0003, 92.188, 100.000, 0.942, 0.546, 
[195] Train acc: 0.9531, Constr acc: 0.9375, CE loss: 0.210, DL2 loss: 7.762
10, 52, 0.2102, 0.0002, 95.312, 100.000, 0.955, 0.538, 
[210] Train acc: 0.9688, Constr acc: 0.8438, CE loss: 0.131, DL2 loss: 16.349
10, 51, 0.1313, 0.0003, 96.875, 100.000, 0.953, 0.566, 
[225] Train acc: 0.9844, Constr acc: 0.9062, CE loss: 0.093, DL2 loss: 7.785
10, 50, 0.0931, 0.0002, 98.438, 100.000, 0.959, 0.540, 
[240] Train acc: 0.9062, Constr acc: 0.8750, CE loss: 0.341, DL2 loss: 9.358
10, 49, 0.3412, 0.0004, 90.625, 98.438, 0.880, 0.538, 
[255] Train acc: 0.8750, Constr acc: 0.8438, CE loss: 0.472, DL2 loss: 10.313
10, 48, 0.4718, 0.0006, 87.500, 100.000, 0.855, 0.513, 
[270] Train acc: 0.8125, Constr acc: 0.8125, CE loss: 1.189, DL2 loss: 17.415
10, 47, 1.1887, 0.0006, 81.250, 100.000, 0.821, 0.556, 
[285] Train acc: 0.9062, Constr acc: 0.7812, CE loss: 0.486, DL2 loss: 23.520
10, 46, 0.4865, 0.0003, 90.625, 96.875, 0.936, 0.558, 
[300] Train acc: 0.9531, Constr acc: 0.8125, CE loss: 0.272, DL2 loss: 13.068
10, 45, 0.2722, 0.0003, 95.312, 100.000, 0.937, 0.548, 
[315] Train acc: 0.8906, Constr acc: 0.8438, CE loss: 0.512, DL2 loss: 16.602
10, 44, 0.5121, 0.0003, 89.062, 100.000, 0.938, 0.574, 
[330] Train acc: 0.9688, Constr acc: 0.9062, CE loss: 0.847, DL2 loss: 6.000
10, 43, 0.8471, 0.0003, 96.875, 98.438, 0.933, 0.566, 
[345] Train acc: 0.9062, Constr acc: 0.8125, CE loss: 0.445, DL2 loss: 14.734
10, 42, 0.4449, 0.0005, 90.625, 98.438, 0.883, 0.502, 
[360] Train acc: 0.9531, Constr acc: 0.8750, CE loss: 0.317, DL2 loss: 12.553
10, 41, 0.3169, 0.0003, 95.312, 96.875, 0.941, 0.560, 
[375] Train acc: 0.9219, Constr acc: 0.7812, CE loss: 0.261, DL2 loss: 22.535
10, 40, 0.2613, 0.0003, 92.188, 100.000, 0.942, 0.548, 
[390] Train acc: 0.9688, Constr acc: 0.7500, CE loss: 0.078, DL2 loss: 24.325
10, 39, 0.0779, 0.0003, 96.875, 100.000, 0.939, 0.551, 
[405] Train acc: 0.9531, Constr acc: 0.8438, CE loss: 0.184, DL2 loss: 14.469
10, 38, 0.1843, 0.0004, 95.312, 100.000, 0.890, 0.549, 
[420] Train acc: 0.9688, Constr acc: 0.8438, CE loss: 0.244, DL2 loss: 14.589
10, 37, 0.2438, 0.0005, 96.875, 100.000, 0.878, 0.555, 
[435] Train acc: 0.8438, Constr acc: 0.8750, CE loss: 1.072, DL2 loss: 13.236
10, 36, 1.0721, 0.0004, 84.375, 98.438, 0.893, 0.531, 
[450] Train acc: 0.8906, Constr acc: 0.8438, CE loss: 0.711, DL2 loss: 14.409
10, 35, 0.7107, 0.0004, 89.062, 98.438, 0.904, 0.531, 
[465] Train acc: 0.8438, Constr acc: 0.8750, CE loss: 0.644, DL2 loss: 10.795
10, 34, 0.6442, 0.0005, 84.375, 98.438, 0.873, 0.502, 
[480] Train acc: 0.8281, Constr acc: 0.7188, CE loss: 1.384, DL2 loss: 25.074
10, 33, 1.3836, 0.0009, 82.812, 96.875, 0.823, 0.498, 
[495] Train acc: 0.9375, Constr acc: 0.7500, CE loss: 0.273, DL2 loss: 26.409
10, 32, 0.2732, 0.0004, 93.750, 98.438, 0.920, 0.526, 
[510] Train acc: 0.8438, Constr acc: 0.9062, CE loss: 0.886, DL2 loss: 8.817
10, 31, 0.8856, 0.0005, 84.375, 98.438, 0.882, 0.500, 
[525] Train acc: 0.9531, Constr acc: 0.8125, CE loss: 0.185, DL2 loss: 12.310
10, 30, 0.1849, 0.0006, 95.312, 100.000, 0.847, 0.516, 
[540] Train acc: 0.8906, Constr acc: 0.7812, CE loss: 0.750, DL2 loss: 17.629
10, 29, 0.7500, 0.0005, 89.062, 96.875, 0.889, 0.532, 
[555] Train acc: 0.8906, Constr acc: 0.8438, CE loss: 0.976, DL2 loss: 18.626
10, 28, 0.9763, 0.0005, 89.062, 96.875, 0.887, 0.516, 
[570] Train acc: 0.7656, Constr acc: 0.9062, CE loss: 1.696, DL2 loss: 6.211
10, 27, 1.6961, 0.0006, 76.562, 98.438, 0.826, 0.526, 
[585] Train acc: 0.8594, Constr acc: 0.8438, CE loss: 0.512, DL2 loss: 9.192
10, 26, 0.5117, 0.0005, 85.938, 98.438, 0.880, 0.536, 
[600] Train acc: 0.7188, Constr acc: 0.7188, CE loss: 2.680, DL2 loss: 26.882
10, 25, 2.6803, 0.0005, 71.875, 96.875, 0.846, 0.543, 
[615] Train acc: 0.7188, Constr acc: 0.6875, CE loss: 2.285, DL2 loss: 20.674
10, 24, 2.2852, 0.0008, 71.875, 100.000, 0.770, 0.484, 
[630] Train acc: 0.7500, Constr acc: 0.7500, CE loss: 1.081, DL2 loss: 14.676
10, 23, 1.0812, 0.0007, 75.000, 100.000, 0.791, 0.492, 
[645] Train acc: 0.8594, Constr acc: 0.8125, CE loss: 1.092, DL2 loss: 17.046
10, 22, 1.0916, 0.0006, 85.938, 100.000, 0.834, 0.485, 
[660] Train acc: 0.6250, Constr acc: 0.8125, CE loss: 3.510, DL2 loss: 18.969
10, 21, 3.5096, 0.0010, 62.500, 93.750, 0.642, 0.475, 
[675] Train acc: 0.7188, Constr acc: 0.7812, CE loss: 1.440, DL2 loss: 23.506
10, 20, 1.4396, 0.0010, 71.875, 98.438, 0.617, 0.460, 
[690] Train acc: 0.6406, Constr acc: 0.6250, CE loss: 1.788, DL2 loss: 32.834
10, 19, 1.7881, 0.0010, 64.062, 98.438, 0.661, 0.456, 
[705] Train acc: 0.4531, Constr acc: 0.7500, CE loss: 4.683, DL2 loss: 25.867
10, 18, 4.6828, 0.0014, 45.312, 89.062, 0.537, 0.487, 
[720] Train acc: 0.4688, Constr acc: 0.5312, CE loss: 2.536, DL2 loss: 47.512
10, 17, 2.5363, 0.0016, 46.875, 90.625, 0.413, 0.412, 
[735] Train acc: 0.4062, Constr acc: 0.5000, CE loss: 2.658, DL2 loss: 40.558
10, 16, 2.6580, 0.0015, 40.625, 84.375, 0.513, 0.449, 
[750] Train acc: 0.4219, Constr acc: 0.6250, CE loss: 2.839, DL2 loss: 32.004
10, 15, 2.8391, 0.0014, 42.188, 95.312, 0.513, 0.464, 
[765] Train acc: 0.3750, Constr acc: 0.5625, CE loss: 3.057, DL2 loss: 43.078
10, 14, 3.0569, 0.0016, 37.500, 82.812, 0.401, 0.442, 
[780] Train acc: 0.2031, Constr acc: 0.3125, CE loss: 3.677, DL2 loss: 65.705
10, 13, 3.6774, 0.0025, 20.312, 78.125, 0.247, 0.456, 
[795] Train acc: 0.1562, Constr acc: 0.3438, CE loss: 4.371, DL2 loss: 64.609
10, 12, 4.3708, 0.0018, 15.625, 79.688, 0.297, 0.437, 
[810] Train acc: 0.2188, Constr acc: 0.1875, CE loss: 4.946, DL2 loss: 84.425
10, 11, 4.9458, 0.0020, 21.875, 71.875, 0.321, 0.434, 
[825] Train acc: 0.2188, Constr acc: 0.5625, CE loss: 4.250, DL2 loss: 42.521
10, 10, 4.2496, 0.0018, 21.875, 70.312, 0.346, 0.445, 
[840] Train acc: 0.1875, Constr acc: 0.2500, CE loss: 5.988, DL2 loss: 73.179
10, 9, 5.9881, 0.0022, 18.750, 75.000, 0.247, 0.436, 
[855] Train acc: 0.2656, Constr acc: 0.3125, CE loss: 5.618, DL2 loss: 58.235
10, 8, 5.6179, 0.0022, 26.562, 75.000, 0.258, 0.442, 
[870] Train acc: 0.1562, Constr acc: 0.1875, CE loss: 2.693, DL2 loss: 95.370
10, 7, 2.6928, 0.0021, 15.625, 62.500, 0.169, 0.422, 
[885] Train acc: 0.1719, Constr acc: 0.1875, CE loss: 4.133, DL2 loss: 80.845
10, 6, 4.1334, 0.0023, 17.188, 73.438, 0.171, 0.420, 
[900] Train acc: 0.2188, Constr acc: 0.0938, CE loss: 2.557, DL2 loss: 101.692
10, 5, 2.5566, 0.0021, 21.875, 76.562, 0.170, 0.434, 
[915] Train acc: 0.0781, Constr acc: 0.0000, CE loss: 2.439, DL2 loss: 135.762
10, 4, 2.4392, 0.0024, 7.812, 50.000, 0.089, 0.435, 
[930] Train acc: 0.0938, Constr acc: 0.0000, CE loss: 2.404, DL2 loss: 127.106
10, 3, 2.4040, 0.0024, 9.375, 46.875, 0.089, 0.423, 
