main_allinputs_dl2.py --pruning=True --tensorboard=True --log-interval=15 --pruning_config=./configs/mnist_22_15.json --constraint RobustnessDandR(eps1=7.8, eps2=2.9) --print-after-epoch=0 --dl2-weight=0.01 --delay=6
pruning_engine.load_mask(): did not find mask file, will load nothing
epoch, neuron_units, loss, dl2_loss, top1, top5, dl2_p_acc, dl2_constraint_acc
[0] Train acc: 0.1406
1, 252, 2.2927, 0.0023, 14.062, 59.375, 0.103, 0.050, 
[15] Train acc: 0.1875
1, 252, 2.2763, 0.0023, 18.750, 68.750, 0.103, 0.055, 
[30] Train acc: 0.3125
1, 252, 2.2343, 0.0023, 31.250, 75.000, 0.205, 0.052, 
[45] Train acc: 0.3594
1, 252, 2.1083, 0.0022, 35.938, 89.062, 0.408, 0.049, 
[60] Train acc: 0.5625
1, 252, 1.8079, 0.0021, 56.250, 90.625, 0.576, 0.050, 
[75] Train acc: 0.6719
1, 252, 1.1560, 0.0017, 67.188, 95.312, 0.646, 0.053, 
[90] Train acc: 0.6250
1, 252, 1.0569, 0.0015, 62.500, 98.438, 0.674, 0.052, 
[105] Train acc: 0.7031
1, 252, 0.8945, 0.0013, 70.312, 95.312, 0.730, 0.054, 
[120] Train acc: 0.8125
1, 252, 0.5999, 0.0011, 81.250, 98.438, 0.806, 0.060, 
[135] Train acc: 0.8594
1, 252, 0.3908, 0.0010, 85.938, 100.000, 0.854, 0.075, 
[150] Train acc: 0.8594
1, 252, 0.5338, 0.0010, 85.938, 100.000, 0.820, 0.070, 
[165] Train acc: 0.8281
1, 252, 0.5438, 0.0010, 82.812, 98.438, 0.764, 0.091, 
[180] Train acc: 0.9062
1, 252, 0.4400, 0.0009, 90.625, 98.438, 0.846, 0.126, 
[195] Train acc: 0.9062
1, 252, 0.2807, 0.0009, 90.625, 100.000, 0.848, 0.134, 
[210] Train acc: 0.9219
1, 252, 0.3620, 0.0009, 92.188, 98.438, 0.857, 0.116, 
[225] Train acc: 0.8906
1, 252, 0.3961, 0.0008, 89.062, 100.000, 0.886, 0.133, 
[240] Train acc: 0.8750
1, 252, 0.4191, 0.0008, 87.500, 98.438, 0.877, 0.170, 
[255] Train acc: 0.8281
1, 252, 0.4304, 0.0008, 82.812, 100.000, 0.853, 0.173, 
[270] Train acc: 0.9219
1, 252, 0.2301, 0.0008, 92.188, 100.000, 0.844, 0.176, 
[285] Train acc: 0.9375
1, 252, 0.2475, 0.0007, 93.750, 100.000, 0.920, 0.220, 
[300] Train acc: 0.9062
1, 252, 0.2684, 0.0007, 90.625, 100.000, 0.911, 0.233, 
[315] Train acc: 0.9375
1, 252, 0.2690, 0.0007, 93.750, 98.438, 0.921, 0.223, 
[330] Train acc: 0.9062
1, 252, 0.3765, 0.0007, 90.625, 98.438, 0.864, 0.219, 
[345] Train acc: 0.8594
1, 252, 0.4717, 0.0007, 85.938, 98.438, 0.908, 0.252, 
[360] Train acc: 0.8750
1, 252, 0.2840, 0.0007, 87.500, 100.000, 0.908, 0.242, 
[375] Train acc: 0.9375
1, 252, 0.1569, 0.0007, 93.750, 100.000, 0.922, 0.255, 
[390] Train acc: 0.9219
1, 252, 0.2107, 0.0006, 92.188, 100.000, 0.915, 0.264, 
[405] Train acc: 0.9375
1, 252, 0.1972, 0.0006, 93.750, 100.000, 0.917, 0.248, 
[420] Train acc: 0.9375
1, 252, 0.2407, 0.0006, 93.750, 100.000, 0.935, 0.284, 
[435] Train acc: 0.9219
1, 252, 0.2249, 0.0006, 92.188, 100.000, 0.934, 0.273, 
[450] Train acc: 0.9219
1, 252, 0.1830, 0.0006, 92.188, 100.000, 0.942, 0.320, 
[465] Train acc: 0.8906
1, 252, 0.3452, 0.0006, 89.062, 100.000, 0.912, 0.310, 
[480] Train acc: 1.0000
1, 252, 0.0759, 0.0006, 100.000, 100.000, 0.935, 0.343, 
[495] Train acc: 0.9531
1, 252, 0.1630, 0.0006, 95.312, 100.000, 0.947, 0.316, 
[510] Train acc: 0.9219
1, 252, 0.1678, 0.0005, 92.188, 100.000, 0.948, 0.332, 
[525] Train acc: 0.9531
1, 252, 0.1374, 0.0006, 95.312, 100.000, 0.945, 0.308, 
[540] Train acc: 0.9531
1, 252, 0.2549, 0.0006, 95.312, 98.438, 0.932, 0.303, 
[555] Train acc: 0.9688
1, 252, 0.1706, 0.0005, 96.875, 98.438, 0.953, 0.358, 
[570] Train acc: 0.9531
1, 252, 0.1493, 0.0005, 95.312, 100.000, 0.924, 0.381, 
[585] Train acc: 0.9844
1, 252, 0.0839, 0.0005, 98.438, 100.000, 0.950, 0.342, 
[600] Train acc: 0.9531
1, 252, 0.1911, 0.0005, 95.312, 100.000, 0.951, 0.362, 
[615] Train acc: 0.9531
1, 252, 0.1562, 0.0005, 95.312, 100.000, 0.951, 0.361, 
[630] Train acc: 0.9375
1, 252, 0.3316, 0.0005, 93.750, 100.000, 0.956, 0.356, 
[645] Train acc: 0.9688
1, 252, 0.1515, 0.0005, 96.875, 100.000, 0.956, 0.361, 
[660] Train acc: 0.9688
1, 252, 0.1340, 0.0005, 96.875, 100.000, 0.956, 0.409, 
[675] Train acc: 0.9219
1, 252, 0.1611, 0.0005, 92.188, 100.000, 0.956, 0.405, 
[690] Train acc: 0.9688
1, 252, 0.1636, 0.0005, 96.875, 98.438, 0.957, 0.362, 
[705] Train acc: 0.8906
1, 252, 0.3456, 0.0005, 89.062, 100.000, 0.951, 0.387, 
[720] Train acc: 1.0000
1, 252, 0.0531, 0.0005, 100.000, 100.000, 0.958, 0.425, 
[735] Train acc: 0.9375
1, 252, 0.1569, 0.0005, 93.750, 100.000, 0.957, 0.377, 
[750] Train acc: 0.9688
1, 252, 0.0697, 0.0005, 96.875, 100.000, 0.950, 0.433, 
[765] Train acc: 0.9062
1, 252, 0.2833, 0.0005, 90.625, 100.000, 0.946, 0.366, 
[780] Train acc: 0.9219
1, 252, 0.1946, 0.0005, 92.188, 100.000, 0.964, 0.337, 
[795] Train acc: 0.9375
1, 252, 0.1266, 0.0005, 93.750, 100.000, 0.960, 0.292, 
[810] Train acc: 1.0000
1, 252, 0.0542, 0.0005, 100.000, 100.000, 0.964, 0.343, 
[825] Train acc: 0.9531
1, 252, 0.1051, 0.0005, 95.312, 100.000, 0.960, 0.350, 
[840] Train acc: 0.9531
1, 252, 0.1322, 0.0005, 95.312, 100.000, 0.968, 0.388, 
[855] Train acc: 0.9375
1, 252, 0.1512, 0.0005, 93.750, 100.000, 0.942, 0.372, 
[870] Train acc: 0.9531
1, 252, 0.1509, 0.0004, 95.312, 100.000, 0.964, 0.410, 
[885] Train acc: 0.9375
1, 252, 0.1358, 0.0005, 93.750, 100.000, 0.959, 0.365, 
[900] Train acc: 0.9531
1, 252, 0.1066, 0.0004, 95.312, 100.000, 0.962, 0.451, 
[915] Train acc: 0.9375
1, 252, 0.1932, 0.0004, 93.750, 100.000, 0.960, 0.449, 
[930] Train acc: 0.9375
1, 252, 0.1555, 0.0004, 93.750, 100.000, 0.964, 0.453, 
[0] Train acc: 0.9531
2, 252, 0.1419, 0.0004, 95.312, 100.000, 0.963, 0.471, 
[15] Train acc: 0.9844
2, 252, 0.0728, 0.0004, 98.438, 100.000, 0.968, 0.493, 
[30] Train acc: 0.9688
2, 252, 0.0831, 0.0004, 96.875, 100.000, 0.955, 0.496, 
[45] Train acc: 0.9688
2, 252, 0.0926, 0.0004, 96.875, 100.000, 0.965, 0.503, 
[60] Train acc: 0.9844
2, 252, 0.0453, 0.0004, 98.438, 100.000, 0.963, 0.468, 
[75] Train acc: 0.9688
2, 252, 0.1387, 0.0004, 96.875, 100.000, 0.966, 0.464, 
[90] Train acc: 0.9375
2, 252, 0.3302, 0.0004, 93.750, 100.000, 0.967, 0.448, 
[105] Train acc: 0.9844
2, 252, 0.0469, 0.0004, 98.438, 100.000, 0.969, 0.418, 
[120] Train acc: 0.9844
2, 252, 0.0899, 0.0004, 98.438, 100.000, 0.970, 0.453, 
[135] Train acc: 0.9688
2, 252, 0.1524, 0.0004, 96.875, 100.000, 0.963, 0.444, 
[150] Train acc: 0.9531
2, 252, 0.0857, 0.0004, 95.312, 100.000, 0.967, 0.502, 
[165] Train acc: 0.9844
2, 252, 0.0723, 0.0004, 98.438, 100.000, 0.968, 0.492, 
[180] Train acc: 0.9531
2, 252, 0.0809, 0.0004, 95.312, 100.000, 0.967, 0.526, 
[195] Train acc: 0.9844
2, 252, 0.0929, 0.0004, 98.438, 100.000, 0.960, 0.484, 
[210] Train acc: 0.9688
2, 252, 0.0649, 0.0004, 96.875, 100.000, 0.973, 0.576, 
[225] Train acc: 0.9531
2, 252, 0.1443, 0.0004, 95.312, 100.000, 0.966, 0.547, 
[240] Train acc: 0.9531
2, 252, 0.1491, 0.0004, 95.312, 100.000, 0.966, 0.457, 
[255] Train acc: 1.0000
2, 252, 0.0272, 0.0004, 100.000, 100.000, 0.968, 0.494, 
[270] Train acc: 0.9844
2, 252, 0.0611, 0.0003, 98.438, 100.000, 0.973, 0.563, 
[285] Train acc: 0.9844
2, 252, 0.0364, 0.0003, 98.438, 100.000, 0.975, 0.597, 
[300] Train acc: 0.9688
2, 252, 0.0821, 0.0004, 96.875, 100.000, 0.969, 0.556, 
[315] Train acc: 0.9375
2, 252, 0.1149, 0.0004, 93.750, 100.000, 0.975, 0.537, 
[330] Train acc: 0.9688
2, 252, 0.0534, 0.0004, 96.875, 100.000, 0.968, 0.516, 
[345] Train acc: 0.9531
2, 252, 0.2329, 0.0004, 95.312, 100.000, 0.976, 0.492, 
[360] Train acc: 0.9688
2, 252, 0.0643, 0.0004, 96.875, 100.000, 0.962, 0.406, 
[375] Train acc: 0.9688
2, 252, 0.1032, 0.0004, 96.875, 100.000, 0.976, 0.449, 
[390] Train acc: 0.9844
2, 252, 0.0273, 0.0004, 98.438, 100.000, 0.975, 0.499, 
[405] Train acc: 0.9844
2, 252, 0.0432, 0.0004, 98.438, 100.000, 0.968, 0.498, 
[420] Train acc: 0.9844
2, 252, 0.0258, 0.0003, 98.438, 100.000, 0.976, 0.539, 
[435] Train acc: 0.9844
2, 252, 0.0375, 0.0004, 98.438, 100.000, 0.977, 0.504, 
[450] Train acc: 0.9844
2, 252, 0.0817, 0.0003, 98.438, 100.000, 0.974, 0.552, 
[465] Train acc: 0.9688
2, 252, 0.0876, 0.0004, 96.875, 100.000, 0.972, 0.511, 
[480] Train acc: 0.9688
2, 252, 0.0873, 0.0004, 96.875, 100.000, 0.969, 0.507, 
[495] Train acc: 0.9531
2, 252, 0.1178, 0.0004, 95.312, 100.000, 0.972, 0.535, 
[510] Train acc: 1.0000
2, 252, 0.0177, 0.0004, 100.000, 100.000, 0.974, 0.479, 
[525] Train acc: 0.9688
2, 252, 0.1225, 0.0004, 96.875, 100.000, 0.978, 0.499, 
[540] Train acc: 0.9688
2, 252, 0.0677, 0.0004, 96.875, 100.000, 0.977, 0.447, 
[555] Train acc: 1.0000
2, 252, 0.0318, 0.0004, 100.000, 100.000, 0.977, 0.493, 
[570] Train acc: 0.9531
2, 252, 0.1975, 0.0004, 95.312, 100.000, 0.971, 0.489, 
[585] Train acc: 1.0000
2, 252, 0.0184, 0.0004, 100.000, 100.000, 0.964, 0.467, 
[600] Train acc: 0.9531
2, 252, 0.1874, 0.0004, 95.312, 100.000, 0.964, 0.494, 
[615] Train acc: 0.9531
2, 252, 0.1911, 0.0004, 95.312, 100.000, 0.974, 0.516, 
[630] Train acc: 0.9844
2, 252, 0.0757, 0.0004, 98.438, 100.000, 0.970, 0.497, 
[645] Train acc: 0.9062
2, 252, 0.2339, 0.0003, 90.625, 100.000, 0.980, 0.552, 
[660] Train acc: 0.9844
2, 252, 0.0507, 0.0003, 98.438, 100.000, 0.977, 0.554, 
[675] Train acc: 0.9844
2, 252, 0.0637, 0.0003, 98.438, 100.000, 0.978, 0.605, 
[690] Train acc: 0.9688
2, 252, 0.0459, 0.0003, 96.875, 100.000, 0.975, 0.618, 
[705] Train acc: 0.9844
2, 252, 0.0947, 0.0003, 98.438, 100.000, 0.970, 0.603, 
[720] Train acc: 0.9688
2, 252, 0.0641, 0.0003, 96.875, 100.000, 0.977, 0.604, 
[735] Train acc: 0.9844
2, 252, 0.1057, 0.0003, 98.438, 100.000, 0.959, 0.609, 
[750] Train acc: 1.0000
2, 252, 0.0183, 0.0003, 100.000, 100.000, 0.978, 0.604, 
[765] Train acc: 1.0000
2, 252, 0.0371, 0.0003, 100.000, 100.000, 0.978, 0.624, 
[780] Train acc: 0.9844
2, 252, 0.0421, 0.0003, 98.438, 100.000, 0.974, 0.640, 
[795] Train acc: 0.9688
2, 252, 0.0918, 0.0003, 96.875, 100.000, 0.976, 0.567, 
[810] Train acc: 0.9688
2, 252, 0.0796, 0.0003, 96.875, 100.000, 0.976, 0.602, 
[825] Train acc: 0.9375
2, 252, 0.2884, 0.0003, 93.750, 100.000, 0.979, 0.596, 
[840] Train acc: 1.0000
2, 252, 0.0218, 0.0003, 100.000, 100.000, 0.975, 0.589, 
[855] Train acc: 1.0000
2, 252, 0.0167, 0.0003, 100.000, 100.000, 0.980, 0.602, 
[870] Train acc: 0.9844
2, 252, 0.0273, 0.0003, 98.438, 100.000, 0.978, 0.601, 
[885] Train acc: 0.9688
2, 252, 0.0610, 0.0003, 96.875, 100.000, 0.977, 0.604, 
[900] Train acc: 0.9375
2, 252, 0.1101, 0.0003, 93.750, 100.000, 0.978, 0.563, 
[915] Train acc: 0.9844
2, 252, 0.0516, 0.0003, 98.438, 100.000, 0.981, 0.625, 
[930] Train acc: 0.9688
2, 252, 0.1069, 0.0003, 96.875, 100.000, 0.971, 0.575, 
[0] Train acc: 0.9688
3, 252, 0.1489, 0.0003, 96.875, 100.000, 0.969, 0.558, 
[15] Train acc: 1.0000
3, 252, 0.0289, 0.0003, 100.000, 100.000, 0.981, 0.596, 
[30] Train acc: 0.9844
3, 252, 0.0524, 0.0003, 98.438, 100.000, 0.977, 0.610, 
[45] Train acc: 0.9688
3, 252, 0.0788, 0.0004, 96.875, 100.000, 0.970, 0.546, 
[60] Train acc: 1.0000
3, 252, 0.0204, 0.0003, 100.000, 100.000, 0.981, 0.635, 
[75] Train acc: 0.9531
3, 252, 0.1291, 0.0003, 95.312, 100.000, 0.969, 0.583, 
[90] Train acc: 0.9688
3, 252, 0.0700, 0.0003, 96.875, 100.000, 0.975, 0.623, 
[105] Train acc: 1.0000
3, 252, 0.0225, 0.0003, 100.000, 100.000, 0.981, 0.606, 
[120] Train acc: 1.0000
3, 252, 0.0228, 0.0003, 100.000, 100.000, 0.979, 0.618, 
[135] Train acc: 0.9531
3, 252, 0.0802, 0.0003, 95.312, 100.000, 0.981, 0.579, 
[150] Train acc: 1.0000
3, 252, 0.0099, 0.0003, 100.000, 100.000, 0.974, 0.553, 
[165] Train acc: 0.9688
3, 252, 0.1813, 0.0003, 96.875, 100.000, 0.982, 0.578, 
[180] Train acc: 0.9531
3, 252, 0.1139, 0.0003, 95.312, 100.000, 0.980, 0.628, 
[195] Train acc: 0.9844
3, 252, 0.0672, 0.0003, 98.438, 100.000, 0.977, 0.608, 
[210] Train acc: 0.9688
3, 252, 0.0690, 0.0003, 96.875, 100.000, 0.971, 0.633, 
[225] Train acc: 1.0000
3, 252, 0.0137, 0.0003, 100.000, 100.000, 0.982, 0.649, 
[240] Train acc: 0.9688
3, 252, 0.0634, 0.0003, 96.875, 100.000, 0.979, 0.677, 
[255] Train acc: 0.9844
3, 252, 0.0525, 0.0003, 98.438, 100.000, 0.973, 0.637, 
[270] Train acc: 0.9531
3, 252, 0.1225, 0.0003, 95.312, 100.000, 0.982, 0.664, 
[285] Train acc: 0.9688
3, 252, 0.0596, 0.0003, 96.875, 100.000, 0.984, 0.641, 
[300] Train acc: 0.9844
3, 252, 0.0657, 0.0003, 98.438, 100.000, 0.980, 0.599, 
[315] Train acc: 0.9688
3, 252, 0.1433, 0.0003, 96.875, 100.000, 0.983, 0.613, 
[330] Train acc: 0.9531
3, 252, 0.1233, 0.0003, 95.312, 100.000, 0.978, 0.624, 
[345] Train acc: 1.0000
3, 252, 0.0148, 0.0003, 100.000, 100.000, 0.982, 0.653, 
[360] Train acc: 0.9844
3, 252, 0.0623, 0.0003, 98.438, 100.000, 0.979, 0.648, 
[375] Train acc: 1.0000
3, 252, 0.0419, 0.0003, 100.000, 100.000, 0.976, 0.682, 
[390] Train acc: 0.9375
3, 252, 0.2216, 0.0003, 93.750, 100.000, 0.967, 0.664, 
[405] Train acc: 0.9844
3, 252, 0.0486, 0.0003, 98.438, 100.000, 0.982, 0.688, 
[420] Train acc: 1.0000
3, 252, 0.0293, 0.0003, 100.000, 100.000, 0.983, 0.676, 
[435] Train acc: 0.9844
3, 252, 0.0260, 0.0003, 98.438, 100.000, 0.974, 0.619, 
[450] Train acc: 0.9844
3, 252, 0.0510, 0.0003, 98.438, 100.000, 0.979, 0.648, 
[465] Train acc: 0.9844
3, 252, 0.0471, 0.0003, 98.438, 100.000, 0.982, 0.636, 
[480] Train acc: 0.9844
3, 252, 0.1269, 0.0003, 98.438, 100.000, 0.982, 0.598, 
[495] Train acc: 0.9688
3, 252, 0.0567, 0.0003, 96.875, 100.000, 0.983, 0.667, 
[510] Train acc: 0.9531
3, 252, 0.0854, 0.0003, 95.312, 100.000, 0.982, 0.651, 
[525] Train acc: 0.9531
3, 252, 0.1040, 0.0003, 95.312, 100.000, 0.984, 0.640, 
[540] Train acc: 1.0000
3, 252, 0.0216, 0.0003, 100.000, 100.000, 0.982, 0.653, 
[555] Train acc: 0.9531
3, 252, 0.1553, 0.0003, 95.312, 100.000, 0.985, 0.564, 
[570] Train acc: 0.9844
3, 252, 0.0607, 0.0003, 98.438, 100.000, 0.978, 0.584, 
[585] Train acc: 1.0000
3, 252, 0.0113, 0.0003, 100.000, 100.000, 0.983, 0.656, 
[600] Train acc: 0.9375
3, 252, 0.1608, 0.0003, 93.750, 98.438, 0.980, 0.572, 
[615] Train acc: 0.9531
3, 252, 0.1858, 0.0003, 95.312, 100.000, 0.983, 0.607, 
[630] Train acc: 1.0000
3, 252, 0.0248, 0.0003, 100.000, 100.000, 0.983, 0.641, 
[645] Train acc: 0.9688
3, 252, 0.2095, 0.0003, 96.875, 100.000, 0.983, 0.632, 
[660] Train acc: 1.0000
3, 252, 0.0344, 0.0003, 100.000, 100.000, 0.983, 0.574, 
[675] Train acc: 1.0000
3, 252, 0.0165, 0.0003, 100.000, 100.000, 0.984, 0.611, 
[690] Train acc: 0.9844
3, 252, 0.0297, 0.0003, 98.438, 100.000, 0.984, 0.618, 
[705] Train acc: 1.0000
3, 252, 0.0265, 0.0003, 100.000, 100.000, 0.982, 0.620, 
[720] Train acc: 0.9844
3, 252, 0.0475, 0.0003, 98.438, 100.000, 0.983, 0.604, 
[735] Train acc: 0.9844
3, 252, 0.0325, 0.0003, 98.438, 100.000, 0.983, 0.629, 
[750] Train acc: 1.0000
3, 252, 0.0210, 0.0003, 100.000, 100.000, 0.985, 0.628, 
[765] Train acc: 1.0000
3, 252, 0.0205, 0.0003, 100.000, 100.000, 0.981, 0.627, 
[780] Train acc: 0.9531
3, 252, 0.1131, 0.0003, 95.312, 100.000, 0.983, 0.653, 
[795] Train acc: 0.9688
3, 252, 0.0429, 0.0003, 96.875, 100.000, 0.982, 0.679, 
[810] Train acc: 1.0000
3, 252, 0.0081, 0.0003, 100.000, 100.000, 0.978, 0.712, 
[825] Train acc: 1.0000
3, 252, 0.0135, 0.0002, 100.000, 100.000, 0.984, 0.700, 
[840] Train acc: 0.9531
3, 252, 0.0637, 0.0003, 95.312, 100.000, 0.981, 0.668, 
[855] Train acc: 1.0000
3, 252, 0.0079, 0.0003, 100.000, 100.000, 0.977, 0.612, 
[870] Train acc: 1.0000
3, 252, 0.0084, 0.0003, 100.000, 100.000, 0.982, 0.660, 
[885] Train acc: 1.0000
3, 252, 0.0130, 0.0003, 100.000, 100.000, 0.982, 0.659, 
[900] Train acc: 0.9844
3, 252, 0.0273, 0.0003, 98.438, 100.000, 0.981, 0.654, 
[915] Train acc: 0.9531
3, 252, 0.2454, 0.0003, 95.312, 100.000, 0.984, 0.644, 
[930] Train acc: 0.9844
3, 252, 0.0700, 0.0003, 98.438, 100.000, 0.987, 0.680, 
[0] Train acc: 0.9844
4, 252, 0.0492, 0.0003, 98.438, 100.000, 0.985, 0.679, 
[15] Train acc: 1.0000
4, 252, 0.0252, 0.0003, 100.000, 100.000, 0.984, 0.667, 
[30] Train acc: 0.9844
4, 252, 0.0465, 0.0003, 98.438, 100.000, 0.981, 0.674, 
[45] Train acc: 1.0000
4, 252, 0.0069, 0.0003, 100.000, 100.000, 0.985, 0.673, 
[60] Train acc: 1.0000
4, 252, 0.0200, 0.0003, 100.000, 100.000, 0.985, 0.657, 
[75] Train acc: 1.0000
4, 252, 0.0442, 0.0003, 100.000, 100.000, 0.973, 0.619, 
[90] Train acc: 0.9844
4, 252, 0.0424, 0.0002, 98.438, 100.000, 0.986, 0.724, 
[105] Train acc: 1.0000
4, 252, 0.0098, 0.0002, 100.000, 100.000, 0.984, 0.706, 
[120] Train acc: 0.9844
4, 252, 0.0582, 0.0003, 98.438, 100.000, 0.982, 0.662, 
[135] Train acc: 0.9844
4, 252, 0.0365, 0.0003, 98.438, 100.000, 0.985, 0.672, 
[150] Train acc: 0.9688
4, 252, 0.0530, 0.0003, 96.875, 100.000, 0.986, 0.687, 
[165] Train acc: 1.0000
4, 252, 0.0181, 0.0003, 100.000, 100.000, 0.983, 0.658, 
[180] Train acc: 0.9844
4, 252, 0.1068, 0.0002, 98.438, 100.000, 0.985, 0.702, 
[195] Train acc: 1.0000
4, 252, 0.0065, 0.0002, 100.000, 100.000, 0.984, 0.708, 
[210] Train acc: 0.9688
4, 252, 0.1149, 0.0003, 96.875, 100.000, 0.980, 0.690, 
[225] Train acc: 0.9844
4, 252, 0.0266, 0.0003, 98.438, 100.000, 0.984, 0.657, 
[240] Train acc: 1.0000
4, 252, 0.0188, 0.0003, 100.000, 100.000, 0.983, 0.666, 
[255] Train acc: 0.9844
4, 252, 0.1269, 0.0003, 98.438, 98.438, 0.984, 0.684, 
[270] Train acc: 1.0000
4, 252, 0.0097, 0.0002, 100.000, 100.000, 0.986, 0.709, 
[285] Train acc: 0.9844
4, 252, 0.0872, 0.0002, 98.438, 100.000, 0.986, 0.735, 
[300] Train acc: 1.0000
4, 252, 0.0138, 0.0003, 100.000, 100.000, 0.981, 0.689, 
[315] Train acc: 1.0000
4, 252, 0.0184, 0.0003, 100.000, 100.000, 0.985, 0.690, 
[330] Train acc: 1.0000
4, 252, 0.0371, 0.0003, 100.000, 100.000, 0.985, 0.677, 
[345] Train acc: 0.9531
4, 252, 0.0905, 0.0003, 95.312, 100.000, 0.983, 0.667, 
[360] Train acc: 0.9688
4, 252, 0.0696, 0.0003, 96.875, 100.000, 0.980, 0.643, 
[375] Train acc: 1.0000
4, 252, 0.0083, 0.0003, 100.000, 100.000, 0.987, 0.650, 
[390] Train acc: 1.0000
4, 252, 0.0169, 0.0003, 100.000, 100.000, 0.985, 0.689, 
[405] Train acc: 1.0000
4, 252, 0.0087, 0.0003, 100.000, 100.000, 0.983, 0.669, 
[420] Train acc: 0.9688
4, 252, 0.0532, 0.0003, 96.875, 100.000, 0.983, 0.693, 
[435] Train acc: 0.9688
4, 252, 0.0706, 0.0003, 96.875, 100.000, 0.984, 0.689, 
[450] Train acc: 0.9844
4, 252, 0.0191, 0.0003, 98.438, 100.000, 0.983, 0.686, 
[465] Train acc: 0.9844
4, 252, 0.0746, 0.0002, 98.438, 100.000, 0.986, 0.690, 
[480] Train acc: 0.9688
4, 252, 0.0676, 0.0002, 96.875, 100.000, 0.984, 0.708, 
[495] Train acc: 0.9844
4, 252, 0.0458, 0.0003, 98.438, 100.000, 0.986, 0.680, 
[510] Train acc: 0.9688
4, 252, 0.0589, 0.0002, 96.875, 100.000, 0.986, 0.694, 
[525] Train acc: 1.0000
4, 252, 0.0050, 0.0002, 100.000, 100.000, 0.985, 0.712, 
[540] Train acc: 1.0000
4, 252, 0.0088, 0.0003, 100.000, 100.000, 0.979, 0.689, 
[555] Train acc: 0.9844
4, 252, 0.0708, 0.0002, 98.438, 100.000, 0.984, 0.720, 
[570] Train acc: 1.0000
4, 252, 0.0223, 0.0003, 100.000, 100.000, 0.982, 0.712, 
[585] Train acc: 0.9531
4, 252, 0.1069, 0.0002, 95.312, 100.000, 0.986, 0.685, 
[600] Train acc: 1.0000
4, 252, 0.0118, 0.0002, 100.000, 100.000, 0.986, 0.711, 
[615] Train acc: 0.9844
4, 252, 0.0314, 0.0002, 98.438, 100.000, 0.986, 0.744, 
[630] Train acc: 0.9531
4, 252, 0.1357, 0.0002, 95.312, 100.000, 0.983, 0.686, 
[645] Train acc: 1.0000
4, 252, 0.0155, 0.0002, 100.000, 100.000, 0.984, 0.722, 
[660] Train acc: 1.0000
4, 252, 0.0163, 0.0002, 100.000, 100.000, 0.987, 0.706, 
[675] Train acc: 0.9688
4, 252, 0.0475, 0.0002, 96.875, 100.000, 0.985, 0.704, 
[690] Train acc: 0.9844
4, 252, 0.0805, 0.0002, 98.438, 100.000, 0.984, 0.724, 
[705] Train acc: 1.0000
4, 252, 0.0358, 0.0002, 100.000, 100.000, 0.986, 0.731, 
[720] Train acc: 0.9844
4, 252, 0.0912, 0.0002, 98.438, 100.000, 0.983, 0.737, 
[735] Train acc: 1.0000
4, 252, 0.0193, 0.0002, 100.000, 100.000, 0.981, 0.743, 
[750] Train acc: 1.0000
4, 252, 0.0035, 0.0002, 100.000, 100.000, 0.984, 0.741, 
[765] Train acc: 0.9375
4, 252, 0.1056, 0.0002, 93.750, 100.000, 0.983, 0.715, 
[780] Train acc: 0.9688
4, 252, 0.0596, 0.0002, 96.875, 100.000, 0.985, 0.733, 
[795] Train acc: 0.9531
4, 252, 0.1130, 0.0002, 95.312, 100.000, 0.983, 0.714, 
[810] Train acc: 0.9844
4, 252, 0.0195, 0.0002, 98.438, 100.000, 0.985, 0.693, 
[825] Train acc: 0.9688
4, 252, 0.0343, 0.0002, 96.875, 100.000, 0.985, 0.720, 
[840] Train acc: 1.0000
4, 252, 0.0193, 0.0002, 100.000, 100.000, 0.985, 0.699, 
[855] Train acc: 1.0000
4, 252, 0.0029, 0.0002, 100.000, 100.000, 0.985, 0.704, 
[870] Train acc: 0.9844
4, 252, 0.0470, 0.0003, 98.438, 100.000, 0.983, 0.691, 
[885] Train acc: 1.0000
4, 252, 0.0200, 0.0002, 100.000, 100.000, 0.983, 0.717, 
[900] Train acc: 0.9844
4, 252, 0.0475, 0.0003, 98.438, 100.000, 0.980, 0.676, 
[915] Train acc: 1.0000
4, 252, 0.0056, 0.0002, 100.000, 100.000, 0.987, 0.736, 
[930] Train acc: 0.9688
4, 252, 0.1391, 0.0002, 96.875, 100.000, 0.987, 0.701, 
[0] Train acc: 0.9531
5, 252, 0.1102, 0.0003, 95.312, 100.000, 0.983, 0.690, 
[15] Train acc: 0.9844
5, 252, 0.0720, 0.0002, 98.438, 100.000, 0.987, 0.703, 
[30] Train acc: 1.0000
5, 252, 0.0294, 0.0002, 100.000, 100.000, 0.987, 0.735, 
[45] Train acc: 0.9531
5, 252, 0.1029, 0.0002, 95.312, 100.000, 0.985, 0.723, 
[60] Train acc: 1.0000
5, 252, 0.0252, 0.0002, 100.000, 100.000, 0.983, 0.748, 
[75] Train acc: 0.9844
5, 252, 0.0287, 0.0002, 98.438, 100.000, 0.987, 0.740, 
[90] Train acc: 0.9531
5, 252, 0.1605, 0.0003, 95.312, 100.000, 0.984, 0.704, 
[105] Train acc: 0.9844
5, 252, 0.0386, 0.0002, 98.438, 100.000, 0.986, 0.706, 
[120] Train acc: 1.0000
5, 252, 0.0022, 0.0002, 100.000, 100.000, 0.985, 0.693, 
[135] Train acc: 0.9844
5, 252, 0.0400, 0.0002, 98.438, 100.000, 0.988, 0.705, 
[150] Train acc: 1.0000
5, 252, 0.0239, 0.0002, 100.000, 100.000, 0.988, 0.733, 
[165] Train acc: 0.9844
5, 252, 0.0322, 0.0002, 98.438, 100.000, 0.984, 0.704, 
[180] Train acc: 1.0000
5, 252, 0.0168, 0.0002, 100.000, 100.000, 0.986, 0.732, 
[195] Train acc: 0.9844
5, 252, 0.0289, 0.0002, 98.438, 100.000, 0.985, 0.739, 
[210] Train acc: 0.9688
5, 252, 0.2134, 0.0002, 96.875, 98.438, 0.986, 0.703, 
[225] Train acc: 0.9688
5, 252, 0.0581, 0.0002, 96.875, 100.000, 0.981, 0.732, 
[240] Train acc: 0.9844
5, 252, 0.0447, 0.0002, 98.438, 100.000, 0.987, 0.728, 
[255] Train acc: 0.9844
5, 252, 0.0388, 0.0002, 98.438, 100.000, 0.986, 0.706, 
[270] Train acc: 1.0000
5, 252, 0.0078, 0.0003, 100.000, 100.000, 0.983, 0.702, 
[285] Train acc: 0.9844
5, 252, 0.0373, 0.0002, 98.438, 100.000, 0.986, 0.680, 
[300] Train acc: 0.9688
5, 252, 0.0721, 0.0002, 96.875, 100.000, 0.986, 0.689, 
[315] Train acc: 0.9688
5, 252, 0.0610, 0.0002, 96.875, 100.000, 0.985, 0.702, 
[330] Train acc: 1.0000
5, 252, 0.0311, 0.0002, 100.000, 100.000, 0.985, 0.718, 
[345] Train acc: 1.0000
5, 252, 0.0053, 0.0002, 100.000, 100.000, 0.986, 0.705, 
[360] Train acc: 1.0000
5, 252, 0.0069, 0.0002, 100.000, 100.000, 0.988, 0.732, 
[375] Train acc: 1.0000
5, 252, 0.0180, 0.0002, 100.000, 100.000, 0.985, 0.747, 
[390] Train acc: 0.9844
5, 252, 0.0299, 0.0002, 98.438, 100.000, 0.987, 0.746, 
[405] Train acc: 0.9688
5, 252, 0.0394, 0.0002, 96.875, 100.000, 0.986, 0.757, 
[420] Train acc: 0.9844
5, 252, 0.0280, 0.0002, 98.438, 100.000, 0.987, 0.769, 
[435] Train acc: 0.9844
5, 252, 0.0364, 0.0002, 98.438, 100.000, 0.986, 0.783, 
[450] Train acc: 0.9688
5, 252, 0.0735, 0.0002, 96.875, 100.000, 0.987, 0.753, 
[465] Train acc: 0.9531
5, 252, 0.2302, 0.0003, 95.312, 100.000, 0.986, 0.676, 
[480] Train acc: 1.0000
5, 252, 0.0074, 0.0002, 100.000, 100.000, 0.985, 0.700, 
[495] Train acc: 0.9688
5, 252, 0.0723, 0.0003, 96.875, 100.000, 0.986, 0.700, 
[510] Train acc: 0.9531
5, 252, 0.0750, 0.0002, 95.312, 100.000, 0.987, 0.718, 
[525] Train acc: 0.9688
5, 252, 0.0753, 0.0002, 96.875, 100.000, 0.988, 0.764, 
[540] Train acc: 0.9688
5, 252, 0.1275, 0.0002, 96.875, 100.000, 0.988, 0.761, 
[555] Train acc: 0.9844
5, 252, 0.0237, 0.0002, 98.438, 100.000, 0.989, 0.746, 
[570] Train acc: 1.0000
5, 252, 0.0092, 0.0002, 100.000, 100.000, 0.987, 0.751, 
[585] Train acc: 1.0000
5, 252, 0.0076, 0.0002, 100.000, 100.000, 0.985, 0.742, 
[600] Train acc: 1.0000
5, 252, 0.0149, 0.0002, 100.000, 100.000, 0.986, 0.716, 
[615] Train acc: 0.9844
5, 252, 0.0203, 0.0002, 98.438, 100.000, 0.988, 0.689, 
[630] Train acc: 0.9375
5, 252, 0.1450, 0.0002, 93.750, 100.000, 0.988, 0.731, 
[645] Train acc: 1.0000
5, 252, 0.0040, 0.0002, 100.000, 100.000, 0.987, 0.736, 
[660] Train acc: 1.0000
5, 252, 0.0038, 0.0002, 100.000, 100.000, 0.987, 0.734, 
[675] Train acc: 1.0000
5, 252, 0.0193, 0.0002, 100.000, 100.000, 0.987, 0.723, 
[690] Train acc: 1.0000
5, 252, 0.0028, 0.0002, 100.000, 100.000, 0.987, 0.737, 
[705] Train acc: 1.0000
5, 252, 0.0094, 0.0002, 100.000, 100.000, 0.988, 0.731, 
[720] Train acc: 0.9844
5, 252, 0.0522, 0.0002, 98.438, 100.000, 0.988, 0.714, 
[735] Train acc: 0.9844
5, 252, 0.0574, 0.0002, 98.438, 100.000, 0.988, 0.728, 
[750] Train acc: 1.0000
5, 252, 0.0062, 0.0002, 100.000, 100.000, 0.986, 0.756, 
[765] Train acc: 0.9844
5, 252, 0.0172, 0.0002, 98.438, 100.000, 0.984, 0.714, 
[780] Train acc: 0.9531
5, 252, 0.2520, 0.0002, 95.312, 100.000, 0.987, 0.704, 
[795] Train acc: 0.9688
5, 252, 0.0624, 0.0002, 96.875, 100.000, 0.988, 0.722, 
[810] Train acc: 0.9844
5, 252, 0.0244, 0.0002, 98.438, 100.000, 0.986, 0.732, 
[825] Train acc: 1.0000
5, 252, 0.0097, 0.0002, 100.000, 100.000, 0.986, 0.750, 
[840] Train acc: 0.9844
5, 252, 0.0248, 0.0002, 98.438, 100.000, 0.988, 0.757, 
[855] Train acc: 1.0000
5, 252, 0.0125, 0.0002, 100.000, 100.000, 0.985, 0.765, 
[870] Train acc: 0.9688
5, 252, 0.1250, 0.0002, 96.875, 100.000, 0.980, 0.777, 
[885] Train acc: 1.0000
5, 252, 0.0025, 0.0002, 100.000, 100.000, 0.988, 0.732, 
[900] Train acc: 1.0000
5, 252, 0.0236, 0.0002, 100.000, 100.000, 0.987, 0.729, 
[915] Train acc: 0.9844
5, 252, 0.0192, 0.0002, 98.438, 100.000, 0.987, 0.712, 
[930] Train acc: 0.9844
5, 252, 0.0358, 0.0003, 98.438, 100.000, 0.984, 0.687, 
[0] Train acc: 1.0000
6, 252, 0.0100, 0.0002, 100.000, 100.000, 0.986, 0.737, 
[15] Train acc: 1.0000
6, 252, 0.0078, 0.0002, 100.000, 100.000, 0.990, 0.732, 
[30] Train acc: 0.9844
6, 252, 0.0399, 0.0002, 98.438, 100.000, 0.986, 0.696, 
[45] Train acc: 1.0000
6, 252, 0.0039, 0.0002, 100.000, 100.000, 0.989, 0.686, 
[60] Train acc: 0.9844
6, 252, 0.0358, 0.0002, 98.438, 100.000, 0.987, 0.715, 
[75] Train acc: 1.0000
6, 252, 0.0224, 0.0002, 100.000, 100.000, 0.987, 0.757, 
[90] Train acc: 1.0000
6, 252, 0.0267, 0.0002, 100.000, 100.000, 0.988, 0.774, 
[105] Train acc: 0.9844
6, 252, 0.0392, 0.0002, 98.438, 100.000, 0.987, 0.769, 
[120] Train acc: 0.9844
6, 252, 0.0495, 0.0002, 98.438, 100.000, 0.988, 0.786, 
[135] Train acc: 1.0000
6, 252, 0.0039, 0.0002, 100.000, 100.000, 0.989, 0.782, 
[150] Train acc: 1.0000
6, 252, 0.0166, 0.0002, 100.000, 100.000, 0.985, 0.759, 
[165] Train acc: 1.0000
6, 252, 0.0103, 0.0002, 100.000, 100.000, 0.986, 0.744, 
[180] Train acc: 1.0000
6, 252, 0.0103, 0.0002, 100.000, 100.000, 0.988, 0.773, 
[195] Train acc: 0.9688
6, 252, 0.0573, 0.0002, 96.875, 100.000, 0.987, 0.759, 
[210] Train acc: 0.9844
6, 252, 0.0431, 0.0002, 98.438, 100.000, 0.987, 0.731, 
[225] Train acc: 0.9688
6, 252, 0.0422, 0.0002, 96.875, 100.000, 0.989, 0.746, 
[240] Train acc: 1.0000
6, 252, 0.0054, 0.0002, 100.000, 100.000, 0.986, 0.740, 
[255] Train acc: 0.9844
6, 252, 0.0919, 0.0002, 98.438, 100.000, 0.986, 0.750, 
[270] Train acc: 1.0000
6, 252, 0.0132, 0.0002, 100.000, 100.000, 0.987, 0.731, 
[285] Train acc: 0.9688
6, 252, 0.1043, 0.0002, 96.875, 100.000, 0.988, 0.747, 
[300] Train acc: 0.9844
6, 252, 0.1036, 0.0002, 98.438, 100.000, 0.985, 0.702, 
[315] Train acc: 1.0000
6, 252, 0.0044, 0.0002, 100.000, 100.000, 0.988, 0.743, 
[330] Train acc: 1.0000
6, 252, 0.0161, 0.0002, 100.000, 100.000, 0.988, 0.728, 
[345] Train acc: 0.9688
6, 252, 0.1493, 0.0002, 96.875, 100.000, 0.989, 0.743, 
[360] Train acc: 0.9844
6, 252, 0.0295, 0.0002, 98.438, 100.000, 0.989, 0.721, 
[375] Train acc: 0.9844
6, 252, 0.0457, 0.0002, 98.438, 100.000, 0.985, 0.695, 
[390] Train acc: 0.9844
6, 252, 0.0532, 0.0002, 98.438, 100.000, 0.987, 0.734, 
[405] Train acc: 0.9844
6, 252, 0.0209, 0.0002, 98.438, 100.000, 0.985, 0.716, 
[420] Train acc: 1.0000
6, 252, 0.0041, 0.0002, 100.000, 100.000, 0.985, 0.746, 
[435] Train acc: 1.0000
6, 252, 0.0039, 0.0002, 100.000, 100.000, 0.987, 0.728, 
[450] Train acc: 1.0000
6, 252, 0.0092, 0.0002, 100.000, 100.000, 0.987, 0.751, 
[465] Train acc: 0.9844
6, 252, 0.0293, 0.0002, 98.438, 100.000, 0.989, 0.721, 
[480] Train acc: 1.0000
6, 252, 0.0078, 0.0002, 100.000, 100.000, 0.988, 0.718, 
[495] Train acc: 1.0000
6, 252, 0.0118, 0.0002, 100.000, 100.000, 0.987, 0.733, 
[510] Train acc: 0.9688
6, 252, 0.1119, 0.0002, 96.875, 100.000, 0.987, 0.744, 
[525] Train acc: 0.9688
6, 252, 0.0495, 0.0002, 96.875, 100.000, 0.991, 0.738, 
[540] Train acc: 0.9688
6, 252, 0.0535, 0.0002, 96.875, 100.000, 0.986, 0.717, 
[555] Train acc: 1.0000
6, 252, 0.0165, 0.0002, 100.000, 100.000, 0.988, 0.773, 
[570] Train acc: 0.9844
6, 252, 0.0528, 0.0002, 98.438, 100.000, 0.989, 0.755, 
[585] Train acc: 0.9844
6, 252, 0.0452, 0.0002, 98.438, 100.000, 0.988, 0.742, 
[600] Train acc: 1.0000
6, 252, 0.0011, 0.0002, 100.000, 100.000, 0.985, 0.740, 
[615] Train acc: 0.9844
6, 252, 0.0370, 0.0002, 98.438, 100.000, 0.988, 0.793, 
[630] Train acc: 0.9844
6, 252, 0.0510, 0.0002, 98.438, 100.000, 0.982, 0.759, 
[645] Train acc: 1.0000
6, 252, 0.0039, 0.0002, 100.000, 100.000, 0.989, 0.794, 
[660] Train acc: 1.0000
6, 252, 0.0106, 0.0002, 100.000, 100.000, 0.989, 0.774, 
[675] Train acc: 1.0000
6, 252, 0.0028, 0.0002, 100.000, 100.000, 0.990, 0.767, 
[690] Train acc: 1.0000
6, 252, 0.0075, 0.0002, 100.000, 100.000, 0.988, 0.770, 
[705] Train acc: 1.0000
6, 252, 0.0077, 0.0002, 100.000, 100.000, 0.987, 0.754, 
[720] Train acc: 0.9844
6, 252, 0.0294, 0.0002, 98.438, 100.000, 0.984, 0.753, 
[735] Train acc: 0.9844
6, 252, 0.0521, 0.0002, 98.438, 100.000, 0.988, 0.773, 
[750] Train acc: 0.9844
6, 252, 0.0211, 0.0002, 98.438, 100.000, 0.990, 0.729, 
[765] Train acc: 1.0000
6, 252, 0.0021, 0.0002, 100.000, 100.000, 0.987, 0.727, 
[780] Train acc: 1.0000
6, 252, 0.0118, 0.0002, 100.000, 100.000, 0.987, 0.736, 
[795] Train acc: 0.9844
6, 252, 0.0259, 0.0002, 98.438, 100.000, 0.989, 0.761, 
[810] Train acc: 1.0000
6, 252, 0.0199, 0.0002, 100.000, 100.000, 0.987, 0.785, 
[825] Train acc: 0.9688
6, 252, 0.0521, 0.0002, 96.875, 100.000, 0.987, 0.745, 
[840] Train acc: 0.9844
6, 252, 0.0415, 0.0002, 98.438, 100.000, 0.987, 0.745, 
[855] Train acc: 1.0000
6, 252, 0.0056, 0.0002, 100.000, 100.000, 0.987, 0.763, 
[870] Train acc: 1.0000
6, 252, 0.0069, 0.0002, 100.000, 100.000, 0.988, 0.787, 
[885] Train acc: 0.9688
6, 252, 0.0726, 0.0002, 96.875, 100.000, 0.988, 0.763, 
[900] Train acc: 1.0000
6, 252, 0.0110, 0.0002, 100.000, 100.000, 0.988, 0.759, 
[915] Train acc: 1.0000
6, 252, 0.0109, 0.0002, 100.000, 100.000, 0.988, 0.757, 
[930] Train acc: 1.0000
6, 252, 0.0092, 0.0002, 100.000, 100.000, 0.988, 0.747, 
[0] Train acc: 1.0000, Constr acc: 0.8125, CE loss: 0.006, DL2 loss: 11.426
7, 252, 0.0063, 0.0002, 100.000, 100.000, 0.988, 0.783, 
[15] Train acc: 1.0000, Constr acc: 0.9375, CE loss: 0.005, DL2 loss: 4.831
7, 251, 0.0052, 0.0002, 100.000, 100.000, 0.988, 0.754, 
[30] Train acc: 1.0000, Constr acc: 0.8750, CE loss: 0.008, DL2 loss: 6.196
7, 250, 0.0077, 0.0002, 100.000, 100.000, 0.988, 0.770, 
[45] Train acc: 0.9688, Constr acc: 0.9062, CE loss: 0.040, DL2 loss: 4.741
7, 249, 0.0402, 0.0002, 96.875, 100.000, 0.989, 0.767, 
[60] Train acc: 1.0000, Constr acc: 0.8438, CE loss: 0.001, DL2 loss: 10.289
7, 248, 0.0014, 0.0002, 100.000, 100.000, 0.988, 0.759, 
[75] Train acc: 0.9844, Constr acc: 0.9375, CE loss: 0.050, DL2 loss: 4.669
7, 247, 0.0497, 0.0002, 98.438, 100.000, 0.988, 0.768, 
[90] Train acc: 1.0000, Constr acc: 0.8438, CE loss: 0.006, DL2 loss: 7.074
7, 246, 0.0061, 0.0002, 100.000, 100.000, 0.989, 0.775, 
[105] Train acc: 1.0000, Constr acc: 0.8125, CE loss: 0.007, DL2 loss: 11.296
7, 245, 0.0073, 0.0002, 100.000, 100.000, 0.988, 0.790, 
[120] Train acc: 1.0000, Constr acc: 0.9688, CE loss: 0.008, DL2 loss: 1.198
7, 244, 0.0079, 0.0002, 100.000, 100.000, 0.988, 0.790, 
[135] Train acc: 1.0000, Constr acc: 0.9375, CE loss: 0.002, DL2 loss: 2.271
7, 243, 0.0021, 0.0002, 100.000, 100.000, 0.988, 0.782, 
[150] Train acc: 1.0000, Constr acc: 0.7500, CE loss: 0.005, DL2 loss: 17.476
7, 242, 0.0048, 0.0002, 100.000, 100.000, 0.989, 0.801, 
[165] Train acc: 1.0000, Constr acc: 0.8750, CE loss: 0.001, DL2 loss: 7.044
7, 241, 0.0011, 0.0002, 100.000, 100.000, 0.989, 0.790, 
[180] Train acc: 0.9844, Constr acc: 0.9375, CE loss: 0.050, DL2 loss: 2.666
7, 240, 0.0503, 0.0002, 98.438, 100.000, 0.988, 0.781, 
[195] Train acc: 0.9844, Constr acc: 0.7812, CE loss: 0.032, DL2 loss: 13.996
7, 239, 0.0318, 0.0002, 98.438, 100.000, 0.986, 0.770, 
[210] Train acc: 1.0000, Constr acc: 0.9062, CE loss: 0.003, DL2 loss: 6.069
7, 238, 0.0030, 0.0002, 100.000, 100.000, 0.988, 0.785, 
[225] Train acc: 1.0000, Constr acc: 0.8750, CE loss: 0.011, DL2 loss: 6.628
7, 237, 0.0112, 0.0002, 100.000, 100.000, 0.987, 0.770, 
[240] Train acc: 1.0000, Constr acc: 0.9375, CE loss: 0.005, DL2 loss: 4.422
7, 236, 0.0052, 0.0002, 100.000, 100.000, 0.988, 0.790, 
[255] Train acc: 1.0000, Constr acc: 0.8750, CE loss: 0.004, DL2 loss: 5.371
7, 235, 0.0040, 0.0002, 100.000, 100.000, 0.988, 0.759, 
[270] Train acc: 1.0000, Constr acc: 0.8750, CE loss: 0.021, DL2 loss: 9.273
7, 234, 0.0205, 0.0002, 100.000, 100.000, 0.985, 0.751, 
[285] Train acc: 1.0000, Constr acc: 0.6875, CE loss: 0.014, DL2 loss: 17.399
7, 233, 0.0136, 0.0002, 100.000, 100.000, 0.987, 0.749, 
[300] Train acc: 1.0000, Constr acc: 0.8750, CE loss: 0.010, DL2 loss: 6.329
7, 232, 0.0100, 0.0002, 100.000, 100.000, 0.988, 0.766, 
[315] Train acc: 1.0000, Constr acc: 0.9375, CE loss: 0.015, DL2 loss: 4.676
7, 231, 0.0148, 0.0002, 100.000, 100.000, 0.985, 0.785, 
[330] Train acc: 1.0000, Constr acc: 0.8438, CE loss: 0.004, DL2 loss: 8.303
7, 230, 0.0043, 0.0002, 100.000, 100.000, 0.988, 0.797, 
[345] Train acc: 0.9844, Constr acc: 0.9062, CE loss: 0.046, DL2 loss: 5.031
7, 229, 0.0460, 0.0002, 98.438, 100.000, 0.990, 0.784, 
[360] Train acc: 1.0000, Constr acc: 0.9375, CE loss: 0.006, DL2 loss: 4.061
7, 228, 0.0058, 0.0002, 100.000, 100.000, 0.989, 0.767, 
[375] Train acc: 0.9531, Constr acc: 0.9375, CE loss: 0.074, DL2 loss: 4.847
7, 227, 0.0737, 0.0002, 95.312, 100.000, 0.986, 0.788, 
[390] Train acc: 0.9844, Constr acc: 0.8750, CE loss: 0.018, DL2 loss: 7.681
7, 226, 0.0181, 0.0002, 98.438, 100.000, 0.987, 0.767, 
[405] Train acc: 0.9844, Constr acc: 0.9062, CE loss: 0.076, DL2 loss: 5.050
7, 225, 0.0759, 0.0002, 98.438, 100.000, 0.990, 0.785, 
[420] Train acc: 0.9844, Constr acc: 0.9375, CE loss: 0.032, DL2 loss: 3.244
7, 224, 0.0315, 0.0002, 98.438, 100.000, 0.985, 0.720, 
[435] Train acc: 0.9844, Constr acc: 0.9375, CE loss: 0.050, DL2 loss: 1.316
7, 223, 0.0502, 0.0002, 98.438, 100.000, 0.986, 0.723, 
[450] Train acc: 1.0000, Constr acc: 0.7812, CE loss: 0.007, DL2 loss: 10.389
7, 222, 0.0066, 0.0002, 100.000, 100.000, 0.989, 0.770, 
[465] Train acc: 1.0000, Constr acc: 0.8750, CE loss: 0.005, DL2 loss: 9.424
7, 221, 0.0055, 0.0002, 100.000, 100.000, 0.989, 0.784, 
[480] Train acc: 0.9844, Constr acc: 0.8750, CE loss: 0.058, DL2 loss: 8.733
7, 220, 0.0578, 0.0002, 98.438, 100.000, 0.989, 0.777, 
[495] Train acc: 1.0000, Constr acc: 0.9375, CE loss: 0.004, DL2 loss: 1.742
7, 219, 0.0041, 0.0002, 100.000, 100.000, 0.985, 0.745, 
[510] Train acc: 1.0000, Constr acc: 0.8438, CE loss: 0.008, DL2 loss: 9.089
7, 218, 0.0084, 0.0002, 100.000, 100.000, 0.990, 0.771, 
[525] Train acc: 0.9844, Constr acc: 0.9375, CE loss: 0.044, DL2 loss: 2.704
7, 217, 0.0444, 0.0002, 98.438, 100.000, 0.988, 0.758, 
[540] Train acc: 1.0000, Constr acc: 0.9375, CE loss: 0.002, DL2 loss: 4.910
7, 216, 0.0018, 0.0002, 100.000, 100.000, 0.986, 0.746, 
[555] Train acc: 0.9531, Constr acc: 0.8750, CE loss: 0.075, DL2 loss: 6.370
7, 215, 0.0748, 0.0002, 95.312, 100.000, 0.986, 0.752, 
[570] Train acc: 1.0000, Constr acc: 0.9375, CE loss: 0.010, DL2 loss: 4.724
7, 214, 0.0102, 0.0002, 100.000, 100.000, 0.989, 0.741, 
[585] Train acc: 0.9844, Constr acc: 0.9062, CE loss: 0.075, DL2 loss: 4.765
7, 213, 0.0753, 0.0002, 98.438, 100.000, 0.988, 0.752, 
[600] Train acc: 1.0000, Constr acc: 0.8438, CE loss: 0.005, DL2 loss: 7.037
7, 212, 0.0048, 0.0002, 100.000, 100.000, 0.985, 0.767, 
[615] Train acc: 1.0000, Constr acc: 0.9062, CE loss: 0.008, DL2 loss: 5.816
7, 211, 0.0076, 0.0002, 100.000, 100.000, 0.987, 0.773, 
[630] Train acc: 0.9688, Constr acc: 0.9062, CE loss: 0.061, DL2 loss: 6.145
7, 210, 0.0614, 0.0002, 96.875, 100.000, 0.989, 0.785, 
[645] Train acc: 0.9531, Constr acc: 0.7500, CE loss: 0.103, DL2 loss: 10.513
7, 209, 0.1027, 0.0002, 95.312, 100.000, 0.987, 0.776, 
[660] Train acc: 1.0000, Constr acc: 0.9375, CE loss: 0.003, DL2 loss: 4.772
7, 208, 0.0027, 0.0002, 100.000, 100.000, 0.985, 0.733, 
[675] Train acc: 1.0000, Constr acc: 0.7500, CE loss: 0.019, DL2 loss: 17.066
7, 207, 0.0186, 0.0002, 100.000, 100.000, 0.987, 0.757, 
[690] Train acc: 1.0000, Constr acc: 0.9062, CE loss: 0.006, DL2 loss: 6.114
7, 206, 0.0060, 0.0002, 100.000, 100.000, 0.988, 0.767, 
[705] Train acc: 1.0000, Constr acc: 0.9375, CE loss: 0.007, DL2 loss: 3.065
7, 205, 0.0068, 0.0002, 100.000, 100.000, 0.987, 0.763, 
[720] Train acc: 1.0000, Constr acc: 0.9375, CE loss: 0.024, DL2 loss: 3.651
7, 204, 0.0239, 0.0002, 100.000, 100.000, 0.985, 0.751, 
[735] Train acc: 0.9688, Constr acc: 0.8750, CE loss: 0.073, DL2 loss: 7.745
7, 203, 0.0731, 0.0002, 96.875, 100.000, 0.989, 0.792, 
[750] Train acc: 1.0000, Constr acc: 0.9375, CE loss: 0.009, DL2 loss: 3.691
7, 202, 0.0092, 0.0002, 100.000, 100.000, 0.990, 0.778, 
[765] Train acc: 0.9844, Constr acc: 0.9688, CE loss: 0.021, DL2 loss: 0.620
7, 201, 0.0212, 0.0002, 98.438, 100.000, 0.987, 0.780, 
[780] Train acc: 1.0000, Constr acc: 1.0000, CE loss: 0.009, DL2 loss: 0.000
7, 200, 0.0088, 0.0002, 100.000, 100.000, 0.988, 0.775, 
[795] Train acc: 1.0000, Constr acc: 0.8750, CE loss: 0.009, DL2 loss: 6.550
7, 199, 0.0091, 0.0002, 100.000, 100.000, 0.988, 0.787, 
[810] Train acc: 0.9844, Constr acc: 0.9375, CE loss: 0.024, DL2 loss: 3.487
7, 198, 0.0243, 0.0002, 98.438, 100.000, 0.988, 0.776, 
[825] Train acc: 0.9844, Constr acc: 0.8438, CE loss: 0.029, DL2 loss: 7.317
7, 197, 0.0289, 0.0002, 98.438, 100.000, 0.987, 0.746, 
[840] Train acc: 0.9844, Constr acc: 0.9688, CE loss: 0.025, DL2 loss: 2.253
7, 196, 0.0253, 0.0002, 98.438, 100.000, 0.987, 0.760, 
[855] Train acc: 1.0000, Constr acc: 0.8438, CE loss: 0.007, DL2 loss: 10.929
7, 195, 0.0066, 0.0002, 100.000, 100.000, 0.989, 0.777, 
[870] Train acc: 1.0000, Constr acc: 0.9688, CE loss: 0.006, DL2 loss: 1.166
7, 194, 0.0058, 0.0002, 100.000, 100.000, 0.987, 0.780, 
[885] Train acc: 1.0000, Constr acc: 0.8750, CE loss: 0.016, DL2 loss: 10.357
7, 193, 0.0163, 0.0002, 100.000, 100.000, 0.988, 0.789, 
[900] Train acc: 0.9844, Constr acc: 0.8750, CE loss: 0.036, DL2 loss: 6.407
7, 192, 0.0361, 0.0002, 98.438, 100.000, 0.986, 0.799, 
[915] Train acc: 0.9844, Constr acc: 0.8438, CE loss: 0.063, DL2 loss: 9.547
7, 191, 0.0633, 0.0002, 98.438, 100.000, 0.989, 0.744, 
[930] Train acc: 0.9844, Constr acc: 0.9375, CE loss: 0.069, DL2 loss: 3.352
7, 190, 0.0689, 0.0002, 98.438, 100.000, 0.988, 0.774, 
[0] Train acc: 1.0000, Constr acc: 0.9062, CE loss: 0.007, DL2 loss: 7.410
8, 190, 0.0066, 0.0002, 100.000, 100.000, 0.984, 0.768, 
[15] Train acc: 1.0000, Constr acc: 0.9375, CE loss: 0.012, DL2 loss: 3.578
8, 189, 0.0120, 0.0002, 100.000, 100.000, 0.989, 0.755, 
[30] Train acc: 1.0000, Constr acc: 0.8750, CE loss: 0.015, DL2 loss: 6.852
8, 188, 0.0145, 0.0002, 100.000, 100.000, 0.989, 0.729, 
[45] Train acc: 1.0000, Constr acc: 0.8125, CE loss: 0.011, DL2 loss: 12.455
8, 187, 0.0111, 0.0002, 100.000, 100.000, 0.990, 0.739, 
[60] Train acc: 0.9688, Constr acc: 0.8125, CE loss: 0.134, DL2 loss: 10.247
8, 186, 0.1345, 0.0002, 96.875, 100.000, 0.986, 0.713, 
[75] Train acc: 1.0000, Constr acc: 0.8125, CE loss: 0.003, DL2 loss: 10.915
8, 185, 0.0032, 0.0002, 100.000, 100.000, 0.988, 0.752, 
[90] Train acc: 0.9844, Constr acc: 0.9062, CE loss: 0.024, DL2 loss: 6.407
8, 184, 0.0243, 0.0002, 98.438, 100.000, 0.988, 0.766, 
[105] Train acc: 1.0000, Constr acc: 0.9688, CE loss: 0.009, DL2 loss: 2.130
8, 183, 0.0091, 0.0002, 100.000, 100.000, 0.988, 0.783, 
[120] Train acc: 0.9844, Constr acc: 1.0000, CE loss: 0.032, DL2 loss: 0.000
8, 182, 0.0323, 0.0002, 98.438, 100.000, 0.987, 0.783, 
[135] Train acc: 1.0000, Constr acc: 0.9062, CE loss: 0.005, DL2 loss: 4.992
8, 181, 0.0046, 0.0002, 100.000, 100.000, 0.986, 0.767, 
[150] Train acc: 0.9844, Constr acc: 0.8750, CE loss: 0.048, DL2 loss: 6.205
8, 180, 0.0483, 0.0002, 98.438, 100.000, 0.987, 0.782, 
[165] Train acc: 1.0000, Constr acc: 0.8125, CE loss: 0.025, DL2 loss: 8.085
8, 179, 0.0255, 0.0002, 100.000, 100.000, 0.985, 0.760, 
[180] Train acc: 1.0000, Constr acc: 0.9688, CE loss: 0.010, DL2 loss: 2.843
8, 178, 0.0099, 0.0002, 100.000, 100.000, 0.987, 0.789, 
[195] Train acc: 1.0000, Constr acc: 0.9062, CE loss: 0.026, DL2 loss: 5.211
8, 177, 0.0258, 0.0002, 100.000, 100.000, 0.986, 0.779, 
[210] Train acc: 1.0000, Constr acc: 0.7812, CE loss: 0.011, DL2 loss: 12.459
8, 176, 0.0110, 0.0002, 100.000, 100.000, 0.986, 0.787, 
[225] Train acc: 1.0000, Constr acc: 0.9688, CE loss: 0.002, DL2 loss: 1.443
8, 175, 0.0021, 0.0002, 100.000, 100.000, 0.985, 0.789, 
[240] Train acc: 0.9688, Constr acc: 0.8438, CE loss: 0.068, DL2 loss: 10.730
8, 174, 0.0684, 0.0002, 96.875, 100.000, 0.987, 0.772, 
[255] Train acc: 0.9531, Constr acc: 0.8438, CE loss: 0.074, DL2 loss: 9.723
8, 173, 0.0742, 0.0002, 95.312, 100.000, 0.987, 0.773, 
[270] Train acc: 0.9844, Constr acc: 0.9688, CE loss: 0.046, DL2 loss: 2.004
8, 172, 0.0460, 0.0002, 98.438, 100.000, 0.986, 0.738, 
[285] Train acc: 1.0000, Constr acc: 0.9375, CE loss: 0.013, DL2 loss: 3.799
8, 171, 0.0130, 0.0002, 100.000, 100.000, 0.987, 0.755, 
[300] Train acc: 1.0000, Constr acc: 0.9375, CE loss: 0.016, DL2 loss: 2.537
8, 170, 0.0161, 0.0002, 100.000, 100.000, 0.986, 0.741, 
[315] Train acc: 1.0000, Constr acc: 0.9062, CE loss: 0.027, DL2 loss: 4.383
8, 169, 0.0275, 0.0002, 100.000, 100.000, 0.988, 0.766, 
[330] Train acc: 1.0000, Constr acc: 0.9688, CE loss: 0.008, DL2 loss: 0.862
8, 168, 0.0079, 0.0002, 100.000, 100.000, 0.988, 0.780, 
[345] Train acc: 0.9844, Constr acc: 0.9062, CE loss: 0.019, DL2 loss: 6.575
8, 167, 0.0185, 0.0002, 98.438, 100.000, 0.989, 0.766, 
[360] Train acc: 0.9531, Constr acc: 0.9062, CE loss: 0.176, DL2 loss: 6.024
8, 166, 0.1755, 0.0002, 95.312, 100.000, 0.987, 0.760, 
[375] Train acc: 0.9844, Constr acc: 0.9688, CE loss: 0.024, DL2 loss: 2.264
8, 165, 0.0240, 0.0002, 98.438, 100.000, 0.988, 0.741, 
[390] Train acc: 1.0000, Constr acc: 0.8750, CE loss: 0.009, DL2 loss: 6.492
8, 164, 0.0094, 0.0002, 100.000, 100.000, 0.985, 0.725, 
[405] Train acc: 1.0000, Constr acc: 0.9688, CE loss: 0.007, DL2 loss: 2.350
8, 163, 0.0068, 0.0002, 100.000, 100.000, 0.988, 0.757, 
[420] Train acc: 1.0000, Constr acc: 0.8438, CE loss: 0.011, DL2 loss: 7.242
8, 162, 0.0113, 0.0002, 100.000, 100.000, 0.989, 0.767, 
[435] Train acc: 0.9688, Constr acc: 0.9062, CE loss: 0.145, DL2 loss: 4.774
8, 161, 0.1448, 0.0002, 96.875, 100.000, 0.986, 0.722, 
[450] Train acc: 1.0000, Constr acc: 0.9062, CE loss: 0.016, DL2 loss: 6.336
8, 160, 0.0163, 0.0002, 100.000, 100.000, 0.987, 0.706, 
[465] Train acc: 0.9531, Constr acc: 0.9062, CE loss: 0.116, DL2 loss: 4.149
8, 159, 0.1161, 0.0003, 95.312, 100.000, 0.985, 0.676, 
[480] Train acc: 1.0000, Constr acc: 0.9062, CE loss: 0.005, DL2 loss: 4.972
8, 158, 0.0053, 0.0002, 100.000, 100.000, 0.987, 0.686, 
[495] Train acc: 1.0000, Constr acc: 0.8750, CE loss: 0.004, DL2 loss: 6.145
8, 157, 0.0041, 0.0002, 100.000, 100.000, 0.987, 0.693, 
[510] Train acc: 1.0000, Constr acc: 0.9688, CE loss: 0.002, DL2 loss: 1.335
8, 156, 0.0022, 0.0002, 100.000, 100.000, 0.988, 0.710, 
[525] Train acc: 0.9844, Constr acc: 0.9688, CE loss: 0.040, DL2 loss: 1.529
8, 155, 0.0399, 0.0002, 98.438, 100.000, 0.986, 0.699, 
[540] Train acc: 0.9844, Constr acc: 0.8750, CE loss: 0.065, DL2 loss: 8.000
8, 154, 0.0649, 0.0002, 98.438, 100.000, 0.988, 0.716, 
[555] Train acc: 0.9688, Constr acc: 0.9375, CE loss: 0.045, DL2 loss: 4.471
8, 153, 0.0450, 0.0002, 96.875, 100.000, 0.988, 0.700, 
[570] Train acc: 1.0000, Constr acc: 0.9375, CE loss: 0.006, DL2 loss: 4.695
8, 152, 0.0060, 0.0002, 100.000, 100.000, 0.989, 0.730, 
[585] Train acc: 1.0000, Constr acc: 0.9062, CE loss: 0.008, DL2 loss: 5.177
8, 151, 0.0082, 0.0002, 100.000, 100.000, 0.988, 0.713, 
[600] Train acc: 0.9688, Constr acc: 0.9062, CE loss: 0.083, DL2 loss: 5.686
8, 150, 0.0831, 0.0002, 96.875, 100.000, 0.988, 0.704, 
[615] Train acc: 0.9844, Constr acc: 0.9062, CE loss: 0.036, DL2 loss: 4.123
8, 149, 0.0363, 0.0003, 98.438, 100.000, 0.983, 0.683, 
[630] Train acc: 0.9688, Constr acc: 0.8750, CE loss: 0.070, DL2 loss: 7.642
8, 148, 0.0701, 0.0003, 96.875, 100.000, 0.986, 0.679, 
[645] Train acc: 0.9844, Constr acc: 0.8750, CE loss: 0.034, DL2 loss: 6.189
8, 147, 0.0336, 0.0002, 98.438, 100.000, 0.988, 0.691, 
[660] Train acc: 0.9688, Constr acc: 0.8125, CE loss: 0.087, DL2 loss: 10.272
8, 146, 0.0870, 0.0003, 96.875, 100.000, 0.987, 0.666, 
[675] Train acc: 1.0000, Constr acc: 0.9375, CE loss: 0.028, DL2 loss: 4.266
8, 145, 0.0279, 0.0003, 100.000, 100.000, 0.988, 0.657, 
[690] Train acc: 1.0000, Constr acc: 0.8750, CE loss: 0.018, DL2 loss: 8.225
8, 144, 0.0180, 0.0003, 100.000, 100.000, 0.984, 0.699, 
[705] Train acc: 0.9688, Constr acc: 0.9375, CE loss: 0.126, DL2 loss: 2.905
8, 143, 0.1259, 0.0003, 96.875, 100.000, 0.988, 0.638, 
[720] Train acc: 1.0000, Constr acc: 0.8750, CE loss: 0.018, DL2 loss: 6.296
8, 142, 0.0185, 0.0003, 100.000, 100.000, 0.987, 0.621, 
[735] Train acc: 1.0000, Constr acc: 0.9062, CE loss: 0.029, DL2 loss: 6.584
8, 141, 0.0292, 0.0003, 100.000, 100.000, 0.987, 0.602, 
[750] Train acc: 0.9688, Constr acc: 0.9375, CE loss: 0.082, DL2 loss: 3.364
8, 140, 0.0817, 0.0003, 96.875, 100.000, 0.988, 0.594, 
[765] Train acc: 0.9844, Constr acc: 0.7812, CE loss: 0.025, DL2 loss: 12.201
8, 139, 0.0253, 0.0003, 98.438, 100.000, 0.987, 0.664, 
[780] Train acc: 0.9844, Constr acc: 0.9375, CE loss: 0.039, DL2 loss: 3.481
8, 138, 0.0392, 0.0003, 98.438, 100.000, 0.983, 0.628, 
[795] Train acc: 1.0000, Constr acc: 0.8438, CE loss: 0.015, DL2 loss: 10.802
8, 137, 0.0147, 0.0003, 100.000, 100.000, 0.987, 0.660, 
[810] Train acc: 0.9688, Constr acc: 1.0000, CE loss: 0.085, DL2 loss: 0.000
8, 136, 0.0847, 0.0003, 96.875, 100.000, 0.988, 0.638, 
[825] Train acc: 0.9844, Constr acc: 0.9375, CE loss: 0.059, DL2 loss: 4.257
8, 135, 0.0586, 0.0003, 98.438, 100.000, 0.987, 0.644, 
[840] Train acc: 1.0000, Constr acc: 0.9375, CE loss: 0.016, DL2 loss: 3.688
8, 134, 0.0158, 0.0003, 100.000, 100.000, 0.988, 0.648, 
[855] Train acc: 1.0000, Constr acc: 0.8750, CE loss: 0.020, DL2 loss: 9.216
8, 133, 0.0202, 0.0003, 100.000, 100.000, 0.989, 0.657, 
[870] Train acc: 1.0000, Constr acc: 0.8438, CE loss: 0.039, DL2 loss: 8.046
8, 132, 0.0392, 0.0003, 100.000, 100.000, 0.987, 0.621, 
[885] Train acc: 1.0000, Constr acc: 0.8750, CE loss: 0.026, DL2 loss: 7.884
8, 131, 0.0259, 0.0003, 100.000, 100.000, 0.986, 0.603, 
[900] Train acc: 0.9531, Constr acc: 0.9375, CE loss: 0.078, DL2 loss: 1.215
8, 130, 0.0783, 0.0003, 95.312, 100.000, 0.989, 0.662, 
[915] Train acc: 0.9844, Constr acc: 0.8750, CE loss: 0.051, DL2 loss: 8.361
8, 129, 0.0511, 0.0003, 98.438, 100.000, 0.987, 0.607, 
[930] Train acc: 1.0000, Constr acc: 0.9375, CE loss: 0.007, DL2 loss: 3.458
8, 128, 0.0074, 0.0003, 100.000, 100.000, 0.981, 0.612, 
[0] Train acc: 0.9844, Constr acc: 0.8438, CE loss: 0.035, DL2 loss: 11.426
9, 127, 0.0349, 0.0003, 98.438, 100.000, 0.987, 0.579, 
[15] Train acc: 0.9844, Constr acc: 0.8438, CE loss: 0.028, DL2 loss: 11.184
9, 126, 0.0285, 0.0003, 98.438, 100.000, 0.988, 0.566, 
[30] Train acc: 1.0000, Constr acc: 0.8125, CE loss: 0.015, DL2 loss: 12.817
9, 125, 0.0149, 0.0003, 100.000, 100.000, 0.987, 0.608, 
[45] Train acc: 0.9844, Constr acc: 0.8750, CE loss: 0.050, DL2 loss: 4.123
9, 124, 0.0499, 0.0003, 98.438, 100.000, 0.988, 0.621, 
[60] Train acc: 1.0000, Constr acc: 0.9375, CE loss: 0.015, DL2 loss: 4.194
9, 123, 0.0151, 0.0003, 100.000, 100.000, 0.984, 0.619, 
[75] Train acc: 0.9844, Constr acc: 1.0000, CE loss: 0.026, DL2 loss: 0.000
9, 122, 0.0262, 0.0003, 98.438, 100.000, 0.986, 0.622, 
[90] Train acc: 0.9844, Constr acc: 0.8125, CE loss: 0.032, DL2 loss: 9.133
9, 121, 0.0324, 0.0003, 98.438, 100.000, 0.987, 0.619, 
[105] Train acc: 1.0000, Constr acc: 0.9062, CE loss: 0.013, DL2 loss: 6.104
9, 120, 0.0129, 0.0003, 100.000, 100.000, 0.987, 0.660, 
[120] Train acc: 1.0000, Constr acc: 0.9375, CE loss: 0.027, DL2 loss: 3.613
9, 119, 0.0267, 0.0003, 100.000, 100.000, 0.986, 0.670, 
[135] Train acc: 1.0000, Constr acc: 0.8438, CE loss: 0.037, DL2 loss: 6.297
9, 118, 0.0370, 0.0003, 100.000, 100.000, 0.984, 0.578, 
[150] Train acc: 0.9688, Constr acc: 0.9375, CE loss: 0.036, DL2 loss: 2.890
9, 117, 0.0361, 0.0003, 96.875, 100.000, 0.987, 0.646, 
[165] Train acc: 0.9844, Constr acc: 0.9375, CE loss: 0.024, DL2 loss: 1.881
9, 116, 0.0239, 0.0003, 98.438, 100.000, 0.988, 0.658, 
[180] Train acc: 0.9844, Constr acc: 0.8438, CE loss: 0.030, DL2 loss: 8.452
9, 115, 0.0300, 0.0003, 98.438, 100.000, 0.986, 0.629, 
[195] Train acc: 1.0000, Constr acc: 0.9375, CE loss: 0.023, DL2 loss: 2.884
9, 114, 0.0230, 0.0003, 100.000, 100.000, 0.986, 0.622, 
[210] Train acc: 0.9844, Constr acc: 0.8750, CE loss: 0.032, DL2 loss: 7.155
9, 113, 0.0321, 0.0003, 98.438, 100.000, 0.985, 0.637, 
[225] Train acc: 0.9844, Constr acc: 0.9062, CE loss: 0.036, DL2 loss: 5.470
9, 112, 0.0358, 0.0003, 98.438, 100.000, 0.984, 0.586, 
[240] Train acc: 0.9844, Constr acc: 0.8750, CE loss: 0.024, DL2 loss: 6.599
9, 111, 0.0240, 0.0003, 98.438, 100.000, 0.985, 0.572, 
[255] Train acc: 1.0000, Constr acc: 0.9062, CE loss: 0.023, DL2 loss: 5.343
9, 110, 0.0231, 0.0003, 100.000, 100.000, 0.985, 0.525, 
[270] Train acc: 0.9688, Constr acc: 0.8750, CE loss: 0.133, DL2 loss: 5.919
9, 109, 0.1334, 0.0004, 96.875, 100.000, 0.978, 0.497, 
[285] Train acc: 0.9844, Constr acc: 0.9062, CE loss: 0.041, DL2 loss: 6.829
9, 108, 0.0412, 0.0004, 98.438, 100.000, 0.982, 0.490, 
[300] Train acc: 1.0000, Constr acc: 0.9688, CE loss: 0.021, DL2 loss: 2.390
9, 107, 0.0207, 0.0004, 100.000, 100.000, 0.981, 0.523, 
[315] Train acc: 0.9844, Constr acc: 0.7812, CE loss: 0.065, DL2 loss: 12.920
9, 106, 0.0645, 0.0003, 98.438, 100.000, 0.987, 0.546, 
[330] Train acc: 0.9844, Constr acc: 0.8750, CE loss: 0.081, DL2 loss: 7.387
9, 105, 0.0809, 0.0003, 98.438, 100.000, 0.987, 0.557, 
[345] Train acc: 1.0000, Constr acc: 0.9375, CE loss: 0.012, DL2 loss: 3.337
9, 104, 0.0124, 0.0003, 100.000, 100.000, 0.984, 0.564, 
[360] Train acc: 0.9844, Constr acc: 0.9375, CE loss: 0.069, DL2 loss: 2.737
9, 103, 0.0694, 0.0003, 98.438, 100.000, 0.984, 0.562, 
[375] Train acc: 1.0000, Constr acc: 0.9375, CE loss: 0.014, DL2 loss: 2.350
9, 102, 0.0138, 0.0003, 100.000, 100.000, 0.982, 0.585, 
[390] Train acc: 0.9844, Constr acc: 0.9688, CE loss: 0.045, DL2 loss: 2.116
9, 101, 0.0445, 0.0003, 98.438, 100.000, 0.983, 0.547, 
[405] Train acc: 1.0000, Constr acc: 0.8125, CE loss: 0.016, DL2 loss: 10.738
9, 100, 0.0161, 0.0003, 100.000, 100.000, 0.984, 0.564, 
[420] Train acc: 1.0000, Constr acc: 0.9375, CE loss: 0.032, DL2 loss: 3.942
9, 99, 0.0319, 0.0003, 100.000, 100.000, 0.984, 0.539, 
[435] Train acc: 0.9688, Constr acc: 0.9688, CE loss: 0.049, DL2 loss: 2.321
9, 98, 0.0493, 0.0004, 96.875, 100.000, 0.981, 0.493, 
[450] Train acc: 0.9688, Constr acc: 0.8750, CE loss: 0.093, DL2 loss: 3.908
9, 97, 0.0933, 0.0004, 96.875, 100.000, 0.982, 0.459, 
[465] Train acc: 0.9844, Constr acc: 0.8750, CE loss: 0.056, DL2 loss: 6.747
9, 96, 0.0560, 0.0004, 98.438, 100.000, 0.980, 0.484, 
[480] Train acc: 0.9688, Constr acc: 0.9062, CE loss: 0.047, DL2 loss: 6.254
9, 95, 0.0470, 0.0004, 96.875, 100.000, 0.984, 0.492, 
[495] Train acc: 1.0000, Constr acc: 0.8438, CE loss: 0.016, DL2 loss: 8.924
9, 94, 0.0156, 0.0003, 100.000, 100.000, 0.983, 0.515, 
[510] Train acc: 0.9688, Constr acc: 0.8750, CE loss: 0.088, DL2 loss: 8.833
9, 93, 0.0883, 0.0003, 96.875, 100.000, 0.984, 0.514, 
[525] Train acc: 0.9531, Constr acc: 0.8438, CE loss: 0.137, DL2 loss: 7.499
9, 92, 0.1368, 0.0004, 95.312, 100.000, 0.982, 0.487, 
[540] Train acc: 1.0000, Constr acc: 0.8750, CE loss: 0.033, DL2 loss: 9.333
9, 91, 0.0335, 0.0004, 100.000, 100.000, 0.980, 0.514, 
[555] Train acc: 0.9688, Constr acc: 0.8438, CE loss: 0.056, DL2 loss: 7.753
9, 90, 0.0563, 0.0004, 96.875, 100.000, 0.986, 0.485, 
[570] Train acc: 1.0000, Constr acc: 0.9375, CE loss: 0.025, DL2 loss: 3.867
9, 89, 0.0248, 0.0004, 100.000, 100.000, 0.983, 0.520, 
[585] Train acc: 1.0000, Constr acc: 0.8438, CE loss: 0.019, DL2 loss: 9.160
9, 88, 0.0188, 0.0004, 100.000, 100.000, 0.983, 0.483, 
[600] Train acc: 1.0000, Constr acc: 0.7500, CE loss: 0.023, DL2 loss: 13.906
9, 87, 0.0233, 0.0004, 100.000, 100.000, 0.981, 0.503, 
[615] Train acc: 0.9844, Constr acc: 0.8125, CE loss: 0.040, DL2 loss: 9.869
9, 86, 0.0399, 0.0004, 98.438, 100.000, 0.982, 0.432, 
[630] Train acc: 1.0000, Constr acc: 0.8125, CE loss: 0.014, DL2 loss: 11.736
9, 85, 0.0138, 0.0004, 100.000, 100.000, 0.983, 0.473, 
[645] Train acc: 0.9688, Constr acc: 0.9062, CE loss: 0.061, DL2 loss: 7.522
9, 84, 0.0607, 0.0004, 96.875, 100.000, 0.983, 0.473, 
[660] Train acc: 0.9844, Constr acc: 0.7812, CE loss: 0.101, DL2 loss: 14.433
9, 83, 0.1012, 0.0004, 98.438, 98.438, 0.985, 0.466, 
[675] Train acc: 0.9375, Constr acc: 0.9375, CE loss: 0.183, DL2 loss: 3.239
9, 82, 0.1833, 0.0004, 93.750, 100.000, 0.975, 0.414, 
[690] Train acc: 1.0000, Constr acc: 1.0000, CE loss: 0.017, DL2 loss: 0.000
9, 81, 0.0172, 0.0004, 100.000, 100.000, 0.984, 0.453, 
[705] Train acc: 1.0000, Constr acc: 0.9375, CE loss: 0.030, DL2 loss: 3.499
9, 80, 0.0300, 0.0004, 100.000, 100.000, 0.983, 0.459, 
[720] Train acc: 0.9688, Constr acc: 0.8750, CE loss: 0.098, DL2 loss: 6.477
9, 79, 0.0979, 0.0004, 96.875, 100.000, 0.980, 0.454, 
[735] Train acc: 0.9531, Constr acc: 0.8438, CE loss: 0.149, DL2 loss: 5.903
9, 78, 0.1495, 0.0004, 95.312, 98.438, 0.976, 0.383, 
[750] Train acc: 0.9844, Constr acc: 0.8438, CE loss: 0.044, DL2 loss: 8.797
9, 77, 0.0442, 0.0004, 98.438, 100.000, 0.980, 0.406, 
[765] Train acc: 0.9688, Constr acc: 0.8750, CE loss: 0.061, DL2 loss: 4.762
9, 76, 0.0614, 0.0004, 96.875, 100.000, 0.984, 0.415, 
[780] Train acc: 0.9531, Constr acc: 0.9375, CE loss: 0.073, DL2 loss: 3.456
9, 75, 0.0728, 0.0004, 95.312, 100.000, 0.978, 0.398, 
[795] Train acc: 0.9844, Constr acc: 0.9062, CE loss: 0.045, DL2 loss: 6.338
9, 74, 0.0447, 0.0004, 98.438, 100.000, 0.982, 0.368, 
[810] Train acc: 0.9844, Constr acc: 0.8750, CE loss: 0.041, DL2 loss: 5.145
9, 73, 0.0412, 0.0004, 98.438, 100.000, 0.980, 0.365, 
[825] Train acc: 0.9688, Constr acc: 0.9375, CE loss: 0.079, DL2 loss: 3.569
9, 72, 0.0792, 0.0004, 96.875, 100.000, 0.980, 0.444, 
[840] Train acc: 0.9531, Constr acc: 0.9375, CE loss: 0.084, DL2 loss: 4.672
9, 71, 0.0838, 0.0004, 95.312, 100.000, 0.979, 0.463, 
[855] Train acc: 0.9375, Constr acc: 0.8750, CE loss: 0.281, DL2 loss: 6.653
9, 70, 0.2812, 0.0004, 93.750, 100.000, 0.978, 0.419, 
[870] Train acc: 0.9531, Constr acc: 0.7812, CE loss: 0.182, DL2 loss: 13.282
9, 69, 0.1820, 0.0004, 95.312, 100.000, 0.981, 0.391, 
[885] Train acc: 1.0000, Constr acc: 0.8750, CE loss: 0.051, DL2 loss: 7.759
9, 68, 0.0508, 0.0005, 100.000, 100.000, 0.965, 0.347, 
[900] Train acc: 0.9688, Constr acc: 0.9062, CE loss: 0.063, DL2 loss: 4.386
9, 67, 0.0628, 0.0004, 96.875, 100.000, 0.975, 0.430, 
[915] Train acc: 0.9531, Constr acc: 0.9375, CE loss: 0.086, DL2 loss: 3.571
9, 66, 0.0855, 0.0004, 95.312, 100.000, 0.977, 0.334, 
[930] Train acc: 0.9688, Constr acc: 0.8750, CE loss: 0.072, DL2 loss: 6.371
9, 65, 0.0725, 0.0004, 96.875, 100.000, 0.976, 0.351, 
[0] Train acc: 0.9844, Constr acc: 0.9375, CE loss: 0.056, DL2 loss: 4.095
10, 65, 0.0559, 0.0005, 98.438, 100.000, 0.973, 0.337, 
[15] Train acc: 0.9062, Constr acc: 0.8438, CE loss: 0.276, DL2 loss: 6.816
10, 64, 0.2756, 0.0004, 90.625, 98.438, 0.977, 0.373, 
[30] Train acc: 0.9844, Constr acc: 0.9375, CE loss: 0.056, DL2 loss: 2.975
10, 63, 0.0564, 0.0004, 98.438, 100.000, 0.976, 0.363, 
[45] Train acc: 0.9688, Constr acc: 0.9062, CE loss: 0.067, DL2 loss: 6.376
10, 62, 0.0673, 0.0005, 96.875, 100.000, 0.975, 0.322, 
[60] Train acc: 0.9844, Constr acc: 0.7500, CE loss: 0.067, DL2 loss: 10.237
10, 61, 0.0671, 0.0005, 98.438, 100.000, 0.972, 0.325, 
[75] Train acc: 0.9688, Constr acc: 0.9062, CE loss: 0.090, DL2 loss: 6.068
10, 60, 0.0905, 0.0005, 96.875, 100.000, 0.974, 0.322, 
[90] Train acc: 0.9844, Constr acc: 0.8438, CE loss: 0.058, DL2 loss: 5.852
10, 59, 0.0578, 0.0005, 98.438, 100.000, 0.977, 0.310, 
[105] Train acc: 0.9688, Constr acc: 0.8750, CE loss: 0.076, DL2 loss: 4.651
10, 58, 0.0761, 0.0004, 96.875, 100.000, 0.980, 0.333, 
[120] Train acc: 0.9844, Constr acc: 0.8750, CE loss: 0.061, DL2 loss: 7.552
10, 57, 0.0607, 0.0005, 98.438, 100.000, 0.975, 0.299, 
[135] Train acc: 0.9688, Constr acc: 0.8438, CE loss: 0.083, DL2 loss: 8.664
10, 56, 0.0833, 0.0005, 96.875, 100.000, 0.965, 0.302, 
[150] Train acc: 0.9844, Constr acc: 0.7812, CE loss: 0.092, DL2 loss: 10.125
10, 55, 0.0916, 0.0005, 98.438, 100.000, 0.975, 0.330, 
[165] Train acc: 0.9844, Constr acc: 0.9688, CE loss: 0.067, DL2 loss: 0.987
10, 54, 0.0672, 0.0005, 98.438, 100.000, 0.976, 0.342, 
[180] Train acc: 0.9688, Constr acc: 0.9062, CE loss: 0.101, DL2 loss: 4.049
10, 53, 0.1009, 0.0005, 96.875, 100.000, 0.973, 0.279, 
[195] Train acc: 0.9688, Constr acc: 0.9375, CE loss: 0.071, DL2 loss: 4.142
10, 52, 0.0715, 0.0005, 96.875, 100.000, 0.968, 0.339, 
[210] Train acc: 1.0000, Constr acc: 0.8438, CE loss: 0.053, DL2 loss: 7.469
10, 51, 0.0535, 0.0005, 100.000, 100.000, 0.973, 0.317, 
[225] Train acc: 1.0000, Constr acc: 0.8750, CE loss: 0.044, DL2 loss: 4.858
10, 50, 0.0437, 0.0005, 100.000, 100.000, 0.969, 0.291, 
[240] Train acc: 0.9375, Constr acc: 0.9062, CE loss: 0.181, DL2 loss: 5.001
10, 49, 0.1814, 0.0005, 93.750, 100.000, 0.960, 0.304, 
[255] Train acc: 0.9375, Constr acc: 0.8750, CE loss: 0.129, DL2 loss: 7.314
10, 48, 0.1292, 0.0005, 93.750, 100.000, 0.966, 0.303, 
[270] Train acc: 0.9531, Constr acc: 0.8750, CE loss: 0.114, DL2 loss: 6.948
10, 47, 0.1144, 0.0006, 95.312, 100.000, 0.952, 0.290, 
[285] Train acc: 0.9531, Constr acc: 0.7500, CE loss: 0.105, DL2 loss: 12.910
10, 46, 0.1054, 0.0005, 95.312, 100.000, 0.974, 0.311, 
[300] Train acc: 0.9688, Constr acc: 0.8750, CE loss: 0.103, DL2 loss: 3.414
10, 45, 0.1027, 0.0005, 96.875, 100.000, 0.962, 0.303, 
[315] Train acc: 0.9688, Constr acc: 0.8125, CE loss: 0.137, DL2 loss: 10.565
10, 44, 0.1375, 0.0005, 96.875, 100.000, 0.975, 0.271, 
[330] Train acc: 0.9531, Constr acc: 0.9062, CE loss: 0.305, DL2 loss: 3.431
10, 43, 0.3046, 0.0006, 95.312, 98.438, 0.943, 0.231, 
[345] Train acc: 0.9844, Constr acc: 0.9062, CE loss: 0.099, DL2 loss: 3.429
10, 42, 0.0991, 0.0006, 98.438, 100.000, 0.949, 0.261, 
[360] Train acc: 0.9688, Constr acc: 0.8750, CE loss: 0.065, DL2 loss: 6.820
10, 41, 0.0651, 0.0006, 96.875, 100.000, 0.952, 0.240, 
[375] Train acc: 0.9844, Constr acc: 0.7812, CE loss: 0.090, DL2 loss: 12.974
10, 40, 0.0902, 0.0006, 98.438, 100.000, 0.971, 0.232, 
[390] Train acc: 1.0000, Constr acc: 0.8125, CE loss: 0.036, DL2 loss: 8.296
10, 39, 0.0361, 0.0006, 100.000, 100.000, 0.972, 0.229, 
[405] Train acc: 1.0000, Constr acc: 0.8438, CE loss: 0.039, DL2 loss: 8.144
10, 38, 0.0393, 0.0006, 100.000, 100.000, 0.963, 0.254, 
[420] Train acc: 0.9688, Constr acc: 0.8125, CE loss: 0.060, DL2 loss: 8.417
10, 37, 0.0604, 0.0005, 96.875, 100.000, 0.962, 0.316, 
[435] Train acc: 0.9531, Constr acc: 0.9062, CE loss: 0.198, DL2 loss: 3.446
10, 36, 0.1984, 0.0006, 95.312, 100.000, 0.958, 0.261, 
[450] Train acc: 0.9219, Constr acc: 0.8750, CE loss: 0.121, DL2 loss: 7.386
10, 35, 0.1206, 0.0006, 92.188, 100.000, 0.963, 0.286, 
[465] Train acc: 0.9844, Constr acc: 0.9375, CE loss: 0.118, DL2 loss: 3.870
10, 34, 0.1183, 0.0006, 98.438, 100.000, 0.958, 0.243, 
[480] Train acc: 0.9375, Constr acc: 0.7188, CE loss: 0.207, DL2 loss: 11.286
10, 33, 0.2072, 0.0006, 93.750, 100.000, 0.939, 0.221, 
[495] Train acc: 0.9531, Constr acc: 0.8438, CE loss: 0.107, DL2 loss: 9.441
10, 32, 0.1072, 0.0006, 95.312, 100.000, 0.953, 0.203, 
[510] Train acc: 0.9531, Constr acc: 0.8438, CE loss: 0.128, DL2 loss: 4.860
10, 31, 0.1282, 0.0006, 95.312, 100.000, 0.960, 0.200, 
[525] Train acc: 0.9531, Constr acc: 0.8750, CE loss: 0.206, DL2 loss: 3.955
10, 30, 0.2057, 0.0006, 95.312, 100.000, 0.957, 0.191, 
[540] Train acc: 0.9375, Constr acc: 0.7188, CE loss: 0.268, DL2 loss: 9.055
10, 29, 0.2682, 0.0007, 93.750, 100.000, 0.960, 0.197, 
[555] Train acc: 0.9062, Constr acc: 0.8125, CE loss: 0.245, DL2 loss: 10.243
10, 28, 0.2448, 0.0007, 90.625, 100.000, 0.940, 0.177, 
[570] Train acc: 0.8594, Constr acc: 0.9375, CE loss: 0.338, DL2 loss: 2.735
10, 27, 0.3375, 0.0007, 85.938, 100.000, 0.936, 0.152, 
[585] Train acc: 0.8906, Constr acc: 0.8438, CE loss: 0.383, DL2 loss: 4.942
10, 26, 0.3834, 0.0007, 89.062, 100.000, 0.939, 0.132, 
[600] Train acc: 0.9688, Constr acc: 0.7500, CE loss: 0.226, DL2 loss: 11.931
10, 25, 0.2259, 0.0007, 96.875, 100.000, 0.932, 0.136, 
[615] Train acc: 0.8594, Constr acc: 0.7188, CE loss: 0.374, DL2 loss: 12.144
10, 24, 0.3743, 0.0008, 85.938, 98.438, 0.905, 0.121, 
[630] Train acc: 0.9531, Constr acc: 0.8750, CE loss: 0.215, DL2 loss: 4.245
10, 23, 0.2153, 0.0007, 95.312, 100.000, 0.937, 0.162, 
[645] Train acc: 0.8906, Constr acc: 0.8125, CE loss: 0.344, DL2 loss: 6.972
10, 22, 0.3436, 0.0008, 89.062, 100.000, 0.913, 0.110, 
[660] Train acc: 0.9062, Constr acc: 0.9375, CE loss: 0.445, DL2 loss: 4.164
10, 21, 0.4452, 0.0008, 90.625, 98.438, 0.913, 0.133, 
[675] Train acc: 0.8594, Constr acc: 0.8125, CE loss: 0.509, DL2 loss: 5.789
10, 20, 0.5094, 0.0010, 85.938, 98.438, 0.813, 0.093, 
[690] Train acc: 0.7344, Constr acc: 0.6875, CE loss: 0.680, DL2 loss: 12.898
10, 19, 0.6802, 0.0012, 73.438, 100.000, 0.634, 0.123, 
[705] Train acc: 0.7656, Constr acc: 0.8125, CE loss: 0.639, DL2 loss: 8.569
10, 18, 0.6388, 0.0010, 76.562, 100.000, 0.801, 0.144, 
[720] Train acc: 0.8281, Constr acc: 0.7812, CE loss: 0.528, DL2 loss: 9.773
10, 17, 0.5278, 0.0010, 82.812, 100.000, 0.805, 0.135, 
[735] Train acc: 0.8125, Constr acc: 0.5938, CE loss: 0.587, DL2 loss: 20.105
10, 16, 0.5872, 0.0012, 81.250, 100.000, 0.724, 0.076, 
[750] Train acc: 0.7500, Constr acc: 0.7188, CE loss: 0.814, DL2 loss: 11.357
10, 15, 0.8145, 0.0012, 75.000, 98.438, 0.687, 0.074, 
[765] Train acc: 0.4219, Constr acc: 0.3438, CE loss: 1.246, DL2 loss: 26.960
10, 14, 1.2458, 0.0015, 42.188, 95.312, 0.544, 0.065, 
[780] Train acc: 0.3438, Constr acc: 0.1875, CE loss: 1.720, DL2 loss: 40.402
10, 13, 1.7205, 0.0018, 34.375, 85.938, 0.353, 0.053, 
[795] Train acc: 0.2500, Constr acc: 0.3125, CE loss: 1.832, DL2 loss: 31.099
10, 12, 1.8320, 0.0018, 25.000, 85.938, 0.328, 0.047, 
[810] Train acc: 0.1406, Constr acc: 0.0625, CE loss: 2.038, DL2 loss: 54.357
10, 11, 2.0384, 0.0021, 14.062, 65.625, 0.146, 0.052, 
[825] Train acc: 0.0625, Constr acc: 0.0312, CE loss: 2.184, DL2 loss: 58.133
10, 10, 2.1837, 0.0021, 6.250, 71.875, 0.189, 0.051, 
[840] Train acc: 0.1250, Constr acc: 0.0000, CE loss: 2.310, DL2 loss: 72.667
10, 9, 2.3104, 0.0023, 12.500, 48.438, 0.114, 0.049, 
[855] Train acc: 0.0469, Constr acc: 0.0000, CE loss: 2.306, DL2 loss: 72.189
10, 8, 2.3065, 0.0023, 4.688, 46.875, 0.114, 0.048, 
[870] Train acc: 0.1094, Constr acc: 0.0000, CE loss: 2.313, DL2 loss: 70.525
10, 7, 2.3131, 0.0023, 10.938, 46.875, 0.114, 0.055, 
[885] Train acc: 0.1250, Constr acc: 0.0000, CE loss: 2.288, DL2 loss: 66.696
10, 6, 2.2879, 0.0023, 12.500, 62.500, 0.114, 0.054, 
[900] Train acc: 0.0938, Constr acc: 0.0000, CE loss: 2.298, DL2 loss: 68.665
10, 5, 2.2979, 0.0023, 9.375, 53.125, 0.114, 0.057, 
[915] Train acc: 0.1250, Constr acc: 0.0000, CE loss: 2.302, DL2 loss: 71.998
10, 4, 2.3025, 0.0023, 12.500, 48.438, 0.114, 0.049, 
[930] Train acc: 0.1250, Constr acc: 0.0000, CE loss: 2.306, DL2 loss: 67.815
10, 3, 2.3058, 0.0023, 12.500, 50.000, 0.114, 0.046, 
