main_allinputs_dl2.py --pruning=True --tensorboard=True --log-interval=15 --pruning_config=./configs/mnist_22_15.json --constraint RobustnessDandR(eps1=20, eps2=2) --print-after-epoch=0 --dl2-weight=0.2 --delay=6
pruning_engine.load_mask(): did not find mask file, will load nothing
epoch, neuron_units, loss, dl2_loss, top1, top5, dl2_p_acc, dl2_constraint_acc
[0] Train acc: 0.1406
1, 252, 2.2927, 0.0023, 14.062, 59.375, 0.103, 1.000, 
[15] Train acc: 0.1875
1, 252, 2.2763, 0.0023, 18.750, 68.750, 0.103, 1.000, 
[30] Train acc: 0.3125
1, 252, 2.2343, 0.0023, 31.250, 75.000, 0.205, 1.000, 
[45] Train acc: 0.3594
1, 252, 2.1083, 0.0022, 35.938, 89.062, 0.408, 1.000, 
[60] Train acc: 0.5625
1, 252, 1.8079, 0.0021, 56.250, 90.625, 0.576, 1.000, 
[75] Train acc: 0.6719
1, 252, 1.1560, 0.0017, 67.188, 95.312, 0.646, 1.000, 
[90] Train acc: 0.6250
1, 252, 1.0569, 0.0015, 62.500, 98.438, 0.674, 0.999, 
[105] Train acc: 0.7031
1, 252, 0.8945, 0.0013, 70.312, 95.312, 0.730, 0.989, 
[120] Train acc: 0.8125
1, 252, 0.5999, 0.0011, 81.250, 98.438, 0.806, 0.929, 
[135] Train acc: 0.8594
1, 252, 0.3908, 0.0010, 85.938, 100.000, 0.854, 0.862, 
[150] Train acc: 0.8594
1, 252, 0.5338, 0.0010, 85.938, 100.000, 0.820, 0.870, 
[165] Train acc: 0.8281
1, 252, 0.5438, 0.0010, 82.812, 98.438, 0.764, 0.804, 
[180] Train acc: 0.9062
1, 252, 0.4400, 0.0009, 90.625, 98.438, 0.846, 0.777, 
[195] Train acc: 0.9062
1, 252, 0.2807, 0.0009, 90.625, 100.000, 0.848, 0.737, 
[210] Train acc: 0.9219
1, 252, 0.3620, 0.0009, 92.188, 98.438, 0.857, 0.755, 
[225] Train acc: 0.8906
1, 252, 0.3961, 0.0008, 89.062, 100.000, 0.886, 0.729, 
[240] Train acc: 0.8750
1, 252, 0.4191, 0.0008, 87.500, 98.438, 0.877, 0.663, 
[255] Train acc: 0.8281
1, 252, 0.4304, 0.0008, 82.812, 100.000, 0.853, 0.655, 
[270] Train acc: 0.9219
1, 252, 0.2301, 0.0008, 92.188, 100.000, 0.844, 0.663, 
[285] Train acc: 0.9375
1, 252, 0.2475, 0.0007, 93.750, 100.000, 0.920, 0.593, 
[300] Train acc: 0.9062
1, 252, 0.2684, 0.0007, 90.625, 100.000, 0.911, 0.583, 
[315] Train acc: 0.9375
1, 252, 0.2690, 0.0007, 93.750, 98.438, 0.921, 0.586, 
[330] Train acc: 0.9062
1, 252, 0.3765, 0.0007, 90.625, 98.438, 0.864, 0.596, 
[345] Train acc: 0.8594
1, 252, 0.4717, 0.0007, 85.938, 98.438, 0.908, 0.555, 
[360] Train acc: 0.8750
1, 252, 0.2840, 0.0007, 87.500, 100.000, 0.908, 0.565, 
[375] Train acc: 0.9375
1, 252, 0.1569, 0.0007, 93.750, 100.000, 0.922, 0.548, 
[390] Train acc: 0.9219
1, 252, 0.2107, 0.0006, 92.188, 100.000, 0.915, 0.535, 
[405] Train acc: 0.9375
1, 252, 0.1972, 0.0006, 93.750, 100.000, 0.917, 0.563, 
[420] Train acc: 0.9375
1, 252, 0.2407, 0.0006, 93.750, 100.000, 0.935, 0.511, 
[435] Train acc: 0.9219
1, 252, 0.2249, 0.0006, 92.188, 100.000, 0.934, 0.521, 
[450] Train acc: 0.9219
1, 252, 0.1830, 0.0006, 92.188, 100.000, 0.942, 0.476, 
[465] Train acc: 0.8906
1, 252, 0.3452, 0.0006, 89.062, 100.000, 0.912, 0.468, 
[480] Train acc: 1.0000
1, 252, 0.0759, 0.0006, 100.000, 100.000, 0.935, 0.440, 
[495] Train acc: 0.9531
1, 252, 0.1630, 0.0006, 95.312, 100.000, 0.947, 0.481, 
[510] Train acc: 0.9219
1, 252, 0.1678, 0.0005, 92.188, 100.000, 0.948, 0.452, 
[525] Train acc: 0.9531
1, 252, 0.1374, 0.0006, 95.312, 100.000, 0.945, 0.470, 
[540] Train acc: 0.9531
1, 252, 0.2549, 0.0006, 95.312, 98.438, 0.932, 0.457, 
[555] Train acc: 0.9688
1, 252, 0.1706, 0.0005, 96.875, 98.438, 0.953, 0.413, 
[570] Train acc: 0.9531
1, 252, 0.1493, 0.0005, 95.312, 100.000, 0.924, 0.386, 
[585] Train acc: 0.9844
1, 252, 0.0839, 0.0005, 98.438, 100.000, 0.950, 0.418, 
[600] Train acc: 0.9531
1, 252, 0.1911, 0.0005, 95.312, 100.000, 0.951, 0.410, 
[615] Train acc: 0.9531
1, 252, 0.1562, 0.0005, 95.312, 100.000, 0.951, 0.401, 
[630] Train acc: 0.9375
1, 252, 0.3316, 0.0005, 93.750, 100.000, 0.956, 0.400, 
[645] Train acc: 0.9688
1, 252, 0.1515, 0.0005, 96.875, 100.000, 0.956, 0.407, 
[660] Train acc: 0.9688
1, 252, 0.1340, 0.0005, 96.875, 100.000, 0.956, 0.359, 
[675] Train acc: 0.9219
1, 252, 0.1611, 0.0005, 92.188, 100.000, 0.956, 0.370, 
[690] Train acc: 0.9688
1, 252, 0.1636, 0.0005, 96.875, 98.438, 0.957, 0.399, 
[705] Train acc: 0.8906
1, 252, 0.3456, 0.0005, 89.062, 100.000, 0.951, 0.388, 
[720] Train acc: 1.0000
1, 252, 0.0531, 0.0005, 100.000, 100.000, 0.958, 0.347, 
[735] Train acc: 0.9375
1, 252, 0.1569, 0.0005, 93.750, 100.000, 0.957, 0.391, 
[750] Train acc: 0.9688
1, 252, 0.0697, 0.0005, 96.875, 100.000, 0.950, 0.345, 
[765] Train acc: 0.9062
1, 252, 0.2833, 0.0005, 90.625, 100.000, 0.946, 0.407, 
[780] Train acc: 0.9219
1, 252, 0.1946, 0.0005, 92.188, 100.000, 0.964, 0.422, 
[795] Train acc: 0.9375
1, 252, 0.1266, 0.0005, 93.750, 100.000, 0.960, 0.475, 
[810] Train acc: 1.0000
1, 252, 0.0542, 0.0005, 100.000, 100.000, 0.964, 0.420, 
[825] Train acc: 0.9531
1, 252, 0.1051, 0.0005, 95.312, 100.000, 0.960, 0.409, 
[840] Train acc: 0.9531
1, 252, 0.1322, 0.0005, 95.312, 100.000, 0.968, 0.379, 
[855] Train acc: 0.9375
1, 252, 0.1512, 0.0005, 93.750, 100.000, 0.942, 0.400, 
[870] Train acc: 0.9531
1, 252, 0.1509, 0.0004, 95.312, 100.000, 0.964, 0.350, 
[885] Train acc: 0.9375
1, 252, 0.1358, 0.0005, 93.750, 100.000, 0.959, 0.401, 
[900] Train acc: 0.9531
1, 252, 0.1066, 0.0004, 95.312, 100.000, 0.962, 0.335, 
[915] Train acc: 0.9375
1, 252, 0.1932, 0.0004, 93.750, 100.000, 0.960, 0.333, 
[930] Train acc: 0.9375
1, 252, 0.1555, 0.0004, 93.750, 100.000, 0.964, 0.326, 
[0] Train acc: 0.9531
2, 252, 0.1419, 0.0004, 95.312, 100.000, 0.963, 0.310, 
[15] Train acc: 0.9844
2, 252, 0.0728, 0.0004, 98.438, 100.000, 0.968, 0.301, 
[30] Train acc: 0.9688
2, 252, 0.0831, 0.0004, 96.875, 100.000, 0.955, 0.303, 
[45] Train acc: 0.9688
2, 252, 0.0926, 0.0004, 96.875, 100.000, 0.965, 0.289, 
[60] Train acc: 0.9844
2, 252, 0.0453, 0.0004, 98.438, 100.000, 0.963, 0.313, 
[75] Train acc: 0.9688
2, 252, 0.1387, 0.0004, 96.875, 100.000, 0.966, 0.311, 
[90] Train acc: 0.9375
2, 252, 0.3302, 0.0004, 93.750, 100.000, 0.967, 0.322, 
[105] Train acc: 0.9844
2, 252, 0.0469, 0.0004, 98.438, 100.000, 0.969, 0.343, 
[120] Train acc: 0.9844
2, 252, 0.0899, 0.0004, 98.438, 100.000, 0.970, 0.316, 
[135] Train acc: 0.9688
2, 252, 0.1524, 0.0004, 96.875, 100.000, 0.963, 0.327, 
[150] Train acc: 0.9531
2, 252, 0.0857, 0.0004, 95.312, 100.000, 0.967, 0.284, 
[165] Train acc: 0.9844
2, 252, 0.0723, 0.0004, 98.438, 100.000, 0.968, 0.281, 
[180] Train acc: 0.9531
2, 252, 0.0809, 0.0004, 95.312, 100.000, 0.967, 0.273, 
[195] Train acc: 0.9844
2, 252, 0.0929, 0.0004, 98.438, 100.000, 0.960, 0.309, 
[210] Train acc: 0.9688
2, 252, 0.0649, 0.0004, 96.875, 100.000, 0.973, 0.240, 
[225] Train acc: 0.9531
2, 252, 0.1443, 0.0004, 95.312, 100.000, 0.966, 0.264, 
[240] Train acc: 0.9531
2, 252, 0.1491, 0.0004, 95.312, 100.000, 0.966, 0.309, 
[255] Train acc: 1.0000
2, 252, 0.0272, 0.0004, 100.000, 100.000, 0.968, 0.291, 
[270] Train acc: 0.9844
2, 252, 0.0611, 0.0003, 98.438, 100.000, 0.973, 0.247, 
[285] Train acc: 0.9844
2, 252, 0.0364, 0.0003, 98.438, 100.000, 0.975, 0.233, 
[300] Train acc: 0.9688
2, 252, 0.0821, 0.0004, 96.875, 100.000, 0.969, 0.256, 
[315] Train acc: 0.9375
2, 252, 0.1149, 0.0004, 93.750, 100.000, 0.975, 0.258, 
[330] Train acc: 0.9688
2, 252, 0.0534, 0.0004, 96.875, 100.000, 0.968, 0.280, 
[345] Train acc: 0.9531
2, 252, 0.2329, 0.0004, 95.312, 100.000, 0.976, 0.276, 
[360] Train acc: 0.9688
2, 252, 0.0643, 0.0004, 96.875, 100.000, 0.962, 0.347, 
[375] Train acc: 0.9688
2, 252, 0.1032, 0.0004, 96.875, 100.000, 0.976, 0.295, 
[390] Train acc: 0.9844
2, 252, 0.0273, 0.0004, 98.438, 100.000, 0.975, 0.276, 
[405] Train acc: 0.9844
2, 252, 0.0432, 0.0004, 98.438, 100.000, 0.968, 0.286, 
[420] Train acc: 0.9844
2, 252, 0.0258, 0.0003, 98.438, 100.000, 0.976, 0.257, 
[435] Train acc: 0.9844
2, 252, 0.0375, 0.0004, 98.438, 100.000, 0.977, 0.269, 
[450] Train acc: 0.9844
2, 252, 0.0817, 0.0003, 98.438, 100.000, 0.974, 0.241, 
[465] Train acc: 0.9688
2, 252, 0.0876, 0.0004, 96.875, 100.000, 0.972, 0.270, 
[480] Train acc: 0.9688
2, 252, 0.0873, 0.0004, 96.875, 100.000, 0.969, 0.268, 
[495] Train acc: 0.9531
2, 252, 0.1178, 0.0004, 95.312, 100.000, 0.972, 0.258, 
[510] Train acc: 1.0000
2, 252, 0.0177, 0.0004, 100.000, 100.000, 0.974, 0.297, 
[525] Train acc: 0.9688
2, 252, 0.1225, 0.0004, 96.875, 100.000, 0.978, 0.267, 
[540] Train acc: 0.9688
2, 252, 0.0677, 0.0004, 96.875, 100.000, 0.977, 0.310, 
[555] Train acc: 1.0000
2, 252, 0.0318, 0.0004, 100.000, 100.000, 0.977, 0.289, 
[570] Train acc: 0.9531
2, 252, 0.1975, 0.0004, 95.312, 100.000, 0.971, 0.286, 
[585] Train acc: 1.0000
2, 252, 0.0184, 0.0004, 100.000, 100.000, 0.964, 0.312, 
[600] Train acc: 0.9531
2, 252, 0.1874, 0.0004, 95.312, 100.000, 0.964, 0.287, 
[615] Train acc: 0.9531
2, 252, 0.1911, 0.0004, 95.312, 100.000, 0.974, 0.272, 
[630] Train acc: 0.9844
2, 252, 0.0757, 0.0004, 98.438, 100.000, 0.970, 0.272, 
[645] Train acc: 0.9062
2, 252, 0.2339, 0.0003, 90.625, 100.000, 0.980, 0.251, 
[660] Train acc: 0.9844
2, 252, 0.0507, 0.0003, 98.438, 100.000, 0.977, 0.248, 
[675] Train acc: 0.9844
2, 252, 0.0637, 0.0003, 98.438, 100.000, 0.978, 0.219, 
[690] Train acc: 0.9688
2, 252, 0.0459, 0.0003, 96.875, 100.000, 0.975, 0.214, 
[705] Train acc: 0.9844
2, 252, 0.0947, 0.0003, 98.438, 100.000, 0.970, 0.222, 
[720] Train acc: 0.9688
2, 252, 0.0641, 0.0003, 96.875, 100.000, 0.977, 0.219, 
[735] Train acc: 0.9844
2, 252, 0.1057, 0.0003, 98.438, 100.000, 0.959, 0.232, 
[750] Train acc: 1.0000
2, 252, 0.0183, 0.0003, 100.000, 100.000, 0.978, 0.210, 
[765] Train acc: 1.0000
2, 252, 0.0371, 0.0003, 100.000, 100.000, 0.978, 0.208, 
[780] Train acc: 0.9844
2, 252, 0.0421, 0.0003, 98.438, 100.000, 0.974, 0.206, 
[795] Train acc: 0.9688
2, 252, 0.0918, 0.0003, 96.875, 100.000, 0.976, 0.230, 
[810] Train acc: 0.9688
2, 252, 0.0796, 0.0003, 96.875, 100.000, 0.976, 0.216, 
[825] Train acc: 0.9375
2, 252, 0.2884, 0.0003, 93.750, 100.000, 0.979, 0.212, 
[840] Train acc: 1.0000
2, 252, 0.0218, 0.0003, 100.000, 100.000, 0.975, 0.229, 
[855] Train acc: 1.0000
2, 252, 0.0167, 0.0003, 100.000, 100.000, 0.980, 0.211, 
[870] Train acc: 0.9844
2, 252, 0.0273, 0.0003, 98.438, 100.000, 0.978, 0.210, 
[885] Train acc: 0.9688
2, 252, 0.0610, 0.0003, 96.875, 100.000, 0.977, 0.228, 
[900] Train acc: 0.9375
2, 252, 0.1101, 0.0003, 93.750, 100.000, 0.978, 0.240, 
[915] Train acc: 0.9844
2, 252, 0.0516, 0.0003, 98.438, 100.000, 0.981, 0.190, 
[930] Train acc: 0.9688
2, 252, 0.1069, 0.0003, 96.875, 100.000, 0.971, 0.231, 
[0] Train acc: 0.9688
3, 252, 0.1489, 0.0003, 96.875, 100.000, 0.969, 0.234, 
[15] Train acc: 1.0000
3, 252, 0.0289, 0.0003, 100.000, 100.000, 0.981, 0.222, 
[30] Train acc: 0.9844
3, 252, 0.0524, 0.0003, 98.438, 100.000, 0.977, 0.208, 
[45] Train acc: 0.9688
3, 252, 0.0788, 0.0004, 96.875, 100.000, 0.970, 0.243, 
[60] Train acc: 1.0000
3, 252, 0.0204, 0.0003, 100.000, 100.000, 0.981, 0.201, 
[75] Train acc: 0.9531
3, 252, 0.1291, 0.0003, 95.312, 100.000, 0.969, 0.233, 
[90] Train acc: 0.9688
3, 252, 0.0700, 0.0003, 96.875, 100.000, 0.975, 0.205, 
[105] Train acc: 1.0000
3, 252, 0.0225, 0.0003, 100.000, 100.000, 0.981, 0.206, 
[120] Train acc: 1.0000
3, 252, 0.0228, 0.0003, 100.000, 100.000, 0.979, 0.206, 
[135] Train acc: 0.9531
3, 252, 0.0802, 0.0003, 95.312, 100.000, 0.981, 0.230, 
[150] Train acc: 1.0000
3, 252, 0.0099, 0.0003, 100.000, 100.000, 0.974, 0.251, 
[165] Train acc: 0.9688
3, 252, 0.1813, 0.0003, 96.875, 100.000, 0.982, 0.216, 
[180] Train acc: 0.9531
3, 252, 0.1139, 0.0003, 95.312, 100.000, 0.980, 0.199, 
[195] Train acc: 0.9844
3, 252, 0.0672, 0.0003, 98.438, 100.000, 0.977, 0.207, 
[210] Train acc: 0.9688
3, 252, 0.0690, 0.0003, 96.875, 100.000, 0.971, 0.204, 
[225] Train acc: 1.0000
3, 252, 0.0137, 0.0003, 100.000, 100.000, 0.982, 0.183, 
[240] Train acc: 0.9688
3, 252, 0.0634, 0.0003, 96.875, 100.000, 0.979, 0.191, 
[255] Train acc: 0.9844
3, 252, 0.0525, 0.0003, 98.438, 100.000, 0.973, 0.204, 
[270] Train acc: 0.9531
3, 252, 0.1225, 0.0003, 95.312, 100.000, 0.982, 0.189, 
[285] Train acc: 0.9688
3, 252, 0.0596, 0.0003, 96.875, 100.000, 0.984, 0.191, 
[300] Train acc: 0.9844
3, 252, 0.0657, 0.0003, 98.438, 100.000, 0.980, 0.217, 
[315] Train acc: 0.9688
3, 252, 0.1433, 0.0003, 96.875, 100.000, 0.983, 0.211, 
[330] Train acc: 0.9531
3, 252, 0.1233, 0.0003, 95.312, 100.000, 0.978, 0.209, 
[345] Train acc: 1.0000
3, 252, 0.0148, 0.0003, 100.000, 100.000, 0.982, 0.186, 
[360] Train acc: 0.9844
3, 252, 0.0623, 0.0003, 98.438, 100.000, 0.979, 0.196, 
[375] Train acc: 1.0000
3, 252, 0.0419, 0.0003, 100.000, 100.000, 0.976, 0.187, 
[390] Train acc: 0.9375
3, 252, 0.2216, 0.0003, 93.750, 100.000, 0.967, 0.185, 
[405] Train acc: 0.9844
3, 252, 0.0486, 0.0003, 98.438, 100.000, 0.982, 0.172, 
[420] Train acc: 1.0000
3, 252, 0.0293, 0.0003, 100.000, 100.000, 0.983, 0.181, 
[435] Train acc: 0.9844
3, 252, 0.0260, 0.0003, 98.438, 100.000, 0.974, 0.213, 
[450] Train acc: 0.9844
3, 252, 0.0510, 0.0003, 98.438, 100.000, 0.979, 0.190, 
[465] Train acc: 0.9844
3, 252, 0.0471, 0.0003, 98.438, 100.000, 0.982, 0.200, 
[480] Train acc: 0.9844
3, 252, 0.1269, 0.0003, 98.438, 100.000, 0.982, 0.216, 
[495] Train acc: 0.9688
3, 252, 0.0567, 0.0003, 96.875, 100.000, 0.983, 0.176, 
[510] Train acc: 0.9531
3, 252, 0.0854, 0.0003, 95.312, 100.000, 0.982, 0.198, 
[525] Train acc: 0.9531
3, 252, 0.1040, 0.0003, 95.312, 100.000, 0.984, 0.202, 
[540] Train acc: 1.0000
3, 252, 0.0216, 0.0003, 100.000, 100.000, 0.982, 0.185, 
[555] Train acc: 0.9531
3, 252, 0.1553, 0.0003, 95.312, 100.000, 0.985, 0.236, 
[570] Train acc: 0.9844
3, 252, 0.0607, 0.0003, 98.438, 100.000, 0.978, 0.231, 
[585] Train acc: 1.0000
3, 252, 0.0113, 0.0003, 100.000, 100.000, 0.983, 0.197, 
[600] Train acc: 0.9375
3, 252, 0.1608, 0.0003, 93.750, 98.438, 0.980, 0.219, 
[615] Train acc: 0.9531
3, 252, 0.1858, 0.0003, 95.312, 100.000, 0.983, 0.213, 
[630] Train acc: 1.0000
3, 252, 0.0248, 0.0003, 100.000, 100.000, 0.983, 0.192, 
[645] Train acc: 0.9688
3, 252, 0.2095, 0.0003, 96.875, 100.000, 0.983, 0.190, 
[660] Train acc: 1.0000
3, 252, 0.0344, 0.0003, 100.000, 100.000, 0.983, 0.221, 
[675] Train acc: 1.0000
3, 252, 0.0165, 0.0003, 100.000, 100.000, 0.984, 0.213, 
[690] Train acc: 0.9844
3, 252, 0.0297, 0.0003, 98.438, 100.000, 0.984, 0.202, 
[705] Train acc: 1.0000
3, 252, 0.0265, 0.0003, 100.000, 100.000, 0.982, 0.206, 
[720] Train acc: 0.9844
3, 252, 0.0475, 0.0003, 98.438, 100.000, 0.983, 0.210, 
[735] Train acc: 0.9844
3, 252, 0.0325, 0.0003, 98.438, 100.000, 0.983, 0.191, 
[750] Train acc: 1.0000
3, 252, 0.0210, 0.0003, 100.000, 100.000, 0.985, 0.190, 
[765] Train acc: 1.0000
3, 252, 0.0205, 0.0003, 100.000, 100.000, 0.981, 0.209, 
[780] Train acc: 0.9531
3, 252, 0.1131, 0.0003, 95.312, 100.000, 0.983, 0.190, 
[795] Train acc: 0.9688
3, 252, 0.0429, 0.0003, 96.875, 100.000, 0.982, 0.171, 
[810] Train acc: 1.0000
3, 252, 0.0081, 0.0003, 100.000, 100.000, 0.978, 0.169, 
[825] Train acc: 1.0000
3, 252, 0.0135, 0.0002, 100.000, 100.000, 0.984, 0.173, 
[840] Train acc: 0.9531
3, 252, 0.0637, 0.0003, 95.312, 100.000, 0.981, 0.186, 
[855] Train acc: 1.0000
3, 252, 0.0079, 0.0003, 100.000, 100.000, 0.977, 0.218, 
[870] Train acc: 1.0000
3, 252, 0.0084, 0.0003, 100.000, 100.000, 0.982, 0.188, 
[885] Train acc: 1.0000
3, 252, 0.0130, 0.0003, 100.000, 100.000, 0.982, 0.188, 
[900] Train acc: 0.9844
3, 252, 0.0273, 0.0003, 98.438, 100.000, 0.981, 0.187, 
[915] Train acc: 0.9531
3, 252, 0.2454, 0.0003, 95.312, 100.000, 0.984, 0.193, 
[930] Train acc: 0.9844
3, 252, 0.0700, 0.0003, 98.438, 100.000, 0.987, 0.176, 
[0] Train acc: 0.9844
4, 252, 0.0492, 0.0003, 98.438, 100.000, 0.985, 0.171, 
[15] Train acc: 1.0000
4, 252, 0.0252, 0.0003, 100.000, 100.000, 0.984, 0.170, 
[30] Train acc: 0.9844
4, 252, 0.0465, 0.0003, 98.438, 100.000, 0.981, 0.180, 
[45] Train acc: 1.0000
4, 252, 0.0069, 0.0003, 100.000, 100.000, 0.985, 0.178, 
[60] Train acc: 1.0000
4, 252, 0.0200, 0.0003, 100.000, 100.000, 0.985, 0.186, 
[75] Train acc: 1.0000
4, 252, 0.0442, 0.0003, 100.000, 100.000, 0.973, 0.212, 
[90] Train acc: 0.9844
4, 252, 0.0424, 0.0002, 98.438, 100.000, 0.986, 0.165, 
[105] Train acc: 1.0000
4, 252, 0.0098, 0.0002, 100.000, 100.000, 0.984, 0.161, 
[120] Train acc: 0.9844
4, 252, 0.0582, 0.0003, 98.438, 100.000, 0.982, 0.175, 
[135] Train acc: 0.9844
4, 252, 0.0365, 0.0003, 98.438, 100.000, 0.985, 0.181, 
[150] Train acc: 0.9688
4, 252, 0.0530, 0.0003, 96.875, 100.000, 0.986, 0.165, 
[165] Train acc: 1.0000
4, 252, 0.0181, 0.0003, 100.000, 100.000, 0.983, 0.179, 
[180] Train acc: 0.9844
4, 252, 0.1068, 0.0002, 98.438, 100.000, 0.985, 0.166, 
[195] Train acc: 1.0000
4, 252, 0.0065, 0.0002, 100.000, 100.000, 0.984, 0.161, 
[210] Train acc: 0.9688
4, 252, 0.1149, 0.0003, 96.875, 100.000, 0.980, 0.181, 
[225] Train acc: 0.9844
4, 252, 0.0266, 0.0003, 98.438, 100.000, 0.984, 0.184, 
[240] Train acc: 1.0000
4, 252, 0.0188, 0.0003, 100.000, 100.000, 0.983, 0.186, 
[255] Train acc: 0.9844
4, 252, 0.1269, 0.0003, 98.438, 98.438, 0.984, 0.172, 
[270] Train acc: 1.0000
4, 252, 0.0097, 0.0002, 100.000, 100.000, 0.986, 0.163, 
[285] Train acc: 0.9844
4, 252, 0.0872, 0.0002, 98.438, 100.000, 0.986, 0.153, 
[300] Train acc: 1.0000
4, 252, 0.0138, 0.0003, 100.000, 100.000, 0.981, 0.179, 
[315] Train acc: 1.0000
4, 252, 0.0184, 0.0003, 100.000, 100.000, 0.985, 0.170, 
[330] Train acc: 1.0000
4, 252, 0.0371, 0.0003, 100.000, 100.000, 0.985, 0.168, 
[345] Train acc: 0.9531
4, 252, 0.0905, 0.0003, 95.312, 100.000, 0.983, 0.176, 
[360] Train acc: 0.9688
4, 252, 0.0696, 0.0003, 96.875, 100.000, 0.980, 0.201, 
[375] Train acc: 1.0000
4, 252, 0.0083, 0.0003, 100.000, 100.000, 0.987, 0.181, 
[390] Train acc: 1.0000
4, 252, 0.0169, 0.0003, 100.000, 100.000, 0.985, 0.166, 
[405] Train acc: 1.0000
4, 252, 0.0087, 0.0003, 100.000, 100.000, 0.983, 0.173, 
[420] Train acc: 0.9688
4, 252, 0.0532, 0.0003, 96.875, 100.000, 0.983, 0.177, 
[435] Train acc: 0.9688
4, 252, 0.0706, 0.0003, 96.875, 100.000, 0.984, 0.169, 
[450] Train acc: 0.9844
4, 252, 0.0191, 0.0003, 98.438, 100.000, 0.983, 0.169, 
[465] Train acc: 0.9844
4, 252, 0.0746, 0.0002, 98.438, 100.000, 0.986, 0.170, 
[480] Train acc: 0.9688
4, 252, 0.0676, 0.0002, 96.875, 100.000, 0.984, 0.159, 
[495] Train acc: 0.9844
4, 252, 0.0458, 0.0003, 98.438, 100.000, 0.986, 0.168, 
[510] Train acc: 0.9688
4, 252, 0.0589, 0.0002, 96.875, 100.000, 0.986, 0.164, 
[525] Train acc: 1.0000
4, 252, 0.0050, 0.0002, 100.000, 100.000, 0.985, 0.166, 
[540] Train acc: 1.0000
4, 252, 0.0088, 0.0003, 100.000, 100.000, 0.979, 0.174, 
[555] Train acc: 0.9844
4, 252, 0.0708, 0.0002, 98.438, 100.000, 0.984, 0.159, 
[570] Train acc: 1.0000
4, 252, 0.0223, 0.0003, 100.000, 100.000, 0.982, 0.170, 
[585] Train acc: 0.9531
4, 252, 0.1069, 0.0002, 95.312, 100.000, 0.986, 0.176, 
[600] Train acc: 1.0000
4, 252, 0.0118, 0.0002, 100.000, 100.000, 0.986, 0.164, 
[615] Train acc: 0.9844
4, 252, 0.0314, 0.0002, 98.438, 100.000, 0.986, 0.155, 
[630] Train acc: 0.9531
4, 252, 0.1357, 0.0002, 95.312, 100.000, 0.983, 0.173, 
[645] Train acc: 1.0000
4, 252, 0.0155, 0.0002, 100.000, 100.000, 0.984, 0.155, 
[660] Train acc: 1.0000
4, 252, 0.0163, 0.0002, 100.000, 100.000, 0.987, 0.166, 
[675] Train acc: 0.9688
4, 252, 0.0475, 0.0002, 96.875, 100.000, 0.985, 0.164, 
[690] Train acc: 0.9844
4, 252, 0.0805, 0.0002, 98.438, 100.000, 0.984, 0.163, 
[705] Train acc: 1.0000
4, 252, 0.0358, 0.0002, 100.000, 100.000, 0.986, 0.151, 
[720] Train acc: 0.9844
4, 252, 0.0912, 0.0002, 98.438, 100.000, 0.983, 0.157, 
[735] Train acc: 1.0000
4, 252, 0.0193, 0.0002, 100.000, 100.000, 0.981, 0.162, 
[750] Train acc: 1.0000
4, 252, 0.0035, 0.0002, 100.000, 100.000, 0.984, 0.156, 
[765] Train acc: 0.9375
4, 252, 0.1056, 0.0002, 93.750, 100.000, 0.983, 0.165, 
[780] Train acc: 0.9688
4, 252, 0.0596, 0.0002, 96.875, 100.000, 0.985, 0.160, 
[795] Train acc: 0.9531
4, 252, 0.1130, 0.0002, 95.312, 100.000, 0.983, 0.161, 
[810] Train acc: 0.9844
4, 252, 0.0195, 0.0002, 98.438, 100.000, 0.985, 0.168, 
[825] Train acc: 0.9688
4, 252, 0.0343, 0.0002, 96.875, 100.000, 0.985, 0.162, 
[840] Train acc: 1.0000
4, 252, 0.0193, 0.0002, 100.000, 100.000, 0.985, 0.166, 
[855] Train acc: 1.0000
4, 252, 0.0029, 0.0002, 100.000, 100.000, 0.985, 0.164, 
[870] Train acc: 0.9844
4, 252, 0.0470, 0.0003, 98.438, 100.000, 0.983, 0.173, 
[885] Train acc: 1.0000
4, 252, 0.0200, 0.0002, 100.000, 100.000, 0.983, 0.160, 
[900] Train acc: 0.9844
4, 252, 0.0475, 0.0003, 98.438, 100.000, 0.980, 0.188, 
[915] Train acc: 1.0000
4, 252, 0.0056, 0.0002, 100.000, 100.000, 0.987, 0.147, 
[930] Train acc: 0.9688
4, 252, 0.1391, 0.0002, 96.875, 100.000, 0.987, 0.163, 
[0] Train acc: 0.9531
5, 252, 0.1102, 0.0003, 95.312, 100.000, 0.983, 0.174, 
[15] Train acc: 0.9844
5, 252, 0.0720, 0.0002, 98.438, 100.000, 0.987, 0.175, 
[30] Train acc: 1.0000
5, 252, 0.0294, 0.0002, 100.000, 100.000, 0.987, 0.151, 
[45] Train acc: 0.9531
5, 252, 0.1029, 0.0002, 95.312, 100.000, 0.985, 0.160, 
[60] Train acc: 1.0000
5, 252, 0.0252, 0.0002, 100.000, 100.000, 0.983, 0.151, 
[75] Train acc: 0.9844
5, 252, 0.0287, 0.0002, 98.438, 100.000, 0.987, 0.156, 
[90] Train acc: 0.9531
5, 252, 0.1605, 0.0003, 95.312, 100.000, 0.984, 0.164, 
[105] Train acc: 0.9844
5, 252, 0.0386, 0.0002, 98.438, 100.000, 0.986, 0.159, 
[120] Train acc: 1.0000
5, 252, 0.0022, 0.0002, 100.000, 100.000, 0.985, 0.170, 
[135] Train acc: 0.9844
5, 252, 0.0400, 0.0002, 98.438, 100.000, 0.988, 0.164, 
[150] Train acc: 1.0000
5, 252, 0.0239, 0.0002, 100.000, 100.000, 0.988, 0.144, 
[165] Train acc: 0.9844
5, 252, 0.0322, 0.0002, 98.438, 100.000, 0.984, 0.166, 
[180] Train acc: 1.0000
5, 252, 0.0168, 0.0002, 100.000, 100.000, 0.986, 0.148, 
[195] Train acc: 0.9844
5, 252, 0.0289, 0.0002, 98.438, 100.000, 0.985, 0.153, 
[210] Train acc: 0.9688
5, 252, 0.2134, 0.0002, 96.875, 98.438, 0.986, 0.166, 
[225] Train acc: 0.9688
5, 252, 0.0581, 0.0002, 96.875, 100.000, 0.981, 0.160, 
[240] Train acc: 0.9844
5, 252, 0.0447, 0.0002, 98.438, 100.000, 0.987, 0.153, 
[255] Train acc: 0.9844
5, 252, 0.0388, 0.0002, 98.438, 100.000, 0.986, 0.165, 
[270] Train acc: 1.0000
5, 252, 0.0078, 0.0003, 100.000, 100.000, 0.983, 0.169, 
[285] Train acc: 0.9844
5, 252, 0.0373, 0.0002, 98.438, 100.000, 0.986, 0.171, 
[300] Train acc: 0.9688
5, 252, 0.0721, 0.0002, 96.875, 100.000, 0.986, 0.170, 
[315] Train acc: 0.9688
5, 252, 0.0610, 0.0002, 96.875, 100.000, 0.985, 0.159, 
[330] Train acc: 1.0000
5, 252, 0.0311, 0.0002, 100.000, 100.000, 0.985, 0.157, 
[345] Train acc: 1.0000
5, 252, 0.0053, 0.0002, 100.000, 100.000, 0.986, 0.161, 
[360] Train acc: 1.0000
5, 252, 0.0069, 0.0002, 100.000, 100.000, 0.988, 0.156, 
[375] Train acc: 1.0000
5, 252, 0.0180, 0.0002, 100.000, 100.000, 0.985, 0.150, 
[390] Train acc: 0.9844
5, 252, 0.0299, 0.0002, 98.438, 100.000, 0.987, 0.149, 
[405] Train acc: 0.9688
5, 252, 0.0394, 0.0002, 96.875, 100.000, 0.986, 0.142, 
[420] Train acc: 0.9844
5, 252, 0.0280, 0.0002, 98.438, 100.000, 0.987, 0.149, 
[435] Train acc: 0.9844
5, 252, 0.0364, 0.0002, 98.438, 100.000, 0.986, 0.141, 
[450] Train acc: 0.9688
5, 252, 0.0735, 0.0002, 96.875, 100.000, 0.987, 0.136, 
[465] Train acc: 0.9531
5, 252, 0.2302, 0.0003, 95.312, 100.000, 0.986, 0.183, 
[480] Train acc: 1.0000
5, 252, 0.0074, 0.0002, 100.000, 100.000, 0.985, 0.162, 
[495] Train acc: 0.9688
5, 252, 0.0723, 0.0003, 96.875, 100.000, 0.986, 0.162, 
[510] Train acc: 0.9531
5, 252, 0.0750, 0.0002, 95.312, 100.000, 0.987, 0.158, 
[525] Train acc: 0.9688
5, 252, 0.0753, 0.0002, 96.875, 100.000, 0.988, 0.140, 
[540] Train acc: 0.9688
5, 252, 0.1275, 0.0002, 96.875, 100.000, 0.988, 0.141, 
[555] Train acc: 0.9844
5, 252, 0.0237, 0.0002, 98.438, 100.000, 0.989, 0.148, 
[570] Train acc: 1.0000
5, 252, 0.0092, 0.0002, 100.000, 100.000, 0.987, 0.161, 
[585] Train acc: 1.0000
5, 252, 0.0076, 0.0002, 100.000, 100.000, 0.985, 0.154, 
[600] Train acc: 1.0000
5, 252, 0.0149, 0.0002, 100.000, 100.000, 0.986, 0.160, 
[615] Train acc: 0.9844
5, 252, 0.0203, 0.0002, 98.438, 100.000, 0.988, 0.182, 
[630] Train acc: 0.9375
5, 252, 0.1450, 0.0002, 93.750, 100.000, 0.988, 0.145, 
[645] Train acc: 1.0000
5, 252, 0.0040, 0.0002, 100.000, 100.000, 0.987, 0.157, 
[660] Train acc: 1.0000
5, 252, 0.0038, 0.0002, 100.000, 100.000, 0.987, 0.153, 
[675] Train acc: 1.0000
5, 252, 0.0193, 0.0002, 100.000, 100.000, 0.987, 0.159, 
[690] Train acc: 1.0000
5, 252, 0.0028, 0.0002, 100.000, 100.000, 0.987, 0.149, 
[705] Train acc: 1.0000
5, 252, 0.0094, 0.0002, 100.000, 100.000, 0.988, 0.155, 
[720] Train acc: 0.9844
5, 252, 0.0522, 0.0002, 98.438, 100.000, 0.988, 0.163, 
[735] Train acc: 0.9844
5, 252, 0.0574, 0.0002, 98.438, 100.000, 0.988, 0.147, 
[750] Train acc: 1.0000
5, 252, 0.0062, 0.0002, 100.000, 100.000, 0.986, 0.144, 
[765] Train acc: 0.9844
5, 252, 0.0172, 0.0002, 98.438, 100.000, 0.984, 0.170, 
[780] Train acc: 0.9531
5, 252, 0.2520, 0.0002, 95.312, 100.000, 0.987, 0.159, 
[795] Train acc: 0.9688
5, 252, 0.0624, 0.0002, 96.875, 100.000, 0.988, 0.158, 
[810] Train acc: 0.9844
5, 252, 0.0244, 0.0002, 98.438, 100.000, 0.986, 0.157, 
[825] Train acc: 1.0000
5, 252, 0.0097, 0.0002, 100.000, 100.000, 0.986, 0.150, 
[840] Train acc: 0.9844
5, 252, 0.0248, 0.0002, 98.438, 100.000, 0.988, 0.139, 
[855] Train acc: 1.0000
5, 252, 0.0125, 0.0002, 100.000, 100.000, 0.985, 0.145, 
[870] Train acc: 0.9688
5, 252, 0.1250, 0.0002, 96.875, 100.000, 0.980, 0.141, 
[885] Train acc: 1.0000
5, 252, 0.0025, 0.0002, 100.000, 100.000, 0.988, 0.149, 
[900] Train acc: 1.0000
5, 252, 0.0236, 0.0002, 100.000, 100.000, 0.987, 0.155, 
[915] Train acc: 0.9844
5, 252, 0.0192, 0.0002, 98.438, 100.000, 0.987, 0.162, 
[930] Train acc: 0.9844
5, 252, 0.0358, 0.0003, 98.438, 100.000, 0.984, 0.174, 
[0] Train acc: 1.0000
6, 252, 0.0100, 0.0002, 100.000, 100.000, 0.986, 0.152, 
[15] Train acc: 1.0000
6, 252, 0.0078, 0.0002, 100.000, 100.000, 0.990, 0.146, 
[30] Train acc: 0.9844
6, 252, 0.0399, 0.0002, 98.438, 100.000, 0.986, 0.167, 
[45] Train acc: 1.0000
6, 252, 0.0039, 0.0002, 100.000, 100.000, 0.989, 0.165, 
[60] Train acc: 0.9844
6, 252, 0.0358, 0.0002, 98.438, 100.000, 0.987, 0.162, 
[75] Train acc: 1.0000
6, 252, 0.0224, 0.0002, 100.000, 100.000, 0.987, 0.148, 
[90] Train acc: 1.0000
6, 252, 0.0267, 0.0002, 100.000, 100.000, 0.988, 0.144, 
[105] Train acc: 0.9844
6, 252, 0.0392, 0.0002, 98.438, 100.000, 0.987, 0.142, 
[120] Train acc: 0.9844
6, 252, 0.0495, 0.0002, 98.438, 100.000, 0.988, 0.134, 
[135] Train acc: 1.0000
6, 252, 0.0039, 0.0002, 100.000, 100.000, 0.989, 0.145, 
[150] Train acc: 1.0000
6, 252, 0.0166, 0.0002, 100.000, 100.000, 0.985, 0.146, 
[165] Train acc: 1.0000
6, 252, 0.0103, 0.0002, 100.000, 100.000, 0.986, 0.148, 
[180] Train acc: 1.0000
6, 252, 0.0103, 0.0002, 100.000, 100.000, 0.988, 0.141, 
[195] Train acc: 0.9688
6, 252, 0.0573, 0.0002, 96.875, 100.000, 0.987, 0.143, 
[210] Train acc: 0.9844
6, 252, 0.0431, 0.0002, 98.438, 100.000, 0.987, 0.155, 
[225] Train acc: 0.9688
6, 252, 0.0422, 0.0002, 96.875, 100.000, 0.989, 0.150, 
[240] Train acc: 1.0000
6, 252, 0.0054, 0.0002, 100.000, 100.000, 0.986, 0.152, 
[255] Train acc: 0.9844
6, 252, 0.0919, 0.0002, 98.438, 100.000, 0.986, 0.139, 
[270] Train acc: 1.0000
6, 252, 0.0132, 0.0002, 100.000, 100.000, 0.987, 0.162, 
[285] Train acc: 0.9688
6, 252, 0.1043, 0.0002, 96.875, 100.000, 0.988, 0.153, 
[300] Train acc: 0.9844
6, 252, 0.1036, 0.0002, 98.438, 100.000, 0.985, 0.169, 
[315] Train acc: 1.0000
6, 252, 0.0044, 0.0002, 100.000, 100.000, 0.988, 0.158, 
[330] Train acc: 1.0000
6, 252, 0.0161, 0.0002, 100.000, 100.000, 0.988, 0.157, 
[345] Train acc: 0.9688
6, 252, 0.1493, 0.0002, 96.875, 100.000, 0.989, 0.154, 
[360] Train acc: 0.9844
6, 252, 0.0295, 0.0002, 98.438, 100.000, 0.989, 0.154, 
[375] Train acc: 0.9844
6, 252, 0.0457, 0.0002, 98.438, 100.000, 0.985, 0.172, 
[390] Train acc: 0.9844
6, 252, 0.0532, 0.0002, 98.438, 100.000, 0.987, 0.155, 
[405] Train acc: 0.9844
6, 252, 0.0209, 0.0002, 98.438, 100.000, 0.985, 0.164, 
[420] Train acc: 1.0000
6, 252, 0.0041, 0.0002, 100.000, 100.000, 0.985, 0.152, 
[435] Train acc: 1.0000
6, 252, 0.0039, 0.0002, 100.000, 100.000, 0.987, 0.162, 
[450] Train acc: 1.0000
6, 252, 0.0092, 0.0002, 100.000, 100.000, 0.987, 0.153, 
[465] Train acc: 0.9844
6, 252, 0.0293, 0.0002, 98.438, 100.000, 0.989, 0.144, 
[480] Train acc: 1.0000
6, 252, 0.0078, 0.0002, 100.000, 100.000, 0.988, 0.162, 
[495] Train acc: 1.0000
6, 252, 0.0118, 0.0002, 100.000, 100.000, 0.987, 0.156, 
[510] Train acc: 0.9688
6, 252, 0.1119, 0.0002, 96.875, 100.000, 0.987, 0.149, 
[525] Train acc: 0.9688
6, 252, 0.0495, 0.0002, 96.875, 100.000, 0.991, 0.154, 
[540] Train acc: 0.9688
6, 252, 0.0535, 0.0002, 96.875, 100.000, 0.986, 0.166, 
[555] Train acc: 1.0000
6, 252, 0.0165, 0.0002, 100.000, 100.000, 0.988, 0.150, 
[570] Train acc: 0.9844
6, 252, 0.0528, 0.0002, 98.438, 100.000, 0.989, 0.149, 
[585] Train acc: 0.9844
6, 252, 0.0452, 0.0002, 98.438, 100.000, 0.988, 0.153, 
[600] Train acc: 1.0000
6, 252, 0.0011, 0.0002, 100.000, 100.000, 0.985, 0.139, 
[615] Train acc: 0.9844
6, 252, 0.0370, 0.0002, 98.438, 100.000, 0.988, 0.124, 
[630] Train acc: 0.9844
6, 252, 0.0510, 0.0002, 98.438, 100.000, 0.982, 0.143, 
[645] Train acc: 1.0000
6, 252, 0.0039, 0.0002, 100.000, 100.000, 0.989, 0.132, 
[660] Train acc: 1.0000
6, 252, 0.0106, 0.0002, 100.000, 100.000, 0.989, 0.134, 
[675] Train acc: 1.0000
6, 252, 0.0028, 0.0002, 100.000, 100.000, 0.990, 0.141, 
[690] Train acc: 1.0000
6, 252, 0.0075, 0.0002, 100.000, 100.000, 0.988, 0.139, 
[705] Train acc: 1.0000
6, 252, 0.0077, 0.0002, 100.000, 100.000, 0.987, 0.152, 
[720] Train acc: 0.9844
6, 252, 0.0294, 0.0002, 98.438, 100.000, 0.984, 0.152, 
[735] Train acc: 0.9844
6, 252, 0.0521, 0.0002, 98.438, 100.000, 0.988, 0.132, 
[750] Train acc: 0.9844
6, 252, 0.0211, 0.0002, 98.438, 100.000, 0.990, 0.145, 
[765] Train acc: 1.0000
6, 252, 0.0021, 0.0002, 100.000, 100.000, 0.987, 0.152, 
[780] Train acc: 1.0000
6, 252, 0.0118, 0.0002, 100.000, 100.000, 0.987, 0.151, 
[795] Train acc: 0.9844
6, 252, 0.0259, 0.0002, 98.438, 100.000, 0.989, 0.138, 
[810] Train acc: 1.0000
6, 252, 0.0199, 0.0002, 100.000, 100.000, 0.987, 0.131, 
[825] Train acc: 0.9688
6, 252, 0.0521, 0.0002, 96.875, 100.000, 0.987, 0.147, 
[840] Train acc: 0.9844
6, 252, 0.0415, 0.0002, 98.438, 100.000, 0.987, 0.149, 
[855] Train acc: 1.0000
6, 252, 0.0056, 0.0002, 100.000, 100.000, 0.987, 0.144, 
[870] Train acc: 1.0000
6, 252, 0.0069, 0.0002, 100.000, 100.000, 0.988, 0.127, 
[885] Train acc: 0.9688
6, 252, 0.0726, 0.0002, 96.875, 100.000, 0.988, 0.145, 
[900] Train acc: 1.0000
6, 252, 0.0110, 0.0002, 100.000, 100.000, 0.988, 0.147, 
[915] Train acc: 1.0000
6, 252, 0.0109, 0.0002, 100.000, 100.000, 0.988, 0.153, 
[930] Train acc: 1.0000
6, 252, 0.0092, 0.0002, 100.000, 100.000, 0.988, 0.140, 
[0] Train acc: 1.0000, Constr acc: 0.8125, CE loss: 0.006, DL2 loss: 3.329
7, 252, 0.0063, 0.0002, 100.000, 100.000, 0.987, 0.134, 
[15] Train acc: 1.0000, Constr acc: 0.9375, CE loss: 0.019, DL2 loss: 1.808
7, 251, 0.0186, 0.0002, 100.000, 100.000, 0.984, 0.163, 
[30] Train acc: 1.0000, Constr acc: 0.9062, CE loss: 0.016, DL2 loss: 1.575
7, 250, 0.0155, 0.0002, 100.000, 100.000, 0.981, 0.158, 
[45] Train acc: 0.9844, Constr acc: 0.9375, CE loss: 0.028, DL2 loss: 0.991
7, 249, 0.0281, 0.0002, 98.438, 100.000, 0.987, 0.165, 
[60] Train acc: 1.0000, Constr acc: 0.8438, CE loss: 0.004, DL2 loss: 3.293
7, 248, 0.0039, 0.0003, 100.000, 100.000, 0.984, 0.187, 
[75] Train acc: 0.9844, Constr acc: 0.9375, CE loss: 0.054, DL2 loss: 1.642
7, 247, 0.0540, 0.0003, 98.438, 100.000, 0.974, 0.215, 
[90] Train acc: 1.0000, Constr acc: 0.8750, CE loss: 0.011, DL2 loss: 1.994
7, 246, 0.0113, 0.0003, 100.000, 100.000, 0.980, 0.203, 
[105] Train acc: 0.9688, Constr acc: 0.8125, CE loss: 0.040, DL2 loss: 3.257
7, 245, 0.0399, 0.0003, 96.875, 100.000, 0.978, 0.189, 
[120] Train acc: 0.9844, Constr acc: 0.9688, CE loss: 0.043, DL2 loss: 0.064
7, 244, 0.0428, 0.0003, 98.438, 100.000, 0.978, 0.197, 
[135] Train acc: 1.0000, Constr acc: 0.9688, CE loss: 0.004, DL2 loss: 0.340
7, 243, 0.0039, 0.0003, 100.000, 100.000, 0.981, 0.201, 
[150] Train acc: 1.0000, Constr acc: 0.7500, CE loss: 0.010, DL2 loss: 5.940
7, 242, 0.0104, 0.0003, 100.000, 100.000, 0.984, 0.194, 
[165] Train acc: 1.0000, Constr acc: 0.9062, CE loss: 0.014, DL2 loss: 2.346
7, 241, 0.0144, 0.0003, 100.000, 100.000, 0.983, 0.191, 
[180] Train acc: 0.9844, Constr acc: 0.9688, CE loss: 0.056, DL2 loss: 0.411
7, 240, 0.0559, 0.0003, 98.438, 100.000, 0.971, 0.192, 
[195] Train acc: 0.9375, Constr acc: 0.7500, CE loss: 0.130, DL2 loss: 4.278
7, 239, 0.1297, 0.0003, 93.750, 100.000, 0.976, 0.207, 
[210] Train acc: 0.9688, Constr acc: 0.8438, CE loss: 0.055, DL2 loss: 2.296
7, 238, 0.0548, 0.0003, 96.875, 100.000, 0.964, 0.232, 
[225] Train acc: 1.0000, Constr acc: 0.8750, CE loss: 0.024, DL2 loss: 2.075
7, 237, 0.0238, 0.0003, 100.000, 100.000, 0.970, 0.224, 
[240] Train acc: 0.9844, Constr acc: 0.9375, CE loss: 0.031, DL2 loss: 1.525
7, 236, 0.0306, 0.0003, 98.438, 100.000, 0.983, 0.210, 
[255] Train acc: 0.9844, Constr acc: 0.9062, CE loss: 0.088, DL2 loss: 0.996
7, 235, 0.0876, 0.0003, 98.438, 98.438, 0.978, 0.252, 
[270] Train acc: 0.9531, Constr acc: 0.8750, CE loss: 0.148, DL2 loss: 2.634
7, 234, 0.1482, 0.0004, 95.312, 100.000, 0.960, 0.262, 
[285] Train acc: 1.0000, Constr acc: 0.7188, CE loss: 0.052, DL2 loss: 3.543
7, 233, 0.0518, 0.0005, 100.000, 100.000, 0.947, 0.380, 
[300] Train acc: 0.9688, Constr acc: 0.8438, CE loss: 0.153, DL2 loss: 1.758
7, 232, 0.1533, 0.0005, 96.875, 98.438, 0.968, 0.430, 
[315] Train acc: 1.0000, Constr acc: 0.9375, CE loss: 0.027, DL2 loss: 1.677
7, 231, 0.0269, 0.0004, 100.000, 100.000, 0.974, 0.309, 
[330] Train acc: 0.9844, Constr acc: 0.8750, CE loss: 0.035, DL2 loss: 2.118
7, 230, 0.0346, 0.0003, 98.438, 100.000, 0.980, 0.264, 
[345] Train acc: 0.9531, Constr acc: 0.9062, CE loss: 0.138, DL2 loss: 1.182
7, 229, 0.1384, 0.0004, 95.312, 100.000, 0.978, 0.310, 
[360] Train acc: 0.9531, Constr acc: 0.9062, CE loss: 0.120, DL2 loss: 1.446
7, 228, 0.1198, 0.0004, 95.312, 100.000, 0.964, 0.324, 
[375] Train acc: 0.9531, Constr acc: 0.9688, CE loss: 0.100, DL2 loss: 1.231
7, 227, 0.1005, 0.0004, 95.312, 100.000, 0.976, 0.361, 
[390] Train acc: 0.9844, Constr acc: 0.8750, CE loss: 0.088, DL2 loss: 2.112
7, 226, 0.0879, 0.0004, 98.438, 100.000, 0.975, 0.347, 
[405] Train acc: 0.9688, Constr acc: 0.9375, CE loss: 0.106, DL2 loss: 1.303
7, 225, 0.1059, 0.0004, 96.875, 100.000, 0.975, 0.348, 
[420] Train acc: 1.0000, Constr acc: 0.9375, CE loss: 0.045, DL2 loss: 0.708
7, 224, 0.0450, 0.0004, 100.000, 100.000, 0.983, 0.352, 
[435] Train acc: 0.9688, Constr acc: 0.9375, CE loss: 0.070, DL2 loss: 0.412
7, 223, 0.0700, 0.0005, 96.875, 100.000, 0.949, 0.387, 
[450] Train acc: 1.0000, Constr acc: 0.8750, CE loss: 0.028, DL2 loss: 2.813
7, 222, 0.0279, 0.0004, 100.000, 100.000, 0.976, 0.300, 
[465] Train acc: 1.0000, Constr acc: 0.8750, CE loss: 0.018, DL2 loss: 3.334
7, 221, 0.0179, 0.0005, 100.000, 100.000, 0.957, 0.365, 
[480] Train acc: 0.9688, Constr acc: 0.8438, CE loss: 0.091, DL2 loss: 2.682
7, 220, 0.0915, 0.0005, 96.875, 100.000, 0.976, 0.446, 
[495] Train acc: 1.0000, Constr acc: 0.9375, CE loss: 0.036, DL2 loss: 1.042
7, 219, 0.0365, 0.0005, 100.000, 100.000, 0.963, 0.418, 
[510] Train acc: 0.9688, Constr acc: 0.8438, CE loss: 0.052, DL2 loss: 2.592
7, 218, 0.0522, 0.0004, 96.875, 100.000, 0.980, 0.343, 
[525] Train acc: 0.9844, Constr acc: 0.9688, CE loss: 0.083, DL2 loss: 0.585
7, 217, 0.0833, 0.0004, 98.438, 100.000, 0.980, 0.339, 
[540] Train acc: 1.0000, Constr acc: 0.9062, CE loss: 0.010, DL2 loss: 1.843
7, 216, 0.0098, 0.0004, 100.000, 100.000, 0.962, 0.334, 
[555] Train acc: 0.9531, Constr acc: 0.8750, CE loss: 0.183, DL2 loss: 2.544
7, 215, 0.1827, 0.0003, 95.312, 100.000, 0.981, 0.245, 
[570] Train acc: 0.9844, Constr acc: 0.9375, CE loss: 0.054, DL2 loss: 1.731
7, 214, 0.0537, 0.0004, 98.438, 100.000, 0.979, 0.326, 
[585] Train acc: 0.9688, Constr acc: 0.9375, CE loss: 0.049, DL2 loss: 1.366
7, 213, 0.0492, 0.0004, 96.875, 100.000, 0.980, 0.316, 
[600] Train acc: 1.0000, Constr acc: 0.9062, CE loss: 0.020, DL2 loss: 1.433
7, 212, 0.0201, 0.0004, 100.000, 100.000, 0.979, 0.289, 
[615] Train acc: 1.0000, Constr acc: 0.9062, CE loss: 0.022, DL2 loss: 1.711
7, 211, 0.0225, 0.0004, 100.000, 100.000, 0.952, 0.308, 
[630] Train acc: 0.9531, Constr acc: 0.9062, CE loss: 0.070, DL2 loss: 1.972
7, 210, 0.0697, 0.0003, 95.312, 100.000, 0.983, 0.268, 
[645] Train acc: 0.9219, Constr acc: 0.8125, CE loss: 0.162, DL2 loss: 2.108
7, 209, 0.1623, 0.0004, 92.188, 100.000, 0.925, 0.282, 
[660] Train acc: 1.0000, Constr acc: 0.9375, CE loss: 0.009, DL2 loss: 1.763
7, 208, 0.0086, 0.0004, 100.000, 100.000, 0.981, 0.313, 
[675] Train acc: 0.9844, Constr acc: 0.7812, CE loss: 0.039, DL2 loss: 5.699
7, 207, 0.0392, 0.0004, 98.438, 100.000, 0.974, 0.319, 
[690] Train acc: 0.9844, Constr acc: 0.9062, CE loss: 0.036, DL2 loss: 1.923
7, 206, 0.0359, 0.0004, 98.438, 100.000, 0.981, 0.278, 
[705] Train acc: 0.9844, Constr acc: 0.9375, CE loss: 0.025, DL2 loss: 1.357
7, 205, 0.0255, 0.0003, 98.438, 100.000, 0.983, 0.261, 
[720] Train acc: 0.9844, Constr acc: 0.9375, CE loss: 0.025, DL2 loss: 0.993
7, 204, 0.0250, 0.0003, 98.438, 100.000, 0.986, 0.244, 
[735] Train acc: 0.9688, Constr acc: 0.9062, CE loss: 0.087, DL2 loss: 2.844
7, 203, 0.0870, 0.0003, 96.875, 100.000, 0.987, 0.236, 
[750] Train acc: 0.9844, Constr acc: 0.9375, CE loss: 0.034, DL2 loss: 1.021
7, 202, 0.0342, 0.0004, 98.438, 100.000, 0.980, 0.303, 
[765] Train acc: 1.0000, Constr acc: 1.0000, CE loss: 0.025, DL2 loss: 0.000
7, 201, 0.0249, 0.0004, 100.000, 100.000, 0.973, 0.273, 
[780] Train acc: 0.9844, Constr acc: 1.0000, CE loss: 0.031, DL2 loss: 0.000
7, 200, 0.0307, 0.0003, 98.438, 100.000, 0.980, 0.263, 
[795] Train acc: 1.0000, Constr acc: 0.9062, CE loss: 0.017, DL2 loss: 1.251
7, 199, 0.0172, 0.0003, 100.000, 100.000, 0.981, 0.252, 
[810] Train acc: 0.9688, Constr acc: 0.9375, CE loss: 0.085, DL2 loss: 0.766
7, 198, 0.0854, 0.0004, 96.875, 100.000, 0.982, 0.267, 
[825] Train acc: 0.9531, Constr acc: 0.8750, CE loss: 0.071, DL2 loss: 1.844
7, 197, 0.0707, 0.0004, 95.312, 100.000, 0.977, 0.298, 
[840] Train acc: 0.9844, Constr acc: 0.9375, CE loss: 0.028, DL2 loss: 0.802
7, 196, 0.0284, 0.0003, 98.438, 100.000, 0.981, 0.257, 
[855] Train acc: 0.9844, Constr acc: 0.8438, CE loss: 0.041, DL2 loss: 3.636
7, 195, 0.0412, 0.0004, 98.438, 100.000, 0.976, 0.301, 
[870] Train acc: 1.0000, Constr acc: 0.9688, CE loss: 0.010, DL2 loss: 0.042
7, 194, 0.0104, 0.0003, 100.000, 100.000, 0.983, 0.240, 
[885] Train acc: 1.0000, Constr acc: 0.8750, CE loss: 0.017, DL2 loss: 4.056
7, 193, 0.0165, 0.0003, 100.000, 100.000, 0.978, 0.252, 
[900] Train acc: 0.9844, Constr acc: 0.9062, CE loss: 0.053, DL2 loss: 1.440
7, 192, 0.0532, 0.0003, 98.438, 100.000, 0.984, 0.230, 
[915] Train acc: 0.9531, Constr acc: 0.8438, CE loss: 0.105, DL2 loss: 2.696
7, 191, 0.1054, 0.0004, 95.312, 100.000, 0.980, 0.319, 
[930] Train acc: 0.9688, Constr acc: 0.9375, CE loss: 0.077, DL2 loss: 0.777
7, 190, 0.0767, 0.0004, 96.875, 100.000, 0.980, 0.314, 
[0] Train acc: 1.0000, Constr acc: 0.9062, CE loss: 0.022, DL2 loss: 2.813
8, 190, 0.0215, 0.0004, 100.000, 100.000, 0.945, 0.329, 
[15] Train acc: 1.0000, Constr acc: 0.9688, CE loss: 0.042, DL2 loss: 0.480
8, 189, 0.0416, 0.0004, 100.000, 100.000, 0.982, 0.325, 
[30] Train acc: 1.0000, Constr acc: 0.9062, CE loss: 0.027, DL2 loss: 2.281
8, 188, 0.0266, 0.0004, 100.000, 100.000, 0.983, 0.323, 
[45] Train acc: 1.0000, Constr acc: 0.8125, CE loss: 0.029, DL2 loss: 4.004
8, 187, 0.0289, 0.0003, 100.000, 100.000, 0.983, 0.277, 
[60] Train acc: 0.9688, Constr acc: 0.8438, CE loss: 0.139, DL2 loss: 2.568
8, 186, 0.1395, 0.0004, 96.875, 100.000, 0.983, 0.330, 
[75] Train acc: 1.0000, Constr acc: 0.8125, CE loss: 0.024, DL2 loss: 2.797
8, 185, 0.0241, 0.0003, 100.000, 100.000, 0.965, 0.250, 
[90] Train acc: 0.9844, Constr acc: 0.8750, CE loss: 0.093, DL2 loss: 2.220
8, 184, 0.0935, 0.0004, 98.438, 100.000, 0.977, 0.294, 
[105] Train acc: 0.9844, Constr acc: 0.9688, CE loss: 0.050, DL2 loss: 0.706
8, 183, 0.0495, 0.0003, 98.438, 100.000, 0.981, 0.241, 
[120] Train acc: 0.9531, Constr acc: 1.0000, CE loss: 0.197, DL2 loss: 0.000
8, 182, 0.1967, 0.0003, 95.312, 100.000, 0.976, 0.236, 
[135] Train acc: 1.0000, Constr acc: 0.9062, CE loss: 0.011, DL2 loss: 1.661
8, 181, 0.0113, 0.0003, 100.000, 100.000, 0.981, 0.273, 
[150] Train acc: 0.9688, Constr acc: 0.9375, CE loss: 0.102, DL2 loss: 0.991
8, 180, 0.1024, 0.0003, 96.875, 100.000, 0.983, 0.241, 
[165] Train acc: 0.9844, Constr acc: 0.8438, CE loss: 0.043, DL2 loss: 1.909
8, 179, 0.0429, 0.0004, 98.438, 100.000, 0.961, 0.362, 
[180] Train acc: 0.9844, Constr acc: 0.9688, CE loss: 0.075, DL2 loss: 1.198
8, 178, 0.0754, 0.0004, 98.438, 100.000, 0.978, 0.286, 
[195] Train acc: 0.9688, Constr acc: 0.9062, CE loss: 0.077, DL2 loss: 1.949
8, 177, 0.0766, 0.0003, 96.875, 100.000, 0.980, 0.265, 
[210] Train acc: 0.9688, Constr acc: 0.7812, CE loss: 0.115, DL2 loss: 3.534
8, 176, 0.1147, 0.0004, 96.875, 100.000, 0.972, 0.316, 
[225] Train acc: 1.0000, Constr acc: 0.9688, CE loss: 0.029, DL2 loss: 0.060
8, 175, 0.0294, 0.0004, 100.000, 100.000, 0.982, 0.286, 
[240] Train acc: 0.9531, Constr acc: 0.8750, CE loss: 0.092, DL2 loss: 1.630
8, 174, 0.0919, 0.0004, 95.312, 100.000, 0.974, 0.283, 
[255] Train acc: 0.9688, Constr acc: 0.8438, CE loss: 0.071, DL2 loss: 2.893
8, 173, 0.0712, 0.0003, 96.875, 100.000, 0.981, 0.256, 
[270] Train acc: 0.9844, Constr acc: 0.9688, CE loss: 0.063, DL2 loss: 0.626
8, 172, 0.0632, 0.0004, 98.438, 100.000, 0.981, 0.305, 
[285] Train acc: 0.9844, Constr acc: 0.9375, CE loss: 0.034, DL2 loss: 1.032
8, 171, 0.0340, 0.0003, 98.438, 100.000, 0.981, 0.237, 
[300] Train acc: 0.9844, Constr acc: 0.9375, CE loss: 0.052, DL2 loss: 0.198
8, 170, 0.0521, 0.0003, 98.438, 100.000, 0.983, 0.244, 
[315] Train acc: 0.9531, Constr acc: 0.9062, CE loss: 0.086, DL2 loss: 1.430
8, 169, 0.0865, 0.0003, 95.312, 100.000, 0.983, 0.227, 
[330] Train acc: 1.0000, Constr acc: 1.0000, CE loss: 0.033, DL2 loss: 0.000
8, 168, 0.0332, 0.0003, 100.000, 100.000, 0.984, 0.222, 
[345] Train acc: 0.9688, Constr acc: 0.8750, CE loss: 0.083, DL2 loss: 1.777
8, 167, 0.0831, 0.0004, 96.875, 100.000, 0.939, 0.237, 
[360] Train acc: 0.9844, Constr acc: 0.9062, CE loss: 0.192, DL2 loss: 1.860
8, 166, 0.1920, 0.0003, 98.438, 100.000, 0.983, 0.227, 
[375] Train acc: 0.9844, Constr acc: 0.9688, CE loss: 0.040, DL2 loss: 0.840
8, 165, 0.0401, 0.0003, 98.438, 100.000, 0.984, 0.254, 
[390] Train acc: 0.9844, Constr acc: 0.8750, CE loss: 0.037, DL2 loss: 1.430
8, 164, 0.0375, 0.0004, 98.438, 100.000, 0.980, 0.275, 
[405] Train acc: 1.0000, Constr acc: 0.9688, CE loss: 0.009, DL2 loss: 0.860
8, 163, 0.0086, 0.0003, 100.000, 100.000, 0.983, 0.259, 
[420] Train acc: 1.0000, Constr acc: 0.8750, CE loss: 0.022, DL2 loss: 1.824
8, 162, 0.0221, 0.0003, 100.000, 100.000, 0.984, 0.242, 
[435] Train acc: 0.9531, Constr acc: 0.9375, CE loss: 0.267, DL2 loss: 1.542
8, 161, 0.2667, 0.0004, 95.312, 98.438, 0.980, 0.284, 
[450] Train acc: 0.9844, Constr acc: 0.8750, CE loss: 0.051, DL2 loss: 2.876
8, 160, 0.0515, 0.0004, 98.438, 100.000, 0.968, 0.325, 
[465] Train acc: 0.9688, Constr acc: 0.9688, CE loss: 0.147, DL2 loss: 0.776
8, 159, 0.1469, 0.0004, 96.875, 100.000, 0.978, 0.337, 
[480] Train acc: 0.9688, Constr acc: 0.9062, CE loss: 0.138, DL2 loss: 1.072
8, 158, 0.1376, 0.0004, 96.875, 100.000, 0.975, 0.348, 
[495] Train acc: 1.0000, Constr acc: 0.8750, CE loss: 0.016, DL2 loss: 1.188
8, 157, 0.0164, 0.0004, 100.000, 100.000, 0.980, 0.410, 
[510] Train acc: 1.0000, Constr acc: 0.9688, CE loss: 0.018, DL2 loss: 0.158
8, 156, 0.0183, 0.0004, 100.000, 100.000, 0.983, 0.332, 
[525] Train acc: 0.9688, Constr acc: 0.9688, CE loss: 0.066, DL2 loss: 0.292
8, 155, 0.0658, 0.0004, 96.875, 100.000, 0.976, 0.335, 
[540] Train acc: 0.9688, Constr acc: 0.8750, CE loss: 0.146, DL2 loss: 2.414
8, 154, 0.1458, 0.0005, 96.875, 100.000, 0.960, 0.407, 
[555] Train acc: 0.9844, Constr acc: 0.9375, CE loss: 0.078, DL2 loss: 1.186
8, 153, 0.0776, 0.0004, 98.438, 100.000, 0.979, 0.350, 
[570] Train acc: 1.0000, Constr acc: 0.9375, CE loss: 0.013, DL2 loss: 1.654
8, 152, 0.0133, 0.0004, 100.000, 100.000, 0.981, 0.327, 
[585] Train acc: 1.0000, Constr acc: 0.9375, CE loss: 0.011, DL2 loss: 1.528
8, 151, 0.0107, 0.0004, 100.000, 100.000, 0.982, 0.289, 
[600] Train acc: 0.9688, Constr acc: 0.8750, CE loss: 0.131, DL2 loss: 1.710
8, 150, 0.1310, 0.0004, 96.875, 100.000, 0.983, 0.301, 
[615] Train acc: 0.9375, Constr acc: 0.9375, CE loss: 0.118, DL2 loss: 0.635
8, 149, 0.1179, 0.0004, 93.750, 100.000, 0.975, 0.299, 
[630] Train acc: 0.9531, Constr acc: 0.9062, CE loss: 0.102, DL2 loss: 2.758
8, 148, 0.1015, 0.0004, 95.312, 100.000, 0.984, 0.309, 
[645] Train acc: 0.9375, Constr acc: 0.9062, CE loss: 0.267, DL2 loss: 1.566
8, 147, 0.2666, 0.0005, 93.750, 98.438, 0.937, 0.361, 
[660] Train acc: 0.9219, Constr acc: 0.8438, CE loss: 0.188, DL2 loss: 3.362
8, 146, 0.1883, 0.0005, 92.188, 100.000, 0.975, 0.432, 
[675] Train acc: 0.9844, Constr acc: 0.9062, CE loss: 0.054, DL2 loss: 1.417
8, 145, 0.0543, 0.0004, 98.438, 100.000, 0.977, 0.385, 
[690] Train acc: 0.9688, Constr acc: 0.9062, CE loss: 0.084, DL2 loss: 2.542
8, 144, 0.0840, 0.0005, 96.875, 100.000, 0.969, 0.401, 
[705] Train acc: 0.9688, Constr acc: 0.9375, CE loss: 0.216, DL2 loss: 0.535
8, 143, 0.2165, 0.0004, 96.875, 100.000, 0.981, 0.359, 
[720] Train acc: 0.9688, Constr acc: 0.8438, CE loss: 0.080, DL2 loss: 1.345
8, 142, 0.0803, 0.0004, 96.875, 100.000, 0.982, 0.373, 
[735] Train acc: 0.9844, Constr acc: 0.9062, CE loss: 0.046, DL2 loss: 2.205
8, 141, 0.0465, 0.0005, 98.438, 100.000, 0.978, 0.446, 
[750] Train acc: 0.9375, Constr acc: 0.9375, CE loss: 0.165, DL2 loss: 0.539
8, 140, 0.1652, 0.0004, 93.750, 100.000, 0.974, 0.403, 
[765] Train acc: 1.0000, Constr acc: 0.7812, CE loss: 0.049, DL2 loss: 3.011
8, 139, 0.0489, 0.0004, 100.000, 100.000, 0.983, 0.335, 
[780] Train acc: 0.9844, Constr acc: 0.9375, CE loss: 0.072, DL2 loss: 0.849
8, 138, 0.0717, 0.0004, 98.438, 100.000, 0.982, 0.364, 
[795] Train acc: 1.0000, Constr acc: 0.8438, CE loss: 0.011, DL2 loss: 3.647
8, 137, 0.0108, 0.0004, 100.000, 100.000, 0.980, 0.339, 
[810] Train acc: 0.9375, Constr acc: 1.0000, CE loss: 0.205, DL2 loss: 0.000
8, 136, 0.2051, 0.0005, 93.750, 100.000, 0.972, 0.433, 
[825] Train acc: 0.9688, Constr acc: 0.9375, CE loss: 0.078, DL2 loss: 1.420
8, 135, 0.0779, 0.0004, 96.875, 100.000, 0.977, 0.349, 
[840] Train acc: 0.9844, Constr acc: 0.9375, CE loss: 0.053, DL2 loss: 1.013
8, 134, 0.0527, 0.0004, 98.438, 100.000, 0.980, 0.355, 
[855] Train acc: 0.9531, Constr acc: 0.8438, CE loss: 0.106, DL2 loss: 3.513
8, 133, 0.1056, 0.0004, 95.312, 100.000, 0.976, 0.321, 
[870] Train acc: 0.9844, Constr acc: 0.8438, CE loss: 0.071, DL2 loss: 2.185
8, 132, 0.0706, 0.0004, 98.438, 100.000, 0.983, 0.349, 
[885] Train acc: 0.9688, Constr acc: 0.8750, CE loss: 0.071, DL2 loss: 2.177
8, 131, 0.0709, 0.0004, 96.875, 100.000, 0.970, 0.343, 
[900] Train acc: 0.9531, Constr acc: 0.9688, CE loss: 0.108, DL2 loss: 0.075
8, 130, 0.1082, 0.0004, 95.312, 98.438, 0.981, 0.316, 
[915] Train acc: 1.0000, Constr acc: 0.8750, CE loss: 0.035, DL2 loss: 2.738
8, 129, 0.0353, 0.0004, 100.000, 100.000, 0.980, 0.313, 
[930] Train acc: 1.0000, Constr acc: 0.9375, CE loss: 0.024, DL2 loss: 0.858
8, 128, 0.0239, 0.0004, 100.000, 100.000, 0.978, 0.369, 
[0] Train acc: 0.9688, Constr acc: 0.8438, CE loss: 0.074, DL2 loss: 3.595
9, 127, 0.0740, 0.0005, 96.875, 100.000, 0.967, 0.456, 
[15] Train acc: 0.9844, Constr acc: 0.8438, CE loss: 0.050, DL2 loss: 3.973
9, 126, 0.0504, 0.0005, 98.438, 100.000, 0.980, 0.440, 
[30] Train acc: 0.9844, Constr acc: 0.8125, CE loss: 0.032, DL2 loss: 4.235
9, 125, 0.0321, 0.0004, 98.438, 100.000, 0.972, 0.388, 
[45] Train acc: 0.9531, Constr acc: 0.9375, CE loss: 0.166, DL2 loss: 0.776
9, 124, 0.1656, 0.0005, 95.312, 100.000, 0.970, 0.452, 
[60] Train acc: 0.9844, Constr acc: 0.9375, CE loss: 0.056, DL2 loss: 1.414
9, 123, 0.0558, 0.0004, 98.438, 100.000, 0.979, 0.415, 
[75] Train acc: 1.0000, Constr acc: 1.0000, CE loss: 0.029, DL2 loss: 0.000
9, 122, 0.0288, 0.0004, 100.000, 100.000, 0.979, 0.381, 
[90] Train acc: 0.9688, Constr acc: 0.8125, CE loss: 0.110, DL2 loss: 2.453
9, 121, 0.1102, 0.0004, 96.875, 100.000, 0.972, 0.387, 
[105] Train acc: 1.0000, Constr acc: 0.9062, CE loss: 0.022, DL2 loss: 1.923
9, 120, 0.0218, 0.0004, 100.000, 100.000, 0.980, 0.378, 
[120] Train acc: 1.0000, Constr acc: 0.9375, CE loss: 0.059, DL2 loss: 0.954
9, 119, 0.0594, 0.0004, 100.000, 100.000, 0.979, 0.390, 
[135] Train acc: 1.0000, Constr acc: 0.8438, CE loss: 0.050, DL2 loss: 1.290
9, 118, 0.0504, 0.0005, 100.000, 100.000, 0.971, 0.496, 
[150] Train acc: 0.9688, Constr acc: 0.9688, CE loss: 0.074, DL2 loss: 0.731
9, 117, 0.0737, 0.0005, 96.875, 100.000, 0.976, 0.455, 
[165] Train acc: 0.9844, Constr acc: 0.9688, CE loss: 0.056, DL2 loss: 0.148
9, 116, 0.0558, 0.0005, 98.438, 100.000, 0.976, 0.431, 
[180] Train acc: 0.9844, Constr acc: 0.8750, CE loss: 0.051, DL2 loss: 2.226
9, 115, 0.0514, 0.0005, 98.438, 100.000, 0.969, 0.411, 
[195] Train acc: 0.9531, Constr acc: 0.9375, CE loss: 0.101, DL2 loss: 0.467
9, 114, 0.1014, 0.0005, 95.312, 100.000, 0.975, 0.409, 
[210] Train acc: 0.9688, Constr acc: 0.8750, CE loss: 0.092, DL2 loss: 2.401
9, 113, 0.0924, 0.0004, 96.875, 100.000, 0.973, 0.369, 
[225] Train acc: 0.9375, Constr acc: 0.9062, CE loss: 0.098, DL2 loss: 1.416
9, 112, 0.0976, 0.0005, 93.750, 100.000, 0.959, 0.433, 
[240] Train acc: 0.9844, Constr acc: 0.8750, CE loss: 0.036, DL2 loss: 1.865
9, 111, 0.0360, 0.0005, 98.438, 100.000, 0.964, 0.417, 
[255] Train acc: 0.9531, Constr acc: 0.9062, CE loss: 0.096, DL2 loss: 1.183
9, 110, 0.0959, 0.0006, 95.312, 100.000, 0.920, 0.520, 
[270] Train acc: 0.9531, Constr acc: 0.8750, CE loss: 0.163, DL2 loss: 1.037
9, 109, 0.1628, 0.0005, 95.312, 100.000, 0.965, 0.503, 
[285] Train acc: 0.9531, Constr acc: 0.9062, CE loss: 0.085, DL2 loss: 2.421
9, 108, 0.0846, 0.0005, 95.312, 100.000, 0.979, 0.426, 
[300] Train acc: 0.9844, Constr acc: 0.9375, CE loss: 0.055, DL2 loss: 1.076
9, 107, 0.0548, 0.0005, 98.438, 100.000, 0.956, 0.490, 
[315] Train acc: 0.9531, Constr acc: 0.8438, CE loss: 0.146, DL2 loss: 2.911
9, 106, 0.1455, 0.0005, 95.312, 100.000, 0.978, 0.417, 
[330] Train acc: 0.9844, Constr acc: 0.8750, CE loss: 0.106, DL2 loss: 2.124
9, 105, 0.1056, 0.0004, 98.438, 100.000, 0.978, 0.393, 
[345] Train acc: 1.0000, Constr acc: 0.9375, CE loss: 0.036, DL2 loss: 0.778
9, 104, 0.0360, 0.0004, 100.000, 100.000, 0.983, 0.377, 
[360] Train acc: 0.9688, Constr acc: 0.9688, CE loss: 0.059, DL2 loss: 0.606
9, 103, 0.0594, 0.0004, 96.875, 100.000, 0.979, 0.396, 
[375] Train acc: 1.0000, Constr acc: 0.9688, CE loss: 0.029, DL2 loss: 0.488
9, 102, 0.0286, 0.0005, 100.000, 100.000, 0.970, 0.467, 
[390] Train acc: 0.9844, Constr acc: 0.9688, CE loss: 0.064, DL2 loss: 0.335
9, 101, 0.0636, 0.0005, 98.438, 100.000, 0.977, 0.465, 
[405] Train acc: 0.9844, Constr acc: 0.8125, CE loss: 0.040, DL2 loss: 3.116
9, 100, 0.0401, 0.0005, 98.438, 100.000, 0.977, 0.491, 
[420] Train acc: 1.0000, Constr acc: 0.9375, CE loss: 0.039, DL2 loss: 1.153
9, 99, 0.0388, 0.0004, 100.000, 100.000, 0.976, 0.383, 
[435] Train acc: 0.9844, Constr acc: 0.9688, CE loss: 0.042, DL2 loss: 0.838
9, 98, 0.0424, 0.0004, 98.438, 100.000, 0.976, 0.393, 
[450] Train acc: 0.9688, Constr acc: 0.9375, CE loss: 0.078, DL2 loss: 0.781
9, 97, 0.0779, 0.0005, 96.875, 100.000, 0.980, 0.464, 
[465] Train acc: 0.9844, Constr acc: 0.8750, CE loss: 0.084, DL2 loss: 2.032
9, 96, 0.0835, 0.0005, 98.438, 100.000, 0.981, 0.434, 
[480] Train acc: 0.9844, Constr acc: 0.9062, CE loss: 0.063, DL2 loss: 2.008
9, 95, 0.0633, 0.0005, 98.438, 100.000, 0.981, 0.441, 
[495] Train acc: 0.9844, Constr acc: 0.8438, CE loss: 0.036, DL2 loss: 2.433
9, 94, 0.0362, 0.0005, 98.438, 100.000, 0.979, 0.421, 
[510] Train acc: 0.9688, Constr acc: 0.8750, CE loss: 0.083, DL2 loss: 3.037
9, 93, 0.0827, 0.0005, 96.875, 100.000, 0.970, 0.456, 
[525] Train acc: 0.9219, Constr acc: 0.8750, CE loss: 0.223, DL2 loss: 2.669
9, 92, 0.2233, 0.0006, 92.188, 100.000, 0.971, 0.578, 
[540] Train acc: 0.9688, Constr acc: 0.8750, CE loss: 0.088, DL2 loss: 3.360
9, 91, 0.0883, 0.0005, 96.875, 100.000, 0.980, 0.536, 
[555] Train acc: 0.9688, Constr acc: 0.8750, CE loss: 0.106, DL2 loss: 1.263
9, 90, 0.1059, 0.0005, 96.875, 100.000, 0.979, 0.472, 
[570] Train acc: 0.9688, Constr acc: 0.9375, CE loss: 0.090, DL2 loss: 1.108
9, 89, 0.0899, 0.0005, 96.875, 100.000, 0.964, 0.469, 
[585] Train acc: 1.0000, Constr acc: 0.8438, CE loss: 0.035, DL2 loss: 2.100
9, 88, 0.0352, 0.0005, 100.000, 100.000, 0.964, 0.459, 
[600] Train acc: 1.0000, Constr acc: 0.8125, CE loss: 0.057, DL2 loss: 3.872
9, 87, 0.0567, 0.0005, 100.000, 100.000, 0.978, 0.434, 
[615] Train acc: 0.9688, Constr acc: 0.8750, CE loss: 0.086, DL2 loss: 2.309
9, 86, 0.0860, 0.0006, 96.875, 100.000, 0.947, 0.532, 
[630] Train acc: 0.9688, Constr acc: 0.8438, CE loss: 0.092, DL2 loss: 2.701
9, 85, 0.0919, 0.0005, 96.875, 100.000, 0.970, 0.450, 
[645] Train acc: 0.9375, Constr acc: 0.9062, CE loss: 0.132, DL2 loss: 2.751
9, 84, 0.1325, 0.0005, 93.750, 100.000, 0.961, 0.466, 
[660] Train acc: 0.9844, Constr acc: 0.8125, CE loss: 0.047, DL2 loss: 4.866
9, 83, 0.0466, 0.0005, 98.438, 100.000, 0.978, 0.433, 
[675] Train acc: 0.9375, Constr acc: 0.9375, CE loss: 0.214, DL2 loss: 0.726
9, 82, 0.2145, 0.0005, 93.750, 100.000, 0.972, 0.490, 
[690] Train acc: 0.9688, Constr acc: 1.0000, CE loss: 0.051, DL2 loss: 0.000
9, 81, 0.0512, 0.0005, 96.875, 100.000, 0.978, 0.474, 
[705] Train acc: 0.9688, Constr acc: 0.9688, CE loss: 0.070, DL2 loss: 0.121
9, 80, 0.0704, 0.0005, 96.875, 100.000, 0.965, 0.474, 
[720] Train acc: 0.9375, Constr acc: 0.9062, CE loss: 0.136, DL2 loss: 1.452
9, 79, 0.1360, 0.0005, 93.750, 100.000, 0.978, 0.459, 
[735] Train acc: 0.9219, Constr acc: 0.8438, CE loss: 0.277, DL2 loss: 2.180
9, 78, 0.2767, 0.0006, 92.188, 96.875, 0.948, 0.551, 
[750] Train acc: 0.9688, Constr acc: 0.8750, CE loss: 0.084, DL2 loss: 2.358
9, 77, 0.0842, 0.0005, 96.875, 100.000, 0.972, 0.488, 
[765] Train acc: 0.9688, Constr acc: 0.9062, CE loss: 0.090, DL2 loss: 1.103
9, 76, 0.0905, 0.0005, 96.875, 100.000, 0.961, 0.478, 
[780] Train acc: 0.9688, Constr acc: 0.9375, CE loss: 0.198, DL2 loss: 0.748
9, 75, 0.1980, 0.0005, 96.875, 100.000, 0.974, 0.490, 
[795] Train acc: 0.9531, Constr acc: 0.9062, CE loss: 0.134, DL2 loss: 2.073
9, 74, 0.1336, 0.0005, 95.312, 100.000, 0.970, 0.469, 
[810] Train acc: 0.9844, Constr acc: 0.9062, CE loss: 0.051, DL2 loss: 1.819
9, 73, 0.0505, 0.0005, 98.438, 100.000, 0.974, 0.480, 
[825] Train acc: 0.9688, Constr acc: 0.9375, CE loss: 0.158, DL2 loss: 0.917
9, 72, 0.1579, 0.0005, 96.875, 100.000, 0.973, 0.496, 
[840] Train acc: 0.9375, Constr acc: 0.9375, CE loss: 0.138, DL2 loss: 1.678
9, 71, 0.1381, 0.0005, 93.750, 100.000, 0.976, 0.509, 
[855] Train acc: 0.9219, Constr acc: 0.8750, CE loss: 0.321, DL2 loss: 1.508
9, 70, 0.3208, 0.0005, 92.188, 98.438, 0.960, 0.520, 
[870] Train acc: 0.9688, Constr acc: 0.8125, CE loss: 0.212, DL2 loss: 3.227
9, 69, 0.2118, 0.0005, 96.875, 100.000, 0.972, 0.517, 
[885] Train acc: 0.9688, Constr acc: 0.8438, CE loss: 0.103, DL2 loss: 3.016
9, 68, 0.1028, 0.0006, 96.875, 100.000, 0.964, 0.677, 
[900] Train acc: 0.9688, Constr acc: 0.9062, CE loss: 0.086, DL2 loss: 2.116
9, 67, 0.0855, 0.0006, 96.875, 100.000, 0.969, 0.621, 
[915] Train acc: 0.9375, Constr acc: 0.9062, CE loss: 0.113, DL2 loss: 0.978
9, 66, 0.1134, 0.0006, 93.750, 100.000, 0.961, 0.635, 
[930] Train acc: 0.9531, Constr acc: 0.8750, CE loss: 0.104, DL2 loss: 1.595
9, 65, 0.1035, 0.0006, 95.312, 100.000, 0.968, 0.555, 
[0] Train acc: 0.9688, Constr acc: 0.9375, CE loss: 0.097, DL2 loss: 1.249
10, 65, 0.0966, 0.0006, 96.875, 100.000, 0.964, 0.593, 
[15] Train acc: 0.8906, Constr acc: 0.9062, CE loss: 0.303, DL2 loss: 1.572
10, 64, 0.3028, 0.0005, 89.062, 98.438, 0.972, 0.511, 
[30] Train acc: 1.0000, Constr acc: 0.9375, CE loss: 0.028, DL2 loss: 0.558
10, 63, 0.0283, 0.0005, 100.000, 100.000, 0.966, 0.495, 
[45] Train acc: 0.9688, Constr acc: 0.9062, CE loss: 0.105, DL2 loss: 2.164
10, 62, 0.1050, 0.0005, 96.875, 100.000, 0.973, 0.447, 
[60] Train acc: 0.9688, Constr acc: 0.8125, CE loss: 0.127, DL2 loss: 1.627
10, 61, 0.1273, 0.0006, 96.875, 100.000, 0.918, 0.560, 
[75] Train acc: 0.9688, Constr acc: 0.9062, CE loss: 0.136, DL2 loss: 1.670
10, 60, 0.1356, 0.0006, 96.875, 100.000, 0.969, 0.562, 
[90] Train acc: 0.9844, Constr acc: 0.9062, CE loss: 0.054, DL2 loss: 2.077
10, 59, 0.0539, 0.0005, 98.438, 100.000, 0.973, 0.523, 
[105] Train acc: 0.9375, Constr acc: 0.9062, CE loss: 0.120, DL2 loss: 0.629
10, 58, 0.1196, 0.0005, 93.750, 100.000, 0.966, 0.476, 
[120] Train acc: 0.9531, Constr acc: 0.9062, CE loss: 0.134, DL2 loss: 1.894
10, 57, 0.1342, 0.0006, 95.312, 100.000, 0.950, 0.547, 
[135] Train acc: 0.8750, Constr acc: 0.7812, CE loss: 0.292, DL2 loss: 2.258
10, 56, 0.2918, 0.0006, 87.500, 100.000, 0.953, 0.604, 
[150] Train acc: 0.9844, Constr acc: 0.8125, CE loss: 0.060, DL2 loss: 2.837
10, 55, 0.0603, 0.0006, 98.438, 100.000, 0.968, 0.577, 
[165] Train acc: 0.8906, Constr acc: 0.9688, CE loss: 0.260, DL2 loss: 0.232
10, 54, 0.2603, 0.0006, 89.062, 100.000, 0.963, 0.552, 
[180] Train acc: 0.9531, Constr acc: 0.9375, CE loss: 0.136, DL2 loss: 1.067
10, 53, 0.1357, 0.0006, 95.312, 100.000, 0.963, 0.589, 
[195] Train acc: 0.8750, Constr acc: 0.9062, CE loss: 0.240, DL2 loss: 1.337
10, 52, 0.2404, 0.0006, 87.500, 100.000, 0.957, 0.615, 
[210] Train acc: 0.9375, Constr acc: 0.8125, CE loss: 0.131, DL2 loss: 2.604
10, 51, 0.1314, 0.0006, 93.750, 100.000, 0.954, 0.578, 
[225] Train acc: 0.9531, Constr acc: 0.8750, CE loss: 0.108, DL2 loss: 0.794
10, 50, 0.1084, 0.0007, 95.312, 100.000, 0.892, 0.655, 
[240] Train acc: 0.9375, Constr acc: 0.8750, CE loss: 0.220, DL2 loss: 1.429
10, 49, 0.2197, 0.0007, 93.750, 100.000, 0.933, 0.678, 
[255] Train acc: 0.9531, Constr acc: 0.8750, CE loss: 0.197, DL2 loss: 2.370
10, 48, 0.1972, 0.0006, 95.312, 100.000, 0.962, 0.647, 
[270] Train acc: 0.9375, Constr acc: 0.9062, CE loss: 0.144, DL2 loss: 2.510
10, 47, 0.1436, 0.0007, 93.750, 100.000, 0.942, 0.709, 
[285] Train acc: 0.9688, Constr acc: 0.8125, CE loss: 0.079, DL2 loss: 3.456
10, 46, 0.0785, 0.0006, 96.875, 100.000, 0.962, 0.611, 
[300] Train acc: 0.9531, Constr acc: 0.9375, CE loss: 0.161, DL2 loss: 0.401
10, 45, 0.1605, 0.0006, 95.312, 100.000, 0.958, 0.584, 
[315] Train acc: 0.9375, Constr acc: 0.8125, CE loss: 0.191, DL2 loss: 2.917
10, 44, 0.1911, 0.0007, 93.750, 100.000, 0.921, 0.693, 
[330] Train acc: 0.9062, Constr acc: 0.9688, CE loss: 0.431, DL2 loss: 0.561
10, 43, 0.4306, 0.0007, 90.625, 98.438, 0.947, 0.658, 
[345] Train acc: 0.9844, Constr acc: 0.9375, CE loss: 0.103, DL2 loss: 0.539
10, 42, 0.1030, 0.0007, 98.438, 100.000, 0.957, 0.679, 
[360] Train acc: 0.9844, Constr acc: 0.9062, CE loss: 0.107, DL2 loss: 0.759
10, 41, 0.1075, 0.0007, 98.438, 100.000, 0.951, 0.675, 
[375] Train acc: 0.9844, Constr acc: 0.7812, CE loss: 0.064, DL2 loss: 3.352
10, 40, 0.0642, 0.0007, 98.438, 100.000, 0.952, 0.726, 
[390] Train acc: 0.9688, Constr acc: 0.8750, CE loss: 0.061, DL2 loss: 2.158
10, 39, 0.0609, 0.0007, 96.875, 100.000, 0.953, 0.707, 
[405] Train acc: 1.0000, Constr acc: 0.9062, CE loss: 0.063, DL2 loss: 2.106
10, 38, 0.0633, 0.0007, 100.000, 100.000, 0.958, 0.683, 
[420] Train acc: 0.8438, Constr acc: 0.9062, CE loss: 0.712, DL2 loss: 1.592
10, 37, 0.7118, 0.0007, 84.375, 100.000, 0.934, 0.613, 
[435] Train acc: 0.9531, Constr acc: 0.9062, CE loss: 0.228, DL2 loss: 1.101
10, 36, 0.2284, 0.0007, 95.312, 100.000, 0.956, 0.677, 
[450] Train acc: 0.9531, Constr acc: 0.8750, CE loss: 0.122, DL2 loss: 2.107
10, 35, 0.1215, 0.0007, 95.312, 100.000, 0.947, 0.657, 
[465] Train acc: 0.9219, Constr acc: 0.9062, CE loss: 0.303, DL2 loss: 0.577
10, 34, 0.3026, 0.0007, 92.188, 98.438, 0.915, 0.693, 
[480] Train acc: 0.9062, Constr acc: 0.8125, CE loss: 0.289, DL2 loss: 3.006
10, 33, 0.2892, 0.0007, 90.625, 98.438, 0.945, 0.754, 
[495] Train acc: 0.9688, Constr acc: 0.8125, CE loss: 0.126, DL2 loss: 3.330
10, 32, 0.1262, 0.0007, 96.875, 100.000, 0.945, 0.765, 
[510] Train acc: 0.9531, Constr acc: 0.9375, CE loss: 0.225, DL2 loss: 1.649
10, 31, 0.2246, 0.0007, 95.312, 100.000, 0.950, 0.698, 
[525] Train acc: 0.8750, Constr acc: 0.8750, CE loss: 0.354, DL2 loss: 0.840
10, 30, 0.3540, 0.0008, 87.500, 100.000, 0.917, 0.711, 
[540] Train acc: 0.9062, Constr acc: 0.7812, CE loss: 0.287, DL2 loss: 1.832
10, 29, 0.2872, 0.0008, 90.625, 100.000, 0.906, 0.751, 
[555] Train acc: 0.9688, Constr acc: 0.9375, CE loss: 0.198, DL2 loss: 1.513
10, 28, 0.1981, 0.0008, 96.875, 100.000, 0.936, 0.709, 
[570] Train acc: 0.8750, Constr acc: 0.9688, CE loss: 0.356, DL2 loss: 0.209
10, 27, 0.3562, 0.0008, 87.500, 100.000, 0.924, 0.681, 
[585] Train acc: 0.8594, Constr acc: 0.8438, CE loss: 0.433, DL2 loss: 0.810
10, 26, 0.4329, 0.0008, 85.938, 100.000, 0.916, 0.702, 
[600] Train acc: 0.8594, Constr acc: 0.7812, CE loss: 0.394, DL2 loss: 4.133
10, 25, 0.3941, 0.0009, 85.938, 100.000, 0.890, 0.756, 
[615] Train acc: 0.8906, Constr acc: 0.7812, CE loss: 0.440, DL2 loss: 3.709
10, 24, 0.4403, 0.0009, 89.062, 98.438, 0.869, 0.747, 
[630] Train acc: 0.8750, Constr acc: 0.9375, CE loss: 0.495, DL2 loss: 0.413
10, 23, 0.4952, 0.0009, 87.500, 100.000, 0.876, 0.761, 
[645] Train acc: 0.8750, Constr acc: 0.8750, CE loss: 0.346, DL2 loss: 1.828
10, 22, 0.3462, 0.0008, 87.500, 98.438, 0.890, 0.701, 
[660] Train acc: 0.8125, Constr acc: 0.8125, CE loss: 0.572, DL2 loss: 2.461
10, 21, 0.5717, 0.0011, 81.250, 98.438, 0.668, 0.821, 
[675] Train acc: 0.8438, Constr acc: 0.9062, CE loss: 0.623, DL2 loss: 1.483
10, 20, 0.6227, 0.0009, 84.375, 98.438, 0.835, 0.669, 
[690] Train acc: 0.8125, Constr acc: 0.8438, CE loss: 0.564, DL2 loss: 2.238
10, 19, 0.5638, 0.0009, 81.250, 100.000, 0.863, 0.739, 
[705] Train acc: 0.6719, Constr acc: 0.8750, CE loss: 1.152, DL2 loss: 1.817
10, 18, 1.1524, 0.0010, 67.188, 95.312, 0.776, 0.718, 
[720] Train acc: 0.7500, Constr acc: 0.8125, CE loss: 0.677, DL2 loss: 1.495
10, 17, 0.6772, 0.0010, 75.000, 92.188, 0.771, 0.781, 
[735] Train acc: 0.6719, Constr acc: 0.6562, CE loss: 1.006, DL2 loss: 4.443
10, 16, 1.0063, 0.0013, 67.188, 100.000, 0.663, 0.898, 
[750] Train acc: 0.7344, Constr acc: 0.8750, CE loss: 0.895, DL2 loss: 2.017
10, 15, 0.8950, 0.0012, 73.438, 92.188, 0.738, 0.788, 
[765] Train acc: 0.6406, Constr acc: 0.5312, CE loss: 1.024, DL2 loss: 5.692
10, 14, 1.0244, 0.0013, 64.062, 93.750, 0.648, 0.872, 
[780] Train acc: 0.7969, Constr acc: 0.7188, CE loss: 0.758, DL2 loss: 3.486
10, 13, 0.7577, 0.0012, 79.688, 96.875, 0.709, 0.731, 
[795] Train acc: 0.4062, Constr acc: 0.6562, CE loss: 1.914, DL2 loss: 2.152
10, 12, 1.9137, 0.0015, 40.625, 90.625, 0.492, 0.882, 
[810] Train acc: 0.4688, Constr acc: 0.5938, CE loss: 1.440, DL2 loss: 4.657
10, 11, 1.4403, 0.0015, 46.875, 93.750, 0.520, 0.893, 
[825] Train acc: 0.2344, Constr acc: 0.2812, CE loss: 2.397, DL2 loss: 10.727
10, 10, 2.3968, 0.0018, 23.438, 75.000, 0.366, 0.960, 
[840] Train acc: 0.1875, Constr acc: 0.2500, CE loss: 2.313, DL2 loss: 15.045
10, 9, 2.3131, 0.0021, 18.750, 65.625, 0.197, 0.959, 
[855] Train acc: 0.1406, Constr acc: 0.3438, CE loss: 2.269, DL2 loss: 12.573
10, 8, 2.2691, 0.0021, 14.062, 82.812, 0.195, 0.978, 
[870] Train acc: 0.1562, Constr acc: 0.1875, CE loss: 2.306, DL2 loss: 15.085
10, 7, 2.3064, 0.0021, 15.625, 89.062, 0.193, 0.972, 
[885] Train acc: 0.1875, Constr acc: 0.3125, CE loss: 2.315, DL2 loss: 11.555
10, 6, 2.3152, 0.0020, 18.750, 76.562, 0.202, 0.950, 
[900] Train acc: 0.2188, Constr acc: 0.3125, CE loss: 2.075, DL2 loss: 13.287
10, 5, 2.0754, 0.0021, 21.875, 81.250, 0.175, 0.996, 
[915] Train acc: 0.1250, Constr acc: 0.0000, CE loss: 2.337, DL2 loss: 25.254
10, 4, 2.3374, 0.0023, 12.500, 48.438, 0.114, 1.000, 
[930] Train acc: 0.1250, Constr acc: 0.0312, CE loss: 2.331, DL2 loss: 22.447
10, 3, 2.3313, 0.0023, 12.500, 51.562, 0.114, 1.000, 
