main_allinputs_dl2.py --pruning=True --tensorboard=True --log-interval=15 --pruning_config=./configs/mnist_22_15.json --constraint RobustnessDandR(eps1=5, eps2=2) --print-after-epoch=0 --dl2-weight=0.2 --delay=6
pruning_engine.load_mask(): did not find mask file, will load nothing
epoch, neuron_units, loss, dl2_loss, top1, top5, dl2_p_acc, dl2_constraint_acc
[0] Train acc: 0.1406
1, 252, 2.2927, 0.0023, 14.062, 59.375, 0.103, 0.003, 
[15] Train acc: 0.1875
1, 252, 2.2763, 0.0023, 18.750, 68.750, 0.103, 0.004, 
[30] Train acc: 0.3125
1, 252, 2.2343, 0.0023, 31.250, 75.000, 0.205, 0.004, 
[45] Train acc: 0.3594
1, 252, 2.1083, 0.0022, 35.938, 89.062, 0.408, 0.003, 
[60] Train acc: 0.5625
1, 252, 1.8079, 0.0021, 56.250, 90.625, 0.576, 0.005, 
[75] Train acc: 0.6719
1, 252, 1.1560, 0.0017, 67.188, 95.312, 0.646, 0.005, 
[90] Train acc: 0.6250
1, 252, 1.0569, 0.0015, 62.500, 98.438, 0.674, 0.004, 
[105] Train acc: 0.7031
1, 252, 0.8945, 0.0013, 70.312, 95.312, 0.730, 0.014, 
[120] Train acc: 0.8125
1, 252, 0.5999, 0.0011, 81.250, 98.438, 0.806, 0.075, 
[135] Train acc: 0.8594
1, 252, 0.3908, 0.0010, 85.938, 100.000, 0.854, 0.141, 
[150] Train acc: 0.8594
1, 252, 0.5338, 0.0010, 85.938, 100.000, 0.820, 0.133, 
[165] Train acc: 0.8281
1, 252, 0.5438, 0.0010, 82.812, 98.438, 0.764, 0.198, 
[180] Train acc: 0.9062
1, 252, 0.4400, 0.0009, 90.625, 98.438, 0.846, 0.226, 
[195] Train acc: 0.9062
1, 252, 0.2807, 0.0009, 90.625, 100.000, 0.848, 0.266, 
[210] Train acc: 0.9219
1, 252, 0.3620, 0.0009, 92.188, 98.438, 0.857, 0.249, 
[225] Train acc: 0.8906
1, 252, 0.3961, 0.0008, 89.062, 100.000, 0.886, 0.272, 
[240] Train acc: 0.8750
1, 252, 0.4191, 0.0008, 87.500, 98.438, 0.877, 0.340, 
[255] Train acc: 0.8281
1, 252, 0.4304, 0.0008, 82.812, 100.000, 0.853, 0.348, 
[270] Train acc: 0.9219
1, 252, 0.2301, 0.0008, 92.188, 100.000, 0.844, 0.340, 
[285] Train acc: 0.9375
1, 252, 0.2475, 0.0007, 93.750, 100.000, 0.920, 0.411, 
[300] Train acc: 0.9062
1, 252, 0.2684, 0.0007, 90.625, 100.000, 0.911, 0.422, 
[315] Train acc: 0.9375
1, 252, 0.2690, 0.0007, 93.750, 98.438, 0.921, 0.418, 
[330] Train acc: 0.9062
1, 252, 0.3765, 0.0007, 90.625, 98.438, 0.864, 0.407, 
[345] Train acc: 0.8594
1, 252, 0.4717, 0.0007, 85.938, 98.438, 0.908, 0.448, 
[360] Train acc: 0.8750
1, 252, 0.2840, 0.0007, 87.500, 100.000, 0.908, 0.438, 
[375] Train acc: 0.9375
1, 252, 0.1569, 0.0007, 93.750, 100.000, 0.922, 0.456, 
[390] Train acc: 0.9219
1, 252, 0.2107, 0.0006, 92.188, 100.000, 0.915, 0.469, 
[405] Train acc: 0.9375
1, 252, 0.1972, 0.0006, 93.750, 100.000, 0.917, 0.440, 
[420] Train acc: 0.9375
1, 252, 0.2407, 0.0006, 93.750, 100.000, 0.935, 0.492, 
[435] Train acc: 0.9219
1, 252, 0.2249, 0.0006, 92.188, 100.000, 0.934, 0.483, 
[450] Train acc: 0.9219
1, 252, 0.1830, 0.0006, 92.188, 100.000, 0.942, 0.527, 
[465] Train acc: 0.8906
1, 252, 0.3452, 0.0006, 89.062, 100.000, 0.912, 0.536, 
[480] Train acc: 1.0000
1, 252, 0.0759, 0.0006, 100.000, 100.000, 0.935, 0.563, 
[495] Train acc: 0.9531
1, 252, 0.1630, 0.0006, 95.312, 100.000, 0.947, 0.523, 
[510] Train acc: 0.9219
1, 252, 0.1678, 0.0005, 92.188, 100.000, 0.948, 0.551, 
[525] Train acc: 0.9531
1, 252, 0.1374, 0.0006, 95.312, 100.000, 0.945, 0.535, 
[540] Train acc: 0.9531
1, 252, 0.2549, 0.0006, 95.312, 98.438, 0.932, 0.546, 
[555] Train acc: 0.9688
1, 252, 0.1706, 0.0005, 96.875, 98.438, 0.953, 0.591, 
[570] Train acc: 0.9531
1, 252, 0.1493, 0.0005, 95.312, 100.000, 0.924, 0.617, 
[585] Train acc: 0.9844
1, 252, 0.0839, 0.0005, 98.438, 100.000, 0.950, 0.585, 
[600] Train acc: 0.9531
1, 252, 0.1911, 0.0005, 95.312, 100.000, 0.951, 0.595, 
[615] Train acc: 0.9531
1, 252, 0.1562, 0.0005, 95.312, 100.000, 0.951, 0.602, 
[630] Train acc: 0.9375
1, 252, 0.3316, 0.0005, 93.750, 100.000, 0.956, 0.603, 
[645] Train acc: 0.9688
1, 252, 0.1515, 0.0005, 96.875, 100.000, 0.956, 0.597, 
[660] Train acc: 0.9688
1, 252, 0.1340, 0.0005, 96.875, 100.000, 0.956, 0.645, 
[675] Train acc: 0.9219
1, 252, 0.1611, 0.0005, 92.188, 100.000, 0.956, 0.632, 
[690] Train acc: 0.9688
1, 252, 0.1636, 0.0005, 96.875, 98.438, 0.957, 0.605, 
[705] Train acc: 0.8906
1, 252, 0.3456, 0.0005, 89.062, 100.000, 0.951, 0.615, 
[720] Train acc: 1.0000
1, 252, 0.0531, 0.0005, 100.000, 100.000, 0.958, 0.657, 
[735] Train acc: 0.9375
1, 252, 0.1569, 0.0005, 93.750, 100.000, 0.957, 0.612, 
[750] Train acc: 0.9688
1, 252, 0.0697, 0.0005, 96.875, 100.000, 0.950, 0.658, 
[765] Train acc: 0.9062
1, 252, 0.2833, 0.0005, 90.625, 100.000, 0.946, 0.598, 
[780] Train acc: 0.9219
1, 252, 0.1946, 0.0005, 92.188, 100.000, 0.964, 0.583, 
[795] Train acc: 0.9375
1, 252, 0.1266, 0.0005, 93.750, 100.000, 0.960, 0.530, 
[810] Train acc: 1.0000
1, 252, 0.0542, 0.0005, 100.000, 100.000, 0.964, 0.584, 
[825] Train acc: 0.9531
1, 252, 0.1051, 0.0005, 95.312, 100.000, 0.960, 0.593, 
[840] Train acc: 0.9531
1, 252, 0.1322, 0.0005, 95.312, 100.000, 0.968, 0.623, 
[855] Train acc: 0.9375
1, 252, 0.1512, 0.0005, 93.750, 100.000, 0.942, 0.604, 
[870] Train acc: 0.9531
1, 252, 0.1509, 0.0004, 95.312, 100.000, 0.964, 0.652, 
[885] Train acc: 0.9375
1, 252, 0.1358, 0.0005, 93.750, 100.000, 0.959, 0.603, 
[900] Train acc: 0.9531
1, 252, 0.1066, 0.0004, 95.312, 100.000, 0.962, 0.668, 
[915] Train acc: 0.9375
1, 252, 0.1932, 0.0004, 93.750, 100.000, 0.960, 0.669, 
[930] Train acc: 0.9375
1, 252, 0.1555, 0.0004, 93.750, 100.000, 0.964, 0.677, 
[0] Train acc: 0.9531
2, 252, 0.1419, 0.0004, 95.312, 100.000, 0.963, 0.693, 
[15] Train acc: 0.9844
2, 252, 0.0728, 0.0004, 98.438, 100.000, 0.968, 0.702, 
[30] Train acc: 0.9688
2, 252, 0.0831, 0.0004, 96.875, 100.000, 0.955, 0.701, 
[45] Train acc: 0.9688
2, 252, 0.0926, 0.0004, 96.875, 100.000, 0.965, 0.716, 
[60] Train acc: 0.9844
2, 252, 0.0453, 0.0004, 98.438, 100.000, 0.963, 0.689, 
[75] Train acc: 0.9688
2, 252, 0.1387, 0.0004, 96.875, 100.000, 0.966, 0.692, 
[90] Train acc: 0.9375
2, 252, 0.3302, 0.0004, 93.750, 100.000, 0.967, 0.683, 
[105] Train acc: 0.9844
2, 252, 0.0469, 0.0004, 98.438, 100.000, 0.969, 0.661, 
[120] Train acc: 0.9844
2, 252, 0.0899, 0.0004, 98.438, 100.000, 0.970, 0.688, 
[135] Train acc: 0.9688
2, 252, 0.1524, 0.0004, 96.875, 100.000, 0.963, 0.676, 
[150] Train acc: 0.9531
2, 252, 0.0857, 0.0004, 95.312, 100.000, 0.967, 0.718, 
[165] Train acc: 0.9844
2, 252, 0.0723, 0.0004, 98.438, 100.000, 0.968, 0.724, 
[180] Train acc: 0.9531
2, 252, 0.0809, 0.0004, 95.312, 100.000, 0.967, 0.730, 
[195] Train acc: 0.9844
2, 252, 0.0929, 0.0004, 98.438, 100.000, 0.960, 0.693, 
[210] Train acc: 0.9688
2, 252, 0.0649, 0.0004, 96.875, 100.000, 0.973, 0.763, 
[225] Train acc: 0.9531
2, 252, 0.1443, 0.0004, 95.312, 100.000, 0.966, 0.741, 
[240] Train acc: 0.9531
2, 252, 0.1491, 0.0004, 95.312, 100.000, 0.966, 0.695, 
[255] Train acc: 1.0000
2, 252, 0.0272, 0.0004, 100.000, 100.000, 0.968, 0.713, 
[270] Train acc: 0.9844
2, 252, 0.0611, 0.0003, 98.438, 100.000, 0.973, 0.756, 
[285] Train acc: 0.9844
2, 252, 0.0364, 0.0003, 98.438, 100.000, 0.975, 0.770, 
[300] Train acc: 0.9688
2, 252, 0.0821, 0.0004, 96.875, 100.000, 0.969, 0.748, 
[315] Train acc: 0.9375
2, 252, 0.1149, 0.0004, 93.750, 100.000, 0.975, 0.745, 
[330] Train acc: 0.9688
2, 252, 0.0534, 0.0004, 96.875, 100.000, 0.968, 0.724, 
[345] Train acc: 0.9531
2, 252, 0.2329, 0.0004, 95.312, 100.000, 0.976, 0.726, 
[360] Train acc: 0.9688
2, 252, 0.0643, 0.0004, 96.875, 100.000, 0.962, 0.656, 
[375] Train acc: 0.9688
2, 252, 0.1032, 0.0004, 96.875, 100.000, 0.976, 0.708, 
[390] Train acc: 0.9844
2, 252, 0.0273, 0.0004, 98.438, 100.000, 0.975, 0.727, 
[405] Train acc: 0.9844
2, 252, 0.0432, 0.0004, 98.438, 100.000, 0.968, 0.717, 
[420] Train acc: 0.9844
2, 252, 0.0258, 0.0003, 98.438, 100.000, 0.976, 0.747, 
[435] Train acc: 0.9844
2, 252, 0.0375, 0.0004, 98.438, 100.000, 0.977, 0.733, 
[450] Train acc: 0.9844
2, 252, 0.0817, 0.0003, 98.438, 100.000, 0.974, 0.762, 
[465] Train acc: 0.9688
2, 252, 0.0876, 0.0004, 96.875, 100.000, 0.972, 0.733, 
[480] Train acc: 0.9688
2, 252, 0.0873, 0.0004, 96.875, 100.000, 0.969, 0.736, 
[495] Train acc: 0.9531
2, 252, 0.1178, 0.0004, 95.312, 100.000, 0.972, 0.747, 
[510] Train acc: 1.0000
2, 252, 0.0177, 0.0004, 100.000, 100.000, 0.974, 0.706, 
[525] Train acc: 0.9688
2, 252, 0.1225, 0.0004, 96.875, 100.000, 0.978, 0.738, 
[540] Train acc: 0.9688
2, 252, 0.0677, 0.0004, 96.875, 100.000, 0.977, 0.693, 
[555] Train acc: 1.0000
2, 252, 0.0318, 0.0004, 100.000, 100.000, 0.977, 0.715, 
[570] Train acc: 0.9531
2, 252, 0.1975, 0.0004, 95.312, 100.000, 0.971, 0.718, 
[585] Train acc: 1.0000
2, 252, 0.0184, 0.0004, 100.000, 100.000, 0.964, 0.691, 
[600] Train acc: 0.9531
2, 252, 0.1874, 0.0004, 95.312, 100.000, 0.964, 0.717, 
[615] Train acc: 0.9531
2, 252, 0.1911, 0.0004, 95.312, 100.000, 0.974, 0.732, 
[630] Train acc: 0.9844
2, 252, 0.0757, 0.0004, 98.438, 100.000, 0.970, 0.732, 
[645] Train acc: 0.9062
2, 252, 0.2339, 0.0003, 90.625, 100.000, 0.980, 0.754, 
[660] Train acc: 0.9844
2, 252, 0.0507, 0.0003, 98.438, 100.000, 0.977, 0.756, 
[675] Train acc: 0.9844
2, 252, 0.0637, 0.0003, 98.438, 100.000, 0.978, 0.783, 
[690] Train acc: 0.9688
2, 252, 0.0459, 0.0003, 96.875, 100.000, 0.975, 0.790, 
[705] Train acc: 0.9844
2, 252, 0.0947, 0.0003, 98.438, 100.000, 0.970, 0.781, 
[720] Train acc: 0.9688
2, 252, 0.0641, 0.0003, 96.875, 100.000, 0.977, 0.785, 
[735] Train acc: 0.9844
2, 252, 0.1057, 0.0003, 98.438, 100.000, 0.959, 0.772, 
[750] Train acc: 1.0000
2, 252, 0.0183, 0.0003, 100.000, 100.000, 0.978, 0.793, 
[765] Train acc: 1.0000
2, 252, 0.0371, 0.0003, 100.000, 100.000, 0.978, 0.793, 
[780] Train acc: 0.9844
2, 252, 0.0421, 0.0003, 98.438, 100.000, 0.974, 0.798, 
[795] Train acc: 0.9688
2, 252, 0.0918, 0.0003, 96.875, 100.000, 0.976, 0.773, 
[810] Train acc: 0.9688
2, 252, 0.0796, 0.0003, 96.875, 100.000, 0.976, 0.789, 
[825] Train acc: 0.9375
2, 252, 0.2884, 0.0003, 93.750, 100.000, 0.979, 0.791, 
[840] Train acc: 1.0000
2, 252, 0.0218, 0.0003, 100.000, 100.000, 0.975, 0.775, 
[855] Train acc: 1.0000
2, 252, 0.0167, 0.0003, 100.000, 100.000, 0.980, 0.793, 
[870] Train acc: 0.9844
2, 252, 0.0273, 0.0003, 98.438, 100.000, 0.978, 0.795, 
[885] Train acc: 0.9688
2, 252, 0.0610, 0.0003, 96.875, 100.000, 0.977, 0.775, 
[900] Train acc: 0.9375
2, 252, 0.1101, 0.0003, 93.750, 100.000, 0.978, 0.764, 
[915] Train acc: 0.9844
2, 252, 0.0516, 0.0003, 98.438, 100.000, 0.981, 0.813, 
[930] Train acc: 0.9688
2, 252, 0.1069, 0.0003, 96.875, 100.000, 0.971, 0.772, 
[0] Train acc: 0.9688
3, 252, 0.1489, 0.0003, 96.875, 100.000, 0.969, 0.770, 
[15] Train acc: 1.0000
3, 252, 0.0289, 0.0003, 100.000, 100.000, 0.981, 0.781, 
[30] Train acc: 0.9844
3, 252, 0.0524, 0.0003, 98.438, 100.000, 0.977, 0.797, 
[45] Train acc: 0.9688
3, 252, 0.0788, 0.0004, 96.875, 100.000, 0.970, 0.760, 
[60] Train acc: 1.0000
3, 252, 0.0204, 0.0003, 100.000, 100.000, 0.981, 0.802, 
[75] Train acc: 0.9531
3, 252, 0.1291, 0.0003, 95.312, 100.000, 0.969, 0.771, 
[90] Train acc: 0.9688
3, 252, 0.0700, 0.0003, 96.875, 100.000, 0.975, 0.799, 
[105] Train acc: 1.0000
3, 252, 0.0225, 0.0003, 100.000, 100.000, 0.981, 0.798, 
[120] Train acc: 1.0000
3, 252, 0.0228, 0.0003, 100.000, 100.000, 0.979, 0.797, 
[135] Train acc: 0.9531
3, 252, 0.0802, 0.0003, 95.312, 100.000, 0.981, 0.776, 
[150] Train acc: 1.0000
3, 252, 0.0099, 0.0003, 100.000, 100.000, 0.974, 0.753, 
[165] Train acc: 0.9688
3, 252, 0.1813, 0.0003, 96.875, 100.000, 0.982, 0.787, 
[180] Train acc: 0.9531
3, 252, 0.1139, 0.0003, 95.312, 100.000, 0.980, 0.804, 
[195] Train acc: 0.9844
3, 252, 0.0672, 0.0003, 98.438, 100.000, 0.977, 0.798, 
[210] Train acc: 0.9688
3, 252, 0.0690, 0.0003, 96.875, 100.000, 0.971, 0.799, 
[225] Train acc: 1.0000
3, 252, 0.0137, 0.0003, 100.000, 100.000, 0.982, 0.820, 
[240] Train acc: 0.9688
3, 252, 0.0634, 0.0003, 96.875, 100.000, 0.979, 0.813, 
[255] Train acc: 0.9844
3, 252, 0.0525, 0.0003, 98.438, 100.000, 0.973, 0.801, 
[270] Train acc: 0.9531
3, 252, 0.1225, 0.0003, 95.312, 100.000, 0.982, 0.813, 
[285] Train acc: 0.9688
3, 252, 0.0596, 0.0003, 96.875, 100.000, 0.984, 0.814, 
[300] Train acc: 0.9844
3, 252, 0.0657, 0.0003, 98.438, 100.000, 0.980, 0.786, 
[315] Train acc: 0.9688
3, 252, 0.1433, 0.0003, 96.875, 100.000, 0.983, 0.794, 
[330] Train acc: 0.9531
3, 252, 0.1233, 0.0003, 95.312, 100.000, 0.978, 0.797, 
[345] Train acc: 1.0000
3, 252, 0.0148, 0.0003, 100.000, 100.000, 0.982, 0.817, 
[360] Train acc: 0.9844
3, 252, 0.0623, 0.0003, 98.438, 100.000, 0.979, 0.808, 
[375] Train acc: 1.0000
3, 252, 0.0419, 0.0003, 100.000, 100.000, 0.976, 0.815, 
[390] Train acc: 0.9375
3, 252, 0.2216, 0.0003, 93.750, 100.000, 0.967, 0.818, 
[405] Train acc: 0.9844
3, 252, 0.0486, 0.0003, 98.438, 100.000, 0.982, 0.833, 
[420] Train acc: 1.0000
3, 252, 0.0293, 0.0003, 100.000, 100.000, 0.983, 0.823, 
[435] Train acc: 0.9844
3, 252, 0.0260, 0.0003, 98.438, 100.000, 0.974, 0.790, 
[450] Train acc: 0.9844
3, 252, 0.0510, 0.0003, 98.438, 100.000, 0.979, 0.814, 
[465] Train acc: 0.9844
3, 252, 0.0471, 0.0003, 98.438, 100.000, 0.982, 0.803, 
[480] Train acc: 0.9844
3, 252, 0.1269, 0.0003, 98.438, 100.000, 0.982, 0.787, 
[495] Train acc: 0.9688
3, 252, 0.0567, 0.0003, 96.875, 100.000, 0.983, 0.829, 
[510] Train acc: 0.9531
3, 252, 0.0854, 0.0003, 95.312, 100.000, 0.982, 0.805, 
[525] Train acc: 0.9531
3, 252, 0.1040, 0.0003, 95.312, 100.000, 0.984, 0.802, 
[540] Train acc: 1.0000
3, 252, 0.0216, 0.0003, 100.000, 100.000, 0.982, 0.818, 
[555] Train acc: 0.9531
3, 252, 0.1553, 0.0003, 95.312, 100.000, 0.985, 0.769, 
[570] Train acc: 0.9844
3, 252, 0.0607, 0.0003, 98.438, 100.000, 0.978, 0.771, 
[585] Train acc: 1.0000
3, 252, 0.0113, 0.0003, 100.000, 100.000, 0.983, 0.805, 
[600] Train acc: 0.9375
3, 252, 0.1608, 0.0003, 93.750, 98.438, 0.980, 0.783, 
[615] Train acc: 0.9531
3, 252, 0.1858, 0.0003, 95.312, 100.000, 0.983, 0.790, 
[630] Train acc: 1.0000
3, 252, 0.0248, 0.0003, 100.000, 100.000, 0.983, 0.812, 
[645] Train acc: 0.9688
3, 252, 0.2095, 0.0003, 96.875, 100.000, 0.983, 0.813, 
[660] Train acc: 1.0000
3, 252, 0.0344, 0.0003, 100.000, 100.000, 0.983, 0.783, 
[675] Train acc: 1.0000
3, 252, 0.0165, 0.0003, 100.000, 100.000, 0.984, 0.789, 
[690] Train acc: 0.9844
3, 252, 0.0297, 0.0003, 98.438, 100.000, 0.984, 0.801, 
[705] Train acc: 1.0000
3, 252, 0.0265, 0.0003, 100.000, 100.000, 0.982, 0.798, 
[720] Train acc: 0.9844
3, 252, 0.0475, 0.0003, 98.438, 100.000, 0.983, 0.795, 
[735] Train acc: 0.9844
3, 252, 0.0325, 0.0003, 98.438, 100.000, 0.983, 0.812, 
[750] Train acc: 1.0000
3, 252, 0.0210, 0.0003, 100.000, 100.000, 0.985, 0.812, 
[765] Train acc: 1.0000
3, 252, 0.0205, 0.0003, 100.000, 100.000, 0.981, 0.795, 
[780] Train acc: 0.9531
3, 252, 0.1131, 0.0003, 95.312, 100.000, 0.983, 0.814, 
[795] Train acc: 0.9688
3, 252, 0.0429, 0.0003, 96.875, 100.000, 0.982, 0.831, 
[810] Train acc: 1.0000
3, 252, 0.0081, 0.0003, 100.000, 100.000, 0.978, 0.833, 
[825] Train acc: 1.0000
3, 252, 0.0135, 0.0002, 100.000, 100.000, 0.984, 0.830, 
[840] Train acc: 0.9531
3, 252, 0.0637, 0.0003, 95.312, 100.000, 0.981, 0.818, 
[855] Train acc: 1.0000
3, 252, 0.0079, 0.0003, 100.000, 100.000, 0.977, 0.785, 
[870] Train acc: 1.0000
3, 252, 0.0084, 0.0003, 100.000, 100.000, 0.982, 0.816, 
[885] Train acc: 1.0000
3, 252, 0.0130, 0.0003, 100.000, 100.000, 0.982, 0.817, 
[900] Train acc: 0.9844
3, 252, 0.0273, 0.0003, 98.438, 100.000, 0.981, 0.816, 
[915] Train acc: 0.9531
3, 252, 0.2454, 0.0003, 95.312, 100.000, 0.984, 0.809, 
[930] Train acc: 0.9844
3, 252, 0.0700, 0.0003, 98.438, 100.000, 0.987, 0.828, 
[0] Train acc: 0.9844
4, 252, 0.0492, 0.0003, 98.438, 100.000, 0.985, 0.832, 
[15] Train acc: 1.0000
4, 252, 0.0252, 0.0003, 100.000, 100.000, 0.984, 0.834, 
[30] Train acc: 0.9844
4, 252, 0.0465, 0.0003, 98.438, 100.000, 0.981, 0.823, 
[45] Train acc: 1.0000
4, 252, 0.0069, 0.0003, 100.000, 100.000, 0.985, 0.826, 
[60] Train acc: 1.0000
4, 252, 0.0200, 0.0003, 100.000, 100.000, 0.985, 0.817, 
[75] Train acc: 1.0000
4, 252, 0.0442, 0.0003, 100.000, 100.000, 0.973, 0.792, 
[90] Train acc: 0.9844
4, 252, 0.0424, 0.0002, 98.438, 100.000, 0.986, 0.839, 
[105] Train acc: 1.0000
4, 252, 0.0098, 0.0002, 100.000, 100.000, 0.984, 0.842, 
[120] Train acc: 0.9844
4, 252, 0.0582, 0.0003, 98.438, 100.000, 0.982, 0.828, 
[135] Train acc: 0.9844
4, 252, 0.0365, 0.0003, 98.438, 100.000, 0.985, 0.823, 
[150] Train acc: 0.9688
4, 252, 0.0530, 0.0003, 96.875, 100.000, 0.986, 0.839, 
[165] Train acc: 1.0000
4, 252, 0.0181, 0.0003, 100.000, 100.000, 0.983, 0.824, 
[180] Train acc: 0.9844
4, 252, 0.1068, 0.0002, 98.438, 100.000, 0.985, 0.838, 
[195] Train acc: 1.0000
4, 252, 0.0065, 0.0002, 100.000, 100.000, 0.984, 0.842, 
[210] Train acc: 0.9688
4, 252, 0.1149, 0.0003, 96.875, 100.000, 0.980, 0.823, 
[225] Train acc: 0.9844
4, 252, 0.0266, 0.0003, 98.438, 100.000, 0.984, 0.819, 
[240] Train acc: 1.0000
4, 252, 0.0188, 0.0003, 100.000, 100.000, 0.983, 0.816, 
[255] Train acc: 0.9844
4, 252, 0.1269, 0.0003, 98.438, 98.438, 0.984, 0.831, 
[270] Train acc: 1.0000
4, 252, 0.0097, 0.0002, 100.000, 100.000, 0.986, 0.843, 
[285] Train acc: 0.9844
4, 252, 0.0872, 0.0002, 98.438, 100.000, 0.986, 0.853, 
[300] Train acc: 1.0000
4, 252, 0.0138, 0.0003, 100.000, 100.000, 0.981, 0.825, 
[315] Train acc: 1.0000
4, 252, 0.0184, 0.0003, 100.000, 100.000, 0.985, 0.833, 
[330] Train acc: 1.0000
4, 252, 0.0371, 0.0003, 100.000, 100.000, 0.985, 0.834, 
[345] Train acc: 0.9531
4, 252, 0.0905, 0.0003, 95.312, 100.000, 0.983, 0.828, 
[360] Train acc: 0.9688
4, 252, 0.0696, 0.0003, 96.875, 100.000, 0.980, 0.802, 
[375] Train acc: 1.0000
4, 252, 0.0083, 0.0003, 100.000, 100.000, 0.987, 0.822, 
[390] Train acc: 1.0000
4, 252, 0.0169, 0.0003, 100.000, 100.000, 0.985, 0.838, 
[405] Train acc: 1.0000
4, 252, 0.0087, 0.0003, 100.000, 100.000, 0.983, 0.831, 
[420] Train acc: 0.9688
4, 252, 0.0532, 0.0003, 96.875, 100.000, 0.983, 0.826, 
[435] Train acc: 0.9688
4, 252, 0.0706, 0.0003, 96.875, 100.000, 0.984, 0.833, 
[450] Train acc: 0.9844
4, 252, 0.0191, 0.0003, 98.438, 100.000, 0.983, 0.836, 
[465] Train acc: 0.9844
4, 252, 0.0746, 0.0002, 98.438, 100.000, 0.986, 0.833, 
[480] Train acc: 0.9688
4, 252, 0.0676, 0.0002, 96.875, 100.000, 0.984, 0.845, 
[495] Train acc: 0.9844
4, 252, 0.0458, 0.0003, 98.438, 100.000, 0.986, 0.835, 
[510] Train acc: 0.9688
4, 252, 0.0589, 0.0002, 96.875, 100.000, 0.986, 0.840, 
[525] Train acc: 1.0000
4, 252, 0.0050, 0.0002, 100.000, 100.000, 0.985, 0.836, 
[540] Train acc: 1.0000
4, 252, 0.0088, 0.0003, 100.000, 100.000, 0.979, 0.829, 
[555] Train acc: 0.9844
4, 252, 0.0708, 0.0002, 98.438, 100.000, 0.984, 0.846, 
[570] Train acc: 1.0000
4, 252, 0.0223, 0.0003, 100.000, 100.000, 0.982, 0.833, 
[585] Train acc: 0.9531
4, 252, 0.1069, 0.0002, 95.312, 100.000, 0.986, 0.827, 
[600] Train acc: 1.0000
4, 252, 0.0118, 0.0002, 100.000, 100.000, 0.986, 0.840, 
[615] Train acc: 0.9844
4, 252, 0.0314, 0.0002, 98.438, 100.000, 0.986, 0.850, 
[630] Train acc: 0.9531
4, 252, 0.1357, 0.0002, 95.312, 100.000, 0.983, 0.831, 
[645] Train acc: 1.0000
4, 252, 0.0155, 0.0002, 100.000, 100.000, 0.984, 0.848, 
[660] Train acc: 1.0000
4, 252, 0.0163, 0.0002, 100.000, 100.000, 0.987, 0.837, 
[675] Train acc: 0.9688
4, 252, 0.0475, 0.0002, 96.875, 100.000, 0.985, 0.840, 
[690] Train acc: 0.9844
4, 252, 0.0805, 0.0002, 98.438, 100.000, 0.984, 0.841, 
[705] Train acc: 1.0000
4, 252, 0.0358, 0.0002, 100.000, 100.000, 0.986, 0.851, 
[720] Train acc: 0.9844
4, 252, 0.0912, 0.0002, 98.438, 100.000, 0.983, 0.844, 
[735] Train acc: 1.0000
4, 252, 0.0193, 0.0002, 100.000, 100.000, 0.981, 0.842, 
[750] Train acc: 1.0000
4, 252, 0.0035, 0.0002, 100.000, 100.000, 0.984, 0.847, 
[765] Train acc: 0.9375
4, 252, 0.1056, 0.0002, 93.750, 100.000, 0.983, 0.839, 
[780] Train acc: 0.9688
4, 252, 0.0596, 0.0002, 96.875, 100.000, 0.985, 0.845, 
[795] Train acc: 0.9531
4, 252, 0.1130, 0.0002, 95.312, 100.000, 0.983, 0.841, 
[810] Train acc: 0.9844
4, 252, 0.0195, 0.0002, 98.438, 100.000, 0.985, 0.836, 
[825] Train acc: 0.9688
4, 252, 0.0343, 0.0002, 96.875, 100.000, 0.985, 0.841, 
[840] Train acc: 1.0000
4, 252, 0.0193, 0.0002, 100.000, 100.000, 0.985, 0.839, 
[855] Train acc: 1.0000
4, 252, 0.0029, 0.0002, 100.000, 100.000, 0.985, 0.840, 
[870] Train acc: 0.9844
4, 252, 0.0470, 0.0003, 98.438, 100.000, 0.983, 0.830, 
[885] Train acc: 1.0000
4, 252, 0.0200, 0.0002, 100.000, 100.000, 0.983, 0.843, 
[900] Train acc: 0.9844
4, 252, 0.0475, 0.0003, 98.438, 100.000, 0.980, 0.815, 
[915] Train acc: 1.0000
4, 252, 0.0056, 0.0002, 100.000, 100.000, 0.987, 0.855, 
[930] Train acc: 0.9688
4, 252, 0.1391, 0.0002, 96.875, 100.000, 0.987, 0.840, 
[0] Train acc: 0.9531
5, 252, 0.1102, 0.0003, 95.312, 100.000, 0.983, 0.829, 
[15] Train acc: 0.9844
5, 252, 0.0720, 0.0002, 98.438, 100.000, 0.987, 0.829, 
[30] Train acc: 1.0000
5, 252, 0.0294, 0.0002, 100.000, 100.000, 0.987, 0.854, 
[45] Train acc: 0.9531
5, 252, 0.1029, 0.0002, 95.312, 100.000, 0.985, 0.844, 
[60] Train acc: 1.0000
5, 252, 0.0252, 0.0002, 100.000, 100.000, 0.983, 0.852, 
[75] Train acc: 0.9844
5, 252, 0.0287, 0.0002, 98.438, 100.000, 0.987, 0.847, 
[90] Train acc: 0.9531
5, 252, 0.1605, 0.0003, 95.312, 100.000, 0.984, 0.841, 
[105] Train acc: 0.9844
5, 252, 0.0386, 0.0002, 98.438, 100.000, 0.986, 0.845, 
[120] Train acc: 1.0000
5, 252, 0.0022, 0.0002, 100.000, 100.000, 0.985, 0.834, 
[135] Train acc: 0.9844
5, 252, 0.0400, 0.0002, 98.438, 100.000, 0.988, 0.838, 
[150] Train acc: 1.0000
5, 252, 0.0239, 0.0002, 100.000, 100.000, 0.988, 0.860, 
[165] Train acc: 0.9844
5, 252, 0.0322, 0.0002, 98.438, 100.000, 0.984, 0.838, 
[180] Train acc: 1.0000
5, 252, 0.0168, 0.0002, 100.000, 100.000, 0.986, 0.854, 
[195] Train acc: 0.9844
5, 252, 0.0289, 0.0002, 98.438, 100.000, 0.985, 0.850, 
[210] Train acc: 0.9688
5, 252, 0.2134, 0.0002, 96.875, 98.438, 0.986, 0.838, 
[225] Train acc: 0.9688
5, 252, 0.0581, 0.0002, 96.875, 100.000, 0.981, 0.844, 
[240] Train acc: 0.9844
5, 252, 0.0447, 0.0002, 98.438, 100.000, 0.987, 0.852, 
[255] Train acc: 0.9844
5, 252, 0.0388, 0.0002, 98.438, 100.000, 0.986, 0.840, 
[270] Train acc: 1.0000
5, 252, 0.0078, 0.0003, 100.000, 100.000, 0.983, 0.834, 
[285] Train acc: 0.9844
5, 252, 0.0373, 0.0002, 98.438, 100.000, 0.986, 0.833, 
[300] Train acc: 0.9688
5, 252, 0.0721, 0.0002, 96.875, 100.000, 0.986, 0.834, 
[315] Train acc: 0.9688
5, 252, 0.0610, 0.0002, 96.875, 100.000, 0.985, 0.847, 
[330] Train acc: 1.0000
5, 252, 0.0311, 0.0002, 100.000, 100.000, 0.985, 0.848, 
[345] Train acc: 1.0000
5, 252, 0.0053, 0.0002, 100.000, 100.000, 0.986, 0.842, 
[360] Train acc: 1.0000
5, 252, 0.0069, 0.0002, 100.000, 100.000, 0.988, 0.849, 
[375] Train acc: 1.0000
5, 252, 0.0180, 0.0002, 100.000, 100.000, 0.985, 0.853, 
[390] Train acc: 0.9844
5, 252, 0.0299, 0.0002, 98.438, 100.000, 0.987, 0.854, 
[405] Train acc: 0.9688
5, 252, 0.0394, 0.0002, 96.875, 100.000, 0.986, 0.861, 
[420] Train acc: 0.9844
5, 252, 0.0280, 0.0002, 98.438, 100.000, 0.987, 0.854, 
[435] Train acc: 0.9844
5, 252, 0.0364, 0.0002, 98.438, 100.000, 0.986, 0.863, 
[450] Train acc: 0.9688
5, 252, 0.0735, 0.0002, 96.875, 100.000, 0.987, 0.867, 
[465] Train acc: 0.9531
5, 252, 0.2302, 0.0003, 95.312, 100.000, 0.986, 0.821, 
[480] Train acc: 1.0000
5, 252, 0.0074, 0.0002, 100.000, 100.000, 0.985, 0.841, 
[495] Train acc: 0.9688
5, 252, 0.0723, 0.0003, 96.875, 100.000, 0.986, 0.842, 
[510] Train acc: 0.9531
5, 252, 0.0750, 0.0002, 95.312, 100.000, 0.987, 0.846, 
[525] Train acc: 0.9688
5, 252, 0.0753, 0.0002, 96.875, 100.000, 0.988, 0.863, 
[540] Train acc: 0.9688
5, 252, 0.1275, 0.0002, 96.875, 100.000, 0.988, 0.862, 
[555] Train acc: 0.9844
5, 252, 0.0237, 0.0002, 98.438, 100.000, 0.989, 0.855, 
[570] Train acc: 1.0000
5, 252, 0.0092, 0.0002, 100.000, 100.000, 0.987, 0.847, 
[585] Train acc: 1.0000
5, 252, 0.0076, 0.0002, 100.000, 100.000, 0.985, 0.848, 
[600] Train acc: 1.0000
5, 252, 0.0149, 0.0002, 100.000, 100.000, 0.986, 0.843, 
[615] Train acc: 0.9844
5, 252, 0.0203, 0.0002, 98.438, 100.000, 0.988, 0.822, 
[630] Train acc: 0.9375
5, 252, 0.1450, 0.0002, 93.750, 100.000, 0.988, 0.858, 
[645] Train acc: 1.0000
5, 252, 0.0040, 0.0002, 100.000, 100.000, 0.987, 0.846, 
[660] Train acc: 1.0000
5, 252, 0.0038, 0.0002, 100.000, 100.000, 0.987, 0.850, 
[675] Train acc: 1.0000
5, 252, 0.0193, 0.0002, 100.000, 100.000, 0.987, 0.844, 
[690] Train acc: 1.0000
5, 252, 0.0028, 0.0002, 100.000, 100.000, 0.987, 0.855, 
[705] Train acc: 1.0000
5, 252, 0.0094, 0.0002, 100.000, 100.000, 0.988, 0.848, 
[720] Train acc: 0.9844
5, 252, 0.0522, 0.0002, 98.438, 100.000, 0.988, 0.839, 
[735] Train acc: 0.9844
5, 252, 0.0574, 0.0002, 98.438, 100.000, 0.988, 0.855, 
[750] Train acc: 1.0000
5, 252, 0.0062, 0.0002, 100.000, 100.000, 0.986, 0.859, 
[765] Train acc: 0.9844
5, 252, 0.0172, 0.0002, 98.438, 100.000, 0.984, 0.835, 
[780] Train acc: 0.9531
5, 252, 0.2520, 0.0002, 95.312, 100.000, 0.987, 0.844, 
[795] Train acc: 0.9688
5, 252, 0.0624, 0.0002, 96.875, 100.000, 0.988, 0.846, 
[810] Train acc: 0.9844
5, 252, 0.0244, 0.0002, 98.438, 100.000, 0.986, 0.846, 
[825] Train acc: 1.0000
5, 252, 0.0097, 0.0002, 100.000, 100.000, 0.986, 0.853, 
[840] Train acc: 0.9844
5, 252, 0.0248, 0.0002, 98.438, 100.000, 0.988, 0.865, 
[855] Train acc: 1.0000
5, 252, 0.0125, 0.0002, 100.000, 100.000, 0.985, 0.859, 
[870] Train acc: 0.9688
5, 252, 0.1250, 0.0002, 96.875, 100.000, 0.980, 0.863, 
[885] Train acc: 1.0000
5, 252, 0.0025, 0.0002, 100.000, 100.000, 0.988, 0.855, 
[900] Train acc: 1.0000
5, 252, 0.0236, 0.0002, 100.000, 100.000, 0.987, 0.849, 
[915] Train acc: 0.9844
5, 252, 0.0192, 0.0002, 98.438, 100.000, 0.987, 0.841, 
[930] Train acc: 0.9844
5, 252, 0.0358, 0.0003, 98.438, 100.000, 0.984, 0.830, 
[0] Train acc: 1.0000
6, 252, 0.0100, 0.0002, 100.000, 100.000, 0.986, 0.853, 
[15] Train acc: 1.0000
6, 252, 0.0078, 0.0002, 100.000, 100.000, 0.990, 0.856, 
[30] Train acc: 0.9844
6, 252, 0.0399, 0.0002, 98.438, 100.000, 0.986, 0.836, 
[45] Train acc: 1.0000
6, 252, 0.0039, 0.0002, 100.000, 100.000, 0.989, 0.838, 
[60] Train acc: 0.9844
6, 252, 0.0358, 0.0002, 98.438, 100.000, 0.987, 0.842, 
[75] Train acc: 1.0000
6, 252, 0.0224, 0.0002, 100.000, 100.000, 0.987, 0.857, 
[90] Train acc: 1.0000
6, 252, 0.0267, 0.0002, 100.000, 100.000, 0.988, 0.861, 
[105] Train acc: 0.9844
6, 252, 0.0392, 0.0002, 98.438, 100.000, 0.987, 0.860, 
[120] Train acc: 0.9844
6, 252, 0.0495, 0.0002, 98.438, 100.000, 0.988, 0.870, 
[135] Train acc: 1.0000
6, 252, 0.0039, 0.0002, 100.000, 100.000, 0.989, 0.860, 
[150] Train acc: 1.0000
6, 252, 0.0166, 0.0002, 100.000, 100.000, 0.985, 0.857, 
[165] Train acc: 1.0000
6, 252, 0.0103, 0.0002, 100.000, 100.000, 0.986, 0.855, 
[180] Train acc: 1.0000
6, 252, 0.0103, 0.0002, 100.000, 100.000, 0.988, 0.863, 
[195] Train acc: 0.9688
6, 252, 0.0573, 0.0002, 96.875, 100.000, 0.987, 0.861, 
[210] Train acc: 0.9844
6, 252, 0.0431, 0.0002, 98.438, 100.000, 0.987, 0.849, 
[225] Train acc: 0.9688
6, 252, 0.0422, 0.0002, 96.875, 100.000, 0.989, 0.853, 
[240] Train acc: 1.0000
6, 252, 0.0054, 0.0002, 100.000, 100.000, 0.986, 0.852, 
[255] Train acc: 0.9844
6, 252, 0.0919, 0.0002, 98.438, 100.000, 0.986, 0.863, 
[270] Train acc: 1.0000
6, 252, 0.0132, 0.0002, 100.000, 100.000, 0.987, 0.842, 
[285] Train acc: 0.9688
6, 252, 0.1043, 0.0002, 96.875, 100.000, 0.988, 0.851, 
[300] Train acc: 0.9844
6, 252, 0.1036, 0.0002, 98.438, 100.000, 0.985, 0.833, 
[315] Train acc: 1.0000
6, 252, 0.0044, 0.0002, 100.000, 100.000, 0.988, 0.847, 
[330] Train acc: 1.0000
6, 252, 0.0161, 0.0002, 100.000, 100.000, 0.988, 0.846, 
[345] Train acc: 0.9688
6, 252, 0.1493, 0.0002, 96.875, 100.000, 0.989, 0.847, 
[360] Train acc: 0.9844
6, 252, 0.0295, 0.0002, 98.438, 100.000, 0.989, 0.849, 
[375] Train acc: 0.9844
6, 252, 0.0457, 0.0002, 98.438, 100.000, 0.985, 0.831, 
[390] Train acc: 0.9844
6, 252, 0.0532, 0.0002, 98.438, 100.000, 0.987, 0.849, 
[405] Train acc: 0.9844
6, 252, 0.0209, 0.0002, 98.438, 100.000, 0.985, 0.840, 
[420] Train acc: 1.0000
6, 252, 0.0041, 0.0002, 100.000, 100.000, 0.985, 0.853, 
[435] Train acc: 1.0000
6, 252, 0.0039, 0.0002, 100.000, 100.000, 0.987, 0.842, 
[450] Train acc: 1.0000
6, 252, 0.0092, 0.0002, 100.000, 100.000, 0.987, 0.850, 
[465] Train acc: 0.9844
6, 252, 0.0293, 0.0002, 98.438, 100.000, 0.989, 0.859, 
[480] Train acc: 1.0000
6, 252, 0.0078, 0.0002, 100.000, 100.000, 0.988, 0.842, 
[495] Train acc: 1.0000
6, 252, 0.0118, 0.0002, 100.000, 100.000, 0.987, 0.846, 
[510] Train acc: 0.9688
6, 252, 0.1119, 0.0002, 96.875, 100.000, 0.987, 0.853, 
[525] Train acc: 0.9688
6, 252, 0.0495, 0.0002, 96.875, 100.000, 0.991, 0.852, 
[540] Train acc: 0.9688
6, 252, 0.0535, 0.0002, 96.875, 100.000, 0.986, 0.837, 
[555] Train acc: 1.0000
6, 252, 0.0165, 0.0002, 100.000, 100.000, 0.988, 0.854, 
[570] Train acc: 0.9844
6, 252, 0.0528, 0.0002, 98.438, 100.000, 0.989, 0.854, 
[585] Train acc: 0.9844
6, 252, 0.0452, 0.0002, 98.438, 100.000, 0.988, 0.849, 
[600] Train acc: 1.0000
6, 252, 0.0011, 0.0002, 100.000, 100.000, 0.985, 0.864, 
[615] Train acc: 0.9844
6, 252, 0.0370, 0.0002, 98.438, 100.000, 0.988, 0.879, 
[630] Train acc: 0.9844
6, 252, 0.0510, 0.0002, 98.438, 100.000, 0.982, 0.861, 
[645] Train acc: 1.0000
6, 252, 0.0039, 0.0002, 100.000, 100.000, 0.989, 0.872, 
[660] Train acc: 1.0000
6, 252, 0.0106, 0.0002, 100.000, 100.000, 0.989, 0.871, 
[675] Train acc: 1.0000
6, 252, 0.0028, 0.0002, 100.000, 100.000, 0.990, 0.863, 
[690] Train acc: 1.0000
6, 252, 0.0075, 0.0002, 100.000, 100.000, 0.988, 0.865, 
[705] Train acc: 1.0000
6, 252, 0.0077, 0.0002, 100.000, 100.000, 0.987, 0.851, 
[720] Train acc: 0.9844
6, 252, 0.0294, 0.0002, 98.438, 100.000, 0.984, 0.851, 
[735] Train acc: 0.9844
6, 252, 0.0521, 0.0002, 98.438, 100.000, 0.988, 0.871, 
[750] Train acc: 0.9844
6, 252, 0.0211, 0.0002, 98.438, 100.000, 0.990, 0.858, 
[765] Train acc: 1.0000
6, 252, 0.0021, 0.0002, 100.000, 100.000, 0.987, 0.852, 
[780] Train acc: 1.0000
6, 252, 0.0118, 0.0002, 100.000, 100.000, 0.987, 0.853, 
[795] Train acc: 0.9844
6, 252, 0.0259, 0.0002, 98.438, 100.000, 0.989, 0.865, 
[810] Train acc: 1.0000
6, 252, 0.0199, 0.0002, 100.000, 100.000, 0.987, 0.872, 
[825] Train acc: 0.9688
6, 252, 0.0521, 0.0002, 96.875, 100.000, 0.987, 0.856, 
[840] Train acc: 0.9844
6, 252, 0.0415, 0.0002, 98.438, 100.000, 0.987, 0.854, 
[855] Train acc: 1.0000
6, 252, 0.0056, 0.0002, 100.000, 100.000, 0.987, 0.859, 
[870] Train acc: 1.0000
6, 252, 0.0069, 0.0002, 100.000, 100.000, 0.988, 0.878, 
[885] Train acc: 0.9688
6, 252, 0.0726, 0.0002, 96.875, 100.000, 0.988, 0.859, 
[900] Train acc: 1.0000
6, 252, 0.0110, 0.0002, 100.000, 100.000, 0.988, 0.855, 
[915] Train acc: 1.0000
6, 252, 0.0109, 0.0002, 100.000, 100.000, 0.988, 0.851, 
[930] Train acc: 1.0000
6, 252, 0.0092, 0.0002, 100.000, 100.000, 0.988, 0.863, 
[0] Train acc: 1.0000, Constr acc: 0.8125, CE loss: 0.006, DL2 loss: 8.893
7, 252, 0.0063, 0.0002, 100.000, 100.000, 0.984, 0.867, 
[15] Train acc: 1.0000, Constr acc: 0.9375, CE loss: 0.023, DL2 loss: 3.680
7, 251, 0.0226, 0.0003, 100.000, 100.000, 0.966, 0.823, 
[30] Train acc: 0.9844, Constr acc: 0.8750, CE loss: 0.027, DL2 loss: 4.706
7, 250, 0.0267, 0.0003, 98.438, 100.000, 0.935, 0.816, 
[45] Train acc: 0.8750, Constr acc: 0.8750, CE loss: 0.496, DL2 loss: 5.903
7, 249, 0.4962, 0.0005, 87.500, 100.000, 0.946, 0.631, 
[60] Train acc: 0.9844, Constr acc: 0.8438, CE loss: 0.075, DL2 loss: 7.752
7, 248, 0.0754, 0.0004, 98.438, 100.000, 0.934, 0.692, 
[75] Train acc: 0.6719, Constr acc: 0.8125, CE loss: 1.231, DL2 loss: 8.319
7, 247, 1.2313, 0.0008, 67.188, 96.875, 0.833, 0.354, 
[90] Train acc: 0.9844, Constr acc: 0.8750, CE loss: 0.127, DL2 loss: 4.281
7, 246, 0.1272, 0.0008, 98.438, 100.000, 0.899, 0.254, 
[105] Train acc: 0.9844, Constr acc: 0.8125, CE loss: 0.083, DL2 loss: 7.386
7, 245, 0.0831, 0.0007, 98.438, 100.000, 0.896, 0.283, 
[120] Train acc: 0.9531, Constr acc: 0.9375, CE loss: 0.126, DL2 loss: 1.624
7, 244, 0.1259, 0.0005, 95.312, 100.000, 0.955, 0.512, 
[135] Train acc: 0.9531, Constr acc: 0.9375, CE loss: 0.219, DL2 loss: 1.904
7, 243, 0.2189, 0.0006, 95.312, 96.875, 0.917, 0.479, 
[150] Train acc: 0.9531, Constr acc: 0.7188, CE loss: 0.196, DL2 loss: 12.531
7, 242, 0.1960, 0.0008, 95.312, 100.000, 0.885, 0.260, 
[165] Train acc: 0.9688, Constr acc: 0.8750, CE loss: 0.106, DL2 loss: 5.175
7, 241, 0.1057, 0.0007, 96.875, 100.000, 0.951, 0.295, 
[180] Train acc: 0.9688, Constr acc: 0.9062, CE loss: 0.136, DL2 loss: 4.108
7, 240, 0.1355, 0.0005, 96.875, 100.000, 0.954, 0.478, 
[195] Train acc: 0.7656, Constr acc: 0.7812, CE loss: 0.684, DL2 loss: 8.167
7, 239, 0.6844, 0.0008, 76.562, 98.438, 0.859, 0.307, 
[210] Train acc: 0.9531, Constr acc: 0.9062, CE loss: 0.104, DL2 loss: 4.630
7, 238, 0.1038, 0.0006, 95.312, 100.000, 0.943, 0.394, 
[225] Train acc: 0.9531, Constr acc: 0.8750, CE loss: 0.152, DL2 loss: 5.379
7, 237, 0.1522, 0.0006, 95.312, 98.438, 0.948, 0.430, 
[240] Train acc: 0.9844, Constr acc: 0.9375, CE loss: 0.113, DL2 loss: 3.400
7, 236, 0.1126, 0.0006, 98.438, 100.000, 0.921, 0.567, 
[255] Train acc: 0.9375, Constr acc: 0.8750, CE loss: 0.187, DL2 loss: 4.336
7, 235, 0.1866, 0.0006, 93.750, 98.438, 0.941, 0.428, 
[270] Train acc: 0.9219, Constr acc: 0.8438, CE loss: 0.222, DL2 loss: 8.095
7, 234, 0.2218, 0.0006, 92.188, 100.000, 0.928, 0.469, 
[285] Train acc: 0.9219, Constr acc: 0.6875, CE loss: 0.178, DL2 loss: 13.808
7, 233, 0.1784, 0.0006, 92.188, 100.000, 0.949, 0.451, 
[300] Train acc: 0.9375, Constr acc: 0.8750, CE loss: 0.127, DL2 loss: 3.955
7, 232, 0.1266, 0.0007, 93.750, 100.000, 0.920, 0.319, 
[315] Train acc: 0.8906, Constr acc: 0.9062, CE loss: 0.298, DL2 loss: 4.245
7, 231, 0.2975, 0.0006, 89.062, 100.000, 0.926, 0.349, 
[330] Train acc: 0.9688, Constr acc: 0.8438, CE loss: 0.050, DL2 loss: 6.657
7, 230, 0.0498, 0.0006, 96.875, 100.000, 0.945, 0.447, 
[345] Train acc: 0.8906, Constr acc: 0.8750, CE loss: 0.325, DL2 loss: 3.840
7, 229, 0.3251, 0.0007, 89.062, 98.438, 0.894, 0.351, 
[360] Train acc: 0.8750, Constr acc: 0.9062, CE loss: 0.360, DL2 loss: 4.721
7, 228, 0.3604, 0.0006, 87.500, 100.000, 0.931, 0.421, 
[375] Train acc: 0.8750, Constr acc: 0.9688, CE loss: 0.223, DL2 loss: 2.150
7, 227, 0.2226, 0.0006, 87.500, 100.000, 0.954, 0.429, 
[390] Train acc: 0.9219, Constr acc: 0.8750, CE loss: 0.221, DL2 loss: 4.607
7, 226, 0.2214, 0.0006, 92.188, 100.000, 0.938, 0.484, 
[405] Train acc: 0.8594, Constr acc: 0.8750, CE loss: 0.402, DL2 loss: 2.778
7, 225, 0.4021, 0.0006, 85.938, 98.438, 0.918, 0.411, 
[420] Train acc: 0.9531, Constr acc: 0.9062, CE loss: 0.113, DL2 loss: 2.607
7, 224, 0.1130, 0.0006, 95.312, 100.000, 0.949, 0.483, 
[435] Train acc: 0.9531, Constr acc: 0.9062, CE loss: 0.181, DL2 loss: 2.018
7, 223, 0.1809, 0.0006, 95.312, 100.000, 0.935, 0.391, 
[450] Train acc: 0.9219, Constr acc: 0.7812, CE loss: 0.248, DL2 loss: 8.015
7, 222, 0.2479, 0.0006, 92.188, 100.000, 0.955, 0.342, 
[465] Train acc: 0.9375, Constr acc: 0.8438, CE loss: 0.184, DL2 loss: 6.205
7, 221, 0.1843, 0.0007, 93.750, 100.000, 0.881, 0.303, 
[480] Train acc: 0.9531, Constr acc: 0.8750, CE loss: 0.130, DL2 loss: 4.011
7, 220, 0.1297, 0.0006, 95.312, 100.000, 0.945, 0.419, 
[495] Train acc: 0.9844, Constr acc: 0.9375, CE loss: 0.064, DL2 loss: 2.789
7, 219, 0.0637, 0.0006, 98.438, 100.000, 0.953, 0.458, 
[510] Train acc: 0.9688, Constr acc: 0.8438, CE loss: 0.129, DL2 loss: 6.931
7, 218, 0.1289, 0.0006, 96.875, 100.000, 0.953, 0.420, 
[525] Train acc: 0.9531, Constr acc: 0.9375, CE loss: 0.157, DL2 loss: 2.005
7, 217, 0.1567, 0.0007, 95.312, 100.000, 0.960, 0.286, 
[540] Train acc: 0.9844, Constr acc: 0.9375, CE loss: 0.076, DL2 loss: 3.562
7, 216, 0.0761, 0.0006, 98.438, 100.000, 0.924, 0.366, 
[555] Train acc: 0.9062, Constr acc: 0.8438, CE loss: 0.171, DL2 loss: 5.220
7, 215, 0.1707, 0.0006, 90.625, 100.000, 0.944, 0.331, 
[570] Train acc: 0.9531, Constr acc: 0.9375, CE loss: 0.148, DL2 loss: 1.467
7, 214, 0.1483, 0.0007, 95.312, 100.000, 0.949, 0.313, 
[585] Train acc: 0.9688, Constr acc: 0.9375, CE loss: 0.119, DL2 loss: 1.388
7, 213, 0.1189, 0.0006, 96.875, 100.000, 0.955, 0.365, 
[600] Train acc: 0.9688, Constr acc: 0.8750, CE loss: 0.063, DL2 loss: 4.335
7, 212, 0.0632, 0.0007, 96.875, 100.000, 0.956, 0.276, 
[615] Train acc: 1.0000, Constr acc: 0.8750, CE loss: 0.066, DL2 loss: 3.495
7, 211, 0.0664, 0.0006, 100.000, 100.000, 0.917, 0.371, 
[630] Train acc: 0.9531, Constr acc: 0.9375, CE loss: 0.224, DL2 loss: 2.054
7, 210, 0.2243, 0.0006, 95.312, 100.000, 0.955, 0.444, 
[645] Train acc: 1.0000, Constr acc: 0.7812, CE loss: 0.056, DL2 loss: 8.321
7, 209, 0.0556, 0.0006, 100.000, 100.000, 0.942, 0.355, 
[660] Train acc: 0.9844, Constr acc: 0.9375, CE loss: 0.060, DL2 loss: 3.527
7, 208, 0.0604, 0.0006, 98.438, 100.000, 0.959, 0.405, 
[675] Train acc: 0.9688, Constr acc: 0.7500, CE loss: 0.115, DL2 loss: 12.536
7, 207, 0.1148, 0.0005, 96.875, 100.000, 0.962, 0.473, 
[690] Train acc: 0.9531, Constr acc: 0.9062, CE loss: 0.135, DL2 loss: 4.441
7, 206, 0.1348, 0.0006, 95.312, 100.000, 0.929, 0.368, 
[705] Train acc: 0.9219, Constr acc: 0.9062, CE loss: 0.254, DL2 loss: 3.722
7, 205, 0.2536, 0.0007, 92.188, 100.000, 0.907, 0.315, 
[720] Train acc: 1.0000, Constr acc: 0.9375, CE loss: 0.054, DL2 loss: 2.862
7, 204, 0.0536, 0.0006, 100.000, 100.000, 0.954, 0.397, 
[735] Train acc: 0.9531, Constr acc: 0.8750, CE loss: 0.155, DL2 loss: 4.792
7, 203, 0.1553, 0.0006, 95.312, 100.000, 0.952, 0.490, 
[750] Train acc: 0.9375, Constr acc: 0.9062, CE loss: 0.220, DL2 loss: 3.866
7, 202, 0.2200, 0.0006, 93.750, 100.000, 0.926, 0.484, 
[765] Train acc: 0.9375, Constr acc: 0.9688, CE loss: 0.236, DL2 loss: 0.603
7, 201, 0.2358, 0.0005, 93.750, 100.000, 0.957, 0.550, 
[780] Train acc: 0.9688, Constr acc: 0.9688, CE loss: 0.170, DL2 loss: 0.475
7, 200, 0.1705, 0.0005, 96.875, 98.438, 0.956, 0.520, 
[795] Train acc: 0.9219, Constr acc: 0.8750, CE loss: 0.151, DL2 loss: 4.796
7, 199, 0.1512, 0.0006, 92.188, 100.000, 0.958, 0.456, 
[810] Train acc: 0.8750, Constr acc: 0.9375, CE loss: 0.383, DL2 loss: 1.585
7, 198, 0.3833, 0.0007, 87.500, 100.000, 0.910, 0.383, 
[825] Train acc: 0.9688, Constr acc: 0.8750, CE loss: 0.127, DL2 loss: 5.575
7, 197, 0.1271, 0.0005, 96.875, 98.438, 0.953, 0.479, 
[840] Train acc: 0.9688, Constr acc: 0.9688, CE loss: 0.098, DL2 loss: 0.426
7, 196, 0.0981, 0.0006, 96.875, 100.000, 0.928, 0.466, 
[855] Train acc: 0.9375, Constr acc: 0.8438, CE loss: 0.224, DL2 loss: 8.401
7, 195, 0.2242, 0.0005, 93.750, 100.000, 0.950, 0.644, 
[870] Train acc: 0.9688, Constr acc: 0.9375, CE loss: 0.214, DL2 loss: 2.069
7, 194, 0.2136, 0.0005, 96.875, 100.000, 0.963, 0.588, 
[885] Train acc: 0.9688, Constr acc: 0.8750, CE loss: 0.098, DL2 loss: 7.778
7, 193, 0.0979, 0.0005, 96.875, 100.000, 0.963, 0.531, 
[900] Train acc: 0.9844, Constr acc: 0.8750, CE loss: 0.075, DL2 loss: 4.807
7, 192, 0.0749, 0.0005, 98.438, 100.000, 0.960, 0.483, 
[915] Train acc: 0.9062, Constr acc: 0.9062, CE loss: 0.245, DL2 loss: 3.706
7, 191, 0.2454, 0.0007, 90.625, 100.000, 0.938, 0.316, 
[930] Train acc: 0.9375, Constr acc: 0.9062, CE loss: 0.179, DL2 loss: 3.038
7, 190, 0.1790, 0.0006, 93.750, 100.000, 0.960, 0.408, 
[0] Train acc: 0.9844, Constr acc: 0.9062, CE loss: 0.049, DL2 loss: 5.605
8, 190, 0.0486, 0.0006, 98.438, 100.000, 0.944, 0.441, 
[15] Train acc: 0.9531, Constr acc: 0.9688, CE loss: 0.140, DL2 loss: 1.353
8, 189, 0.1395, 0.0006, 95.312, 100.000, 0.960, 0.338, 
[30] Train acc: 0.9375, Constr acc: 0.8750, CE loss: 0.190, DL2 loss: 5.410
8, 188, 0.1900, 0.0007, 93.750, 100.000, 0.954, 0.252, 
[45] Train acc: 0.9531, Constr acc: 0.8125, CE loss: 0.136, DL2 loss: 9.070
8, 187, 0.1356, 0.0006, 95.312, 100.000, 0.952, 0.456, 
[60] Train acc: 0.8906, Constr acc: 0.8438, CE loss: 0.296, DL2 loss: 6.158
8, 186, 0.2960, 0.0006, 89.062, 100.000, 0.953, 0.342, 
[75] Train acc: 0.9844, Constr acc: 0.8125, CE loss: 0.065, DL2 loss: 7.179
8, 185, 0.0650, 0.0006, 98.438, 100.000, 0.943, 0.416, 
[90] Train acc: 0.9375, Constr acc: 0.9375, CE loss: 0.245, DL2 loss: 3.244
8, 184, 0.2446, 0.0006, 93.750, 100.000, 0.944, 0.412, 
[105] Train acc: 0.9531, Constr acc: 0.9688, CE loss: 0.130, DL2 loss: 1.644
8, 183, 0.1300, 0.0005, 95.312, 98.438, 0.939, 0.599, 
[120] Train acc: 0.8906, Constr acc: 1.0000, CE loss: 0.291, DL2 loss: 0.000
8, 182, 0.2911, 0.0006, 89.062, 100.000, 0.939, 0.439, 
[135] Train acc: 0.9844, Constr acc: 0.9062, CE loss: 0.092, DL2 loss: 2.642
8, 181, 0.0924, 0.0006, 98.438, 100.000, 0.941, 0.378, 
[150] Train acc: 0.9844, Constr acc: 0.8750, CE loss: 0.098, DL2 loss: 5.100
8, 180, 0.0978, 0.0006, 98.438, 100.000, 0.951, 0.343, 
[165] Train acc: 0.9219, Constr acc: 0.8125, CE loss: 0.195, DL2 loss: 5.620
8, 179, 0.1947, 0.0005, 92.188, 100.000, 0.950, 0.529, 
[180] Train acc: 0.9844, Constr acc: 0.9688, CE loss: 0.149, DL2 loss: 2.115
8, 178, 0.1486, 0.0006, 98.438, 100.000, 0.950, 0.473, 
[195] Train acc: 0.9688, Constr acc: 0.9062, CE loss: 0.187, DL2 loss: 4.363
8, 177, 0.1870, 0.0005, 96.875, 100.000, 0.946, 0.574, 
[210] Train acc: 0.9531, Constr acc: 0.7812, CE loss: 0.178, DL2 loss: 7.644
8, 176, 0.1780, 0.0005, 95.312, 100.000, 0.942, 0.531, 
[225] Train acc: 0.9531, Constr acc: 1.0000, CE loss: 0.113, DL2 loss: 0.000
8, 175, 0.1127, 0.0005, 95.312, 100.000, 0.966, 0.610, 
[240] Train acc: 0.9531, Constr acc: 0.9062, CE loss: 0.149, DL2 loss: 4.146
8, 174, 0.1486, 0.0005, 95.312, 100.000, 0.949, 0.627, 
[255] Train acc: 0.9531, Constr acc: 0.8125, CE loss: 0.146, DL2 loss: 8.034
8, 173, 0.1464, 0.0005, 95.312, 100.000, 0.960, 0.584, 
[270] Train acc: 0.9688, Constr acc: 0.9688, CE loss: 0.131, DL2 loss: 1.565
8, 172, 0.1314, 0.0005, 96.875, 100.000, 0.966, 0.557, 
[285] Train acc: 0.9688, Constr acc: 0.9375, CE loss: 0.149, DL2 loss: 2.820
8, 171, 0.1491, 0.0005, 96.875, 100.000, 0.960, 0.614, 
[300] Train acc: 0.9219, Constr acc: 0.9688, CE loss: 0.211, DL2 loss: 1.073
8, 170, 0.2106, 0.0007, 92.188, 100.000, 0.920, 0.330, 
[315] Train acc: 0.9062, Constr acc: 0.9062, CE loss: 0.197, DL2 loss: 3.367
8, 169, 0.1965, 0.0006, 90.625, 98.438, 0.927, 0.359, 
[330] Train acc: 0.9375, Constr acc: 0.9688, CE loss: 0.119, DL2 loss: 0.770
8, 168, 0.1188, 0.0005, 93.750, 100.000, 0.960, 0.521, 
[345] Train acc: 0.9219, Constr acc: 0.8750, CE loss: 0.160, DL2 loss: 4.623
8, 167, 0.1600, 0.0005, 92.188, 100.000, 0.961, 0.604, 
[360] Train acc: 0.9531, Constr acc: 0.9062, CE loss: 0.277, DL2 loss: 4.678
8, 166, 0.2772, 0.0006, 95.312, 100.000, 0.952, 0.472, 
[375] Train acc: 0.9688, Constr acc: 0.9688, CE loss: 0.060, DL2 loss: 1.660
8, 165, 0.0598, 0.0005, 96.875, 100.000, 0.960, 0.499, 
[390] Train acc: 0.9688, Constr acc: 0.8438, CE loss: 0.081, DL2 loss: 4.174
8, 164, 0.0805, 0.0005, 96.875, 100.000, 0.955, 0.615, 
[405] Train acc: 1.0000, Constr acc: 0.9688, CE loss: 0.024, DL2 loss: 1.761
8, 163, 0.0238, 0.0005, 100.000, 100.000, 0.962, 0.598, 
[420] Train acc: 0.9062, Constr acc: 0.8750, CE loss: 0.273, DL2 loss: 4.866
8, 162, 0.2731, 0.0005, 90.625, 100.000, 0.950, 0.548, 
[435] Train acc: 0.9219, Constr acc: 0.8750, CE loss: 0.280, DL2 loss: 2.835
8, 161, 0.2802, 0.0005, 92.188, 98.438, 0.952, 0.487, 
[450] Train acc: 0.8906, Constr acc: 0.9062, CE loss: 0.211, DL2 loss: 4.347
8, 160, 0.2106, 0.0006, 89.062, 100.000, 0.952, 0.459, 
[465] Train acc: 0.8906, Constr acc: 0.9062, CE loss: 0.403, DL2 loss: 1.347
8, 159, 0.4032, 0.0007, 89.062, 98.438, 0.913, 0.313, 
[480] Train acc: 0.9375, Constr acc: 0.9062, CE loss: 0.148, DL2 loss: 3.191
8, 158, 0.1483, 0.0006, 93.750, 100.000, 0.951, 0.437, 
[495] Train acc: 0.9844, Constr acc: 0.8750, CE loss: 0.088, DL2 loss: 4.672
8, 157, 0.0876, 0.0006, 98.438, 100.000, 0.938, 0.432, 
[510] Train acc: 0.9531, Constr acc: 0.9688, CE loss: 0.102, DL2 loss: 1.096
8, 156, 0.1019, 0.0005, 95.312, 100.000, 0.963, 0.620, 
[525] Train acc: 0.9844, Constr acc: 0.9375, CE loss: 0.062, DL2 loss: 1.461
8, 155, 0.0619, 0.0005, 98.438, 100.000, 0.962, 0.627, 
[540] Train acc: 0.9531, Constr acc: 0.8438, CE loss: 0.257, DL2 loss: 6.987
8, 154, 0.2567, 0.0006, 95.312, 98.438, 0.920, 0.403, 
[555] Train acc: 0.8906, Constr acc: 0.9375, CE loss: 0.260, DL2 loss: 1.358
8, 153, 0.2598, 0.0006, 89.062, 100.000, 0.935, 0.453, 
[570] Train acc: 1.0000, Constr acc: 0.9375, CE loss: 0.067, DL2 loss: 3.007
8, 152, 0.0671, 0.0006, 100.000, 100.000, 0.958, 0.461, 
[585] Train acc: 0.9688, Constr acc: 0.9062, CE loss: 0.083, DL2 loss: 3.669
8, 151, 0.0829, 0.0006, 96.875, 100.000, 0.944, 0.432, 
[600] Train acc: 0.8906, Constr acc: 0.8438, CE loss: 0.268, DL2 loss: 2.759
8, 150, 0.2680, 0.0006, 89.062, 100.000, 0.945, 0.411, 
[615] Train acc: 0.9062, Constr acc: 0.9375, CE loss: 0.278, DL2 loss: 2.202
8, 149, 0.2785, 0.0006, 90.625, 100.000, 0.957, 0.418, 
[630] Train acc: 0.9531, Constr acc: 0.9062, CE loss: 0.188, DL2 loss: 5.191
8, 148, 0.1884, 0.0006, 95.312, 98.438, 0.958, 0.391, 
[645] Train acc: 0.9375, Constr acc: 0.8750, CE loss: 0.218, DL2 loss: 4.105
8, 147, 0.2178, 0.0006, 93.750, 98.438, 0.957, 0.440, 
[660] Train acc: 0.9219, Constr acc: 0.7812, CE loss: 0.258, DL2 loss: 7.154
8, 146, 0.2585, 0.0005, 92.188, 100.000, 0.957, 0.535, 
[675] Train acc: 0.9531, Constr acc: 0.9062, CE loss: 0.141, DL2 loss: 3.347
8, 145, 0.1409, 0.0005, 95.312, 100.000, 0.953, 0.529, 
[690] Train acc: 0.9688, Constr acc: 0.8750, CE loss: 0.131, DL2 loss: 5.275
8, 144, 0.1312, 0.0006, 96.875, 100.000, 0.960, 0.399, 
[705] Train acc: 0.9219, Constr acc: 0.9375, CE loss: 0.315, DL2 loss: 1.978
8, 143, 0.3149, 0.0005, 92.188, 100.000, 0.954, 0.558, 
[720] Train acc: 0.9531, Constr acc: 0.8125, CE loss: 0.109, DL2 loss: 5.350
8, 142, 0.1091, 0.0006, 95.312, 100.000, 0.944, 0.488, 
[735] Train acc: 0.9844, Constr acc: 0.9062, CE loss: 0.070, DL2 loss: 3.796
8, 141, 0.0701, 0.0005, 98.438, 100.000, 0.950, 0.572, 
[750] Train acc: 0.9219, Constr acc: 0.9375, CE loss: 0.321, DL2 loss: 1.420
8, 140, 0.3209, 0.0005, 92.188, 100.000, 0.931, 0.650, 
[765] Train acc: 0.9219, Constr acc: 0.8125, CE loss: 0.253, DL2 loss: 7.673
8, 139, 0.2530, 0.0005, 92.188, 100.000, 0.935, 0.580, 
[780] Train acc: 0.9688, Constr acc: 0.9375, CE loss: 0.092, DL2 loss: 2.555
8, 138, 0.0918, 0.0005, 96.875, 100.000, 0.955, 0.615, 
[795] Train acc: 0.9688, Constr acc: 0.8438, CE loss: 0.062, DL2 loss: 8.298
8, 137, 0.0619, 0.0004, 96.875, 100.000, 0.967, 0.667, 
[810] Train acc: 0.9531, Constr acc: 1.0000, CE loss: 0.192, DL2 loss: 0.000
8, 136, 0.1925, 0.0005, 95.312, 100.000, 0.967, 0.576, 
[825] Train acc: 0.9531, Constr acc: 0.9062, CE loss: 0.126, DL2 loss: 4.883
8, 135, 0.1264, 0.0004, 95.312, 100.000, 0.958, 0.639, 
[840] Train acc: 0.9844, Constr acc: 0.9375, CE loss: 0.077, DL2 loss: 2.891
8, 134, 0.0767, 0.0005, 98.438, 100.000, 0.961, 0.491, 
[855] Train acc: 0.9219, Constr acc: 0.8750, CE loss: 0.274, DL2 loss: 3.899
8, 133, 0.2740, 0.0005, 92.188, 100.000, 0.955, 0.499, 
[870] Train acc: 0.9062, Constr acc: 0.8750, CE loss: 0.233, DL2 loss: 5.452
8, 132, 0.2334, 0.0006, 90.625, 100.000, 0.962, 0.455, 
[885] Train acc: 0.9219, Constr acc: 0.8438, CE loss: 0.235, DL2 loss: 6.492
8, 131, 0.2348, 0.0005, 92.188, 100.000, 0.964, 0.471, 
[900] Train acc: 0.9062, Constr acc: 0.8750, CE loss: 0.250, DL2 loss: 1.906
8, 130, 0.2495, 0.0006, 90.625, 96.875, 0.958, 0.449, 
[915] Train acc: 0.9062, Constr acc: 0.8438, CE loss: 0.187, DL2 loss: 6.731
8, 129, 0.1873, 0.0005, 90.625, 100.000, 0.963, 0.532, 
[930] Train acc: 0.9844, Constr acc: 0.9375, CE loss: 0.045, DL2 loss: 2.732
8, 128, 0.0447, 0.0005, 98.438, 100.000, 0.963, 0.609, 
[0] Train acc: 0.9531, Constr acc: 0.8125, CE loss: 0.144, DL2 loss: 9.533
9, 127, 0.1441, 0.0005, 95.312, 100.000, 0.958, 0.483, 
[15] Train acc: 0.9375, Constr acc: 0.8438, CE loss: 0.129, DL2 loss: 7.612
9, 126, 0.1292, 0.0005, 93.750, 100.000, 0.963, 0.555, 
[30] Train acc: 0.9844, Constr acc: 0.8125, CE loss: 0.076, DL2 loss: 9.873
9, 125, 0.0758, 0.0005, 98.438, 100.000, 0.957, 0.509, 
[45] Train acc: 0.9375, Constr acc: 0.8750, CE loss: 0.273, DL2 loss: 3.791
9, 124, 0.2731, 0.0005, 93.750, 98.438, 0.937, 0.574, 
[60] Train acc: 0.9688, Constr acc: 0.9688, CE loss: 0.090, DL2 loss: 1.661
9, 123, 0.0896, 0.0005, 96.875, 100.000, 0.955, 0.537, 
[75] Train acc: 0.9375, Constr acc: 0.9375, CE loss: 0.144, DL2 loss: 1.593
9, 122, 0.1441, 0.0005, 93.750, 100.000, 0.960, 0.586, 
[90] Train acc: 0.9531, Constr acc: 0.8125, CE loss: 0.135, DL2 loss: 7.151
9, 121, 0.1348, 0.0005, 95.312, 100.000, 0.949, 0.486, 
[105] Train acc: 0.9688, Constr acc: 0.8750, CE loss: 0.071, DL2 loss: 6.167
9, 120, 0.0708, 0.0005, 96.875, 100.000, 0.964, 0.518, 
[120] Train acc: 0.9531, Constr acc: 0.9375, CE loss: 0.151, DL2 loss: 2.841
9, 119, 0.1514, 0.0005, 95.312, 100.000, 0.955, 0.591, 
[135] Train acc: 0.9375, Constr acc: 0.8750, CE loss: 0.173, DL2 loss: 4.438
9, 118, 0.1733, 0.0006, 93.750, 98.438, 0.935, 0.399, 
[150] Train acc: 0.9062, Constr acc: 0.9375, CE loss: 0.145, DL2 loss: 2.296
9, 117, 0.1452, 0.0005, 90.625, 100.000, 0.960, 0.581, 
[165] Train acc: 0.9375, Constr acc: 0.9062, CE loss: 0.521, DL2 loss: 3.012
9, 116, 0.5209, 0.0006, 93.750, 100.000, 0.949, 0.489, 
[180] Train acc: 0.9688, Constr acc: 0.8750, CE loss: 0.106, DL2 loss: 3.525
9, 115, 0.1057, 0.0007, 96.875, 100.000, 0.940, 0.353, 
[195] Train acc: 0.9844, Constr acc: 0.9375, CE loss: 0.072, DL2 loss: 2.319
9, 114, 0.0715, 0.0007, 98.438, 100.000, 0.954, 0.323, 
[210] Train acc: 0.9062, Constr acc: 0.9375, CE loss: 0.225, DL2 loss: 2.269
9, 113, 0.2248, 0.0006, 90.625, 100.000, 0.944, 0.459, 
[225] Train acc: 0.9844, Constr acc: 0.9062, CE loss: 0.091, DL2 loss: 4.202
9, 112, 0.0908, 0.0006, 98.438, 100.000, 0.959, 0.443, 
[240] Train acc: 1.0000, Constr acc: 0.9062, CE loss: 0.040, DL2 loss: 3.980
9, 111, 0.0402, 0.0006, 100.000, 100.000, 0.964, 0.457, 
[255] Train acc: 0.9531, Constr acc: 0.9062, CE loss: 0.094, DL2 loss: 4.407
9, 110, 0.0942, 0.0005, 95.312, 100.000, 0.960, 0.522, 
[270] Train acc: 0.9219, Constr acc: 0.8750, CE loss: 0.195, DL2 loss: 4.765
9, 109, 0.1955, 0.0005, 92.188, 98.438, 0.968, 0.496, 
[285] Train acc: 0.9062, Constr acc: 0.8750, CE loss: 0.245, DL2 loss: 5.680
9, 108, 0.2449, 0.0005, 90.625, 100.000, 0.932, 0.535, 
[300] Train acc: 0.9531, Constr acc: 0.9688, CE loss: 0.152, DL2 loss: 1.824
9, 107, 0.1521, 0.0006, 95.312, 100.000, 0.950, 0.488, 
[315] Train acc: 0.9219, Constr acc: 0.7812, CE loss: 0.253, DL2 loss: 7.703
9, 106, 0.2528, 0.0006, 92.188, 100.000, 0.939, 0.410, 
[330] Train acc: 0.9844, Constr acc: 0.8750, CE loss: 0.087, DL2 loss: 5.461
9, 105, 0.0875, 0.0007, 98.438, 100.000, 0.946, 0.330, 
[345] Train acc: 0.9844, Constr acc: 0.9375, CE loss: 0.086, DL2 loss: 2.640
9, 104, 0.0862, 0.0005, 98.438, 100.000, 0.961, 0.489, 
[360] Train acc: 0.9219, Constr acc: 0.9062, CE loss: 0.224, DL2 loss: 2.804
9, 103, 0.2235, 0.0006, 92.188, 100.000, 0.905, 0.491, 
[375] Train acc: 0.9531, Constr acc: 0.9375, CE loss: 0.163, DL2 loss: 1.910
9, 102, 0.1633, 0.0007, 95.312, 100.000, 0.947, 0.299, 
[390] Train acc: 0.9375, Constr acc: 1.0000, CE loss: 0.126, DL2 loss: 0.000
9, 101, 0.1261, 0.0007, 93.750, 100.000, 0.951, 0.312, 
[405] Train acc: 0.9844, Constr acc: 0.8125, CE loss: 0.075, DL2 loss: 8.352
9, 100, 0.0747, 0.0007, 98.438, 100.000, 0.937, 0.339, 
[420] Train acc: 1.0000, Constr acc: 0.9062, CE loss: 0.059, DL2 loss: 3.581
9, 99, 0.0588, 0.0005, 100.000, 100.000, 0.951, 0.509, 
[435] Train acc: 0.9688, Constr acc: 0.9688, CE loss: 0.094, DL2 loss: 1.773
9, 98, 0.0935, 0.0005, 96.875, 100.000, 0.968, 0.455, 
[450] Train acc: 0.9688, Constr acc: 0.9375, CE loss: 0.119, DL2 loss: 1.469
9, 97, 0.1188, 0.0007, 96.875, 100.000, 0.957, 0.293, 
[465] Train acc: 0.9219, Constr acc: 0.8438, CE loss: 0.198, DL2 loss: 5.550
9, 96, 0.1976, 0.0007, 92.188, 100.000, 0.959, 0.257, 
[480] Train acc: 0.9844, Constr acc: 0.9062, CE loss: 0.112, DL2 loss: 4.565
9, 95, 0.1118, 0.0006, 98.438, 100.000, 0.954, 0.320, 
[495] Train acc: 0.9688, Constr acc: 0.8438, CE loss: 0.147, DL2 loss: 7.035
9, 94, 0.1473, 0.0005, 96.875, 100.000, 0.958, 0.530, 
[510] Train acc: 0.8906, Constr acc: 0.8750, CE loss: 0.466, DL2 loss: 6.706
9, 93, 0.4661, 0.0006, 89.062, 100.000, 0.926, 0.433, 
[525] Train acc: 0.8750, Constr acc: 0.8438, CE loss: 0.334, DL2 loss: 7.676
9, 92, 0.3343, 0.0006, 87.500, 100.000, 0.948, 0.419, 
[540] Train acc: 0.9531, Constr acc: 0.8750, CE loss: 0.133, DL2 loss: 6.499
9, 91, 0.1326, 0.0006, 95.312, 100.000, 0.963, 0.438, 
[555] Train acc: 0.8438, Constr acc: 0.8125, CE loss: 0.310, DL2 loss: 4.856
9, 90, 0.3100, 0.0006, 84.375, 100.000, 0.918, 0.499, 
[570] Train acc: 0.9844, Constr acc: 0.9375, CE loss: 0.057, DL2 loss: 3.008
9, 89, 0.0567, 0.0006, 98.438, 100.000, 0.956, 0.475, 
[585] Train acc: 0.9844, Constr acc: 0.8750, CE loss: 0.063, DL2 loss: 4.230
9, 88, 0.0626, 0.0006, 98.438, 100.000, 0.961, 0.434, 
[600] Train acc: 0.9219, Constr acc: 0.7812, CE loss: 0.239, DL2 loss: 8.499
9, 87, 0.2394, 0.0006, 92.188, 96.875, 0.943, 0.311, 
[615] Train acc: 0.9844, Constr acc: 0.8438, CE loss: 0.100, DL2 loss: 6.355
9, 86, 0.1002, 0.0007, 98.438, 100.000, 0.961, 0.206, 
[630] Train acc: 1.0000, Constr acc: 0.8125, CE loss: 0.045, DL2 loss: 8.866
9, 85, 0.0452, 0.0007, 100.000, 100.000, 0.964, 0.259, 
[645] Train acc: 0.9219, Constr acc: 0.9062, CE loss: 0.227, DL2 loss: 4.870
9, 84, 0.2270, 0.0006, 92.188, 100.000, 0.917, 0.494, 
[660] Train acc: 0.9375, Constr acc: 0.8125, CE loss: 0.144, DL2 loss: 10.382
9, 83, 0.1443, 0.0006, 93.750, 98.438, 0.949, 0.428, 
[675] Train acc: 0.9219, Constr acc: 0.9375, CE loss: 0.329, DL2 loss: 2.533
9, 82, 0.3288, 0.0006, 92.188, 100.000, 0.954, 0.366, 
[690] Train acc: 1.0000, Constr acc: 1.0000, CE loss: 0.056, DL2 loss: 0.000
9, 81, 0.0559, 0.0006, 100.000, 100.000, 0.962, 0.409, 
[705] Train acc: 0.9531, Constr acc: 1.0000, CE loss: 0.117, DL2 loss: 0.000
9, 80, 0.1165, 0.0006, 95.312, 100.000, 0.954, 0.417, 
[720] Train acc: 0.9219, Constr acc: 0.8750, CE loss: 0.219, DL2 loss: 5.077
9, 79, 0.2188, 0.0006, 92.188, 98.438, 0.970, 0.409, 
[735] Train acc: 0.9219, Constr acc: 0.8438, CE loss: 0.337, DL2 loss: 5.262
9, 78, 0.3374, 0.0007, 92.188, 96.875, 0.949, 0.289, 
[750] Train acc: 0.9844, Constr acc: 0.8750, CE loss: 0.093, DL2 loss: 4.710
9, 77, 0.0932, 0.0007, 98.438, 100.000, 0.933, 0.254, 
[765] Train acc: 0.9375, Constr acc: 0.9375, CE loss: 0.138, DL2 loss: 2.010
9, 76, 0.1375, 0.0006, 93.750, 100.000, 0.946, 0.378, 
[780] Train acc: 0.9531, Constr acc: 0.9688, CE loss: 0.154, DL2 loss: 1.321
9, 75, 0.1541, 0.0006, 95.312, 100.000, 0.962, 0.374, 
[795] Train acc: 0.9531, Constr acc: 0.9062, CE loss: 0.203, DL2 loss: 4.875
9, 74, 0.2029, 0.0007, 95.312, 100.000, 0.949, 0.169, 
[810] Train acc: 0.9844, Constr acc: 0.9062, CE loss: 0.088, DL2 loss: 3.439
9, 73, 0.0881, 0.0007, 98.438, 100.000, 0.941, 0.242, 
[825] Train acc: 0.8750, Constr acc: 0.9375, CE loss: 0.260, DL2 loss: 2.398
9, 72, 0.2605, 0.0006, 87.500, 100.000, 0.956, 0.363, 
[840] Train acc: 0.9062, Constr acc: 0.9062, CE loss: 0.338, DL2 loss: 3.894
9, 71, 0.3377, 0.0006, 90.625, 100.000, 0.960, 0.441, 
[855] Train acc: 0.9688, Constr acc: 0.8438, CE loss: 0.267, DL2 loss: 5.588
9, 70, 0.2668, 0.0006, 96.875, 98.438, 0.955, 0.458, 
[870] Train acc: 0.9375, Constr acc: 0.8438, CE loss: 0.238, DL2 loss: 8.035
9, 69, 0.2379, 0.0006, 93.750, 100.000, 0.963, 0.385, 
[885] Train acc: 0.9531, Constr acc: 0.8438, CE loss: 0.162, DL2 loss: 6.515
9, 68, 0.1621, 0.0007, 95.312, 100.000, 0.922, 0.366, 
[900] Train acc: 0.9531, Constr acc: 0.9062, CE loss: 0.128, DL2 loss: 3.959
9, 67, 0.1285, 0.0007, 95.312, 100.000, 0.932, 0.245, 
[915] Train acc: 0.9688, Constr acc: 0.9062, CE loss: 0.186, DL2 loss: 4.007
9, 66, 0.1861, 0.0005, 96.875, 100.000, 0.962, 0.466, 
[930] Train acc: 0.9219, Constr acc: 0.8750, CE loss: 0.252, DL2 loss: 4.132
9, 65, 0.2523, 0.0006, 92.188, 100.000, 0.948, 0.400, 
[0] Train acc: 0.9531, Constr acc: 0.8750, CE loss: 0.203, DL2 loss: 3.395
10, 65, 0.2034, 0.0006, 95.312, 100.000, 0.948, 0.488, 
[15] Train acc: 0.8281, Constr acc: 0.8750, CE loss: 0.468, DL2 loss: 4.673
10, 64, 0.4676, 0.0006, 82.812, 96.875, 0.941, 0.396, 
[30] Train acc: 0.9531, Constr acc: 0.9375, CE loss: 0.107, DL2 loss: 2.397
10, 63, 0.1068, 0.0006, 95.312, 100.000, 0.953, 0.450, 
[45] Train acc: 0.9375, Constr acc: 0.8750, CE loss: 0.221, DL2 loss: 4.784
10, 62, 0.2213, 0.0006, 93.750, 100.000, 0.957, 0.415, 
[60] Train acc: 0.9688, Constr acc: 0.7188, CE loss: 0.148, DL2 loss: 8.613
10, 61, 0.1484, 0.0006, 96.875, 100.000, 0.950, 0.412, 
[75] Train acc: 0.9688, Constr acc: 0.9062, CE loss: 0.149, DL2 loss: 4.229
10, 60, 0.1493, 0.0007, 96.875, 100.000, 0.912, 0.339, 
[90] Train acc: 0.9688, Constr acc: 0.8750, CE loss: 0.113, DL2 loss: 5.988
10, 59, 0.1135, 0.0007, 96.875, 100.000, 0.949, 0.291, 
[105] Train acc: 0.9219, Constr acc: 0.9062, CE loss: 0.168, DL2 loss: 3.837
10, 58, 0.1677, 0.0007, 92.188, 100.000, 0.956, 0.314, 
[120] Train acc: 0.9375, Constr acc: 0.8750, CE loss: 0.164, DL2 loss: 5.012
10, 57, 0.1635, 0.0007, 93.750, 100.000, 0.946, 0.210, 
[135] Train acc: 0.9062, Constr acc: 0.8438, CE loss: 0.209, DL2 loss: 5.582
10, 56, 0.2090, 0.0008, 90.625, 100.000, 0.925, 0.216, 
[150] Train acc: 0.9219, Constr acc: 0.7812, CE loss: 0.222, DL2 loss: 6.779
10, 55, 0.2217, 0.0007, 92.188, 100.000, 0.940, 0.290, 
[165] Train acc: 0.9062, Constr acc: 0.9688, CE loss: 0.285, DL2 loss: 0.458
10, 54, 0.2853, 0.0007, 90.625, 100.000, 0.931, 0.358, 
[180] Train acc: 0.9219, Constr acc: 0.9688, CE loss: 0.269, DL2 loss: 1.762
10, 53, 0.2690, 0.0007, 92.188, 100.000, 0.927, 0.332, 
[195] Train acc: 0.9219, Constr acc: 0.9375, CE loss: 0.203, DL2 loss: 2.915
10, 52, 0.2034, 0.0006, 92.188, 98.438, 0.936, 0.376, 
[210] Train acc: 0.9219, Constr acc: 0.8750, CE loss: 0.239, DL2 loss: 5.000
10, 51, 0.2390, 0.0006, 92.188, 100.000, 0.944, 0.396, 
[225] Train acc: 0.9531, Constr acc: 0.9062, CE loss: 0.171, DL2 loss: 3.520
10, 50, 0.1705, 0.0007, 95.312, 100.000, 0.929, 0.316, 
[240] Train acc: 0.8906, Constr acc: 0.9375, CE loss: 0.324, DL2 loss: 1.311
10, 49, 0.3237, 0.0007, 89.062, 100.000, 0.950, 0.288, 
[255] Train acc: 0.9062, Constr acc: 0.8750, CE loss: 0.277, DL2 loss: 5.414
10, 48, 0.2772, 0.0009, 90.625, 100.000, 0.896, 0.135, 
[270] Train acc: 0.8906, Constr acc: 0.8438, CE loss: 0.341, DL2 loss: 7.375
10, 47, 0.3408, 0.0009, 89.062, 100.000, 0.866, 0.176, 
[285] Train acc: 0.9844, Constr acc: 0.8125, CE loss: 0.121, DL2 loss: 7.193
10, 46, 0.1211, 0.0007, 98.438, 100.000, 0.928, 0.244, 
[300] Train acc: 0.9531, Constr acc: 0.8750, CE loss: 0.234, DL2 loss: 3.276
10, 45, 0.2345, 0.0007, 95.312, 100.000, 0.943, 0.322, 
[315] Train acc: 0.9531, Constr acc: 0.8125, CE loss: 0.161, DL2 loss: 7.628
10, 44, 0.1610, 0.0008, 95.312, 100.000, 0.898, 0.279, 
[330] Train acc: 0.9219, Constr acc: 0.9062, CE loss: 0.404, DL2 loss: 2.891
10, 43, 0.4039, 0.0008, 92.188, 98.438, 0.893, 0.324, 
[345] Train acc: 0.8906, Constr acc: 0.8438, CE loss: 0.268, DL2 loss: 3.875
10, 42, 0.2678, 0.0006, 89.062, 100.000, 0.941, 0.429, 
[360] Train acc: 0.8906, Constr acc: 0.9062, CE loss: 0.190, DL2 loss: 3.236
10, 41, 0.1904, 0.0007, 89.062, 100.000, 0.934, 0.280, 
[375] Train acc: 0.9844, Constr acc: 0.7500, CE loss: 0.087, DL2 loss: 9.378
10, 40, 0.0867, 0.0007, 98.438, 100.000, 0.941, 0.300, 
[390] Train acc: 0.9219, Constr acc: 0.7812, CE loss: 0.232, DL2 loss: 9.227
10, 39, 0.2316, 0.0007, 92.188, 98.438, 0.906, 0.368, 
[405] Train acc: 0.9531, Constr acc: 0.8750, CE loss: 0.137, DL2 loss: 3.260
10, 38, 0.1365, 0.0006, 95.312, 100.000, 0.892, 0.474, 
[420] Train acc: 0.8906, Constr acc: 0.8750, CE loss: 0.287, DL2 loss: 5.417
10, 37, 0.2871, 0.0007, 89.062, 100.000, 0.900, 0.357, 
[435] Train acc: 0.9219, Constr acc: 0.8750, CE loss: 0.298, DL2 loss: 3.505
10, 36, 0.2978, 0.0007, 92.188, 100.000, 0.933, 0.335, 
[450] Train acc: 0.9219, Constr acc: 0.9062, CE loss: 0.287, DL2 loss: 4.365
10, 35, 0.2871, 0.0007, 92.188, 98.438, 0.905, 0.365, 
[465] Train acc: 0.9062, Constr acc: 0.8750, CE loss: 0.264, DL2 loss: 3.881
10, 34, 0.2643, 0.0007, 90.625, 100.000, 0.912, 0.301, 
[480] Train acc: 0.9531, Constr acc: 0.7500, CE loss: 0.228, DL2 loss: 8.554
10, 33, 0.2280, 0.0007, 95.312, 100.000, 0.920, 0.339, 
[495] Train acc: 0.9844, Constr acc: 0.7500, CE loss: 0.127, DL2 loss: 9.279
10, 32, 0.1268, 0.0007, 98.438, 100.000, 0.923, 0.322, 
[510] Train acc: 0.9375, Constr acc: 0.9375, CE loss: 0.212, DL2 loss: 1.937
10, 31, 0.2117, 0.0007, 93.750, 100.000, 0.938, 0.382, 
[525] Train acc: 0.9375, Constr acc: 0.8750, CE loss: 0.165, DL2 loss: 3.123
10, 30, 0.1655, 0.0007, 93.750, 100.000, 0.922, 0.318, 
[540] Train acc: 0.8906, Constr acc: 0.7500, CE loss: 0.375, DL2 loss: 7.411
10, 29, 0.3746, 0.0008, 89.062, 100.000, 0.912, 0.244, 
[555] Train acc: 0.8750, Constr acc: 0.8750, CE loss: 0.429, DL2 loss: 3.265
10, 28, 0.4293, 0.0008, 87.500, 100.000, 0.919, 0.213, 
[570] Train acc: 0.8750, Constr acc: 0.9688, CE loss: 0.536, DL2 loss: 1.090
10, 27, 0.5361, 0.0008, 87.500, 98.438, 0.899, 0.229, 
[585] Train acc: 0.8750, Constr acc: 0.8750, CE loss: 0.332, DL2 loss: 3.060
10, 26, 0.3320, 0.0008, 87.500, 100.000, 0.917, 0.226, 
[600] Train acc: 0.8438, Constr acc: 0.8125, CE loss: 0.502, DL2 loss: 6.960
10, 25, 0.5023, 0.0008, 84.375, 100.000, 0.888, 0.337, 
[615] Train acc: 0.7969, Constr acc: 0.6562, CE loss: 0.892, DL2 loss: 10.349
10, 24, 0.8920, 0.0011, 79.688, 96.875, 0.798, 0.143, 
[630] Train acc: 0.8281, Constr acc: 0.8438, CE loss: 0.876, DL2 loss: 3.675
10, 23, 0.8758, 0.0009, 82.812, 93.750, 0.838, 0.298, 
[645] Train acc: 0.8125, Constr acc: 0.8125, CE loss: 0.608, DL2 loss: 5.014
10, 22, 0.6085, 0.0011, 81.250, 98.438, 0.699, 0.261, 
[660] Train acc: 0.7656, Constr acc: 0.8438, CE loss: 0.736, DL2 loss: 8.115
10, 21, 0.7357, 0.0010, 76.562, 100.000, 0.797, 0.182, 
[675] Train acc: 0.7031, Constr acc: 0.8438, CE loss: 0.796, DL2 loss: 4.318
10, 20, 0.7959, 0.0010, 70.312, 96.875, 0.752, 0.268, 
[690] Train acc: 0.8281, Constr acc: 0.7500, CE loss: 0.439, DL2 loss: 6.072
10, 19, 0.4387, 0.0009, 82.812, 100.000, 0.787, 0.344, 
[705] Train acc: 0.6719, Constr acc: 0.7500, CE loss: 0.894, DL2 loss: 9.224
10, 18, 0.8937, 0.0011, 67.188, 98.438, 0.724, 0.276, 
[720] Train acc: 0.6875, Constr acc: 0.7812, CE loss: 1.242, DL2 loss: 6.837
10, 17, 1.2420, 0.0011, 68.750, 85.938, 0.643, 0.301, 
[735] Train acc: 0.5156, Constr acc: 0.6562, CE loss: 1.389, DL2 loss: 9.406
10, 16, 1.3894, 0.0013, 51.562, 95.312, 0.592, 0.198, 
[750] Train acc: 0.7031, Constr acc: 0.8438, CE loss: 0.991, DL2 loss: 5.989
10, 15, 0.9914, 0.0012, 70.312, 95.312, 0.632, 0.252, 
[765] Train acc: 0.2969, Constr acc: 0.6250, CE loss: 4.699, DL2 loss: 13.053
10, 14, 4.6995, 0.0015, 29.688, 78.125, 0.439, 0.177, 
[780] Train acc: 0.5781, Constr acc: 0.7500, CE loss: 1.520, DL2 loss: 8.077
10, 13, 1.5195, 0.0014, 57.812, 93.750, 0.575, 0.123, 
[795] Train acc: 0.4844, Constr acc: 0.7812, CE loss: 1.799, DL2 loss: 5.624
10, 12, 1.7989, 0.0015, 48.438, 96.875, 0.494, 0.223, 
[810] Train acc: 0.2656, Constr acc: 0.6562, CE loss: 3.566, DL2 loss: 9.946
10, 11, 3.5660, 0.0019, 26.562, 73.438, 0.358, 0.089, 
[825] Train acc: 0.2344, Constr acc: 0.7188, CE loss: 2.891, DL2 loss: 7.617
10, 10, 2.8907, 0.0019, 23.438, 76.562, 0.262, 0.193, 
[840] Train acc: 0.3594, Constr acc: 0.5000, CE loss: 2.097, DL2 loss: 13.415
10, 9, 2.0973, 0.0018, 35.938, 93.750, 0.328, 0.121, 
[855] Train acc: 0.3594, Constr acc: 0.6562, CE loss: 2.257, DL2 loss: 11.222
10, 8, 2.2571, 0.0020, 35.938, 85.938, 0.275, 0.081, 
[870] Train acc: 0.3281, Constr acc: 0.4688, CE loss: 2.216, DL2 loss: 17.699
10, 7, 2.2159, 0.0019, 32.812, 92.188, 0.269, 0.107, 
[885] Train acc: 0.2344, Constr acc: 0.4062, CE loss: 2.688, DL2 loss: 20.293
10, 6, 2.6875, 0.0020, 23.438, 78.125, 0.287, 0.029, 
[900] Train acc: 0.1250, Constr acc: 0.0000, CE loss: 2.355, DL2 loss: 52.955
10, 5, 2.3547, 0.0023, 12.500, 46.875, 0.103, 0.005, 
[915] Train acc: 0.1406, Constr acc: 0.0000, CE loss: 2.320, DL2 loss: 55.254
10, 4, 2.3200, 0.0023, 14.062, 53.125, 0.103, 0.003, 
[930] Train acc: 0.1250, Constr acc: 0.0000, CE loss: 2.307, DL2 loss: 52.369
10, 3, 2.3070, 0.0023, 12.500, 54.688, 0.103, 0.003, 
