main_allinputs_dl2.py --pruning=True --tensorboard=True --log-interval=15 --pruning_config=./configs/mnist_22_15.json --constraint RobustnessDandR(eps1=20, eps2=4) --print-after-epoch=0 --dl2-weight=0.2 --delay=6
pruning_engine.load_mask(): did not find mask file, will load nothing
epoch, neuron_units, loss, dl2_loss, top1, top5, dl2_p_acc, dl2_constraint_acc
[0] Train acc: 0.1406
1, 252, 2.2927, 0.0023, 14.062, 59.375, 0.103, 1.000, 
[15] Train acc: 0.1875
1, 252, 2.2763, 0.0023, 18.750, 68.750, 0.103, 1.000, 
[30] Train acc: 0.3125
1, 252, 2.2343, 0.0023, 31.250, 75.000, 0.205, 1.000, 
[45] Train acc: 0.3594
1, 252, 2.1083, 0.0022, 35.938, 89.062, 0.408, 1.000, 
[60] Train acc: 0.5625
1, 252, 1.8079, 0.0021, 56.250, 90.625, 0.576, 1.000, 
[75] Train acc: 0.6719
1, 252, 1.1560, 0.0017, 67.188, 95.312, 0.646, 1.000, 
[90] Train acc: 0.6250
1, 252, 1.0569, 0.0015, 62.500, 98.438, 0.674, 1.000, 
[105] Train acc: 0.7031
1, 252, 0.8945, 0.0013, 70.312, 95.312, 0.730, 1.000, 
[120] Train acc: 0.8125
1, 252, 0.5999, 0.0011, 81.250, 98.438, 0.806, 0.999, 
[135] Train acc: 0.8594
1, 252, 0.3908, 0.0010, 85.938, 100.000, 0.854, 0.998, 
[150] Train acc: 0.8594
1, 252, 0.5338, 0.0010, 85.938, 100.000, 0.820, 0.999, 
[165] Train acc: 0.8281
1, 252, 0.5438, 0.0010, 82.812, 98.438, 0.764, 0.996, 
[180] Train acc: 0.9062
1, 252, 0.4400, 0.0009, 90.625, 98.438, 0.846, 0.991, 
[195] Train acc: 0.9062
1, 252, 0.2807, 0.0009, 90.625, 100.000, 0.848, 0.983, 
[210] Train acc: 0.9219
1, 252, 0.3626, 0.0009, 92.188, 98.438, 0.857, 0.991, 
[225] Train acc: 0.8750
1, 252, 0.3995, 0.0008, 87.500, 100.000, 0.887, 0.984, 
[240] Train acc: 0.8750
1, 252, 0.4170, 0.0008, 87.500, 98.438, 0.877, 0.972, 
[255] Train acc: 0.8281
1, 252, 0.4295, 0.0008, 82.812, 100.000, 0.851, 0.977, 
[270] Train acc: 0.9219
1, 252, 0.2311, 0.0008, 92.188, 100.000, 0.843, 0.978, 
[285] Train acc: 0.9375
1, 252, 0.2467, 0.0007, 93.750, 100.000, 0.920, 0.957, 
[300] Train acc: 0.9062
1, 252, 0.2694, 0.0007, 90.625, 100.000, 0.911, 0.957, 
[315] Train acc: 0.9219
1, 252, 0.2680, 0.0007, 92.188, 98.438, 0.922, 0.955, 
[330] Train acc: 0.9062
1, 252, 0.3726, 0.0007, 90.625, 98.438, 0.864, 0.957, 
[345] Train acc: 0.8594
1, 252, 0.4701, 0.0007, 85.938, 98.438, 0.908, 0.953, 
[360] Train acc: 0.8750
1, 252, 0.2838, 0.0007, 87.500, 100.000, 0.909, 0.953, 
[375] Train acc: 0.9375
1, 252, 0.1560, 0.0007, 93.750, 100.000, 0.923, 0.946, 
[390] Train acc: 0.9062
1, 252, 0.2070, 0.0006, 90.625, 100.000, 0.915, 0.942, 
[405] Train acc: 0.9375
1, 252, 0.1975, 0.0006, 93.750, 100.000, 0.918, 0.951, 
[420] Train acc: 0.9219
1, 252, 0.2446, 0.0006, 92.188, 100.000, 0.936, 0.936, 
[435] Train acc: 0.9219
1, 252, 0.2261, 0.0006, 92.188, 100.000, 0.935, 0.948, 
[450] Train acc: 0.9219
1, 252, 0.1807, 0.0006, 92.188, 100.000, 0.942, 0.924, 
[465] Train acc: 0.8906
1, 252, 0.3503, 0.0006, 89.062, 100.000, 0.914, 0.913, 
[480] Train acc: 1.0000
1, 252, 0.0762, 0.0006, 100.000, 100.000, 0.934, 0.905, 
[495] Train acc: 0.9531
1, 252, 0.1621, 0.0006, 95.312, 100.000, 0.948, 0.916, 
[510] Train acc: 0.9219
1, 252, 0.1649, 0.0005, 92.188, 100.000, 0.949, 0.913, 
[525] Train acc: 0.9531
1, 252, 0.1392, 0.0006, 95.312, 100.000, 0.945, 0.918, 
[540] Train acc: 0.9531
1, 252, 0.2543, 0.0006, 95.312, 98.438, 0.933, 0.925, 
[555] Train acc: 0.9688
1, 252, 0.1702, 0.0005, 96.875, 98.438, 0.953, 0.889, 
[570] Train acc: 0.9531
1, 252, 0.1492, 0.0005, 95.312, 100.000, 0.925, 0.878, 
[585] Train acc: 0.9844
1, 252, 0.0822, 0.0005, 98.438, 100.000, 0.950, 0.907, 
[600] Train acc: 0.9531
1, 252, 0.1890, 0.0005, 95.312, 100.000, 0.951, 0.896, 
[615] Train acc: 0.9531
1, 252, 0.1561, 0.0005, 95.312, 100.000, 0.951, 0.894, 
[630] Train acc: 0.9375
1, 252, 0.3362, 0.0005, 93.750, 100.000, 0.956, 0.905, 
[645] Train acc: 0.9688
1, 252, 0.1513, 0.0005, 96.875, 100.000, 0.956, 0.899, 
[660] Train acc: 0.9688
1, 252, 0.1354, 0.0005, 96.875, 100.000, 0.956, 0.871, 
[675] Train acc: 0.9375
1, 252, 0.1571, 0.0005, 93.750, 100.000, 0.956, 0.868, 
[690] Train acc: 0.9688
1, 252, 0.1637, 0.0005, 96.875, 98.438, 0.958, 0.901, 
[705] Train acc: 0.8906
1, 252, 0.3415, 0.0005, 89.062, 100.000, 0.953, 0.881, 
[720] Train acc: 1.0000
1, 252, 0.0550, 0.0005, 100.000, 100.000, 0.958, 0.856, 
[735] Train acc: 0.9375
1, 252, 0.1595, 0.0005, 93.750, 100.000, 0.956, 0.892, 
[750] Train acc: 0.9688
1, 252, 0.0683, 0.0005, 96.875, 100.000, 0.950, 0.844, 
[765] Train acc: 0.9062
1, 252, 0.2801, 0.0005, 90.625, 100.000, 0.945, 0.885, 
[780] Train acc: 0.9219
1, 252, 0.1975, 0.0005, 92.188, 100.000, 0.965, 0.910, 
[795] Train acc: 0.9375
1, 252, 0.1232, 0.0005, 93.750, 100.000, 0.960, 0.928, 
[810] Train acc: 1.0000
1, 252, 0.0531, 0.0005, 100.000, 100.000, 0.963, 0.904, 
[825] Train acc: 0.9531
1, 252, 0.1005, 0.0005, 95.312, 100.000, 0.959, 0.904, 
[840] Train acc: 0.9531
1, 252, 0.1271, 0.0005, 95.312, 100.000, 0.969, 0.897, 
[855] Train acc: 0.9375
1, 252, 0.1566, 0.0005, 93.750, 100.000, 0.942, 0.890, 
[870] Train acc: 0.9531
1, 252, 0.1490, 0.0004, 95.312, 100.000, 0.963, 0.870, 
[885] Train acc: 0.9375
1, 252, 0.1344, 0.0005, 93.750, 100.000, 0.959, 0.897, 
[900] Train acc: 0.9531
1, 252, 0.1105, 0.0004, 95.312, 100.000, 0.962, 0.851, 
[915] Train acc: 0.9375
1, 252, 0.1970, 0.0004, 93.750, 100.000, 0.960, 0.851, 
[930] Train acc: 0.9375
1, 252, 0.1600, 0.0004, 93.750, 100.000, 0.965, 0.846, 
[0] Train acc: 0.9531
2, 252, 0.1407, 0.0004, 95.312, 100.000, 0.963, 0.831, 
[15] Train acc: 0.9844
2, 252, 0.0752, 0.0004, 98.438, 100.000, 0.967, 0.825, 
[30] Train acc: 0.9688
2, 252, 0.0801, 0.0004, 96.875, 100.000, 0.955, 0.807, 
[45] Train acc: 0.9688
2, 252, 0.0949, 0.0004, 96.875, 100.000, 0.965, 0.792, 
[60] Train acc: 0.9844
2, 252, 0.0438, 0.0004, 98.438, 100.000, 0.963, 0.834, 
[75] Train acc: 0.9688
2, 252, 0.1399, 0.0004, 96.875, 100.000, 0.966, 0.833, 
[90] Train acc: 0.9375
2, 252, 0.3302, 0.0004, 93.750, 100.000, 0.967, 0.847, 
[105] Train acc: 0.9844
2, 252, 0.0491, 0.0004, 98.438, 100.000, 0.970, 0.873, 
[120] Train acc: 0.9688
2, 252, 0.0914, 0.0004, 96.875, 100.000, 0.970, 0.854, 
[135] Train acc: 0.9688
2, 252, 0.1508, 0.0004, 96.875, 100.000, 0.964, 0.843, 
[150] Train acc: 0.9531
2, 252, 0.0793, 0.0004, 95.312, 100.000, 0.967, 0.825, 
[165] Train acc: 0.9844
2, 252, 0.0713, 0.0004, 98.438, 100.000, 0.969, 0.826, 
[180] Train acc: 0.9531
2, 252, 0.0830, 0.0004, 95.312, 100.000, 0.966, 0.787, 
[195] Train acc: 0.9844
2, 252, 0.0966, 0.0004, 98.438, 100.000, 0.961, 0.826, 
[210] Train acc: 0.9688
2, 252, 0.0620, 0.0004, 96.875, 100.000, 0.973, 0.756, 
[225] Train acc: 0.9531
2, 252, 0.1448, 0.0004, 95.312, 100.000, 0.965, 0.765, 
[240] Train acc: 0.9531
2, 252, 0.1479, 0.0004, 95.312, 100.000, 0.967, 0.839, 
[255] Train acc: 1.0000
2, 252, 0.0279, 0.0004, 100.000, 100.000, 0.968, 0.815, 
[270] Train acc: 0.9844
2, 252, 0.0609, 0.0003, 98.438, 100.000, 0.974, 0.770, 
[285] Train acc: 0.9844
2, 252, 0.0342, 0.0003, 98.438, 100.000, 0.975, 0.732, 
[300] Train acc: 0.9688
2, 252, 0.0782, 0.0004, 96.875, 100.000, 0.969, 0.768, 
[315] Train acc: 0.9375
2, 252, 0.1122, 0.0004, 93.750, 100.000, 0.975, 0.792, 
[330] Train acc: 0.9688
2, 252, 0.0469, 0.0004, 96.875, 100.000, 0.968, 0.780, 
[345] Train acc: 0.9531
2, 252, 0.2345, 0.0004, 95.312, 100.000, 0.977, 0.823, 
[360] Train acc: 0.9688
2, 252, 0.0647, 0.0004, 96.875, 100.000, 0.962, 0.879, 
[375] Train acc: 0.9531
2, 252, 0.1035, 0.0004, 95.312, 100.000, 0.976, 0.853, 
[390] Train acc: 0.9844
2, 252, 0.0274, 0.0004, 98.438, 100.000, 0.974, 0.814, 
[405] Train acc: 0.9844
2, 252, 0.0408, 0.0004, 98.438, 100.000, 0.968, 0.809, 
[420] Train acc: 0.9844
2, 252, 0.0255, 0.0004, 98.438, 100.000, 0.976, 0.775, 
[435] Train acc: 0.9844
2, 252, 0.0391, 0.0004, 98.438, 100.000, 0.977, 0.803, 
[450] Train acc: 0.9844
2, 252, 0.0888, 0.0003, 98.438, 100.000, 0.975, 0.775, 
[465] Train acc: 0.9688
2, 252, 0.0860, 0.0004, 96.875, 100.000, 0.972, 0.794, 
[480] Train acc: 0.9688
2, 252, 0.0826, 0.0004, 96.875, 100.000, 0.969, 0.804, 
[495] Train acc: 0.9375
2, 252, 0.1246, 0.0004, 93.750, 100.000, 0.972, 0.778, 
[510] Train acc: 1.0000
2, 252, 0.0169, 0.0004, 100.000, 100.000, 0.974, 0.823, 
[525] Train acc: 0.9688
2, 252, 0.1215, 0.0004, 96.875, 100.000, 0.977, 0.816, 
[540] Train acc: 0.9844
2, 252, 0.0627, 0.0004, 98.438, 100.000, 0.977, 0.850, 
[555] Train acc: 1.0000
2, 252, 0.0338, 0.0004, 100.000, 100.000, 0.977, 0.828, 
[570] Train acc: 0.9531
2, 252, 0.1980, 0.0004, 95.312, 100.000, 0.972, 0.810, 
[585] Train acc: 1.0000
2, 252, 0.0180, 0.0004, 100.000, 100.000, 0.965, 0.817, 
[600] Train acc: 0.9531
2, 252, 0.1889, 0.0004, 95.312, 100.000, 0.966, 0.793, 
[615] Train acc: 0.9531
2, 252, 0.1996, 0.0004, 95.312, 100.000, 0.972, 0.796, 
[630] Train acc: 0.9844
2, 252, 0.0752, 0.0004, 98.438, 100.000, 0.971, 0.786, 
[645] Train acc: 0.9062
2, 252, 0.2343, 0.0003, 90.625, 100.000, 0.980, 0.772, 
[660] Train acc: 0.9844
2, 252, 0.0542, 0.0003, 98.438, 100.000, 0.978, 0.754, 
[675] Train acc: 0.9844
2, 252, 0.0672, 0.0003, 98.438, 100.000, 0.977, 0.722, 
[690] Train acc: 0.9688
2, 252, 0.0481, 0.0003, 96.875, 100.000, 0.975, 0.707, 
[705] Train acc: 0.9844
2, 252, 0.0961, 0.0003, 98.438, 100.000, 0.970, 0.718, 
[720] Train acc: 0.9688
2, 252, 0.0633, 0.0003, 96.875, 100.000, 0.976, 0.726, 
[735] Train acc: 0.9844
2, 252, 0.0988, 0.0004, 98.438, 100.000, 0.959, 0.721, 
[750] Train acc: 0.9844
2, 252, 0.0208, 0.0003, 98.438, 100.000, 0.978, 0.744, 
[765] Train acc: 0.9688
2, 252, 0.0411, 0.0003, 96.875, 100.000, 0.978, 0.706, 
[780] Train acc: 0.9844
2, 252, 0.0408, 0.0003, 98.438, 100.000, 0.975, 0.707, 
[795] Train acc: 0.9688
2, 252, 0.0842, 0.0003, 96.875, 100.000, 0.976, 0.755, 
[810] Train acc: 0.9688
2, 252, 0.0810, 0.0003, 96.875, 100.000, 0.976, 0.720, 
[825] Train acc: 0.9375
2, 252, 0.2803, 0.0003, 93.750, 100.000, 0.979, 0.741, 
[840] Train acc: 1.0000
2, 252, 0.0204, 0.0003, 100.000, 100.000, 0.974, 0.732, 
[855] Train acc: 1.0000
2, 252, 0.0160, 0.0003, 100.000, 100.000, 0.980, 0.716, 
[870] Train acc: 1.0000
2, 252, 0.0261, 0.0003, 100.000, 100.000, 0.978, 0.723, 
[885] Train acc: 0.9844
2, 252, 0.0547, 0.0003, 98.438, 100.000, 0.977, 0.743, 
[900] Train acc: 0.9375
2, 252, 0.1150, 0.0003, 93.750, 100.000, 0.979, 0.762, 
[915] Train acc: 0.9688
2, 252, 0.0495, 0.0003, 96.875, 100.000, 0.981, 0.701, 
[930] Train acc: 0.9688
2, 252, 0.1090, 0.0003, 96.875, 100.000, 0.971, 0.747, 
[0] Train acc: 0.9688
3, 252, 0.1437, 0.0003, 96.875, 100.000, 0.970, 0.756, 
[15] Train acc: 1.0000
3, 252, 0.0285, 0.0003, 100.000, 100.000, 0.981, 0.736, 
[30] Train acc: 0.9844
3, 252, 0.0529, 0.0003, 98.438, 100.000, 0.978, 0.723, 
[45] Train acc: 0.9688
3, 252, 0.0809, 0.0004, 96.875, 100.000, 0.969, 0.766, 
[60] Train acc: 1.0000
3, 252, 0.0216, 0.0003, 100.000, 100.000, 0.981, 0.725, 
[75] Train acc: 0.9688
3, 252, 0.1329, 0.0003, 96.875, 100.000, 0.969, 0.734, 
[90] Train acc: 0.9844
3, 252, 0.0656, 0.0003, 98.438, 100.000, 0.976, 0.707, 
[105] Train acc: 1.0000
3, 252, 0.0243, 0.0003, 100.000, 100.000, 0.981, 0.739, 
[120] Train acc: 1.0000
3, 252, 0.0218, 0.0003, 100.000, 100.000, 0.979, 0.713, 
[135] Train acc: 0.9531
3, 252, 0.0817, 0.0003, 95.312, 100.000, 0.981, 0.737, 
[150] Train acc: 1.0000
3, 252, 0.0099, 0.0003, 100.000, 100.000, 0.975, 0.751, 
[165] Train acc: 0.9844
3, 252, 0.1767, 0.0003, 98.438, 100.000, 0.981, 0.763, 
[180] Train acc: 0.9531
3, 252, 0.1106, 0.0003, 95.312, 100.000, 0.981, 0.713, 
[195] Train acc: 0.9844
3, 252, 0.0700, 0.0003, 98.438, 100.000, 0.976, 0.716, 
[210] Train acc: 0.9531
3, 252, 0.0754, 0.0003, 95.312, 100.000, 0.972, 0.711, 
[225] Train acc: 1.0000
3, 252, 0.0133, 0.0003, 100.000, 100.000, 0.983, 0.668, 
[240] Train acc: 0.9688
3, 252, 0.0620, 0.0003, 96.875, 100.000, 0.980, 0.651, 
[255] Train acc: 0.9844
3, 252, 0.0525, 0.0003, 98.438, 100.000, 0.972, 0.681, 
[270] Train acc: 0.9688
3, 252, 0.0948, 0.0003, 96.875, 100.000, 0.982, 0.656, 
[285] Train acc: 0.9688
3, 252, 0.0618, 0.0003, 96.875, 100.000, 0.984, 0.687, 
[300] Train acc: 0.9844
3, 252, 0.0618, 0.0003, 98.438, 100.000, 0.981, 0.746, 
[315] Train acc: 0.9688
3, 252, 0.1432, 0.0003, 96.875, 100.000, 0.983, 0.726, 
[330] Train acc: 0.9531
3, 252, 0.1283, 0.0003, 95.312, 100.000, 0.978, 0.708, 
[345] Train acc: 1.0000
3, 252, 0.0156, 0.0003, 100.000, 100.000, 0.982, 0.683, 
[360] Train acc: 0.9844
3, 252, 0.0625, 0.0003, 98.438, 100.000, 0.979, 0.672, 
[375] Train acc: 1.0000
3, 252, 0.0429, 0.0003, 100.000, 100.000, 0.977, 0.639, 
[390] Train acc: 0.9375
3, 252, 0.2170, 0.0003, 93.750, 100.000, 0.966, 0.656, 
[405] Train acc: 0.9844
3, 252, 0.0477, 0.0003, 98.438, 100.000, 0.982, 0.638, 
[420] Train acc: 1.0000
3, 252, 0.0266, 0.0003, 100.000, 100.000, 0.982, 0.649, 
[435] Train acc: 0.9844
3, 252, 0.0296, 0.0003, 98.438, 100.000, 0.972, 0.724, 
[450] Train acc: 0.9844
3, 252, 0.0515, 0.0003, 98.438, 100.000, 0.979, 0.679, 
[465] Train acc: 1.0000
3, 252, 0.0425, 0.0003, 100.000, 100.000, 0.982, 0.687, 
[480] Train acc: 0.9844
3, 252, 0.1283, 0.0003, 98.438, 100.000, 0.981, 0.723, 
[495] Train acc: 0.9688
3, 252, 0.0506, 0.0003, 96.875, 100.000, 0.983, 0.656, 
[510] Train acc: 0.9688
3, 252, 0.0836, 0.0003, 96.875, 100.000, 0.982, 0.685, 
[525] Train acc: 0.9531
3, 252, 0.1020, 0.0003, 95.312, 100.000, 0.984, 0.681, 
[540] Train acc: 1.0000
3, 252, 0.0214, 0.0003, 100.000, 100.000, 0.982, 0.666, 
[555] Train acc: 0.9531
3, 252, 0.1520, 0.0003, 95.312, 100.000, 0.985, 0.781, 
[570] Train acc: 0.9844
3, 252, 0.0536, 0.0003, 98.438, 100.000, 0.978, 0.732, 
[585] Train acc: 1.0000
3, 252, 0.0112, 0.0003, 100.000, 100.000, 0.982, 0.669, 
[600] Train acc: 0.9375
3, 252, 0.1640, 0.0003, 93.750, 100.000, 0.980, 0.735, 
[615] Train acc: 0.9531
3, 252, 0.1815, 0.0003, 95.312, 100.000, 0.982, 0.712, 
[630] Train acc: 1.0000
3, 252, 0.0235, 0.0003, 100.000, 100.000, 0.984, 0.680, 
[645] Train acc: 0.9688
3, 252, 0.2124, 0.0003, 96.875, 100.000, 0.983, 0.696, 
[660] Train acc: 1.0000
3, 252, 0.0341, 0.0003, 100.000, 100.000, 0.983, 0.740, 
[675] Train acc: 1.0000
3, 252, 0.0153, 0.0003, 100.000, 100.000, 0.984, 0.687, 
[690] Train acc: 0.9844
3, 252, 0.0284, 0.0003, 98.438, 100.000, 0.985, 0.684, 
[705] Train acc: 1.0000
3, 252, 0.0274, 0.0003, 100.000, 100.000, 0.983, 0.685, 
[720] Train acc: 0.9844
3, 252, 0.0483, 0.0003, 98.438, 100.000, 0.984, 0.715, 
[735] Train acc: 0.9844
3, 252, 0.0342, 0.0003, 98.438, 100.000, 0.982, 0.700, 
[750] Train acc: 0.9844
3, 252, 0.0250, 0.0003, 98.438, 100.000, 0.986, 0.697, 
[765] Train acc: 1.0000
3, 252, 0.0191, 0.0003, 100.000, 100.000, 0.981, 0.691, 
[780] Train acc: 0.9531
3, 252, 0.1058, 0.0003, 95.312, 100.000, 0.984, 0.669, 
[795] Train acc: 0.9688
3, 252, 0.0497, 0.0003, 96.875, 100.000, 0.982, 0.642, 
[810] Train acc: 1.0000
3, 252, 0.0074, 0.0003, 100.000, 100.000, 0.978, 0.592, 
[825] Train acc: 1.0000
3, 252, 0.0133, 0.0002, 100.000, 100.000, 0.984, 0.596, 
[840] Train acc: 0.9531
3, 252, 0.0715, 0.0003, 95.312, 100.000, 0.981, 0.644, 
[855] Train acc: 1.0000
3, 252, 0.0085, 0.0003, 100.000, 100.000, 0.978, 0.711, 
[870] Train acc: 1.0000
3, 252, 0.0084, 0.0003, 100.000, 100.000, 0.981, 0.694, 
[885] Train acc: 1.0000
3, 252, 0.0144, 0.0003, 100.000, 100.000, 0.983, 0.680, 
[900] Train acc: 0.9844
3, 252, 0.0241, 0.0003, 98.438, 100.000, 0.981, 0.687, 
[915] Train acc: 0.9531
3, 252, 0.2423, 0.0003, 95.312, 100.000, 0.983, 0.682, 
[930] Train acc: 0.9844
3, 252, 0.0708, 0.0003, 98.438, 100.000, 0.987, 0.649, 
[0] Train acc: 0.9844
4, 252, 0.0484, 0.0003, 98.438, 100.000, 0.985, 0.674, 
[15] Train acc: 1.0000
4, 252, 0.0244, 0.0003, 100.000, 100.000, 0.983, 0.658, 
[30] Train acc: 0.9844
4, 252, 0.0416, 0.0003, 98.438, 100.000, 0.981, 0.648, 
[45] Train acc: 1.0000
4, 252, 0.0063, 0.0003, 100.000, 100.000, 0.985, 0.657, 
[60] Train acc: 1.0000
4, 252, 0.0215, 0.0003, 100.000, 100.000, 0.984, 0.662, 
[75] Train acc: 1.0000
4, 252, 0.0432, 0.0003, 100.000, 100.000, 0.972, 0.665, 
[90] Train acc: 0.9844
4, 252, 0.0448, 0.0002, 98.438, 100.000, 0.985, 0.570, 
[105] Train acc: 1.0000
4, 252, 0.0111, 0.0002, 100.000, 100.000, 0.984, 0.603, 
[120] Train acc: 0.9844
4, 252, 0.0530, 0.0003, 98.438, 100.000, 0.982, 0.671, 
[135] Train acc: 0.9844
4, 252, 0.0300, 0.0003, 98.438, 100.000, 0.985, 0.643, 
[150] Train acc: 0.9688
4, 252, 0.0593, 0.0002, 96.875, 100.000, 0.985, 0.617, 
[165] Train acc: 1.0000
4, 252, 0.0173, 0.0003, 100.000, 100.000, 0.982, 0.652, 
[180] Train acc: 0.9844
4, 252, 0.1133, 0.0002, 98.438, 100.000, 0.985, 0.604, 
[195] Train acc: 1.0000
4, 252, 0.0079, 0.0003, 100.000, 100.000, 0.983, 0.621, 
[210] Train acc: 0.9531
4, 252, 0.1191, 0.0003, 95.312, 100.000, 0.980, 0.614, 
[225] Train acc: 1.0000
4, 252, 0.0161, 0.0003, 100.000, 100.000, 0.985, 0.662, 
[240] Train acc: 1.0000
4, 252, 0.0187, 0.0003, 100.000, 100.000, 0.982, 0.663, 
[255] Train acc: 0.9844
4, 252, 0.1243, 0.0003, 98.438, 98.438, 0.983, 0.632, 
[270] Train acc: 1.0000
4, 252, 0.0103, 0.0002, 100.000, 100.000, 0.986, 0.601, 
[285] Train acc: 0.9688
4, 252, 0.0890, 0.0002, 96.875, 100.000, 0.986, 0.585, 
[300] Train acc: 1.0000
4, 252, 0.0147, 0.0003, 100.000, 100.000, 0.981, 0.611, 
[315] Train acc: 1.0000
4, 252, 0.0182, 0.0002, 100.000, 100.000, 0.985, 0.623, 
[330] Train acc: 1.0000
4, 252, 0.0325, 0.0003, 100.000, 100.000, 0.985, 0.630, 
[345] Train acc: 0.9531
4, 252, 0.0922, 0.0003, 95.312, 100.000, 0.983, 0.650, 
[360] Train acc: 0.9688
4, 252, 0.0669, 0.0003, 96.875, 100.000, 0.979, 0.670, 
[375] Train acc: 1.0000
4, 252, 0.0089, 0.0003, 100.000, 100.000, 0.987, 0.677, 
[390] Train acc: 1.0000
4, 252, 0.0179, 0.0003, 100.000, 100.000, 0.985, 0.634, 
[405] Train acc: 1.0000
4, 252, 0.0076, 0.0003, 100.000, 100.000, 0.982, 0.641, 
[420] Train acc: 0.9688
4, 252, 0.0540, 0.0003, 96.875, 100.000, 0.982, 0.609, 
[435] Train acc: 0.9688
4, 252, 0.0744, 0.0003, 96.875, 100.000, 0.984, 0.629, 
[450] Train acc: 1.0000
4, 252, 0.0152, 0.0003, 100.000, 100.000, 0.983, 0.627, 
[465] Train acc: 0.9844
4, 252, 0.0753, 0.0002, 98.438, 100.000, 0.985, 0.640, 
[480] Train acc: 0.9688
4, 252, 0.0678, 0.0002, 96.875, 100.000, 0.984, 0.605, 
[495] Train acc: 0.9844
4, 252, 0.0385, 0.0003, 98.438, 100.000, 0.985, 0.643, 
[510] Train acc: 0.9531
4, 252, 0.0576, 0.0003, 95.312, 100.000, 0.987, 0.648, 
[525] Train acc: 1.0000
4, 252, 0.0055, 0.0002, 100.000, 100.000, 0.985, 0.602, 
[540] Train acc: 1.0000
4, 252, 0.0088, 0.0003, 100.000, 100.000, 0.980, 0.602, 
[555] Train acc: 0.9844
4, 252, 0.0672, 0.0002, 98.438, 100.000, 0.984, 0.576, 
[570] Train acc: 1.0000
4, 252, 0.0215, 0.0003, 100.000, 100.000, 0.982, 0.585, 
[585] Train acc: 0.9531
4, 252, 0.1056, 0.0002, 95.312, 100.000, 0.986, 0.626, 
[600] Train acc: 1.0000
4, 252, 0.0105, 0.0002, 100.000, 100.000, 0.987, 0.605, 
[615] Train acc: 0.9844
4, 252, 0.0304, 0.0002, 98.438, 100.000, 0.986, 0.558, 
[630] Train acc: 0.9531
4, 252, 0.1299, 0.0002, 95.312, 100.000, 0.983, 0.627, 
[645] Train acc: 1.0000
4, 252, 0.0146, 0.0002, 100.000, 100.000, 0.985, 0.567, 
[660] Train acc: 1.0000
4, 252, 0.0169, 0.0002, 100.000, 100.000, 0.987, 0.596, 
[675] Train acc: 0.9688
4, 252, 0.0538, 0.0002, 96.875, 100.000, 0.986, 0.593, 
[690] Train acc: 0.9844
4, 252, 0.0774, 0.0002, 98.438, 100.000, 0.983, 0.588, 
[705] Train acc: 1.0000
4, 252, 0.0300, 0.0002, 100.000, 100.000, 0.986, 0.562, 
[720] Train acc: 0.9844
4, 252, 0.0937, 0.0002, 98.438, 100.000, 0.983, 0.562, 
[735] Train acc: 1.0000
4, 252, 0.0191, 0.0002, 100.000, 100.000, 0.980, 0.554, 
[750] Train acc: 1.0000
4, 252, 0.0044, 0.0002, 100.000, 100.000, 0.983, 0.540, 
[765] Train acc: 0.9531
4, 252, 0.0958, 0.0002, 95.312, 100.000, 0.985, 0.566, 
[780] Train acc: 0.9688
4, 252, 0.0661, 0.0002, 96.875, 100.000, 0.985, 0.572, 
[795] Train acc: 0.9531
4, 252, 0.1070, 0.0002, 95.312, 100.000, 0.983, 0.580, 
[810] Train acc: 1.0000
4, 252, 0.0131, 0.0002, 100.000, 100.000, 0.985, 0.606, 
[825] Train acc: 0.9688
4, 252, 0.0316, 0.0002, 96.875, 100.000, 0.985, 0.582, 
[840] Train acc: 1.0000
4, 252, 0.0235, 0.0002, 100.000, 100.000, 0.986, 0.589, 
[855] Train acc: 1.0000
4, 252, 0.0032, 0.0002, 100.000, 100.000, 0.986, 0.603, 
[870] Train acc: 0.9844
4, 252, 0.0457, 0.0003, 98.438, 100.000, 0.983, 0.614, 
[885] Train acc: 1.0000
4, 252, 0.0180, 0.0002, 100.000, 100.000, 0.983, 0.590, 
[900] Train acc: 0.9844
4, 252, 0.0469, 0.0003, 98.438, 100.000, 0.980, 0.615, 
[915] Train acc: 1.0000
4, 252, 0.0054, 0.0002, 100.000, 100.000, 0.987, 0.556, 
[930] Train acc: 0.9688
4, 252, 0.1351, 0.0002, 96.875, 100.000, 0.988, 0.604, 
[0] Train acc: 0.9531
5, 252, 0.1104, 0.0003, 95.312, 100.000, 0.982, 0.624, 
[15] Train acc: 0.9844
5, 252, 0.0755, 0.0002, 98.438, 100.000, 0.987, 0.614, 
[30] Train acc: 1.0000
5, 252, 0.0264, 0.0002, 100.000, 100.000, 0.988, 0.566, 
[45] Train acc: 0.9531
5, 252, 0.0984, 0.0002, 95.312, 100.000, 0.986, 0.568, 
[60] Train acc: 1.0000
5, 252, 0.0236, 0.0002, 100.000, 100.000, 0.983, 0.560, 
[75] Train acc: 0.9844
5, 252, 0.0256, 0.0002, 98.438, 100.000, 0.988, 0.560, 
[90] Train acc: 0.9531
5, 252, 0.1569, 0.0003, 95.312, 100.000, 0.984, 0.622, 
[105] Train acc: 0.9844
5, 252, 0.0473, 0.0002, 98.438, 100.000, 0.987, 0.606, 
[120] Train acc: 1.0000
5, 252, 0.0015, 0.0002, 100.000, 100.000, 0.986, 0.639, 
[135] Train acc: 0.9844
5, 252, 0.0393, 0.0002, 98.438, 100.000, 0.988, 0.623, 
[150] Train acc: 1.0000
5, 252, 0.0231, 0.0002, 100.000, 100.000, 0.988, 0.584, 
[165] Train acc: 0.9844
5, 252, 0.0324, 0.0002, 98.438, 100.000, 0.984, 0.624, 
[180] Train acc: 0.9844
5, 252, 0.0189, 0.0002, 98.438, 100.000, 0.985, 0.603, 
[195] Train acc: 1.0000
5, 252, 0.0243, 0.0002, 100.000, 100.000, 0.986, 0.583, 
[210] Train acc: 0.9688
5, 252, 0.2014, 0.0002, 96.875, 98.438, 0.986, 0.616, 
[225] Train acc: 0.9688
5, 252, 0.0636, 0.0002, 96.875, 100.000, 0.981, 0.570, 
[240] Train acc: 0.9844
5, 252, 0.0409, 0.0002, 98.438, 100.000, 0.988, 0.572, 
[255] Train acc: 0.9844
5, 252, 0.0414, 0.0002, 98.438, 100.000, 0.985, 0.618, 
[270] Train acc: 1.0000
5, 252, 0.0077, 0.0002, 100.000, 100.000, 0.984, 0.589, 
[285] Train acc: 0.9844
5, 252, 0.0314, 0.0002, 98.438, 100.000, 0.986, 0.606, 
[300] Train acc: 0.9688
5, 252, 0.0770, 0.0002, 96.875, 100.000, 0.987, 0.617, 
[315] Train acc: 0.9688
5, 252, 0.0528, 0.0002, 96.875, 100.000, 0.986, 0.595, 
[330] Train acc: 0.9844
5, 252, 0.0357, 0.0002, 98.438, 100.000, 0.986, 0.593, 
[345] Train acc: 1.0000
5, 252, 0.0078, 0.0002, 100.000, 100.000, 0.986, 0.596, 
[360] Train acc: 1.0000
5, 252, 0.0062, 0.0002, 100.000, 100.000, 0.988, 0.580, 
[375] Train acc: 1.0000
5, 252, 0.0182, 0.0002, 100.000, 100.000, 0.985, 0.543, 
[390] Train acc: 0.9844
5, 252, 0.0347, 0.0002, 98.438, 100.000, 0.986, 0.534, 
[405] Train acc: 0.9844
5, 252, 0.0357, 0.0002, 98.438, 100.000, 0.986, 0.520, 
[420] Train acc: 0.9844
5, 252, 0.0288, 0.0002, 98.438, 100.000, 0.987, 0.500, 
[435] Train acc: 1.0000
5, 252, 0.0384, 0.0002, 100.000, 100.000, 0.987, 0.459, 
[450] Train acc: 0.9688
5, 252, 0.0746, 0.0002, 96.875, 100.000, 0.986, 0.514, 
[465] Train acc: 0.9531
5, 252, 0.2299, 0.0003, 95.312, 100.000, 0.985, 0.598, 
[480] Train acc: 1.0000
5, 252, 0.0095, 0.0002, 100.000, 100.000, 0.985, 0.593, 
[495] Train acc: 0.9688
5, 252, 0.0636, 0.0002, 96.875, 100.000, 0.985, 0.603, 
[510] Train acc: 0.9531
5, 252, 0.0753, 0.0002, 95.312, 100.000, 0.987, 0.586, 
[525] Train acc: 0.9688
5, 252, 0.0763, 0.0002, 96.875, 100.000, 0.988, 0.491, 
[540] Train acc: 0.9688
5, 252, 0.1208, 0.0002, 96.875, 100.000, 0.988, 0.495, 
[555] Train acc: 0.9844
5, 252, 0.0301, 0.0002, 98.438, 100.000, 0.990, 0.528, 
[570] Train acc: 1.0000
5, 252, 0.0098, 0.0002, 100.000, 100.000, 0.986, 0.524, 
[585] Train acc: 1.0000
5, 252, 0.0090, 0.0002, 100.000, 100.000, 0.985, 0.529, 
[600] Train acc: 1.0000
5, 252, 0.0170, 0.0002, 100.000, 100.000, 0.985, 0.566, 
[615] Train acc: 0.9844
5, 252, 0.0246, 0.0002, 98.438, 100.000, 0.988, 0.576, 
[630] Train acc: 0.9219
5, 252, 0.1508, 0.0002, 92.188, 100.000, 0.987, 0.540, 
[645] Train acc: 1.0000
5, 252, 0.0039, 0.0002, 100.000, 100.000, 0.987, 0.526, 
[660] Train acc: 1.0000
5, 252, 0.0033, 0.0002, 100.000, 100.000, 0.987, 0.534, 
[675] Train acc: 1.0000
5, 252, 0.0219, 0.0002, 100.000, 100.000, 0.987, 0.562, 
[690] Train acc: 1.0000
5, 252, 0.0031, 0.0002, 100.000, 100.000, 0.986, 0.564, 
[705] Train acc: 1.0000
5, 252, 0.0078, 0.0002, 100.000, 100.000, 0.988, 0.554, 
[720] Train acc: 0.9844
5, 252, 0.0540, 0.0002, 98.438, 100.000, 0.986, 0.571, 
[735] Train acc: 0.9844
5, 252, 0.0684, 0.0002, 98.438, 100.000, 0.987, 0.544, 
[750] Train acc: 1.0000
5, 252, 0.0082, 0.0002, 100.000, 100.000, 0.986, 0.504, 
[765] Train acc: 1.0000
5, 252, 0.0112, 0.0002, 100.000, 100.000, 0.983, 0.582, 
[780] Train acc: 0.9531
5, 252, 0.2455, 0.0002, 95.312, 100.000, 0.988, 0.580, 
[795] Train acc: 0.9688
5, 252, 0.0589, 0.0002, 96.875, 100.000, 0.988, 0.574, 
[810] Train acc: 0.9844
5, 252, 0.0220, 0.0002, 98.438, 100.000, 0.986, 0.554, 
[825] Train acc: 1.0000
5, 252, 0.0090, 0.0002, 100.000, 100.000, 0.983, 0.527, 
[840] Train acc: 0.9844
5, 252, 0.0306, 0.0002, 98.438, 100.000, 0.987, 0.534, 
[855] Train acc: 1.0000
5, 252, 0.0127, 0.0002, 100.000, 100.000, 0.985, 0.497, 
[870] Train acc: 0.9688
5, 252, 0.1107, 0.0002, 96.875, 100.000, 0.980, 0.482, 
[885] Train acc: 1.0000
5, 252, 0.0024, 0.0002, 100.000, 100.000, 0.987, 0.556, 
[900] Train acc: 1.0000
5, 252, 0.0236, 0.0002, 100.000, 100.000, 0.987, 0.560, 
[915] Train acc: 0.9844
5, 252, 0.0203, 0.0002, 98.438, 100.000, 0.987, 0.582, 
[930] Train acc: 0.9844
5, 252, 0.0435, 0.0002, 98.438, 100.000, 0.986, 0.613, 
[0] Train acc: 1.0000
6, 252, 0.0085, 0.0002, 100.000, 100.000, 0.985, 0.543, 
[15] Train acc: 1.0000
6, 252, 0.0074, 0.0002, 100.000, 100.000, 0.990, 0.554, 
[30] Train acc: 0.9844
6, 252, 0.0378, 0.0002, 98.438, 100.000, 0.986, 0.606, 
[45] Train acc: 1.0000
6, 252, 0.0035, 0.0002, 100.000, 100.000, 0.989, 0.598, 
[60] Train acc: 1.0000
6, 252, 0.0291, 0.0002, 100.000, 100.000, 0.987, 0.560, 
[75] Train acc: 1.0000
6, 252, 0.0240, 0.0002, 100.000, 100.000, 0.986, 0.532, 
[90] Train acc: 1.0000
6, 252, 0.0225, 0.0002, 100.000, 100.000, 0.987, 0.516, 
[105] Train acc: 0.9688
6, 252, 0.0429, 0.0002, 96.875, 100.000, 0.987, 0.510, 
[120] Train acc: 0.9844
6, 252, 0.0526, 0.0002, 98.438, 100.000, 0.988, 0.479, 
[135] Train acc: 1.0000
6, 252, 0.0031, 0.0002, 100.000, 100.000, 0.988, 0.474, 
[150] Train acc: 1.0000
6, 252, 0.0227, 0.0002, 100.000, 100.000, 0.986, 0.514, 
[165] Train acc: 1.0000
6, 252, 0.0111, 0.0002, 100.000, 100.000, 0.986, 0.521, 
[180] Train acc: 1.0000
6, 252, 0.0106, 0.0002, 100.000, 100.000, 0.988, 0.492, 
[195] Train acc: 0.9688
6, 252, 0.0541, 0.0002, 96.875, 100.000, 0.988, 0.510, 
[210] Train acc: 0.9844
6, 252, 0.0496, 0.0002, 98.438, 100.000, 0.987, 0.557, 
[225] Train acc: 0.9688
6, 252, 0.0520, 0.0002, 96.875, 100.000, 0.989, 0.541, 
[240] Train acc: 1.0000
6, 252, 0.0066, 0.0002, 100.000, 100.000, 0.986, 0.538, 
[255] Train acc: 0.9844
6, 252, 0.0878, 0.0002, 98.438, 100.000, 0.987, 0.545, 
[270] Train acc: 1.0000
6, 252, 0.0132, 0.0002, 100.000, 100.000, 0.988, 0.571, 
[285] Train acc: 0.9688
6, 252, 0.0930, 0.0002, 96.875, 100.000, 0.988, 0.537, 
[300] Train acc: 0.9844
6, 252, 0.1033, 0.0002, 98.438, 100.000, 0.985, 0.608, 
[315] Train acc: 1.0000
6, 252, 0.0046, 0.0002, 100.000, 100.000, 0.988, 0.547, 
[330] Train acc: 0.9844
6, 252, 0.0216, 0.0002, 98.438, 100.000, 0.988, 0.553, 
[345] Train acc: 0.9688
6, 252, 0.1465, 0.0002, 96.875, 100.000, 0.989, 0.556, 
[360] Train acc: 0.9844
6, 252, 0.0298, 0.0002, 98.438, 100.000, 0.990, 0.566, 
[375] Train acc: 0.9844
6, 252, 0.0448, 0.0003, 98.438, 100.000, 0.984, 0.603, 
[390] Train acc: 0.9844
6, 252, 0.0541, 0.0002, 98.438, 100.000, 0.987, 0.569, 
[405] Train acc: 1.0000
6, 252, 0.0164, 0.0002, 100.000, 100.000, 0.984, 0.574, 
[420] Train acc: 1.0000
6, 252, 0.0045, 0.0002, 100.000, 100.000, 0.985, 0.564, 
[435] Train acc: 1.0000
6, 252, 0.0035, 0.0002, 100.000, 100.000, 0.988, 0.559, 
[450] Train acc: 1.0000
6, 252, 0.0090, 0.0002, 100.000, 100.000, 0.986, 0.547, 
[465] Train acc: 0.9844
6, 252, 0.0272, 0.0002, 98.438, 100.000, 0.989, 0.578, 
[480] Train acc: 1.0000
6, 252, 0.0067, 0.0002, 100.000, 100.000, 0.988, 0.589, 
[495] Train acc: 1.0000
6, 252, 0.0115, 0.0002, 100.000, 100.000, 0.987, 0.558, 
[510] Train acc: 0.9688
6, 252, 0.1064, 0.0002, 96.875, 100.000, 0.986, 0.541, 
[525] Train acc: 0.9688
6, 252, 0.0514, 0.0002, 96.875, 100.000, 0.991, 0.554, 
[540] Train acc: 0.9844
6, 252, 0.0582, 0.0002, 98.438, 100.000, 0.986, 0.577, 
[555] Train acc: 1.0000
6, 252, 0.0139, 0.0002, 100.000, 100.000, 0.989, 0.526, 
[570] Train acc: 0.9688
6, 252, 0.0436, 0.0002, 96.875, 100.000, 0.989, 0.503, 
[585] Train acc: 0.9844
6, 252, 0.0471, 0.0002, 98.438, 100.000, 0.988, 0.529, 
[600] Train acc: 1.0000
6, 252, 0.0010, 0.0002, 100.000, 100.000, 0.986, 0.532, 
[615] Train acc: 1.0000
6, 252, 0.0274, 0.0002, 100.000, 100.000, 0.989, 0.454, 
[630] Train acc: 0.9844
6, 252, 0.0533, 0.0002, 98.438, 100.000, 0.981, 0.483, 
[645] Train acc: 1.0000
6, 252, 0.0045, 0.0002, 100.000, 100.000, 0.989, 0.456, 
[660] Train acc: 1.0000
6, 252, 0.0103, 0.0002, 100.000, 100.000, 0.988, 0.475, 
[675] Train acc: 1.0000
6, 252, 0.0031, 0.0002, 100.000, 100.000, 0.990, 0.498, 
[690] Train acc: 1.0000
6, 252, 0.0067, 0.0002, 100.000, 100.000, 0.988, 0.484, 
[705] Train acc: 1.0000
6, 252, 0.0077, 0.0002, 100.000, 100.000, 0.986, 0.504, 
[720] Train acc: 0.9844
6, 252, 0.0290, 0.0002, 98.438, 100.000, 0.985, 0.511, 
[735] Train acc: 0.9844
6, 252, 0.0469, 0.0002, 98.438, 100.000, 0.988, 0.481, 
[750] Train acc: 0.9844
6, 252, 0.0277, 0.0002, 98.438, 100.000, 0.990, 0.539, 
[765] Train acc: 1.0000
6, 252, 0.0017, 0.0002, 100.000, 100.000, 0.989, 0.555, 
[780] Train acc: 1.0000
6, 252, 0.0126, 0.0002, 100.000, 100.000, 0.987, 0.533, 
[795] Train acc: 0.9844
6, 252, 0.0272, 0.0002, 98.438, 100.000, 0.988, 0.515, 
[810] Train acc: 1.0000
6, 252, 0.0162, 0.0002, 100.000, 100.000, 0.988, 0.483, 
[825] Train acc: 0.9688
6, 252, 0.0488, 0.0002, 96.875, 100.000, 0.988, 0.536, 
[840] Train acc: 0.9844
6, 252, 0.0506, 0.0002, 98.438, 100.000, 0.987, 0.527, 
[855] Train acc: 1.0000
6, 252, 0.0059, 0.0002, 100.000, 100.000, 0.987, 0.515, 
[870] Train acc: 1.0000
6, 252, 0.0069, 0.0002, 100.000, 100.000, 0.987, 0.476, 
[885] Train acc: 0.9688
6, 252, 0.0715, 0.0002, 96.875, 100.000, 0.987, 0.521, 
[900] Train acc: 1.0000
6, 252, 0.0087, 0.0002, 100.000, 100.000, 0.989, 0.513, 
[915] Train acc: 1.0000
6, 252, 0.0105, 0.0002, 100.000, 100.000, 0.988, 0.520, 
[930] Train acc: 1.0000
6, 252, 0.0081, 0.0002, 100.000, 100.000, 0.987, 0.526, 
[0] Train acc: 1.0000, Constr acc: 0.7812, CE loss: 0.005, DL2 loss: 7.404
7, 252, 0.0049, 0.0010, 100.000, 100.000, 0.736, 0.680, 
[15] Train acc: 1.0000, Constr acc: 0.9375, CE loss: 0.014, DL2 loss: 3.546
7, 251, 0.0137, 0.0003, 100.000, 100.000, 0.975, 0.583, 
[30] Train acc: 0.9844, Constr acc: 0.9375, CE loss: 0.031, DL2 loss: 2.088
7, 250, 0.0315, 0.0002, 98.438, 100.000, 0.980, 0.556, 
[45] Train acc: 0.9844, Constr acc: 0.9062, CE loss: 0.062, DL2 loss: 2.357
7, 249, 0.0617, 0.0002, 98.438, 100.000, 0.980, 0.457, 
[60] Train acc: 1.0000, Constr acc: 0.8438, CE loss: 0.007, DL2 loss: 5.326
7, 248, 0.0065, 0.0009, 100.000, 100.000, 0.706, 0.656, 
[75] Train acc: 0.9219, Constr acc: 0.8438, CE loss: 0.312, DL2 loss: 4.658
7, 247, 0.3119, 0.0004, 92.188, 100.000, 0.878, 0.627, 
[90] Train acc: 1.0000, Constr acc: 0.8750, CE loss: 0.049, DL2 loss: 3.612
7, 246, 0.0487, 0.0004, 100.000, 100.000, 0.934, 0.620, 
[105] Train acc: 0.9688, Constr acc: 0.8125, CE loss: 0.122, DL2 loss: 6.738
7, 245, 0.1220, 0.0003, 96.875, 100.000, 0.933, 0.631, 
[120] Train acc: 0.9688, Constr acc: 0.9688, CE loss: 0.092, DL2 loss: 0.128
7, 244, 0.0919, 0.0003, 96.875, 100.000, 0.972, 0.664, 
[135] Train acc: 0.9844, Constr acc: 0.9688, CE loss: 0.023, DL2 loss: 0.682
7, 243, 0.0231, 0.0002, 98.438, 100.000, 0.973, 0.492, 
[150] Train acc: 0.9844, Constr acc: 0.7500, CE loss: 0.080, DL2 loss: 11.925
7, 242, 0.0805, 0.0004, 98.438, 100.000, 0.939, 0.625, 
[165] Train acc: 0.9688, Constr acc: 0.9062, CE loss: 0.069, DL2 loss: 4.653
7, 241, 0.0693, 0.0003, 96.875, 100.000, 0.962, 0.595, 
[180] Train acc: 0.9688, Constr acc: 0.9688, CE loss: 0.100, DL2 loss: 0.828
7, 240, 0.0997, 0.0002, 96.875, 100.000, 0.972, 0.493, 
[195] Train acc: 0.9219, Constr acc: 0.7500, CE loss: 0.236, DL2 loss: 10.067
7, 239, 0.2359, 0.0003, 92.188, 100.000, 0.960, 0.571, 
[210] Train acc: 0.6875, Constr acc: 0.6250, CE loss: 2.667, DL2 loss: 14.937
7, 238, 2.6669, 0.0004, 68.750, 100.000, 0.919, 0.653, 
[225] Train acc: 0.9688, Constr acc: 0.8750, CE loss: 0.121, DL2 loss: 4.598
7, 237, 0.1207, 0.0003, 96.875, 100.000, 0.961, 0.671, 
[240] Train acc: 0.9219, Constr acc: 0.8750, CE loss: 0.396, DL2 loss: 4.606
7, 236, 0.3958, 0.0004, 92.188, 100.000, 0.934, 0.660, 
[255] Train acc: 0.9531, Constr acc: 0.9062, CE loss: 0.063, DL2 loss: 2.008
7, 235, 0.0627, 0.0003, 95.312, 100.000, 0.964, 0.612, 
[270] Train acc: 0.9844, Constr acc: 0.8438, CE loss: 0.063, DL2 loss: 7.342
7, 234, 0.0630, 0.0004, 98.438, 100.000, 0.943, 0.625, 
[285] Train acc: 0.9688, Constr acc: 0.6562, CE loss: 0.078, DL2 loss: 10.184
7, 233, 0.0784, 0.0003, 96.875, 100.000, 0.967, 0.541, 
[300] Train acc: 0.9844, Constr acc: 0.8750, CE loss: 0.069, DL2 loss: 4.577
7, 232, 0.0692, 0.0002, 98.438, 100.000, 0.965, 0.416, 
[315] Train acc: 0.9844, Constr acc: 0.9375, CE loss: 0.045, DL2 loss: 3.295
7, 231, 0.0445, 0.0002, 98.438, 100.000, 0.967, 0.424, 
[330] Train acc: 0.8594, Constr acc: 0.7500, CE loss: 0.315, DL2 loss: 5.229
7, 230, 0.3155, 0.0005, 85.938, 100.000, 0.868, 0.552, 
[345] Train acc: 0.9531, Constr acc: 0.8750, CE loss: 0.274, DL2 loss: 2.553
7, 229, 0.2740, 0.0002, 95.312, 100.000, 0.973, 0.509, 
[360] Train acc: 0.9375, Constr acc: 0.8750, CE loss: 0.108, DL2 loss: 4.547
7, 228, 0.1081, 0.0002, 93.750, 100.000, 0.975, 0.518, 
[375] Train acc: 0.9219, Constr acc: 0.9688, CE loss: 0.321, DL2 loss: 2.467
7, 227, 0.3208, 0.0002, 92.188, 100.000, 0.970, 0.382, 
[390] Train acc: 0.9688, Constr acc: 0.9062, CE loss: 0.050, DL2 loss: 3.415
7, 226, 0.0500, 0.0002, 96.875, 100.000, 0.975, 0.437, 
[405] Train acc: 0.9375, Constr acc: 0.9375, CE loss: 0.143, DL2 loss: 2.428
7, 225, 0.1430, 0.0003, 93.750, 98.438, 0.931, 0.514, 
[420] Train acc: 0.9688, Constr acc: 0.9375, CE loss: 0.085, DL2 loss: 1.417
7, 224, 0.0847, 0.0002, 96.875, 100.000, 0.971, 0.491, 
[435] Train acc: 0.9688, Constr acc: 0.8750, CE loss: 0.227, DL2 loss: 2.439
7, 223, 0.2265, 0.0003, 96.875, 100.000, 0.951, 0.596, 
[450] Train acc: 1.0000, Constr acc: 0.8750, CE loss: 0.021, DL2 loss: 5.654
7, 222, 0.0207, 0.0003, 100.000, 100.000, 0.964, 0.552, 
[465] Train acc: 0.9844, Constr acc: 0.8125, CE loss: 0.040, DL2 loss: 6.950
7, 221, 0.0399, 0.0003, 98.438, 100.000, 0.959, 0.563, 
[480] Train acc: 0.9375, Constr acc: 0.8750, CE loss: 0.312, DL2 loss: 5.292
7, 220, 0.3116, 0.0002, 93.750, 98.438, 0.971, 0.438, 
[495] Train acc: 0.9844, Constr acc: 0.9688, CE loss: 0.020, DL2 loss: 0.672
7, 219, 0.0197, 0.0002, 98.438, 100.000, 0.970, 0.388, 
[510] Train acc: 0.9688, Constr acc: 0.8438, CE loss: 0.084, DL2 loss: 5.293
7, 218, 0.0835, 0.0002, 96.875, 100.000, 0.962, 0.396, 
[525] Train acc: 0.9375, Constr acc: 0.9688, CE loss: 0.123, DL2 loss: 1.170
7, 217, 0.1227, 0.0002, 93.750, 100.000, 0.974, 0.503, 
[540] Train acc: 0.9844, Constr acc: 0.9062, CE loss: 0.032, DL2 loss: 3.195
7, 216, 0.0319, 0.0003, 98.438, 100.000, 0.960, 0.519, 
[555] Train acc: 0.9375, Constr acc: 0.8438, CE loss: 0.192, DL2 loss: 6.258
7, 215, 0.1923, 0.0002, 93.750, 100.000, 0.968, 0.467, 
[570] Train acc: 0.9844, Constr acc: 0.9375, CE loss: 0.049, DL2 loss: 3.079
7, 214, 0.0487, 0.0003, 98.438, 100.000, 0.969, 0.547, 
[585] Train acc: 0.9688, Constr acc: 0.9375, CE loss: 0.059, DL2 loss: 2.196
7, 213, 0.0592, 0.0003, 96.875, 100.000, 0.973, 0.567, 
[600] Train acc: 0.9844, Constr acc: 0.8750, CE loss: 0.039, DL2 loss: 4.365
7, 212, 0.0387, 0.0003, 98.438, 100.000, 0.958, 0.553, 
[615] Train acc: 1.0000, Constr acc: 0.9062, CE loss: 0.007, DL2 loss: 3.448
7, 211, 0.0072, 0.0002, 100.000, 100.000, 0.974, 0.516, 
[630] Train acc: 0.9531, Constr acc: 0.9062, CE loss: 0.055, DL2 loss: 4.383
7, 210, 0.0552, 0.0003, 95.312, 100.000, 0.973, 0.575, 
[645] Train acc: 0.9531, Constr acc: 0.7812, CE loss: 0.114, DL2 loss: 4.269
7, 209, 0.1143, 0.0002, 95.312, 100.000, 0.972, 0.520, 
[660] Train acc: 1.0000, Constr acc: 0.9062, CE loss: 0.006, DL2 loss: 3.613
7, 208, 0.0059, 0.0002, 100.000, 100.000, 0.973, 0.550, 
[675] Train acc: 0.9844, Constr acc: 0.7812, CE loss: 0.087, DL2 loss: 11.914
7, 207, 0.0873, 0.0002, 98.438, 100.000, 0.967, 0.427, 
[690] Train acc: 0.9844, Constr acc: 0.9062, CE loss: 0.027, DL2 loss: 3.864
7, 206, 0.0274, 0.0002, 98.438, 100.000, 0.977, 0.430, 
[705] Train acc: 0.9844, Constr acc: 0.9375, CE loss: 0.027, DL2 loss: 2.518
7, 205, 0.0275, 0.0003, 98.438, 100.000, 0.962, 0.559, 
[720] Train acc: 0.9844, Constr acc: 0.9062, CE loss: 0.036, DL2 loss: 2.023
7, 204, 0.0363, 0.0002, 98.438, 100.000, 0.975, 0.552, 
[735] Train acc: 0.9688, Constr acc: 0.9062, CE loss: 0.078, DL2 loss: 5.765
7, 203, 0.0781, 0.0002, 96.875, 100.000, 0.971, 0.468, 
[750] Train acc: 0.9219, Constr acc: 0.8750, CE loss: 0.302, DL2 loss: 4.803
7, 202, 0.3025, 0.0002, 92.188, 100.000, 0.966, 0.552, 
[765] Train acc: 0.9844, Constr acc: 1.0000, CE loss: 0.043, DL2 loss: 0.000
7, 201, 0.0429, 0.0002, 98.438, 100.000, 0.973, 0.586, 
[780] Train acc: 0.9688, Constr acc: 0.9688, CE loss: 0.066, DL2 loss: 0.128
7, 200, 0.0657, 0.0002, 96.875, 100.000, 0.973, 0.527, 
[795] Train acc: 0.9844, Constr acc: 0.9688, CE loss: 0.057, DL2 loss: 0.401
7, 199, 0.0571, 0.0003, 98.438, 100.000, 0.976, 0.641, 
[810] Train acc: 0.9375, Constr acc: 0.9375, CE loss: 0.130, DL2 loss: 1.483
7, 198, 0.1297, 0.0003, 93.750, 100.000, 0.966, 0.679, 
[825] Train acc: 0.9688, Constr acc: 0.8750, CE loss: 0.071, DL2 loss: 3.720
7, 197, 0.0714, 0.0003, 96.875, 100.000, 0.967, 0.581, 
[840] Train acc: 0.9531, Constr acc: 0.9375, CE loss: 0.091, DL2 loss: 1.606
7, 196, 0.0908, 0.0002, 95.312, 100.000, 0.978, 0.610, 
[855] Train acc: 0.9688, Constr acc: 0.8438, CE loss: 0.051, DL2 loss: 7.472
7, 195, 0.0507, 0.0002, 96.875, 100.000, 0.976, 0.621, 
[870] Train acc: 0.9688, Constr acc: 0.9375, CE loss: 0.070, DL2 loss: 0.502
7, 194, 0.0697, 0.0003, 96.875, 100.000, 0.979, 0.617, 
[885] Train acc: 0.9844, Constr acc: 0.8750, CE loss: 0.025, DL2 loss: 8.206
7, 193, 0.0245, 0.0003, 98.438, 100.000, 0.980, 0.636, 
[900] Train acc: 0.9688, Constr acc: 0.9062, CE loss: 0.145, DL2 loss: 2.880
7, 192, 0.1452, 0.0003, 96.875, 100.000, 0.971, 0.640, 
[915] Train acc: 0.9688, Constr acc: 0.8125, CE loss: 0.081, DL2 loss: 5.625
7, 191, 0.0811, 0.0003, 96.875, 100.000, 0.975, 0.757, 
[930] Train acc: 0.9531, Constr acc: 0.9375, CE loss: 0.197, DL2 loss: 1.562
7, 190, 0.1972, 0.0003, 95.312, 100.000, 0.974, 0.764, 
[0] Train acc: 0.9844, Constr acc: 0.9062, CE loss: 0.086, DL2 loss: 5.648
8, 190, 0.0856, 0.0003, 98.438, 100.000, 0.947, 0.640, 
[15] Train acc: 0.9688, Constr acc: 0.9375, CE loss: 0.131, DL2 loss: 1.595
8, 189, 0.1307, 0.0003, 96.875, 100.000, 0.967, 0.568, 
[30] Train acc: 0.9844, Constr acc: 0.9062, CE loss: 0.038, DL2 loss: 4.564
8, 188, 0.0378, 0.0002, 98.438, 100.000, 0.980, 0.604, 
[45] Train acc: 0.9688, Constr acc: 0.7188, CE loss: 0.085, DL2 loss: 8.396
8, 187, 0.0855, 0.0003, 96.875, 100.000, 0.956, 0.554, 
[60] Train acc: 0.9062, Constr acc: 0.8125, CE loss: 0.264, DL2 loss: 4.813
8, 186, 0.2642, 0.0003, 90.625, 100.000, 0.971, 0.617, 
[75] Train acc: 0.9531, Constr acc: 0.8438, CE loss: 0.114, DL2 loss: 5.194
8, 185, 0.1144, 0.0003, 95.312, 100.000, 0.953, 0.463, 
[90] Train acc: 0.9688, Constr acc: 0.9062, CE loss: 0.131, DL2 loss: 4.324
8, 184, 0.1310, 0.0002, 96.875, 98.438, 0.978, 0.508, 
[105] Train acc: 0.9688, Constr acc: 0.9688, CE loss: 0.104, DL2 loss: 1.413
8, 183, 0.1038, 0.0002, 96.875, 100.000, 0.969, 0.456, 
[120] Train acc: 0.9688, Constr acc: 1.0000, CE loss: 0.156, DL2 loss: 0.000
8, 182, 0.1555, 0.0002, 96.875, 100.000, 0.972, 0.480, 
[135] Train acc: 1.0000, Constr acc: 0.9375, CE loss: 0.002, DL2 loss: 3.097
8, 181, 0.0018, 0.0002, 100.000, 100.000, 0.978, 0.505, 
[150] Train acc: 0.9062, Constr acc: 0.9062, CE loss: 0.739, DL2 loss: 2.323
8, 180, 0.7395, 0.0003, 90.625, 98.438, 0.942, 0.605, 
[165] Train acc: 0.9844, Constr acc: 0.8438, CE loss: 0.033, DL2 loss: 3.914
8, 179, 0.0329, 0.0003, 98.438, 100.000, 0.965, 0.686, 
[180] Train acc: 0.9531, Constr acc: 0.9688, CE loss: 0.102, DL2 loss: 1.158
8, 178, 0.1022, 0.0005, 95.312, 100.000, 0.849, 0.613, 
[195] Train acc: 0.9688, Constr acc: 0.9375, CE loss: 0.189, DL2 loss: 2.510
8, 177, 0.1895, 0.0002, 96.875, 100.000, 0.973, 0.491, 
[210] Train acc: 0.9844, Constr acc: 0.7812, CE loss: 0.039, DL2 loss: 7.495
8, 176, 0.0394, 0.0002, 98.438, 100.000, 0.977, 0.529, 
[225] Train acc: 0.9688, Constr acc: 0.9688, CE loss: 0.072, DL2 loss: 0.138
8, 175, 0.0724, 0.0002, 96.875, 100.000, 0.977, 0.509, 
[240] Train acc: 0.9375, Constr acc: 0.8750, CE loss: 0.137, DL2 loss: 4.238
8, 174, 0.1370, 0.0003, 93.750, 100.000, 0.943, 0.514, 
[255] Train acc: 0.9688, Constr acc: 0.8125, CE loss: 0.190, DL2 loss: 5.893
8, 173, 0.1898, 0.0002, 96.875, 100.000, 0.957, 0.435, 
[270] Train acc: 0.9375, Constr acc: 0.9688, CE loss: 0.254, DL2 loss: 1.264
8, 172, 0.2536, 0.0002, 93.750, 100.000, 0.976, 0.459, 
[285] Train acc: 0.9375, Constr acc: 0.9375, CE loss: 0.204, DL2 loss: 2.099
8, 171, 0.2044, 0.0002, 93.750, 100.000, 0.969, 0.450, 
[300] Train acc: 0.9375, Constr acc: 0.9688, CE loss: 0.245, DL2 loss: 0.316
8, 170, 0.2447, 0.0003, 93.750, 100.000, 0.946, 0.508, 
[315] Train acc: 0.9062, Constr acc: 0.9062, CE loss: 0.431, DL2 loss: 1.975
8, 169, 0.4311, 0.0003, 90.625, 98.438, 0.945, 0.596, 
[330] Train acc: 0.9688, Constr acc: 1.0000, CE loss: 0.096, DL2 loss: 0.000
8, 168, 0.0962, 0.0002, 96.875, 100.000, 0.977, 0.546, 
[345] Train acc: 0.9531, Constr acc: 0.8750, CE loss: 0.149, DL2 loss: 3.425
8, 167, 0.1491, 0.0003, 95.312, 100.000, 0.966, 0.561, 
[360] Train acc: 0.9375, Constr acc: 0.8750, CE loss: 0.351, DL2 loss: 4.131
8, 166, 0.3515, 0.0003, 93.750, 98.438, 0.953, 0.668, 
[375] Train acc: 0.9844, Constr acc: 0.9688, CE loss: 0.026, DL2 loss: 1.730
8, 165, 0.0258, 0.0003, 98.438, 100.000, 0.976, 0.641, 
[390] Train acc: 0.9531, Constr acc: 0.8750, CE loss: 0.110, DL2 loss: 2.553
8, 164, 0.1096, 0.0003, 95.312, 100.000, 0.965, 0.601, 
[405] Train acc: 0.9688, Constr acc: 0.9688, CE loss: 0.096, DL2 loss: 1.720
8, 163, 0.0955, 0.0002, 96.875, 100.000, 0.975, 0.575, 
[420] Train acc: 0.9844, Constr acc: 0.8750, CE loss: 0.029, DL2 loss: 3.809
8, 162, 0.0294, 0.0003, 98.438, 100.000, 0.978, 0.621, 
[435] Train acc: 0.9531, Constr acc: 0.9375, CE loss: 0.217, DL2 loss: 3.090
8, 161, 0.2173, 0.0002, 95.312, 100.000, 0.979, 0.522, 
[450] Train acc: 0.9531, Constr acc: 0.7812, CE loss: 0.180, DL2 loss: 4.107
8, 160, 0.1798, 0.0004, 95.312, 100.000, 0.916, 0.618, 
[465] Train acc: 0.8125, Constr acc: 0.9062, CE loss: 0.699, DL2 loss: 3.465
8, 159, 0.6989, 0.0003, 81.250, 100.000, 0.926, 0.553, 
[480] Train acc: 0.9531, Constr acc: 0.8125, CE loss: 0.108, DL2 loss: 3.443
8, 158, 0.1082, 0.0003, 95.312, 100.000, 0.965, 0.664, 
[495] Train acc: 0.9844, Constr acc: 0.8438, CE loss: 0.037, DL2 loss: 3.711
8, 157, 0.0371, 0.0003, 98.438, 100.000, 0.971, 0.635, 
[510] Train acc: 0.9531, Constr acc: 0.9375, CE loss: 0.184, DL2 loss: 0.684
8, 156, 0.1843, 0.0003, 95.312, 100.000, 0.968, 0.646, 
[525] Train acc: 0.9844, Constr acc: 0.9688, CE loss: 0.045, DL2 loss: 0.587
8, 155, 0.0447, 0.0003, 98.438, 100.000, 0.969, 0.744, 
[540] Train acc: 0.8906, Constr acc: 0.8125, CE loss: 0.283, DL2 loss: 5.358
8, 154, 0.2828, 0.0005, 89.062, 100.000, 0.915, 0.766, 
[555] Train acc: 0.9375, Constr acc: 0.9375, CE loss: 0.154, DL2 loss: 0.794
8, 153, 0.1543, 0.0003, 93.750, 100.000, 0.971, 0.628, 
[570] Train acc: 1.0000, Constr acc: 0.9375, CE loss: 0.020, DL2 loss: 3.284
8, 152, 0.0199, 0.0003, 100.000, 100.000, 0.957, 0.613, 
[585] Train acc: 0.9844, Constr acc: 0.9062, CE loss: 0.047, DL2 loss: 3.313
8, 151, 0.0472, 0.0003, 98.438, 100.000, 0.965, 0.644, 
[600] Train acc: 0.9531, Constr acc: 0.8750, CE loss: 0.170, DL2 loss: 3.317
8, 150, 0.1702, 0.0003, 95.312, 100.000, 0.977, 0.697, 
[615] Train acc: 0.9375, Constr acc: 0.9062, CE loss: 0.174, DL2 loss: 1.917
8, 149, 0.1740, 0.0003, 93.750, 100.000, 0.953, 0.639, 
[630] Train acc: 0.9531, Constr acc: 0.9062, CE loss: 0.176, DL2 loss: 5.105
8, 148, 0.1759, 0.0003, 95.312, 100.000, 0.949, 0.573, 
[645] Train acc: 0.9531, Constr acc: 0.9062, CE loss: 0.114, DL2 loss: 3.462
8, 147, 0.1141, 0.0003, 95.312, 100.000, 0.974, 0.645, 
[660] Train acc: 0.9219, Constr acc: 0.7812, CE loss: 0.142, DL2 loss: 4.792
8, 146, 0.1423, 0.0003, 92.188, 100.000, 0.966, 0.624, 
[675] Train acc: 0.9531, Constr acc: 0.9062, CE loss: 0.105, DL2 loss: 2.868
8, 145, 0.1051, 0.0003, 95.312, 100.000, 0.964, 0.650, 
[690] Train acc: 0.9688, Constr acc: 0.9062, CE loss: 0.063, DL2 loss: 5.635
8, 144, 0.0625, 0.0003, 96.875, 100.000, 0.976, 0.651, 
[705] Train acc: 0.9531, Constr acc: 0.9062, CE loss: 0.266, DL2 loss: 2.001
8, 143, 0.2660, 0.0003, 95.312, 100.000, 0.964, 0.611, 
[720] Train acc: 0.9844, Constr acc: 0.8438, CE loss: 0.049, DL2 loss: 2.680
8, 142, 0.0486, 0.0003, 98.438, 100.000, 0.972, 0.583, 
[735] Train acc: 0.9844, Constr acc: 0.9062, CE loss: 0.018, DL2 loss: 4.515
8, 141, 0.0175, 0.0002, 98.438, 100.000, 0.973, 0.580, 
[750] Train acc: 0.9062, Constr acc: 0.8750, CE loss: 0.203, DL2 loss: 2.329
8, 140, 0.2033, 0.0003, 90.625, 100.000, 0.963, 0.554, 
[765] Train acc: 0.9531, Constr acc: 0.7812, CE loss: 0.108, DL2 loss: 6.367
8, 139, 0.1079, 0.0003, 95.312, 100.000, 0.973, 0.592, 
[780] Train acc: 0.9688, Constr acc: 0.9062, CE loss: 0.142, DL2 loss: 2.338
8, 138, 0.1421, 0.0003, 96.875, 100.000, 0.979, 0.636, 
[795] Train acc: 1.0000, Constr acc: 0.8438, CE loss: 0.011, DL2 loss: 7.298
8, 137, 0.0106, 0.0002, 100.000, 100.000, 0.976, 0.579, 
[810] Train acc: 0.9062, Constr acc: 0.9688, CE loss: 0.295, DL2 loss: 0.385
8, 136, 0.2948, 0.0007, 90.625, 100.000, 0.797, 0.750, 
[825] Train acc: 0.9688, Constr acc: 0.9375, CE loss: 0.063, DL2 loss: 2.855
8, 135, 0.0631, 0.0003, 96.875, 100.000, 0.973, 0.637, 
[840] Train acc: 0.9688, Constr acc: 0.9062, CE loss: 0.075, DL2 loss: 2.617
8, 134, 0.0753, 0.0003, 96.875, 100.000, 0.971, 0.721, 
[855] Train acc: 0.9219, Constr acc: 0.8438, CE loss: 0.166, DL2 loss: 6.720
8, 133, 0.1659, 0.0003, 92.188, 100.000, 0.960, 0.723, 
[870] Train acc: 0.9062, Constr acc: 0.8125, CE loss: 0.245, DL2 loss: 5.293
8, 132, 0.2449, 0.0004, 90.625, 100.000, 0.957, 0.779, 
[885] Train acc: 0.9531, Constr acc: 0.8438, CE loss: 0.132, DL2 loss: 6.180
8, 131, 0.1319, 0.0004, 95.312, 100.000, 0.969, 0.840, 
[900] Train acc: 0.9844, Constr acc: 0.9062, CE loss: 0.068, DL2 loss: 1.034
8, 130, 0.0684, 0.0003, 98.438, 100.000, 0.971, 0.714, 
[915] Train acc: 0.9688, Constr acc: 0.8750, CE loss: 0.062, DL2 loss: 5.530
8, 129, 0.0616, 0.0003, 96.875, 100.000, 0.974, 0.734, 
[930] Train acc: 0.9531, Constr acc: 0.9375, CE loss: 0.070, DL2 loss: 1.719
8, 128, 0.0704, 0.0003, 95.312, 100.000, 0.963, 0.614, 
[0] Train acc: 0.9531, Constr acc: 0.8125, CE loss: 0.105, DL2 loss: 9.688
9, 127, 0.1047, 0.0003, 95.312, 100.000, 0.973, 0.608, 
[15] Train acc: 0.9844, Constr acc: 0.8438, CE loss: 0.039, DL2 loss: 7.813
9, 126, 0.0394, 0.0003, 98.438, 100.000, 0.975, 0.626, 
[30] Train acc: 0.9844, Constr acc: 0.8125, CE loss: 0.018, DL2 loss: 8.541
9, 125, 0.0176, 0.0003, 98.438, 100.000, 0.976, 0.637, 
[45] Train acc: 0.9375, Constr acc: 0.8750, CE loss: 0.156, DL2 loss: 3.413
9, 124, 0.1558, 0.0002, 93.750, 100.000, 0.978, 0.591, 
[60] Train acc: 0.9844, Constr acc: 0.9062, CE loss: 0.030, DL2 loss: 3.461
9, 123, 0.0298, 0.0002, 98.438, 100.000, 0.968, 0.535, 
[75] Train acc: 0.9688, Constr acc: 0.9688, CE loss: 0.050, DL2 loss: 0.098
9, 122, 0.0497, 0.0002, 96.875, 100.000, 0.980, 0.574, 
[90] Train acc: 0.9844, Constr acc: 0.7812, CE loss: 0.041, DL2 loss: 5.573
9, 121, 0.0405, 0.0002, 98.438, 100.000, 0.979, 0.569, 
[105] Train acc: 0.9844, Constr acc: 0.9062, CE loss: 0.025, DL2 loss: 3.851
9, 120, 0.0246, 0.0003, 98.438, 100.000, 0.969, 0.597, 
[120] Train acc: 0.9062, Constr acc: 0.9375, CE loss: 0.395, DL2 loss: 1.935
9, 119, 0.3951, 0.0003, 90.625, 100.000, 0.961, 0.604, 
[135] Train acc: 0.9688, Constr acc: 0.8438, CE loss: 0.073, DL2 loss: 3.882
9, 118, 0.0725, 0.0003, 96.875, 100.000, 0.975, 0.764, 
[150] Train acc: 0.9062, Constr acc: 0.9688, CE loss: 0.171, DL2 loss: 1.463
9, 117, 0.1709, 0.0003, 90.625, 100.000, 0.963, 0.711, 
[165] Train acc: 0.9688, Constr acc: 0.9375, CE loss: 0.098, DL2 loss: 0.775
9, 116, 0.0984, 0.0003, 96.875, 100.000, 0.974, 0.607, 
[180] Train acc: 0.9688, Constr acc: 0.9062, CE loss: 0.080, DL2 loss: 1.205
9, 115, 0.0803, 0.0003, 96.875, 100.000, 0.921, 0.580, 
[195] Train acc: 0.9688, Constr acc: 0.9375, CE loss: 0.100, DL2 loss: 0.934
9, 114, 0.1005, 0.0003, 96.875, 100.000, 0.971, 0.692, 
[210] Train acc: 0.9688, Constr acc: 0.8438, CE loss: 0.107, DL2 loss: 6.727
9, 113, 0.1074, 0.0003, 96.875, 100.000, 0.973, 0.749, 
[225] Train acc: 0.9844, Constr acc: 0.9062, CE loss: 0.062, DL2 loss: 2.935
9, 112, 0.0624, 0.0003, 98.438, 100.000, 0.966, 0.736, 
[240] Train acc: 0.9688, Constr acc: 0.8750, CE loss: 0.065, DL2 loss: 3.798
9, 111, 0.0651, 0.0003, 96.875, 100.000, 0.966, 0.745, 
[255] Train acc: 0.9531, Constr acc: 0.9062, CE loss: 0.096, DL2 loss: 2.863
9, 110, 0.0959, 0.0004, 95.312, 100.000, 0.929, 0.789, 
[270] Train acc: 0.9375, Constr acc: 0.8750, CE loss: 0.214, DL2 loss: 2.090
9, 109, 0.2144, 0.0004, 93.750, 98.438, 0.967, 0.804, 
[285] Train acc: 0.9844, Constr acc: 0.9062, CE loss: 0.065, DL2 loss: 4.844
9, 108, 0.0647, 0.0003, 98.438, 100.000, 0.966, 0.712, 
[300] Train acc: 1.0000, Constr acc: 0.9062, CE loss: 0.029, DL2 loss: 3.271
9, 107, 0.0291, 0.0003, 100.000, 100.000, 0.970, 0.783, 
[315] Train acc: 0.9688, Constr acc: 0.8125, CE loss: 0.125, DL2 loss: 7.657
9, 106, 0.1245, 0.0003, 96.875, 100.000, 0.967, 0.746, 
[330] Train acc: 0.9844, Constr acc: 0.8438, CE loss: 0.065, DL2 loss: 4.360
9, 105, 0.0648, 0.0003, 98.438, 100.000, 0.972, 0.718, 
[345] Train acc: 0.9688, Constr acc: 0.9375, CE loss: 0.095, DL2 loss: 1.558
9, 104, 0.0947, 0.0003, 96.875, 100.000, 0.975, 0.660, 
[360] Train acc: 0.9688, Constr acc: 0.9688, CE loss: 0.092, DL2 loss: 1.208
9, 103, 0.0924, 0.0003, 96.875, 100.000, 0.960, 0.697, 
[375] Train acc: 0.9844, Constr acc: 0.9375, CE loss: 0.057, DL2 loss: 1.110
9, 102, 0.0570, 0.0003, 98.438, 100.000, 0.971, 0.716, 
[390] Train acc: 0.9844, Constr acc: 0.9375, CE loss: 0.062, DL2 loss: 1.450
9, 101, 0.0619, 0.0003, 98.438, 100.000, 0.963, 0.647, 
[405] Train acc: 0.9531, Constr acc: 0.7812, CE loss: 0.090, DL2 loss: 6.350
9, 100, 0.0898, 0.0003, 95.312, 100.000, 0.972, 0.621, 
[420] Train acc: 1.0000, Constr acc: 0.9062, CE loss: 0.021, DL2 loss: 3.943
9, 99, 0.0207, 0.0003, 100.000, 100.000, 0.957, 0.586, 
[435] Train acc: 0.9688, Constr acc: 0.9688, CE loss: 0.116, DL2 loss: 1.676
9, 98, 0.1156, 0.0003, 96.875, 100.000, 0.973, 0.586, 
[450] Train acc: 0.9531, Constr acc: 0.9375, CE loss: 0.314, DL2 loss: 1.607
9, 97, 0.3139, 0.0004, 95.312, 100.000, 0.954, 0.707, 
[465] Train acc: 0.9062, Constr acc: 0.8438, CE loss: 0.130, DL2 loss: 4.832
9, 96, 0.1297, 0.0003, 90.625, 100.000, 0.974, 0.717, 
[480] Train acc: 0.9375, Constr acc: 0.8750, CE loss: 0.210, DL2 loss: 4.325
9, 95, 0.2096, 0.0003, 93.750, 100.000, 0.969, 0.670, 
[495] Train acc: 0.9844, Constr acc: 0.8438, CE loss: 0.049, DL2 loss: 4.887
9, 94, 0.0492, 0.0003, 98.438, 100.000, 0.965, 0.599, 
[510] Train acc: 0.9531, Constr acc: 0.8750, CE loss: 0.171, DL2 loss: 6.044
9, 93, 0.1709, 0.0003, 95.312, 100.000, 0.963, 0.695, 
[525] Train acc: 0.9531, Constr acc: 0.8750, CE loss: 0.131, DL2 loss: 6.471
9, 92, 0.1312, 0.0004, 95.312, 100.000, 0.955, 0.706, 
[540] Train acc: 0.9531, Constr acc: 0.8750, CE loss: 0.144, DL2 loss: 6.825
9, 91, 0.1442, 0.0003, 95.312, 100.000, 0.975, 0.739, 
[555] Train acc: 0.9688, Constr acc: 0.8750, CE loss: 0.209, DL2 loss: 2.826
9, 90, 0.2086, 0.0003, 96.875, 100.000, 0.958, 0.707, 
[570] Train acc: 0.9688, Constr acc: 0.9062, CE loss: 0.068, DL2 loss: 3.087
9, 89, 0.0677, 0.0003, 96.875, 100.000, 0.960, 0.636, 
[585] Train acc: 0.9844, Constr acc: 0.8438, CE loss: 0.025, DL2 loss: 5.515
9, 88, 0.0252, 0.0003, 98.438, 100.000, 0.957, 0.686, 
[600] Train acc: 0.9062, Constr acc: 0.8125, CE loss: 0.354, DL2 loss: 7.619
9, 87, 0.3542, 0.0003, 90.625, 100.000, 0.966, 0.639, 
[615] Train acc: 1.0000, Constr acc: 0.8750, CE loss: 0.038, DL2 loss: 5.136
9, 86, 0.0376, 0.0003, 100.000, 100.000, 0.964, 0.714, 
[630] Train acc: 1.0000, Constr acc: 0.8125, CE loss: 0.011, DL2 loss: 7.082
9, 85, 0.0110, 0.0003, 100.000, 100.000, 0.974, 0.685, 
[645] Train acc: 0.9375, Constr acc: 0.8750, CE loss: 0.171, DL2 loss: 7.241
9, 84, 0.1714, 0.0003, 93.750, 100.000, 0.945, 0.665, 
[660] Train acc: 0.9531, Constr acc: 0.7812, CE loss: 0.223, DL2 loss: 10.751
9, 83, 0.2234, 0.0003, 95.312, 98.438, 0.965, 0.644, 
[675] Train acc: 0.8906, Constr acc: 0.9062, CE loss: 0.555, DL2 loss: 2.264
9, 82, 0.5552, 0.0003, 89.062, 98.438, 0.970, 0.692, 
[690] Train acc: 0.9844, Constr acc: 0.9688, CE loss: 0.059, DL2 loss: 0.375
9, 81, 0.0592, 0.0004, 98.438, 100.000, 0.938, 0.698, 
[705] Train acc: 0.9688, Constr acc: 0.9375, CE loss: 0.082, DL2 loss: 3.640
9, 80, 0.0824, 0.0005, 96.875, 100.000, 0.874, 0.691, 
[720] Train acc: 0.9688, Constr acc: 0.8750, CE loss: 0.082, DL2 loss: 3.800
9, 79, 0.0817, 0.0003, 96.875, 100.000, 0.974, 0.676, 
[735] Train acc: 0.9688, Constr acc: 0.8438, CE loss: 0.203, DL2 loss: 4.504
9, 78, 0.2028, 0.0003, 96.875, 100.000, 0.968, 0.644, 
[750] Train acc: 1.0000, Constr acc: 0.8438, CE loss: 0.017, DL2 loss: 6.387
9, 77, 0.0169, 0.0003, 100.000, 100.000, 0.970, 0.659, 
[765] Train acc: 0.9844, Constr acc: 0.9062, CE loss: 0.044, DL2 loss: 3.545
9, 76, 0.0442, 0.0003, 98.438, 100.000, 0.976, 0.726, 
[780] Train acc: 0.9688, Constr acc: 0.9688, CE loss: 0.135, DL2 loss: 1.438
9, 75, 0.1345, 0.0003, 96.875, 100.000, 0.971, 0.710, 
[795] Train acc: 0.9531, Constr acc: 0.9062, CE loss: 0.068, DL2 loss: 4.232
9, 74, 0.0675, 0.0003, 95.312, 100.000, 0.973, 0.709, 
[810] Train acc: 0.9531, Constr acc: 0.9062, CE loss: 0.209, DL2 loss: 4.448
9, 73, 0.2090, 0.0003, 95.312, 100.000, 0.959, 0.689, 
[825] Train acc: 0.9531, Constr acc: 0.9375, CE loss: 0.103, DL2 loss: 1.867
9, 72, 0.1027, 0.0003, 95.312, 100.000, 0.973, 0.747, 
[840] Train acc: 0.9688, Constr acc: 0.9375, CE loss: 0.121, DL2 loss: 3.397
9, 71, 0.1206, 0.0003, 96.875, 100.000, 0.969, 0.726, 
[855] Train acc: 0.9375, Constr acc: 0.8438, CE loss: 0.456, DL2 loss: 3.940
9, 70, 0.4563, 0.0003, 93.750, 98.438, 0.959, 0.701, 
[870] Train acc: 0.9844, Constr acc: 0.7812, CE loss: 0.153, DL2 loss: 7.606
9, 69, 0.1531, 0.0004, 98.438, 100.000, 0.948, 0.776, 
[885] Train acc: 0.9688, Constr acc: 0.8438, CE loss: 0.094, DL2 loss: 6.272
9, 68, 0.0939, 0.0005, 96.875, 100.000, 0.928, 0.810, 
[900] Train acc: 0.9844, Constr acc: 0.9062, CE loss: 0.063, DL2 loss: 4.593
9, 67, 0.0632, 0.0003, 98.438, 100.000, 0.973, 0.787, 
[915] Train acc: 0.9688, Constr acc: 0.9062, CE loss: 0.086, DL2 loss: 2.719
9, 66, 0.0862, 0.0004, 96.875, 100.000, 0.970, 0.860, 
[930] Train acc: 0.9688, Constr acc: 0.8750, CE loss: 0.121, DL2 loss: 3.542
9, 65, 0.1206, 0.0003, 96.875, 100.000, 0.964, 0.743, 
[0] Train acc: 0.9844, Constr acc: 0.9375, CE loss: 0.068, DL2 loss: 2.535
10, 65, 0.0678, 0.0003, 98.438, 100.000, 0.971, 0.707, 
[15] Train acc: 0.8906, Constr acc: 0.8438, CE loss: 0.354, DL2 loss: 6.348
10, 64, 0.3535, 0.0003, 89.062, 96.875, 0.965, 0.720, 
[30] Train acc: 0.9844, Constr acc: 0.8750, CE loss: 0.045, DL2 loss: 2.716
10, 63, 0.0454, 0.0003, 98.438, 100.000, 0.971, 0.693, 
[45] Train acc: 0.9531, Constr acc: 0.9062, CE loss: 0.084, DL2 loss: 4.383
10, 62, 0.0845, 0.0003, 95.312, 100.000, 0.972, 0.773, 
[60] Train acc: 0.9844, Constr acc: 0.7500, CE loss: 0.054, DL2 loss: 3.752
10, 61, 0.0543, 0.0004, 98.438, 100.000, 0.965, 0.796, 
[75] Train acc: 0.9844, Constr acc: 0.9062, CE loss: 0.087, DL2 loss: 3.876
10, 60, 0.0867, 0.0004, 98.438, 100.000, 0.968, 0.819, 
[90] Train acc: 0.9688, Constr acc: 0.8438, CE loss: 0.122, DL2 loss: 5.021
10, 59, 0.1222, 0.0004, 96.875, 100.000, 0.954, 0.838, 
[105] Train acc: 0.9531, Constr acc: 0.8750, CE loss: 0.100, DL2 loss: 2.123
10, 58, 0.0999, 0.0005, 95.312, 100.000, 0.914, 0.804, 
[120] Train acc: 0.9688, Constr acc: 0.8438, CE loss: 0.203, DL2 loss: 4.772
10, 57, 0.2035, 0.0004, 96.875, 100.000, 0.960, 0.774, 
[135] Train acc: 0.9531, Constr acc: 0.8125, CE loss: 0.168, DL2 loss: 4.441
10, 56, 0.1675, 0.0005, 95.312, 100.000, 0.934, 0.802, 
[150] Train acc: 0.9375, Constr acc: 0.8125, CE loss: 0.175, DL2 loss: 6.098
10, 55, 0.1745, 0.0004, 93.750, 100.000, 0.955, 0.808, 
[165] Train acc: 0.9531, Constr acc: 0.9688, CE loss: 0.132, DL2 loss: 0.479
10, 54, 0.1322, 0.0004, 95.312, 100.000, 0.944, 0.781, 
[180] Train acc: 0.9844, Constr acc: 0.9688, CE loss: 0.055, DL2 loss: 1.649
10, 53, 0.0546, 0.0004, 98.438, 100.000, 0.962, 0.761, 
[195] Train acc: 0.9688, Constr acc: 0.9062, CE loss: 0.110, DL2 loss: 2.825
10, 52, 0.1098, 0.0003, 96.875, 100.000, 0.968, 0.727, 
[210] Train acc: 1.0000, Constr acc: 0.8438, CE loss: 0.037, DL2 loss: 5.271
10, 51, 0.0371, 0.0003, 100.000, 100.000, 0.968, 0.663, 
[225] Train acc: 0.9844, Constr acc: 0.9062, CE loss: 0.061, DL2 loss: 1.437
10, 50, 0.0613, 0.0004, 98.438, 100.000, 0.938, 0.775, 
[240] Train acc: 0.9062, Constr acc: 0.8438, CE loss: 0.359, DL2 loss: 5.635
10, 49, 0.3588, 0.0004, 90.625, 100.000, 0.953, 0.752, 
[255] Train acc: 0.9062, Constr acc: 0.8438, CE loss: 0.303, DL2 loss: 3.966
10, 48, 0.3028, 0.0004, 90.625, 100.000, 0.945, 0.699, 
[270] Train acc: 0.8906, Constr acc: 0.9062, CE loss: 0.392, DL2 loss: 4.810
10, 47, 0.3916, 0.0005, 89.062, 100.000, 0.918, 0.762, 
[285] Train acc: 0.9688, Constr acc: 0.8125, CE loss: 0.103, DL2 loss: 7.441
10, 46, 0.1027, 0.0005, 96.875, 100.000, 0.934, 0.842, 
[300] Train acc: 0.9531, Constr acc: 0.8750, CE loss: 0.096, DL2 loss: 2.391
10, 45, 0.0961, 0.0004, 95.312, 100.000, 0.951, 0.714, 
[315] Train acc: 0.9375, Constr acc: 0.7812, CE loss: 0.231, DL2 loss: 8.910
10, 44, 0.2313, 0.0004, 93.750, 100.000, 0.953, 0.710, 
[330] Train acc: 0.9375, Constr acc: 0.9688, CE loss: 0.451, DL2 loss: 1.126
10, 43, 0.4505, 0.0004, 93.750, 98.438, 0.957, 0.764, 
[345] Train acc: 0.9531, Constr acc: 0.8750, CE loss: 0.167, DL2 loss: 2.011
10, 42, 0.1672, 0.0004, 95.312, 100.000, 0.952, 0.750, 
[360] Train acc: 0.9219, Constr acc: 0.8438, CE loss: 0.181, DL2 loss: 3.940
10, 41, 0.1806, 0.0004, 92.188, 98.438, 0.944, 0.778, 
[375] Train acc: 0.9844, Constr acc: 0.6875, CE loss: 0.042, DL2 loss: 7.314
10, 40, 0.0423, 0.0005, 98.438, 100.000, 0.931, 0.775, 
[390] Train acc: 1.0000, Constr acc: 0.8125, CE loss: 0.028, DL2 loss: 6.217
10, 39, 0.0277, 0.0005, 100.000, 100.000, 0.928, 0.789, 
[405] Train acc: 0.9844, Constr acc: 0.9062, CE loss: 0.040, DL2 loss: 4.076
10, 38, 0.0402, 0.0004, 98.438, 100.000, 0.953, 0.764, 
[420] Train acc: 0.9531, Constr acc: 0.8750, CE loss: 0.125, DL2 loss: 3.970
10, 37, 0.1253, 0.0005, 95.312, 100.000, 0.936, 0.791, 
[435] Train acc: 0.8906, Constr acc: 0.8125, CE loss: 0.384, DL2 loss: 4.820
10, 36, 0.3845, 0.0004, 89.062, 100.000, 0.949, 0.761, 
[450] Train acc: 0.8750, Constr acc: 0.8125, CE loss: 0.528, DL2 loss: 6.725
10, 35, 0.5283, 0.0004, 87.500, 100.000, 0.929, 0.711, 
[465] Train acc: 0.8594, Constr acc: 0.9062, CE loss: 0.477, DL2 loss: 2.524
10, 34, 0.4767, 0.0005, 85.938, 100.000, 0.917, 0.757, 
[480] Train acc: 0.8750, Constr acc: 0.7188, CE loss: 0.545, DL2 loss: 7.305
10, 33, 0.5451, 0.0005, 87.500, 98.438, 0.901, 0.811, 
[495] Train acc: 0.9531, Constr acc: 0.7500, CE loss: 0.194, DL2 loss: 6.358
10, 32, 0.1935, 0.0006, 95.312, 100.000, 0.903, 0.808, 
[510] Train acc: 0.9531, Constr acc: 0.8125, CE loss: 0.130, DL2 loss: 3.905
10, 31, 0.1303, 0.0004, 95.312, 100.000, 0.941, 0.685, 
[525] Train acc: 0.8906, Constr acc: 0.9375, CE loss: 0.365, DL2 loss: 2.401
10, 30, 0.3653, 0.0005, 89.062, 100.000, 0.891, 0.719, 
[540] Train acc: 0.8906, Constr acc: 0.6875, CE loss: 0.352, DL2 loss: 7.060
10, 29, 0.3516, 0.0005, 89.062, 98.438, 0.897, 0.641, 
[555] Train acc: 0.9219, Constr acc: 0.7812, CE loss: 0.291, DL2 loss: 8.650
10, 28, 0.2914, 0.0006, 92.188, 100.000, 0.897, 0.759, 
[570] Train acc: 0.8906, Constr acc: 0.9375, CE loss: 0.614, DL2 loss: 0.540
10, 27, 0.6136, 0.0005, 89.062, 100.000, 0.920, 0.661, 
[585] Train acc: 0.8750, Constr acc: 0.8750, CE loss: 0.427, DL2 loss: 2.121
10, 26, 0.4270, 0.0005, 87.500, 98.438, 0.906, 0.750, 
[600] Train acc: 0.9062, Constr acc: 0.7812, CE loss: 0.328, DL2 loss: 7.346
10, 25, 0.3277, 0.0005, 90.625, 98.438, 0.900, 0.751, 
[615] Train acc: 0.8281, Constr acc: 0.5938, CE loss: 0.680, DL2 loss: 8.429
10, 24, 0.6798, 0.0008, 82.812, 100.000, 0.764, 0.788, 
[630] Train acc: 0.8750, Constr acc: 0.8750, CE loss: 0.482, DL2 loss: 2.536
10, 23, 0.4823, 0.0007, 87.500, 98.438, 0.861, 0.809, 
[645] Train acc: 0.7656, Constr acc: 0.8750, CE loss: 0.922, DL2 loss: 4.188
10, 22, 0.9215, 0.0006, 76.562, 95.312, 0.889, 0.804, 
[660] Train acc: 0.7656, Constr acc: 0.7500, CE loss: 1.056, DL2 loss: 6.834
10, 21, 1.0564, 0.0009, 76.562, 96.875, 0.692, 0.692, 
[675] Train acc: 0.7500, Constr acc: 0.7500, CE loss: 1.157, DL2 loss: 4.561
10, 20, 1.1567, 0.0008, 75.000, 98.438, 0.763, 0.707, 
[690] Train acc: 0.7031, Constr acc: 0.7500, CE loss: 0.819, DL2 loss: 9.794
10, 19, 0.8190, 0.0009, 70.312, 100.000, 0.718, 0.783, 
[705] Train acc: 0.8438, Constr acc: 0.7812, CE loss: 0.686, DL2 loss: 5.991
10, 18, 0.6859, 0.0008, 84.375, 100.000, 0.744, 0.751, 
[720] Train acc: 0.8125, Constr acc: 0.6250, CE loss: 0.569, DL2 loss: 10.315
10, 17, 0.5688, 0.0008, 81.250, 100.000, 0.782, 0.817, 
[735] Train acc: 0.7656, Constr acc: 0.5625, CE loss: 0.941, DL2 loss: 16.063
10, 16, 0.9407, 0.0010, 76.562, 95.312, 0.699, 0.800, 
[750] Train acc: 0.5312, Constr acc: 0.8438, CE loss: 1.512, DL2 loss: 6.327
10, 15, 1.5118, 0.0012, 53.125, 96.875, 0.569, 0.887, 
[765] Train acc: 0.6250, Constr acc: 0.6250, CE loss: 1.297, DL2 loss: 6.312
10, 14, 1.2967, 0.0011, 62.500, 93.750, 0.626, 0.879, 
[780] Train acc: 0.5156, Constr acc: 0.6250, CE loss: 1.339, DL2 loss: 13.218
10, 13, 1.3388, 0.0014, 51.562, 78.125, 0.509, 0.927, 
[795] Train acc: 0.5156, Constr acc: 0.6562, CE loss: 1.573, DL2 loss: 7.128
10, 12, 1.5731, 0.0014, 51.562, 90.625, 0.504, 0.912, 
[810] Train acc: 0.3906, Constr acc: 0.4375, CE loss: 2.852, DL2 loss: 19.688
10, 11, 2.8520, 0.0017, 39.062, 78.125, 0.393, 0.947, 
[825] Train acc: 0.4375, Constr acc: 0.6562, CE loss: 2.670, DL2 loss: 10.132
10, 10, 2.6704, 0.0016, 43.750, 84.375, 0.385, 0.939, 
[840] Train acc: 0.3594, Constr acc: 0.2812, CE loss: 2.781, DL2 loss: 23.751
10, 9, 2.7814, 0.0019, 35.938, 90.625, 0.281, 0.890, 
[855] Train acc: 0.1562, Constr acc: 0.2500, CE loss: 2.521, DL2 loss: 24.753
10, 8, 2.5213, 0.0018, 15.625, 85.938, 0.284, 0.943, 
[870] Train acc: 0.1875, Constr acc: 0.0000, CE loss: 2.284, DL2 loss: 48.476
10, 7, 2.2842, 0.0023, 18.750, 57.812, 0.103, 1.000, 
[885] Train acc: 0.0781, Constr acc: 0.0625, CE loss: 2.354, DL2 loss: 44.813
10, 6, 2.3539, 0.0023, 7.812, 56.250, 0.103, 1.000, 
[900] Train acc: 0.1250, Constr acc: 0.0000, CE loss: 2.297, DL2 loss: 45.911
10, 5, 2.2969, 0.0023, 12.500, 54.688, 0.103, 1.000, 
[915] Train acc: 0.1406, Constr acc: 0.0000, CE loss: 2.286, DL2 loss: 50.508
10, 4, 2.2857, 0.0023, 14.062, 59.375, 0.103, 1.000, 
[930] Train acc: 0.1250, Constr acc: 0.0312, CE loss: 2.317, DL2 loss: 44.894
10, 3, 2.3173, 0.0023, 12.500, 54.688, 0.103, 1.000, 
