epoch, neuron_units, loss, dl2_loss, top1, top5, dl2_p_acc, dl2_constraint_acc
1, 252, 0.1456, 0.0007, 95.312, 98.438, 0.817, 0.229, 0.8488, 0.6379, 0.4036, 0.2200, 0.1102, 0.0497, 
1, 250, 0.1605, 0.0005, 95.312, 100.000, 0.949, 0.374, 0.9404, 0.8256, 0.6553, 0.4517, 0.2657, 0.1238, 
1, 249, 0.1992, 0.0005, 92.188, 100.000, 0.929, 0.435, 0.9173, 0.7840, 0.6042, 0.4133, 0.2491, 0.1178, 
1, 248, 0.2962, 0.0005, 90.625, 100.000, 0.934, 0.322, 0.9275, 0.7945, 0.5927, 0.3684, 0.1669, 0.0451, 
1, 247, 0.1288, 0.0004, 95.312, 100.000, 0.948, 0.549, 0.9293, 0.8127, 0.6467, 0.4642, 0.2852, 0.1250, 
1, 246, 0.0918, 0.0005, 96.875, 100.000, 0.944, 0.416, 0.9326, 0.8185, 0.6366, 0.3999, 0.1777, 0.0604, 
1, 245, 0.2263, 0.0004, 95.312, 100.000, 0.959, 0.444, 0.9495, 0.8513, 0.6925, 0.4838, 0.2790, 0.1193, 
1, 244, 0.1366, 0.0004, 96.875, 100.000, 0.957, 0.420, 0.9453, 0.8374, 0.6442, 0.3798, 0.1502, 0.0376, 
1, 243, 0.1759, 0.0005, 93.750, 100.000, 0.941, 0.358, 0.9302, 0.8126, 0.6473, 0.4456, 0.2546, 0.0937, 
1, 242, 0.1984, 0.0004, 95.312, 100.000, 0.948, 0.463, 0.9352, 0.8280, 0.6673, 0.4693, 0.2912, 0.1704, 
1, 241, 0.1986, 0.0005, 95.312, 100.000, 0.937, 0.382, 0.9320, 0.8097, 0.6201, 0.4118, 0.2155, 0.0786, 
1, 240, 0.1332, 0.0005, 96.875, 100.000, 0.959, 0.264, 0.9533, 0.8647, 0.7209, 0.5174, 0.3001, 0.1127, 
1, 239, 0.1013, 0.0005, 95.312, 100.000, 0.948, 0.290, 0.9387, 0.8367, 0.6872, 0.4941, 0.2699, 0.1025, 
1, 238, 0.0952, 0.0004, 95.312, 100.000, 0.961, 0.380, 0.9508, 0.8605, 0.7006, 0.4917, 0.2596, 0.0857, 
1, 237, 0.0957, 0.0005, 95.312, 100.000, 0.939, 0.375, 0.9258, 0.8042, 0.6388, 0.4656, 0.3110, 0.1817, 
1, 236, 0.2284, 0.0004, 92.188, 100.000, 0.946, 0.521, 0.9365, 0.8279, 0.6745, 0.4960, 0.3149, 0.1537, 
1, 235, 0.2128, 0.0005, 92.188, 100.000, 0.935, 0.397, 0.9495, 0.8581, 0.7134, 0.5156, 0.2931, 0.1284, 
1, 234, 0.0668, 0.0005, 96.875, 100.000, 0.956, 0.403, 0.9450, 0.8422, 0.6864, 0.4910, 0.2873, 0.1263, 
1, 233, 0.1546, 0.0004, 95.312, 100.000, 0.954, 0.424, 0.9451, 0.8581, 0.7009, 0.4836, 0.2578, 0.1003, 
1, 232, 0.0713, 0.0004, 98.438, 100.000, 0.957, 0.411, 0.9472, 0.8574, 0.7082, 0.4921, 0.2495, 0.0928, 
1, 231, 0.2791, 0.0004, 90.625, 100.000, 0.952, 0.475, 0.9392, 0.8394, 0.6732, 0.4797, 0.2860, 0.1447, 
1, 230, 0.1450, 0.0004, 92.188, 100.000, 0.942, 0.473, 0.9385, 0.8220, 0.6373, 0.4003, 0.1862, 0.0597, 
1, 229, 0.2924, 0.0004, 90.625, 100.000, 0.955, 0.402, 0.9451, 0.8445, 0.6854, 0.4703, 0.2490, 0.0826, 
1, 228, 0.1784, 0.0005, 92.188, 100.000, 0.956, 0.359, 0.9486, 0.8591, 0.7052, 0.4889, 0.2465, 0.0876, 
1, 227, 0.1150, 0.0004, 93.750, 100.000, 0.963, 0.447, 0.9554, 0.8688, 0.7355, 0.5459, 0.3426, 0.1675, 
1, 226, 0.1018, 0.0005, 96.875, 100.000, 0.960, 0.330, 0.9527, 0.8736, 0.7338, 0.5407, 0.3113, 0.1340, 
1, 225, 0.2028, 0.0005, 98.438, 98.438, 0.960, 0.318, 0.9517, 0.8610, 0.7096, 0.4862, 0.2418, 0.0802, 
1, 224, 0.0428, 0.0005, 98.438, 100.000, 0.946, 0.367, 0.9416, 0.8359, 0.6889, 0.5001, 0.3144, 0.1716, 
1, 223, 0.0591, 0.0005, 96.875, 100.000, 0.967, 0.358, 0.9611, 0.8812, 0.7524, 0.5668, 0.3539, 0.1638, 
1, 222, 0.1162, 0.0004, 96.875, 100.000, 0.962, 0.486, 0.9488, 0.8607, 0.7261, 0.5414, 0.3384, 0.1484, 
1, 221, 0.3110, 0.0004, 93.750, 100.000, 0.951, 0.552, 0.9454, 0.8478, 0.7038, 0.5216, 0.3272, 0.1679, 
2, 220, 0.0837, 0.0004, 96.875, 100.000, 0.970, 0.513, 0.9550, 0.8655, 0.7175, 0.5182, 0.3054, 0.1342, 
2, 219, 0.1326, 0.0005, 96.875, 100.000, 0.936, 0.402, 0.9252, 0.8090, 0.6215, 0.3917, 0.1697, 0.0498, 
2, 218, 0.0842, 0.0004, 95.312, 100.000, 0.962, 0.435, 0.9512, 0.8526, 0.6804, 0.4544, 0.2311, 0.0813, 
2, 217, 0.1388, 0.0004, 98.438, 98.438, 0.970, 0.411, 0.9549, 0.8614, 0.7105, 0.5094, 0.2987, 0.1286, 
2, 216, 0.1200, 0.0004, 96.875, 100.000, 0.970, 0.492, 0.9583, 0.8675, 0.7283, 0.5317, 0.3165, 0.1357, 
2, 215, 0.0873, 0.0004, 96.875, 100.000, 0.966, 0.496, 0.9519, 0.8602, 0.7080, 0.4963, 0.2645, 0.1053, 
2, 214, 0.0303, 0.0004, 100.000, 100.000, 0.959, 0.560, 0.9529, 0.8591, 0.6967, 0.4581, 0.2224, 0.0827, 
2, 213, 0.4809, 0.0004, 81.250, 100.000, 0.948, 0.506, 0.9263, 0.7942, 0.6199, 0.4528, 0.3018, 0.1686, 
2, 212, 0.0867, 0.0003, 95.312, 100.000, 0.965, 0.573, 0.9603, 0.8706, 0.7172, 0.5046, 0.2823, 0.1223, 
2, 211, 0.0683, 0.0004, 98.438, 100.000, 0.962, 0.529, 0.9530, 0.8588, 0.7044, 0.4897, 0.2789, 0.1181, 
2, 210, 0.3083, 0.0004, 90.625, 100.000, 0.937, 0.551, 0.9311, 0.8183, 0.6728, 0.4717, 0.2648, 0.1282, 
2, 209, 0.2659, 0.0003, 92.188, 100.000, 0.969, 0.652, 0.9580, 0.8778, 0.7394, 0.5476, 0.3190, 0.1246, 
2, 208, 0.1432, 0.0003, 95.312, 100.000, 0.967, 0.562, 0.9499, 0.8532, 0.6951, 0.4829, 0.2710, 0.1182, 
2, 207, 0.0712, 0.0004, 96.875, 100.000, 0.975, 0.492, 0.9577, 0.8709, 0.7008, 0.4692, 0.2340, 0.0848, 
2, 206, 0.0482, 0.0004, 98.438, 100.000, 0.974, 0.457, 0.9620, 0.8843, 0.7466, 0.5621, 0.3349, 0.1434, 
2, 205, 0.0248, 0.0004, 100.000, 100.000, 0.967, 0.494, 0.9610, 0.8825, 0.7448, 0.5524, 0.3304, 0.1497, 
2, 204, 0.0438, 0.0004, 98.438, 100.000, 0.972, 0.423, 0.9616, 0.8839, 0.7488, 0.5731, 0.3667, 0.1808, 
2, 203, 0.1518, 0.0004, 95.312, 100.000, 0.971, 0.374, 0.9562, 0.8728, 0.7329, 0.5345, 0.3127, 0.1322, 
2, 202, 0.0466, 0.0004, 96.875, 100.000, 0.972, 0.530, 0.9623, 0.8837, 0.7506, 0.5670, 0.3568, 0.1679, 
2, 201, 0.1023, 0.0003, 95.312, 100.000, 0.973, 0.554, 0.9576, 0.8722, 0.7315, 0.5463, 0.3518, 0.1803, 
2, 200, 0.1186, 0.0004, 96.875, 100.000, 0.970, 0.560, 0.9534, 0.8660, 0.7163, 0.5175, 0.2896, 0.1193, 
2, 199, 0.0218, 0.0004, 100.000, 100.000, 0.971, 0.503, 0.9596, 0.8780, 0.7370, 0.5355, 0.3153, 0.1344, 
2, 198, 0.1416, 0.0004, 95.312, 100.000, 0.957, 0.485, 0.9493, 0.8519, 0.7075, 0.5010, 0.2834, 0.1277, 
2, 197, 0.0689, 0.0004, 96.875, 100.000, 0.966, 0.516, 0.9475, 0.8566, 0.7078, 0.5161, 0.3026, 0.1311, 
2, 196, 0.2837, 0.0004, 93.750, 100.000, 0.971, 0.420, 0.9562, 0.8670, 0.7188, 0.5190, 0.3170, 0.1628, 
2, 195, 0.1032, 0.0005, 96.875, 100.000, 0.961, 0.330, 0.9497, 0.8518, 0.6963, 0.4901, 0.2848, 0.1244, 
2, 194, 0.0151, 0.0004, 100.000, 100.000, 0.972, 0.472, 0.9569, 0.8669, 0.7228, 0.5179, 0.2894, 0.1253, 
2, 193, 0.0986, 0.0004, 92.188, 100.000, 0.972, 0.474, 0.9623, 0.8830, 0.7602, 0.5533, 0.3077, 0.1254, 
2, 192, 0.0753, 0.0004, 98.438, 100.000, 0.965, 0.383, 0.9500, 0.8541, 0.6998, 0.4943, 0.2866, 0.1207, 
2, 191, 0.1692, 0.0005, 93.750, 100.000, 0.959, 0.300, 0.9449, 0.8348, 0.6514, 0.3940, 0.1765, 0.0651, 
2, 190, 0.0706, 0.0004, 98.438, 100.000, 0.951, 0.430, 0.9387, 0.8159, 0.6209, 0.3772, 0.1765, 0.0748, 
3, 189, 0.0585, 0.0004, 98.438, 100.000, 0.977, 0.467, 0.9608, 0.8740, 0.7269, 0.5337, 0.3314, 0.1503, 
3, 188, 0.0405, 0.0004, 98.438, 100.000, 0.963, 0.476, 0.9469, 0.8387, 0.6612, 0.4365, 0.2212, 0.0895, 
3, 187, 0.3522, 0.0004, 87.500, 100.000, 0.962, 0.502, 0.9455, 0.8334, 0.6629, 0.4473, 0.2507, 0.1088, 
3, 186, 0.1638, 0.0004, 93.750, 100.000, 0.970, 0.473, 0.9634, 0.8827, 0.7447, 0.5469, 0.3291, 0.1460, 
3, 185, 0.0233, 0.0003, 98.438, 100.000, 0.971, 0.647, 0.9513, 0.8518, 0.6920, 0.4898, 0.3068, 0.1674, 
3, 184, 0.0375, 0.0004, 98.438, 100.000, 0.977, 0.498, 0.9619, 0.8744, 0.7233, 0.5273, 0.3317, 0.1671, 
3, 183, 0.0952, 0.0004, 96.875, 100.000, 0.968, 0.474, 0.9543, 0.8668, 0.7255, 0.5350, 0.3234, 0.1425, 
3, 182, 0.0127, 0.0004, 100.000, 100.000, 0.972, 0.447, 0.9555, 0.8657, 0.7119, 0.5044, 0.2832, 0.1149, 
3, 181, 0.2621, 0.0003, 92.188, 98.438, 0.970, 0.559, 0.9571, 0.8737, 0.7326, 0.5576, 0.3565, 0.1805, 
3, 180, 0.1922, 0.0004, 93.750, 100.000, 0.970, 0.460, 0.9532, 0.8550, 0.7011, 0.4898, 0.2651, 0.1034, 
3, 179, 0.1719, 0.0004, 92.188, 100.000, 0.973, 0.444, 0.9557, 0.8630, 0.7136, 0.5293, 0.3112, 0.1315, 
3, 178, 0.0646, 0.0003, 98.438, 100.000, 0.974, 0.514, 0.9625, 0.8828, 0.7326, 0.5239, 0.2969, 0.1106, 
3, 177, 0.1330, 0.0003, 96.875, 100.000, 0.974, 0.571, 0.9610, 0.8784, 0.7464, 0.5515, 0.3395, 0.1481, 
3, 176, 0.3972, 0.0004, 92.188, 98.438, 0.966, 0.391, 0.9455, 0.8459, 0.6805, 0.4747, 0.2527, 0.0881, 
3, 175, 0.1018, 0.0003, 96.875, 100.000, 0.969, 0.610, 0.9455, 0.8452, 0.6910, 0.4907, 0.2955, 0.1449, 
3, 174, 0.1882, 0.0004, 93.750, 100.000, 0.953, 0.546, 0.9496, 0.8609, 0.7293, 0.5516, 0.3353, 0.1486, 
3, 173, 0.0983, 0.0004, 96.875, 100.000, 0.971, 0.516, 0.9573, 0.8706, 0.7293, 0.5551, 0.3422, 0.1522, 
3, 172, 0.2854, 0.0004, 96.875, 98.438, 0.976, 0.392, 0.9626, 0.8894, 0.7490, 0.5538, 0.3297, 0.1548, 
3, 171, 0.0634, 0.0004, 98.438, 100.000, 0.972, 0.462, 0.9567, 0.8644, 0.7119, 0.4937, 0.2668, 0.1036, 
3, 170, 0.1379, 0.0004, 92.188, 100.000, 0.967, 0.434, 0.9529, 0.8581, 0.6971, 0.4826, 0.2702, 0.1183, 
3, 169, 0.1960, 0.0004, 93.750, 100.000, 0.961, 0.479, 0.9388, 0.8205, 0.6611, 0.4821, 0.3101, 0.1795, 
3, 168, 0.1570, 0.0004, 95.312, 100.000, 0.964, 0.351, 0.9476, 0.8473, 0.6998, 0.5006, 0.3012, 0.1266, 
3, 167, 0.0287, 0.0004, 100.000, 100.000, 0.969, 0.433, 0.9613, 0.8815, 0.7416, 0.5393, 0.3092, 0.1352, 
3, 166, 0.1553, 0.0004, 93.750, 100.000, 0.970, 0.524, 0.9511, 0.8618, 0.7083, 0.5107, 0.3039, 0.1348, 
3, 165, 0.0438, 0.0003, 98.438, 100.000, 0.973, 0.551, 0.9537, 0.8561, 0.7068, 0.5381, 0.3550, 0.2013, 
3, 164, 0.1279, 0.0004, 95.312, 100.000, 0.967, 0.482, 0.9549, 0.8667, 0.7225, 0.5374, 0.3379, 0.1546, 
3, 163, 0.0194, 0.0004, 98.438, 100.000, 0.970, 0.341, 0.9562, 0.8662, 0.7309, 0.5465, 0.3417, 0.1579, 
3, 162, 0.0947, 0.0004, 96.875, 100.000, 0.974, 0.345, 0.9553, 0.8630, 0.7075, 0.5069, 0.2833, 0.1101, 
3, 161, 0.0162, 0.0004, 100.000, 100.000, 0.971, 0.479, 0.9552, 0.8674, 0.7203, 0.5246, 0.3261, 0.1631, 
3, 160, 0.1533, 0.0003, 95.312, 100.000, 0.975, 0.572, 0.9621, 0.8907, 0.7656, 0.5899, 0.3877, 0.2123, 
3, 159, 0.0344, 0.0004, 98.438, 100.000, 0.968, 0.512, 0.9539, 0.8694, 0.7374, 0.5640, 0.3869, 0.2325, 
3, 158, 0.2843, 0.0005, 89.062, 100.000, 0.959, 0.364, 0.9406, 0.8440, 0.6873, 0.5046, 0.3170, 0.1629, 
4, 158, 0.0394, 0.0005, 98.438, 100.000, 0.956, 0.346, 0.9448, 0.8479, 0.7082, 0.5430, 0.3751, 0.2311, 
4, 157, 0.0820, 0.0005, 98.438, 100.000, 0.969, 0.327, 0.9549, 0.8728, 0.7388, 0.5596, 0.3698, 0.2036, 
4, 156, 0.0739, 0.0004, 98.438, 100.000, 0.976, 0.335, 0.9641, 0.8869, 0.7529, 0.5713, 0.3739, 0.1955, 
4, 155, 0.0332, 0.0004, 100.000, 100.000, 0.974, 0.472, 0.9640, 0.8890, 0.7579, 0.5657, 0.3464, 0.1459, 
4, 154, 0.0228, 0.0004, 100.000, 100.000, 0.975, 0.341, 0.9606, 0.8792, 0.7340, 0.5228, 0.2941, 0.1232, 
4, 153, 0.3000, 0.0004, 93.750, 100.000, 0.948, 0.502, 0.9484, 0.8510, 0.7089, 0.5122, 0.2980, 0.1392, 
4, 152, 0.0368, 0.0003, 98.438, 100.000, 0.976, 0.500, 0.9692, 0.8898, 0.7625, 0.5801, 0.3820, 0.1947, 
4, 151, 0.0511, 0.0003, 98.438, 100.000, 0.977, 0.539, 0.9660, 0.8883, 0.7614, 0.5850, 0.3829, 0.2065, 
4, 150, 0.0859, 0.0004, 98.438, 100.000, 0.975, 0.395, 0.9613, 0.8812, 0.7481, 0.5741, 0.3893, 0.2198, 
4, 149, 0.0603, 0.0004, 96.875, 100.000, 0.969, 0.426, 0.9555, 0.8655, 0.7266, 0.5481, 0.3665, 0.2142, 
4, 148, 0.0405, 0.0004, 98.438, 100.000, 0.974, 0.476, 0.9614, 0.8739, 0.7352, 0.5559, 0.3741, 0.2165, 
4, 147, 0.0401, 0.0004, 100.000, 100.000, 0.966, 0.412, 0.9468, 0.8410, 0.6772, 0.4935, 0.3202, 0.1645, 
4, 146, 0.0113, 0.0003, 100.000, 100.000, 0.973, 0.553, 0.9496, 0.8470, 0.6965, 0.5199, 0.3456, 0.1965, 
4, 145, 0.1882, 0.0004, 96.875, 100.000, 0.973, 0.523, 0.9549, 0.8599, 0.7184, 0.5457, 0.3632, 0.2040, 
4, 144, 0.1149, 0.0004, 96.875, 100.000, 0.964, 0.394, 0.9415, 0.8224, 0.6694, 0.4948, 0.3234, 0.1925, 
4, 143, 0.0486, 0.0004, 100.000, 100.000, 0.965, 0.494, 0.9491, 0.8570, 0.7087, 0.5309, 0.3427, 0.1770, 
4, 142, 0.0308, 0.0003, 98.438, 100.000, 0.975, 0.557, 0.9619, 0.8824, 0.7446, 0.5533, 0.3536, 0.1856, 
4, 141, 0.0916, 0.0003, 96.875, 100.000, 0.971, 0.546, 0.9526, 0.8518, 0.7045, 0.5081, 0.3149, 0.1706, 
4, 140, 0.0598, 0.0003, 98.438, 100.000, 0.977, 0.568, 0.9629, 0.8782, 0.7407, 0.5402, 0.3226, 0.1551, 
4, 139, 0.0809, 0.0004, 96.875, 100.000, 0.968, 0.438, 0.9432, 0.8313, 0.6786, 0.5004, 0.3189, 0.1783, 
4, 138, 0.0160, 0.0004, 100.000, 100.000, 0.978, 0.501, 0.9626, 0.8818, 0.7399, 0.5300, 0.3064, 0.1369, 
4, 137, 0.1243, 0.0004, 95.312, 100.000, 0.976, 0.452, 0.9654, 0.8772, 0.7354, 0.5409, 0.3409, 0.1675, 
4, 136, 0.1359, 0.0003, 95.312, 100.000, 0.980, 0.616, 0.9662, 0.8926, 0.7580, 0.5699, 0.3579, 0.1776, 
4, 135, 0.0327, 0.0004, 100.000, 100.000, 0.970, 0.502, 0.9535, 0.8651, 0.7153, 0.5060, 0.2965, 0.1362, 
4, 134, 0.0045, 0.0003, 100.000, 100.000, 0.962, 0.602, 0.9472, 0.8392, 0.6843, 0.4970, 0.3113, 0.1655, 
4, 133, 0.1227, 0.0004, 98.438, 98.438, 0.974, 0.455, 0.9584, 0.8718, 0.7172, 0.4845, 0.2447, 0.0982, 
4, 132, 0.0487, 0.0004, 100.000, 100.000, 0.978, 0.443, 0.9593, 0.8685, 0.7109, 0.4952, 0.2635, 0.1017, 
4, 131, 0.1584, 0.0003, 93.750, 100.000, 0.978, 0.522, 0.9599, 0.8836, 0.7380, 0.5272, 0.2901, 0.1228, 
4, 130, 0.0345, 0.0004, 98.438, 100.000, 0.974, 0.539, 0.9581, 0.8770, 0.7363, 0.5311, 0.3018, 0.1327, 
4, 129, 0.0112, 0.0003, 100.000, 100.000, 0.978, 0.528, 0.9624, 0.8840, 0.7482, 0.5495, 0.3221, 0.1402, 
4, 128, 0.0654, 0.0004, 98.438, 100.000, 0.973, 0.503, 0.9563, 0.8700, 0.7301, 0.5472, 0.3512, 0.1840, 
4, 127, 0.0635, 0.0004, 98.438, 100.000, 0.979, 0.436, 0.9619, 0.8890, 0.7566, 0.5675, 0.3589, 0.1690, 
5, 125, 0.0515, 0.0004, 98.438, 100.000, 0.977, 0.472, 0.9649, 0.8845, 0.7502, 0.5556, 0.3407, 0.1503, 
5, 124, 0.0148, 0.0004, 100.000, 100.000, 0.978, 0.470, 0.9626, 0.8831, 0.7502, 0.5675, 0.3717, 0.1955, 
5, 123, 0.2225, 0.0004, 95.312, 98.438, 0.955, 0.479, 0.9446, 0.8473, 0.7003, 0.5016, 0.2984, 0.1483, 
5, 122, 0.0840, 0.0004, 96.875, 100.000, 0.976, 0.472, 0.9612, 0.8804, 0.7491, 0.5410, 0.3103, 0.1306, 
5, 121, 0.0588, 0.0003, 98.438, 100.000, 0.975, 0.544, 0.9619, 0.8805, 0.7416, 0.5565, 0.3579, 0.1822, 
5, 120, 0.0935, 0.0004, 96.875, 100.000, 0.977, 0.485, 0.9621, 0.8777, 0.7356, 0.5338, 0.3180, 0.1420, 
5, 119, 0.0587, 0.0004, 98.438, 100.000, 0.972, 0.449, 0.9614, 0.8773, 0.7428, 0.5569, 0.3460, 0.1654, 
5, 118, 0.0604, 0.0004, 98.438, 100.000, 0.957, 0.441, 0.9433, 0.8447, 0.7057, 0.5237, 0.3260, 0.1460, 
5, 117, 0.0342, 0.0003, 98.438, 100.000, 0.969, 0.589, 0.9588, 0.8819, 0.7509, 0.5652, 0.3535, 0.1689, 
5, 116, 0.0175, 0.0004, 100.000, 100.000, 0.975, 0.515, 0.9617, 0.8801, 0.7454, 0.5564, 0.3437, 0.1579, 
5, 115, 0.0596, 0.0004, 98.438, 100.000, 0.967, 0.544, 0.9507, 0.8528, 0.7001, 0.5048, 0.3077, 0.1480, 
5, 114, 0.0443, 0.0004, 98.438, 100.000, 0.975, 0.465, 0.9600, 0.8733, 0.7258, 0.5170, 0.2976, 0.1312, 
5, 113, 0.1492, 0.0004, 96.875, 98.438, 0.967, 0.408, 0.9466, 0.8403, 0.6737, 0.4750, 0.2813, 0.1247, 
5, 112, 0.0235, 0.0004, 100.000, 100.000, 0.964, 0.486, 0.9365, 0.8223, 0.6604, 0.4779, 0.2981, 0.1621, 
5, 111, 0.0905, 0.0003, 96.875, 100.000, 0.979, 0.557, 0.9644, 0.8889, 0.7467, 0.5454, 0.3199, 0.1345, 
5, 110, 0.0880, 0.0004, 96.875, 100.000, 0.971, 0.535, 0.9594, 0.8703, 0.7248, 0.5270, 0.3094, 0.1412, 
5, 109, 0.0373, 0.0004, 100.000, 100.000, 0.967, 0.504, 0.9514, 0.8593, 0.7044, 0.4939, 0.2775, 0.1173, 
5, 108, 0.0494, 0.0003, 100.000, 100.000, 0.973, 0.528, 0.9573, 0.8739, 0.7358, 0.5333, 0.3086, 0.1247, 
5, 107, 0.0873, 0.0004, 98.438, 100.000, 0.973, 0.482, 0.9516, 0.8583, 0.6969, 0.4771, 0.2446, 0.0968, 
5, 106, 0.0667, 0.0004, 98.438, 100.000, 0.966, 0.418, 0.9464, 0.8405, 0.6532, 0.4163, 0.2086, 0.0881, 
5, 105, 0.1035, 0.0004, 93.750, 100.000, 0.962, 0.417, 0.9474, 0.8451, 0.6677, 0.4420, 0.2293, 0.1005, 
5, 104, 0.0391, 0.0003, 98.438, 100.000, 0.970, 0.574, 0.9530, 0.8686, 0.7273, 0.5404, 0.3270, 0.1454, 
5, 103, 0.1727, 0.0004, 95.312, 100.000, 0.947, 0.493, 0.9345, 0.8398, 0.6995, 0.5078, 0.2983, 0.1350, 
5, 102, 0.2018, 0.0004, 93.750, 98.438, 0.975, 0.489, 0.9599, 0.8776, 0.7238, 0.5162, 0.2867, 0.1227, 
5, 101, 0.0443, 0.0004, 96.875, 100.000, 0.976, 0.504, 0.9602, 0.8807, 0.7363, 0.5344, 0.3083, 0.1453, 
5, 100, 0.0550, 0.0005, 98.438, 100.000, 0.952, 0.305, 0.9329, 0.8090, 0.6005, 0.3727, 0.2072, 0.1031, 
5, 99, 0.1255, 0.0004, 93.750, 100.000, 0.969, 0.422, 0.9589, 0.8732, 0.7276, 0.5154, 0.2839, 0.1248, 
5, 98, 0.1271, 0.0004, 96.875, 100.000, 0.972, 0.448, 0.9614, 0.8774, 0.7268, 0.5115, 0.2873, 0.1262, 
5, 97, 0.0334, 0.0004, 100.000, 100.000, 0.971, 0.475, 0.9638, 0.8847, 0.7476, 0.5372, 0.3091, 0.1292, 
5, 96, 0.0780, 0.0004, 96.875, 100.000, 0.964, 0.556, 0.9587, 0.8724, 0.7390, 0.5553, 0.3598, 0.1824, 
5, 95, 0.0190, 0.0004, 100.000, 100.000, 0.963, 0.512, 0.9533, 0.8690, 0.7274, 0.5403, 0.3493, 0.1872, 
6, 94, 0.0855, 0.0004, 96.875, 100.000, 0.977, 0.467, 0.9597, 0.8810, 0.7450, 0.5404, 0.3070, 0.1457, 
6, 93, 0.1147, 0.0004, 95.312, 100.000, 0.968, 0.465, 0.9522, 0.8691, 0.7232, 0.5225, 0.3265, 0.1720, 
6, 92, 0.1615, 0.0004, 95.312, 98.438, 0.975, 0.403, 0.9581, 0.8842, 0.7555, 0.5533, 0.3184, 0.1364, 
6, 91, 0.0202, 0.0004, 100.000, 100.000, 0.974, 0.503, 0.9588, 0.8856, 0.7605, 0.5770, 0.3588, 0.1686, 
6, 90, 0.0477, 0.0004, 98.438, 100.000, 0.975, 0.442, 0.9600, 0.8805, 0.7415, 0.5347, 0.3017, 0.1269, 
6, 89, 0.0725, 0.0004, 96.875, 100.000, 0.971, 0.443, 0.9557, 0.8695, 0.7264, 0.5275, 0.3177, 0.1524, 
6, 88, 0.0885, 0.0005, 96.875, 100.000, 0.961, 0.338, 0.9529, 0.8505, 0.6798, 0.4378, 0.2044, 0.0697, 
6, 87, 0.0143, 0.0004, 100.000, 100.000, 0.973, 0.371, 0.9560, 0.8687, 0.7012, 0.4456, 0.2232, 0.0975, 
6, 86, 0.0554, 0.0003, 98.438, 100.000, 0.978, 0.551, 0.9642, 0.8910, 0.7641, 0.5715, 0.3465, 0.1499, 
6, 85, 0.1927, 0.0004, 92.188, 100.000, 0.961, 0.519, 0.9420, 0.8290, 0.6561, 0.4647, 0.2967, 0.1760, 
6, 84, 0.1960, 0.0005, 95.312, 100.000, 0.946, 0.451, 0.9260, 0.7940, 0.6354, 0.4567, 0.2929, 0.1479, 
6, 83, 0.0326, 0.0004, 98.438, 100.000, 0.965, 0.489, 0.9584, 0.8729, 0.7211, 0.5126, 0.2850, 0.1150, 
6, 82, 0.0529, 0.0004, 98.438, 100.000, 0.970, 0.457, 0.9577, 0.8775, 0.7390, 0.5300, 0.2942, 0.1073, 
6, 81, 0.1551, 0.0004, 95.312, 100.000, 0.962, 0.499, 0.9500, 0.8602, 0.7208, 0.5041, 0.2748, 0.1116, 
6, 80, 0.1864, 0.0004, 93.750, 100.000, 0.967, 0.401, 0.9546, 0.8678, 0.7239, 0.5359, 0.3412, 0.1588, 
6, 79, 0.0507, 0.0004, 98.438, 100.000, 0.975, 0.431, 0.9617, 0.8826, 0.7536, 0.5719, 0.3707, 0.1765, 
6, 78, 0.0440, 0.0004, 98.438, 100.000, 0.978, 0.477, 0.9615, 0.8881, 0.7629, 0.5863, 0.3751, 0.1872, 
6, 77, 0.2099, 0.0005, 90.625, 100.000, 0.966, 0.378, 0.9619, 0.8835, 0.7605, 0.5752, 0.3543, 0.1729, 
6, 76, 0.0991, 0.0004, 96.875, 100.000, 0.976, 0.455, 0.9670, 0.8922, 0.7720, 0.5911, 0.3712, 0.1731, 
6, 75, 0.0639, 0.0004, 98.438, 100.000, 0.973, 0.414, 0.9616, 0.8907, 0.7799, 0.5994, 0.3678, 0.1732, 
6, 74, 0.0228, 0.0004, 100.000, 100.000, 0.979, 0.462, 0.9651, 0.8900, 0.7650, 0.5728, 0.3359, 0.1419, 
6, 73, 0.1225, 0.0004, 96.875, 100.000, 0.967, 0.414, 0.9557, 0.8707, 0.7213, 0.5184, 0.2787, 0.1096, 
6, 72, 0.1268, 0.0005, 95.312, 100.000, 0.961, 0.373, 0.9452, 0.8410, 0.6638, 0.4349, 0.2204, 0.0867, 
6, 71, 0.0519, 0.0004, 98.438, 100.000, 0.976, 0.480, 0.9630, 0.8773, 0.7361, 0.5234, 0.3047, 0.1310, 
6, 70, 0.0880, 0.0005, 95.312, 100.000, 0.970, 0.366, 0.9530, 0.8528, 0.6743, 0.4484, 0.2432, 0.0950, 
6, 69, 0.0447, 0.0004, 100.000, 100.000, 0.976, 0.471, 0.9643, 0.8844, 0.7421, 0.5412, 0.3068, 0.1235, 
6, 68, 0.0723, 0.0004, 98.438, 98.438, 0.970, 0.449, 0.9562, 0.8731, 0.7276, 0.5283, 0.2993, 0.1254, 
6, 67, 0.1016, 0.0004, 96.875, 100.000, 0.973, 0.450, 0.9573, 0.8730, 0.7269, 0.5213, 0.2822, 0.1118, 
6, 66, 0.0564, 0.0005, 98.438, 100.000, 0.964, 0.380, 0.9442, 0.8369, 0.6657, 0.4349, 0.2280, 0.0949, 
6, 65, 0.1423, 0.0005, 93.750, 100.000, 0.951, 0.285, 0.9305, 0.7989, 0.5980, 0.3647, 0.1676, 0.0649, 
6, 64, 0.0864, 0.0004, 96.875, 100.000, 0.969, 0.392, 0.9533, 0.8615, 0.7109, 0.5136, 0.2861, 0.1172, 
7, 64, 0.1033, 0.0005, 93.750, 100.000, 0.965, 0.394, 0.9474, 0.8559, 0.7069, 0.4987, 0.2657, 0.1026, 
7, 63, 0.1430, 0.0004, 93.750, 100.000, 0.973, 0.362, 0.9545, 0.8663, 0.7237, 0.5186, 0.2763, 0.1040, 
7, 62, 0.1977, 0.0004, 93.750, 98.438, 0.965, 0.502, 0.9418, 0.8317, 0.6617, 0.4320, 0.1969, 0.0687, 
7, 61, 0.1208, 0.0004, 95.312, 100.000, 0.969, 0.485, 0.9512, 0.8584, 0.7145, 0.5290, 0.3268, 0.1344, 
7, 60, 0.3126, 0.0004, 93.750, 100.000, 0.968, 0.401, 0.9472, 0.8466, 0.6884, 0.4875, 0.2612, 0.0948, 
7, 59, 0.0942, 0.0005, 95.312, 100.000, 0.941, 0.382, 0.9272, 0.7919, 0.5817, 0.3474, 0.1696, 0.0731, 
7, 58, 0.1437, 0.0005, 96.875, 98.438, 0.931, 0.478, 0.9295, 0.8149, 0.6346, 0.3990, 0.1756, 0.0496, 
7, 57, 0.1663, 0.0004, 96.875, 100.000, 0.969, 0.495, 0.9601, 0.8692, 0.7213, 0.5122, 0.2874, 0.1141, 
7, 56, 0.0770, 0.0004, 96.875, 100.000, 0.973, 0.519, 0.9620, 0.8700, 0.7086, 0.4810, 0.2494, 0.0909, 
7, 55, 0.0804, 0.0004, 95.312, 100.000, 0.969, 0.420, 0.9535, 0.8396, 0.6742, 0.4587, 0.2344, 0.0901, 
7, 54, 0.0292, 0.0005, 100.000, 100.000, 0.968, 0.372, 0.9479, 0.8573, 0.7101, 0.5073, 0.2796, 0.0999, 
7, 53, 0.0193, 0.0006, 100.000, 100.000, 0.947, 0.277, 0.9206, 0.7858, 0.5986, 0.3528, 0.1603, 0.0626, 
7, 52, 0.1872, 0.0005, 93.750, 100.000, 0.959, 0.346, 0.9380, 0.8219, 0.6483, 0.4195, 0.2016, 0.0630, 
7, 51, 0.1159, 0.0004, 93.750, 100.000, 0.962, 0.442, 0.9406, 0.8230, 0.6280, 0.3916, 0.1901, 0.0766, 
7, 50, 0.1428, 0.0004, 93.750, 100.000, 0.962, 0.443, 0.9362, 0.8185, 0.6596, 0.4830, 0.3080, 0.1523, 
7, 49, 0.1111, 0.0004, 98.438, 100.000, 0.967, 0.417, 0.9479, 0.8527, 0.7002, 0.4899, 0.2604, 0.1125, 
7, 48, 0.3530, 0.0004, 92.188, 100.000, 0.941, 0.454, 0.9327, 0.8158, 0.6478, 0.4360, 0.2342, 0.0933, 
7, 47, 0.0849, 0.0004, 96.875, 100.000, 0.966, 0.402, 0.9438, 0.8420, 0.6813, 0.4810, 0.2643, 0.1088, 
7, 46, 0.0522, 0.0004, 98.438, 100.000, 0.967, 0.418, 0.9528, 0.8474, 0.6807, 0.4605, 0.2339, 0.0837, 
7, 45, 0.1079, 0.0004, 93.750, 100.000, 0.964, 0.393, 0.9468, 0.8395, 0.6568, 0.4123, 0.1887, 0.0798, 
7, 44, 0.1384, 0.0005, 96.875, 98.438, 0.951, 0.351, 0.9163, 0.7529, 0.5302, 0.3153, 0.1590, 0.0772, 
7, 43, 0.4829, 0.0005, 85.938, 98.438, 0.953, 0.339, 0.9162, 0.7524, 0.4997, 0.2714, 0.1317, 0.0683, 
7, 42, 0.0924, 0.0005, 96.875, 100.000, 0.964, 0.321, 0.9427, 0.8175, 0.6201, 0.3741, 0.1859, 0.0827, 
7, 41, 0.0514, 0.0005, 98.438, 100.000, 0.959, 0.336, 0.9271, 0.7761, 0.5485, 0.3033, 0.1417, 0.0678, 
7, 40, 0.1683, 0.0005, 96.875, 100.000, 0.956, 0.342, 0.9356, 0.8013, 0.5837, 0.3402, 0.1690, 0.0826, 
7, 39, 0.0291, 0.0005, 98.438, 100.000, 0.939, 0.419, 0.9119, 0.7727, 0.6065, 0.4344, 0.2638, 0.1132, 
7, 38, 0.2811, 0.0005, 90.625, 100.000, 0.961, 0.380, 0.9317, 0.8096, 0.6509, 0.4681, 0.2746, 0.1273, 
7, 37, 0.4051, 0.0006, 93.750, 98.438, 0.934, 0.251, 0.8826, 0.6846, 0.4387, 0.2515, 0.1558, 0.0921, 
7, 36, 0.1620, 0.0005, 95.312, 100.000, 0.925, 0.367, 0.8923, 0.7345, 0.5448, 0.3402, 0.1837, 0.1034, 
7, 35, 0.1595, 0.0005, 92.188, 100.000, 0.961, 0.422, 0.9365, 0.8194, 0.6578, 0.4768, 0.3091, 0.1584, 
7, 34, 0.1131, 0.0006, 96.875, 100.000, 0.898, 0.343, 0.8965, 0.7565, 0.5854, 0.4167, 0.2506, 0.1223, 
7, 33, 0.2348, 0.0005, 93.750, 100.000, 0.945, 0.331, 0.9177, 0.7783, 0.5792, 0.3641, 0.1883, 0.0982, 
8, 33, 0.5805, 0.0005, 85.938, 98.438, 0.944, 0.348, 0.9057, 0.7512, 0.5453, 0.3587, 0.1985, 0.1095, 
8, 32, 0.0521, 0.0005, 100.000, 100.000, 0.945, 0.447, 0.9257, 0.7886, 0.6058, 0.4003, 0.2190, 0.1078, 
8, 31, 0.1685, 0.0006, 95.312, 100.000, 0.938, 0.314, 0.9049, 0.7293, 0.5094, 0.3140, 0.1703, 0.0816, 
8, 30, 0.2579, 0.0006, 92.188, 100.000, 0.885, 0.273, 0.8386, 0.6057, 0.3865, 0.2269, 0.1432, 0.1044, 
8, 29, 0.5333, 0.0006, 85.938, 100.000, 0.896, 0.425, 0.8633, 0.6914, 0.5165, 0.3427, 0.2036, 0.1089, 
8, 28, 0.2192, 0.0006, 93.750, 100.000, 0.909, 0.380, 0.8899, 0.7136, 0.5124, 0.3310, 0.1965, 0.1065, 
8, 27, 0.2226, 0.0006, 93.750, 98.438, 0.941, 0.364, 0.8859, 0.6978, 0.4885, 0.3190, 0.2027, 0.1264, 
8, 26, 0.1424, 0.0006, 95.312, 100.000, 0.934, 0.348, 0.8811, 0.7000, 0.4953, 0.3229, 0.1898, 0.1042, 
8, 25, 0.2514, 0.0005, 89.062, 100.000, 0.923, 0.447, 0.8838, 0.7079, 0.5148, 0.3353, 0.2112, 0.1244, 
8, 24, 0.4292, 0.0006, 90.625, 96.875, 0.920, 0.429, 0.8838, 0.6945, 0.4980, 0.3316, 0.2068, 0.1173, 
8, 23, 0.2142, 0.0007, 92.188, 100.000, 0.915, 0.308, 0.8534, 0.6396, 0.4219, 0.2464, 0.1394, 0.0795, 
8, 22, 0.2748, 0.0007, 92.188, 100.000, 0.886, 0.355, 0.8393, 0.6077, 0.3914, 0.2283, 0.1291, 0.0693, 
8, 21, 0.3375, 0.0007, 89.062, 100.000, 0.879, 0.421, 0.8503, 0.6569, 0.4587, 0.2967, 0.1673, 0.0826, 
8, 20, 0.6552, 0.0008, 81.250, 100.000, 0.843, 0.357, 0.8379, 0.6304, 0.4254, 0.2586, 0.1354, 0.0687, 
8, 19, 0.6707, 0.0008, 75.000, 98.438, 0.876, 0.219, 0.8210, 0.6106, 0.4137, 0.2497, 0.1464, 0.0873, 
8, 18, 0.3383, 0.0007, 87.500, 98.438, 0.855, 0.365, 0.8082, 0.5847, 0.3702, 0.2187, 0.1068, 0.0468, 
8, 17, 0.5180, 0.0008, 89.062, 98.438, 0.820, 0.320, 0.7897, 0.5478, 0.3588, 0.2157, 0.1184, 0.0579, 
8, 16, 0.4941, 0.0009, 82.812, 98.438, 0.774, 0.434, 0.7836, 0.5822, 0.3961, 0.2283, 0.1227, 0.0639, 
8, 15, 0.9973, 0.0009, 65.625, 100.000, 0.752, 0.355, 0.8053, 0.6106, 0.4363, 0.2781, 0.1583, 0.0923, 
8, 14, 1.0676, 0.0011, 64.062, 95.312, 0.634, 0.343, 0.8169, 0.6271, 0.4623, 0.3289, 0.2219, 0.1458, 
8, 13, 1.9501, 0.0013, 53.125, 95.312, 0.608, 0.357, 0.8013, 0.6194, 0.4425, 0.3030, 0.2102, 0.1636, 
8, 12, 1.2456, 0.0012, 54.688, 95.312, 0.599, 0.356, 0.7388, 0.4817, 0.2794, 0.1946, 0.1604, 0.1439, 
8, 11, 1.7551, 0.0015, 31.250, 95.312, 0.422, 0.248, 0.6553, 0.4001, 0.3045, 0.2668, 0.2491, 0.2393, 
8, 10, 1.8993, 0.0016, 40.625, 92.188, 0.414, 0.241, 0.6429, 0.3860, 0.2613, 0.2070, 0.1841, 0.1756, 
8, 9, 2.2279, 0.0017, 25.000, 93.750, 0.338, 0.193, 0.5603, 0.2918, 0.2191, 0.1875, 0.1677, 0.1549, 
8, 8, 1.8631, 0.0017, 34.375, 89.062, 0.359, 0.178, 0.6575, 0.4215, 0.3147, 0.2888, 0.2863, 0.2860, 
8, 7, 1.7420, 0.0017, 40.625, 93.750, 0.394, 0.194, 0.6673, 0.4602, 0.3350, 0.2419, 0.1898, 0.1546, 
8, 6, 1.5683, 0.0017, 43.750, 96.875, 0.365, 0.166, 0.5845, 0.4084, 0.3254, 0.2613, 0.2284, 0.2197, 
8, 5, 2.3962, 0.0021, 20.312, 70.312, 0.214, 0.075, 0.6911, 0.5168, 0.5051, 0.5051, 0.5051, 0.5051, 
8, 4, 2.5269, 0.0024, 7.812, 50.000, 0.114, 0.051, 1.0000, 1.0000, 1.0000, 1.0000, 1.0000, 1.0000, 
8, 3, 2.4240, 0.0024, 12.500, 48.438, 0.114, 0.048, 1.0000, 1.0000, 1.0000, 1.0000, 1.0000, 1.0000, 
8, 2, 2.3300, 0.0024, 14.062, 57.812, 0.114, 0.052, 1.0000, 1.0000, 1.0000, 1.0000, 1.0000, 1.0000, 
9, 0, 2.3520, 0.0024, 12.500, 54.688, 0.114, 0.051, 1.0000, 1.0000, 1.0000, 1.0000, 1.0000, 1.0000, 
