main_dl2.py --pruning=True --tensorboard=True --log-interval=15 --pruning_config=./configs/mnist_22_15.json --constraint RobustnessDandR(eps1=7.8, eps2=2.9) --print-after-epoch=0 --dl2-weight=0.05 --delay=6
pruning_engine.load_mask(): did not find mask file, will load nothing
epoch, neuron_units, loss, dl2_loss, top1, top5, dl2_p_acc, dl2_constraint_acc
[0] Train acc: 0.1406
1, 252, 2.2927, 0.0023, 14.062, 59.375, 0.103, 1.000, 
[15] Train acc: 0.1875
1, 252, 2.2763, 0.0023, 18.750, 68.750, 0.103, 0.910, 
[30] Train acc: 0.3125
1, 252, 2.2343, 0.0023, 31.250, 75.000, 0.205, 0.636, 
[45] Train acc: 0.3594
1, 252, 2.1083, 0.0022, 35.938, 89.062, 0.408, 0.641, 
[60] Train acc: 0.5625
1, 252, 1.8079, 0.0021, 56.250, 90.625, 0.576, 0.257, 
[75] Train acc: 0.6719
1, 252, 1.1560, 0.0017, 67.188, 95.312, 0.646, 0.341, 
[90] Train acc: 0.6250
1, 252, 1.0569, 0.0015, 62.500, 98.438, 0.674, 0.341, 
[105] Train acc: 0.7031
1, 252, 0.8945, 0.0013, 70.312, 95.312, 0.730, 0.151, 
[120] Train acc: 0.8125
1, 252, 0.5999, 0.0011, 81.250, 98.438, 0.806, 0.066, 
[135] Train acc: 0.8594
1, 252, 0.3908, 0.0010, 85.938, 100.000, 0.854, 0.083, 
[150] Train acc: 0.8594
1, 252, 0.5338, 0.0010, 85.938, 100.000, 0.820, 0.351, 
[165] Train acc: 0.8281
1, 252, 0.5438, 0.0010, 82.812, 98.438, 0.764, 0.297, 
[180] Train acc: 0.9062
1, 252, 0.4400, 0.0009, 90.625, 98.438, 0.846, 0.317, 
[195] Train acc: 0.9062
1, 252, 0.2807, 0.0009, 90.625, 100.000, 0.848, 0.322, 
[210] Train acc: 0.9219
1, 252, 0.3626, 0.0009, 92.188, 98.438, 0.857, 0.131, 
[225] Train acc: 0.8750
1, 252, 0.3995, 0.0008, 87.500, 100.000, 0.887, 0.411, 
[240] Train acc: 0.8750
1, 252, 0.4170, 0.0008, 87.500, 98.438, 0.877, 0.269, 
[255] Train acc: 0.8281
1, 252, 0.4295, 0.0008, 82.812, 100.000, 0.851, 0.196, 
[270] Train acc: 0.9219
1, 252, 0.2311, 0.0008, 92.188, 100.000, 0.843, 0.360, 
[285] Train acc: 0.9375
1, 252, 0.2467, 0.0007, 93.750, 100.000, 0.920, 0.317, 
[300] Train acc: 0.9062
1, 252, 0.2694, 0.0007, 90.625, 100.000, 0.911, 0.257, 
[315] Train acc: 0.9219
1, 252, 0.2680, 0.0007, 92.188, 98.438, 0.922, 0.318, 
[330] Train acc: 0.9062
1, 252, 0.3726, 0.0007, 90.625, 98.438, 0.864, 0.404, 
[345] Train acc: 0.8594
1, 252, 0.4701, 0.0007, 85.938, 98.438, 0.908, 0.421, 
[360] Train acc: 0.8750
1, 252, 0.2838, 0.0007, 87.500, 100.000, 0.909, 0.337, 
[375] Train acc: 0.9375
1, 252, 0.1560, 0.0007, 93.750, 100.000, 0.923, 0.348, 
[390] Train acc: 0.9062
1, 252, 0.2070, 0.0006, 90.625, 100.000, 0.915, 0.430, 
[405] Train acc: 0.9375
1, 252, 0.1975, 0.0006, 93.750, 100.000, 0.918, 0.266, 
[420] Train acc: 0.9219
1, 252, 0.2446, 0.0006, 92.188, 100.000, 0.936, 0.366, 
[435] Train acc: 0.9219
1, 252, 0.2261, 0.0006, 92.188, 100.000, 0.935, 0.362, 
[450] Train acc: 0.9219
1, 252, 0.1807, 0.0006, 92.188, 100.000, 0.942, 0.333, 
[465] Train acc: 0.8906
1, 252, 0.3503, 0.0006, 89.062, 100.000, 0.914, 0.336, 
[480] Train acc: 1.0000
1, 252, 0.0762, 0.0006, 100.000, 100.000, 0.934, 0.424, 
[495] Train acc: 0.9531
1, 252, 0.1621, 0.0006, 95.312, 100.000, 0.948, 0.329, 
[510] Train acc: 0.9219
1, 252, 0.1649, 0.0005, 92.188, 100.000, 0.949, 0.411, 
[525] Train acc: 0.9531
1, 252, 0.1392, 0.0006, 95.312, 100.000, 0.945, 0.386, 
[540] Train acc: 0.9531
1, 252, 0.2543, 0.0006, 95.312, 98.438, 0.933, 0.320, 
[555] Train acc: 0.9688
1, 252, 0.1702, 0.0005, 96.875, 98.438, 0.953, 0.375, 
[570] Train acc: 0.9531
1, 252, 0.1492, 0.0005, 95.312, 100.000, 0.925, 0.467, 
[585] Train acc: 0.9844
1, 252, 0.0822, 0.0005, 98.438, 100.000, 0.950, 0.360, 
[600] Train acc: 0.9531
1, 252, 0.1890, 0.0005, 95.312, 100.000, 0.951, 0.444, 
[615] Train acc: 0.9531
1, 252, 0.1561, 0.0005, 95.312, 100.000, 0.951, 0.383, 
[630] Train acc: 0.9375
1, 252, 0.3362, 0.0005, 93.750, 100.000, 0.956, 0.367, 
[645] Train acc: 0.9688
1, 252, 0.1513, 0.0005, 96.875, 100.000, 0.956, 0.376, 
[660] Train acc: 0.9688
1, 252, 0.1354, 0.0005, 96.875, 100.000, 0.956, 0.421, 
[675] Train acc: 0.9375
1, 252, 0.1571, 0.0005, 93.750, 100.000, 0.956, 0.422, 
[690] Train acc: 0.9688
1, 252, 0.1637, 0.0005, 96.875, 98.438, 0.958, 0.436, 
[705] Train acc: 0.8906
1, 252, 0.3415, 0.0005, 89.062, 100.000, 0.953, 0.464, 
[720] Train acc: 1.0000
1, 252, 0.0550, 0.0005, 100.000, 100.000, 0.958, 0.438, 
[735] Train acc: 0.9375
1, 252, 0.1595, 0.0005, 93.750, 100.000, 0.956, 0.394, 
[750] Train acc: 0.9688
1, 252, 0.0683, 0.0005, 96.875, 100.000, 0.950, 0.510, 
[765] Train acc: 0.9062
1, 252, 0.2801, 0.0005, 90.625, 100.000, 0.945, 0.442, 
[780] Train acc: 0.9219
1, 252, 0.1975, 0.0005, 92.188, 100.000, 0.965, 0.353, 
[795] Train acc: 0.9375
1, 252, 0.1232, 0.0005, 93.750, 100.000, 0.960, 0.439, 
[810] Train acc: 1.0000
1, 252, 0.0531, 0.0005, 100.000, 100.000, 0.963, 0.358, 
[825] Train acc: 0.9531
1, 252, 0.1005, 0.0005, 95.312, 100.000, 0.959, 0.355, 
[840] Train acc: 0.9531
1, 252, 0.1271, 0.0005, 95.312, 100.000, 0.969, 0.395, 
[855] Train acc: 0.9375
1, 252, 0.1566, 0.0005, 93.750, 100.000, 0.942, 0.397, 
[870] Train acc: 0.9531
1, 252, 0.1490, 0.0004, 95.312, 100.000, 0.963, 0.417, 
[885] Train acc: 0.9375
1, 252, 0.1344, 0.0005, 93.750, 100.000, 0.959, 0.437, 
[900] Train acc: 0.9531
1, 252, 0.1105, 0.0004, 95.312, 100.000, 0.962, 0.462, 
[915] Train acc: 0.9375
1, 252, 0.1970, 0.0004, 93.750, 100.000, 0.960, 0.458, 
[930] Train acc: 0.9375
1, 252, 0.1600, 0.0004, 93.750, 100.000, 0.965, 0.462, 
[0] Train acc: 0.9531
2, 252, 0.1407, 0.0004, 95.312, 100.000, 0.963, 0.481, 
[15] Train acc: 0.9844
2, 252, 0.0752, 0.0004, 98.438, 100.000, 0.967, 0.500, 
[30] Train acc: 0.9688
2, 252, 0.0801, 0.0004, 96.875, 100.000, 0.955, 0.567, 
[45] Train acc: 0.9688
2, 252, 0.0949, 0.0004, 96.875, 100.000, 0.965, 0.518, 
[60] Train acc: 0.9844
2, 252, 0.0438, 0.0004, 98.438, 100.000, 0.963, 0.531, 
[75] Train acc: 0.9688
2, 252, 0.1399, 0.0004, 96.875, 100.000, 0.966, 0.522, 
[90] Train acc: 0.9375
2, 252, 0.3302, 0.0004, 93.750, 100.000, 0.967, 0.463, 
[105] Train acc: 0.9844
2, 252, 0.0491, 0.0004, 98.438, 100.000, 0.970, 0.431, 
[120] Train acc: 0.9688
2, 252, 0.0914, 0.0004, 96.875, 100.000, 0.970, 0.463, 
[135] Train acc: 0.9688
2, 252, 0.1508, 0.0004, 96.875, 100.000, 0.964, 0.461, 
[150] Train acc: 0.9531
2, 252, 0.0793, 0.0004, 95.312, 100.000, 0.967, 0.507, 
[165] Train acc: 0.9844
2, 252, 0.0713, 0.0004, 98.438, 100.000, 0.969, 0.560, 
[180] Train acc: 0.9531
2, 252, 0.0830, 0.0004, 95.312, 100.000, 0.966, 0.537, 
[195] Train acc: 0.9844
2, 252, 0.0966, 0.0004, 98.438, 100.000, 0.961, 0.498, 
[210] Train acc: 0.9688
2, 252, 0.0620, 0.0004, 96.875, 100.000, 0.973, 0.584, 
[225] Train acc: 0.9531
2, 252, 0.1448, 0.0004, 95.312, 100.000, 0.965, 0.609, 
[240] Train acc: 0.9531
2, 252, 0.1479, 0.0004, 95.312, 100.000, 0.967, 0.480, 
[255] Train acc: 1.0000
2, 252, 0.0279, 0.0004, 100.000, 100.000, 0.968, 0.498, 
[270] Train acc: 0.9844
2, 252, 0.0609, 0.0003, 98.438, 100.000, 0.974, 0.567, 
[285] Train acc: 0.9844
2, 252, 0.0342, 0.0003, 98.438, 100.000, 0.975, 0.602, 
[300] Train acc: 0.9688
2, 252, 0.0782, 0.0004, 96.875, 100.000, 0.969, 0.557, 
[315] Train acc: 0.9375
2, 252, 0.1122, 0.0004, 93.750, 100.000, 0.975, 0.581, 
[330] Train acc: 0.9688
2, 252, 0.0469, 0.0004, 96.875, 100.000, 0.968, 0.531, 
[345] Train acc: 0.9531
2, 252, 0.2345, 0.0004, 95.312, 100.000, 0.977, 0.505, 
[360] Train acc: 0.9688
2, 252, 0.0647, 0.0004, 96.875, 100.000, 0.962, 0.426, 
[375] Train acc: 0.9531
2, 252, 0.1035, 0.0004, 95.312, 100.000, 0.976, 0.464, 
[390] Train acc: 0.9844
2, 252, 0.0274, 0.0004, 98.438, 100.000, 0.974, 0.508, 
[405] Train acc: 0.9844
2, 252, 0.0408, 0.0004, 98.438, 100.000, 0.968, 0.521, 
[420] Train acc: 0.9844
2, 252, 0.0255, 0.0004, 98.438, 100.000, 0.976, 0.554, 
[435] Train acc: 0.9844
2, 252, 0.0391, 0.0004, 98.438, 100.000, 0.977, 0.516, 
[450] Train acc: 0.9844
2, 252, 0.0888, 0.0003, 98.438, 100.000, 0.975, 0.563, 
[465] Train acc: 0.9688
2, 252, 0.0860, 0.0004, 96.875, 100.000, 0.972, 0.569, 
[480] Train acc: 0.9688
2, 252, 0.0826, 0.0004, 96.875, 100.000, 0.969, 0.512, 
[495] Train acc: 0.9375
2, 252, 0.1246, 0.0004, 93.750, 100.000, 0.972, 0.594, 
[510] Train acc: 1.0000
2, 252, 0.0169, 0.0004, 100.000, 100.000, 0.974, 0.490, 
[525] Train acc: 0.9688
2, 252, 0.1215, 0.0004, 96.875, 100.000, 0.977, 0.503, 
[540] Train acc: 0.9844
2, 252, 0.0627, 0.0004, 98.438, 100.000, 0.977, 0.453, 
[555] Train acc: 1.0000
2, 252, 0.0338, 0.0004, 100.000, 100.000, 0.977, 0.491, 
[570] Train acc: 0.9531
2, 252, 0.1980, 0.0004, 95.312, 100.000, 0.972, 0.498, 
[585] Train acc: 1.0000
2, 252, 0.0180, 0.0004, 100.000, 100.000, 0.965, 0.488, 
[600] Train acc: 0.9531
2, 252, 0.1889, 0.0004, 95.312, 100.000, 0.966, 0.527, 
[615] Train acc: 0.9531
2, 252, 0.1996, 0.0004, 95.312, 100.000, 0.972, 0.528, 
[630] Train acc: 0.9844
2, 252, 0.0752, 0.0004, 98.438, 100.000, 0.971, 0.529, 
[645] Train acc: 0.9062
2, 252, 0.2343, 0.0003, 90.625, 100.000, 0.980, 0.573, 
[660] Train acc: 0.9844
2, 252, 0.0542, 0.0003, 98.438, 100.000, 0.978, 0.615, 
[675] Train acc: 0.9844
2, 252, 0.0672, 0.0003, 98.438, 100.000, 0.977, 0.662, 
[690] Train acc: 0.9688
2, 252, 0.0481, 0.0003, 96.875, 100.000, 0.975, 0.660, 
[705] Train acc: 0.9844
2, 252, 0.0961, 0.0003, 98.438, 100.000, 0.970, 0.615, 
[720] Train acc: 0.9688
2, 252, 0.0633, 0.0003, 96.875, 100.000, 0.976, 0.623, 
[735] Train acc: 0.9844
2, 252, 0.0988, 0.0004, 98.438, 100.000, 0.959, 0.666, 
[750] Train acc: 0.9844
2, 252, 0.0208, 0.0003, 98.438, 100.000, 0.978, 0.612, 
[765] Train acc: 0.9688
2, 252, 0.0411, 0.0003, 96.875, 100.000, 0.978, 0.636, 
[780] Train acc: 0.9844
2, 252, 0.0408, 0.0003, 98.438, 100.000, 0.975, 0.647, 
[795] Train acc: 0.9688
2, 252, 0.0842, 0.0003, 96.875, 100.000, 0.976, 0.589, 
[810] Train acc: 0.9688
2, 252, 0.0810, 0.0003, 96.875, 100.000, 0.976, 0.621, 
[825] Train acc: 0.9375
2, 252, 0.2803, 0.0003, 93.750, 100.000, 0.979, 0.609, 
[840] Train acc: 1.0000
2, 252, 0.0204, 0.0003, 100.000, 100.000, 0.974, 0.605, 
[855] Train acc: 1.0000
2, 252, 0.0160, 0.0003, 100.000, 100.000, 0.980, 0.616, 
[870] Train acc: 1.0000
2, 252, 0.0261, 0.0003, 100.000, 100.000, 0.978, 0.613, 
[885] Train acc: 0.9844
2, 252, 0.0547, 0.0003, 98.438, 100.000, 0.977, 0.607, 
[900] Train acc: 0.9375
2, 252, 0.1150, 0.0003, 93.750, 100.000, 0.979, 0.569, 
[915] Train acc: 0.9688
2, 252, 0.0495, 0.0003, 96.875, 100.000, 0.981, 0.664, 
[930] Train acc: 0.9688
2, 252, 0.1090, 0.0003, 96.875, 100.000, 0.971, 0.666, 
[0] Train acc: 0.9688
3, 252, 0.1437, 0.0003, 96.875, 100.000, 0.970, 0.561, 
[15] Train acc: 1.0000
3, 252, 0.0285, 0.0003, 100.000, 100.000, 0.981, 0.600, 
[30] Train acc: 0.9844
3, 252, 0.0529, 0.0003, 98.438, 100.000, 0.978, 0.620, 
[45] Train acc: 0.9688
3, 252, 0.0809, 0.0004, 96.875, 100.000, 0.969, 0.546, 
[60] Train acc: 1.0000
3, 252, 0.0216, 0.0003, 100.000, 100.000, 0.981, 0.627, 
[75] Train acc: 0.9688
3, 252, 0.1329, 0.0003, 96.875, 100.000, 0.969, 0.597, 
[90] Train acc: 0.9844
3, 252, 0.0656, 0.0003, 98.438, 100.000, 0.976, 0.626, 
[105] Train acc: 1.0000
3, 252, 0.0243, 0.0003, 100.000, 100.000, 0.981, 0.609, 
[120] Train acc: 1.0000
3, 252, 0.0218, 0.0003, 100.000, 100.000, 0.979, 0.664, 
[135] Train acc: 0.9531
3, 252, 0.0817, 0.0003, 95.312, 100.000, 0.981, 0.639, 
[150] Train acc: 1.0000
3, 252, 0.0099, 0.0003, 100.000, 100.000, 0.975, 0.573, 
[165] Train acc: 0.9844
3, 252, 0.1767, 0.0003, 98.438, 100.000, 0.981, 0.579, 
[180] Train acc: 0.9531
3, 252, 0.1106, 0.0003, 95.312, 100.000, 0.981, 0.634, 
[195] Train acc: 0.9844
3, 252, 0.0700, 0.0003, 98.438, 100.000, 0.976, 0.613, 
[210] Train acc: 0.9531
3, 252, 0.0754, 0.0003, 95.312, 100.000, 0.972, 0.672, 
[225] Train acc: 1.0000
3, 252, 0.0133, 0.0003, 100.000, 100.000, 0.983, 0.660, 
[240] Train acc: 0.9688
3, 252, 0.0620, 0.0003, 96.875, 100.000, 0.980, 0.683, 
[255] Train acc: 0.9844
3, 252, 0.0525, 0.0003, 98.438, 100.000, 0.972, 0.687, 
[270] Train acc: 0.9688
3, 252, 0.0948, 0.0003, 96.875, 100.000, 0.982, 0.674, 
[285] Train acc: 0.9688
3, 252, 0.0618, 0.0003, 96.875, 100.000, 0.984, 0.643, 
[300] Train acc: 0.9844
3, 252, 0.0618, 0.0003, 98.438, 100.000, 0.981, 0.595, 
[315] Train acc: 0.9688
3, 252, 0.1432, 0.0003, 96.875, 100.000, 0.983, 0.608, 
[330] Train acc: 0.9531
3, 252, 0.1283, 0.0003, 95.312, 100.000, 0.978, 0.702, 
[345] Train acc: 1.0000
3, 252, 0.0156, 0.0003, 100.000, 100.000, 0.982, 0.658, 
[360] Train acc: 0.9844
3, 252, 0.0625, 0.0003, 98.438, 100.000, 0.979, 0.690, 
[375] Train acc: 1.0000
3, 252, 0.0429, 0.0003, 100.000, 100.000, 0.977, 0.688, 
[390] Train acc: 0.9375
3, 252, 0.2170, 0.0003, 93.750, 100.000, 0.966, 0.740, 
[405] Train acc: 0.9844
3, 252, 0.0477, 0.0003, 98.438, 100.000, 0.982, 0.724, 
[420] Train acc: 1.0000
3, 252, 0.0266, 0.0003, 100.000, 100.000, 0.982, 0.682, 
[435] Train acc: 0.9844
3, 252, 0.0296, 0.0003, 98.438, 100.000, 0.972, 0.657, 
[450] Train acc: 0.9844
3, 252, 0.0515, 0.0003, 98.438, 100.000, 0.979, 0.663, 
[465] Train acc: 1.0000
3, 252, 0.0425, 0.0003, 100.000, 100.000, 0.982, 0.683, 
[480] Train acc: 0.9844
3, 252, 0.1283, 0.0003, 98.438, 100.000, 0.981, 0.653, 
[495] Train acc: 0.9688
3, 252, 0.0506, 0.0003, 96.875, 100.000, 0.983, 0.672, 
[510] Train acc: 0.9688
3, 252, 0.0836, 0.0003, 96.875, 100.000, 0.982, 0.651, 
[525] Train acc: 0.9531
3, 252, 0.1020, 0.0003, 95.312, 100.000, 0.984, 0.640, 
[540] Train acc: 1.0000
3, 252, 0.0214, 0.0003, 100.000, 100.000, 0.982, 0.664, 
[555] Train acc: 0.9531
3, 252, 0.1520, 0.0003, 95.312, 100.000, 0.985, 0.558, 
[570] Train acc: 0.9844
3, 252, 0.0536, 0.0003, 98.438, 100.000, 0.978, 0.591, 
[585] Train acc: 1.0000
3, 252, 0.0112, 0.0003, 100.000, 100.000, 0.982, 0.702, 
[600] Train acc: 0.9375
3, 252, 0.1640, 0.0003, 93.750, 100.000, 0.980, 0.583, 
[615] Train acc: 0.9531
3, 252, 0.1815, 0.0003, 95.312, 100.000, 0.982, 0.662, 
[630] Train acc: 1.0000
3, 252, 0.0235, 0.0003, 100.000, 100.000, 0.984, 0.658, 
[645] Train acc: 0.9688
3, 252, 0.2124, 0.0003, 96.875, 100.000, 0.983, 0.641, 
[660] Train acc: 1.0000
3, 252, 0.0341, 0.0003, 100.000, 100.000, 0.983, 0.604, 
[675] Train acc: 1.0000
3, 252, 0.0153, 0.0003, 100.000, 100.000, 0.984, 0.634, 
[690] Train acc: 0.9844
3, 252, 0.0284, 0.0003, 98.438, 100.000, 0.985, 0.639, 
[705] Train acc: 1.0000
3, 252, 0.0274, 0.0003, 100.000, 100.000, 0.983, 0.649, 
[720] Train acc: 0.9844
3, 252, 0.0483, 0.0003, 98.438, 100.000, 0.984, 0.626, 
[735] Train acc: 0.9844
3, 252, 0.0342, 0.0003, 98.438, 100.000, 0.982, 0.675, 
[750] Train acc: 0.9844
3, 252, 0.0250, 0.0003, 98.438, 100.000, 0.986, 0.644, 
[765] Train acc: 1.0000
3, 252, 0.0191, 0.0003, 100.000, 100.000, 0.981, 0.644, 
[780] Train acc: 0.9531
3, 252, 0.1058, 0.0003, 95.312, 100.000, 0.984, 0.674, 
[795] Train acc: 0.9688
3, 252, 0.0497, 0.0003, 96.875, 100.000, 0.982, 0.688, 
[810] Train acc: 1.0000
3, 252, 0.0074, 0.0003, 100.000, 100.000, 0.978, 0.724, 
[825] Train acc: 1.0000
3, 252, 0.0133, 0.0002, 100.000, 100.000, 0.984, 0.742, 
[840] Train acc: 0.9531
3, 252, 0.0715, 0.0003, 95.312, 100.000, 0.981, 0.677, 
[855] Train acc: 1.0000
3, 252, 0.0085, 0.0003, 100.000, 100.000, 0.978, 0.613, 
[870] Train acc: 1.0000
3, 252, 0.0084, 0.0003, 100.000, 100.000, 0.981, 0.660, 
[885] Train acc: 1.0000
3, 252, 0.0144, 0.0003, 100.000, 100.000, 0.983, 0.652, 
[900] Train acc: 0.9844
3, 252, 0.0241, 0.0003, 98.438, 100.000, 0.981, 0.650, 
[915] Train acc: 0.9531
3, 252, 0.2423, 0.0003, 95.312, 100.000, 0.983, 0.641, 
[930] Train acc: 0.9844
3, 252, 0.0708, 0.0003, 98.438, 100.000, 0.987, 0.685, 
[0] Train acc: 0.9844
4, 252, 0.0484, 0.0003, 98.438, 100.000, 0.985, 0.674, 
[15] Train acc: 1.0000
4, 252, 0.0244, 0.0003, 100.000, 100.000, 0.983, 0.674, 
[30] Train acc: 0.9844
4, 252, 0.0416, 0.0003, 98.438, 100.000, 0.981, 0.686, 
[45] Train acc: 1.0000
4, 252, 0.0063, 0.0003, 100.000, 100.000, 0.985, 0.673, 
[60] Train acc: 1.0000
4, 252, 0.0215, 0.0003, 100.000, 100.000, 0.984, 0.666, 
[75] Train acc: 1.0000
4, 252, 0.0432, 0.0003, 100.000, 100.000, 0.972, 0.645, 
[90] Train acc: 0.9844
4, 252, 0.0448, 0.0002, 98.438, 100.000, 0.985, 0.742, 
[105] Train acc: 1.0000
4, 252, 0.0111, 0.0002, 100.000, 100.000, 0.984, 0.715, 
[120] Train acc: 0.9844
4, 252, 0.0530, 0.0003, 98.438, 100.000, 0.982, 0.700, 
[135] Train acc: 0.9844
4, 252, 0.0300, 0.0003, 98.438, 100.000, 0.985, 0.709, 
[150] Train acc: 0.9688
4, 252, 0.0593, 0.0002, 96.875, 100.000, 0.985, 0.709, 
[165] Train acc: 1.0000
4, 252, 0.0173, 0.0003, 100.000, 100.000, 0.982, 0.732, 
[180] Train acc: 0.9844
4, 252, 0.1133, 0.0002, 98.438, 100.000, 0.985, 0.711, 
[195] Train acc: 1.0000
4, 252, 0.0079, 0.0003, 100.000, 100.000, 0.983, 0.708, 
[210] Train acc: 0.9531
4, 252, 0.1191, 0.0003, 95.312, 100.000, 0.980, 0.702, 
[225] Train acc: 1.0000
4, 252, 0.0161, 0.0003, 100.000, 100.000, 0.985, 0.666, 
[240] Train acc: 1.0000
4, 252, 0.0187, 0.0003, 100.000, 100.000, 0.982, 0.679, 
[255] Train acc: 0.9844
4, 252, 0.1243, 0.0003, 98.438, 98.438, 0.983, 0.696, 
[270] Train acc: 1.0000
4, 252, 0.0103, 0.0002, 100.000, 100.000, 0.986, 0.719, 
[285] Train acc: 0.9688
4, 252, 0.0890, 0.0002, 96.875, 100.000, 0.986, 0.763, 
[300] Train acc: 1.0000
4, 252, 0.0147, 0.0003, 100.000, 100.000, 0.981, 0.698, 
[315] Train acc: 1.0000
4, 252, 0.0182, 0.0002, 100.000, 100.000, 0.985, 0.704, 
[330] Train acc: 1.0000
4, 252, 0.0325, 0.0003, 100.000, 100.000, 0.985, 0.685, 
[345] Train acc: 0.9531
4, 252, 0.0922, 0.0003, 95.312, 100.000, 0.983, 0.676, 
[360] Train acc: 0.9688
4, 252, 0.0669, 0.0003, 96.875, 100.000, 0.979, 0.659, 
[375] Train acc: 1.0000
4, 252, 0.0089, 0.0003, 100.000, 100.000, 0.987, 0.659, 
[390] Train acc: 1.0000
4, 252, 0.0179, 0.0003, 100.000, 100.000, 0.985, 0.695, 
[405] Train acc: 1.0000
4, 252, 0.0076, 0.0003, 100.000, 100.000, 0.982, 0.680, 
[420] Train acc: 0.9688
4, 252, 0.0540, 0.0003, 96.875, 100.000, 0.982, 0.700, 
[435] Train acc: 0.9688
4, 252, 0.0744, 0.0003, 96.875, 100.000, 0.984, 0.695, 
[450] Train acc: 1.0000
4, 252, 0.0152, 0.0003, 100.000, 100.000, 0.983, 0.701, 
[465] Train acc: 0.9844
4, 252, 0.0753, 0.0002, 98.438, 100.000, 0.985, 0.692, 
[480] Train acc: 0.9688
4, 252, 0.0678, 0.0002, 96.875, 100.000, 0.984, 0.715, 
[495] Train acc: 0.9844
4, 252, 0.0385, 0.0003, 98.438, 100.000, 0.985, 0.710, 
[510] Train acc: 0.9531
4, 252, 0.0576, 0.0003, 95.312, 100.000, 0.987, 0.693, 
[525] Train acc: 1.0000
4, 252, 0.0055, 0.0002, 100.000, 100.000, 0.985, 0.719, 
[540] Train acc: 1.0000
4, 252, 0.0088, 0.0003, 100.000, 100.000, 0.980, 0.696, 
[555] Train acc: 0.9844
4, 252, 0.0672, 0.0002, 98.438, 100.000, 0.984, 0.723, 
[570] Train acc: 1.0000
4, 252, 0.0215, 0.0003, 100.000, 100.000, 0.982, 0.722, 
[585] Train acc: 0.9531
4, 252, 0.1056, 0.0002, 95.312, 100.000, 0.986, 0.693, 
[600] Train acc: 1.0000
4, 252, 0.0105, 0.0002, 100.000, 100.000, 0.987, 0.721, 
[615] Train acc: 0.9844
4, 252, 0.0304, 0.0002, 98.438, 100.000, 0.986, 0.746, 
[630] Train acc: 0.9531
4, 252, 0.1299, 0.0002, 95.312, 100.000, 0.983, 0.752, 
[645] Train acc: 1.0000
4, 252, 0.0146, 0.0002, 100.000, 100.000, 0.985, 0.736, 
[660] Train acc: 1.0000
4, 252, 0.0169, 0.0002, 100.000, 100.000, 0.987, 0.722, 
[675] Train acc: 0.9688
4, 252, 0.0538, 0.0002, 96.875, 100.000, 0.986, 0.714, 
[690] Train acc: 0.9844
4, 252, 0.0774, 0.0002, 98.438, 100.000, 0.983, 0.756, 
[705] Train acc: 1.0000
4, 252, 0.0300, 0.0002, 100.000, 100.000, 0.986, 0.740, 
[720] Train acc: 0.9844
4, 252, 0.0937, 0.0002, 98.438, 100.000, 0.983, 0.744, 
[735] Train acc: 1.0000
4, 252, 0.0191, 0.0002, 100.000, 100.000, 0.980, 0.748, 
[750] Train acc: 1.0000
4, 252, 0.0044, 0.0002, 100.000, 100.000, 0.983, 0.780, 
[765] Train acc: 0.9531
4, 252, 0.0958, 0.0002, 95.312, 100.000, 0.985, 0.729, 
[780] Train acc: 0.9688
4, 252, 0.0661, 0.0002, 96.875, 100.000, 0.985, 0.739, 
[795] Train acc: 0.9531
4, 252, 0.1070, 0.0002, 95.312, 100.000, 0.983, 0.728, 
[810] Train acc: 1.0000
4, 252, 0.0131, 0.0002, 100.000, 100.000, 0.985, 0.738, 
[825] Train acc: 0.9688
4, 252, 0.0316, 0.0002, 96.875, 100.000, 0.985, 0.730, 
[840] Train acc: 1.0000
4, 252, 0.0235, 0.0002, 100.000, 100.000, 0.986, 0.708, 
[855] Train acc: 1.0000
4, 252, 0.0032, 0.0002, 100.000, 100.000, 0.986, 0.714, 
[870] Train acc: 0.9844
4, 252, 0.0457, 0.0003, 98.438, 100.000, 0.983, 0.692, 
[885] Train acc: 1.0000
4, 252, 0.0180, 0.0002, 100.000, 100.000, 0.983, 0.726, 
[900] Train acc: 0.9844
4, 252, 0.0469, 0.0003, 98.438, 100.000, 0.980, 0.696, 
[915] Train acc: 1.0000
4, 252, 0.0054, 0.0002, 100.000, 100.000, 0.987, 0.748, 
[930] Train acc: 0.9688
4, 252, 0.1351, 0.0002, 96.875, 100.000, 0.988, 0.706, 
[0] Train acc: 0.9531
5, 252, 0.1104, 0.0003, 95.312, 100.000, 0.982, 0.724, 
[15] Train acc: 0.9844
5, 252, 0.0755, 0.0002, 98.438, 100.000, 0.987, 0.708, 
[30] Train acc: 1.0000
5, 252, 0.0264, 0.0002, 100.000, 100.000, 0.988, 0.743, 
[45] Train acc: 0.9531
5, 252, 0.0984, 0.0002, 95.312, 100.000, 0.986, 0.724, 
[60] Train acc: 1.0000
5, 252, 0.0236, 0.0002, 100.000, 100.000, 0.983, 0.748, 
[75] Train acc: 0.9844
5, 252, 0.0256, 0.0002, 98.438, 100.000, 0.988, 0.743, 
[90] Train acc: 0.9531
5, 252, 0.1569, 0.0003, 95.312, 100.000, 0.984, 0.728, 
[105] Train acc: 0.9844
5, 252, 0.0473, 0.0002, 98.438, 100.000, 0.987, 0.707, 
[120] Train acc: 1.0000
5, 252, 0.0015, 0.0002, 100.000, 100.000, 0.986, 0.695, 
[135] Train acc: 0.9844
5, 252, 0.0393, 0.0002, 98.438, 100.000, 0.988, 0.702, 
[150] Train acc: 1.0000
5, 252, 0.0231, 0.0002, 100.000, 100.000, 0.988, 0.731, 
[165] Train acc: 0.9844
5, 252, 0.0324, 0.0002, 98.438, 100.000, 0.984, 0.705, 
[180] Train acc: 0.9844
5, 252, 0.0189, 0.0002, 98.438, 100.000, 0.985, 0.755, 
[195] Train acc: 1.0000
5, 252, 0.0243, 0.0002, 100.000, 100.000, 0.986, 0.736, 
[210] Train acc: 0.9688
5, 252, 0.2014, 0.0002, 96.875, 98.438, 0.986, 0.704, 
[225] Train acc: 0.9688
5, 252, 0.0636, 0.0002, 96.875, 100.000, 0.981, 0.742, 
[240] Train acc: 0.9844
5, 252, 0.0409, 0.0002, 98.438, 100.000, 0.988, 0.736, 
[255] Train acc: 0.9844
5, 252, 0.0414, 0.0002, 98.438, 100.000, 0.985, 0.713, 
[270] Train acc: 1.0000
5, 252, 0.0077, 0.0002, 100.000, 100.000, 0.984, 0.750, 
[285] Train acc: 0.9844
5, 252, 0.0314, 0.0002, 98.438, 100.000, 0.986, 0.700, 
[300] Train acc: 0.9688
5, 252, 0.0770, 0.0002, 96.875, 100.000, 0.987, 0.730, 
[315] Train acc: 0.9688
5, 252, 0.0528, 0.0002, 96.875, 100.000, 0.986, 0.721, 
[330] Train acc: 0.9844
5, 252, 0.0357, 0.0002, 98.438, 100.000, 0.986, 0.731, 
[345] Train acc: 1.0000
5, 252, 0.0078, 0.0002, 100.000, 100.000, 0.986, 0.741, 
[360] Train acc: 1.0000
5, 252, 0.0062, 0.0002, 100.000, 100.000, 0.988, 0.743, 
[375] Train acc: 1.0000
5, 252, 0.0182, 0.0002, 100.000, 100.000, 0.985, 0.755, 
[390] Train acc: 0.9844
5, 252, 0.0347, 0.0002, 98.438, 100.000, 0.986, 0.756, 
[405] Train acc: 0.9844
5, 252, 0.0357, 0.0002, 98.438, 100.000, 0.986, 0.764, 
[420] Train acc: 0.9844
5, 252, 0.0288, 0.0002, 98.438, 100.000, 0.987, 0.800, 
[435] Train acc: 1.0000
5, 252, 0.0384, 0.0002, 100.000, 100.000, 0.987, 0.795, 
[450] Train acc: 0.9688
5, 252, 0.0746, 0.0002, 96.875, 100.000, 0.986, 0.788, 
[465] Train acc: 0.9531
5, 252, 0.2299, 0.0003, 95.312, 100.000, 0.985, 0.695, 
[480] Train acc: 1.0000
5, 252, 0.0095, 0.0002, 100.000, 100.000, 0.985, 0.720, 
[495] Train acc: 0.9688
5, 252, 0.0636, 0.0002, 96.875, 100.000, 0.985, 0.714, 
[510] Train acc: 0.9531
5, 252, 0.0753, 0.0002, 95.312, 100.000, 0.987, 0.737, 
[525] Train acc: 0.9688
5, 252, 0.0763, 0.0002, 96.875, 100.000, 0.988, 0.779, 
[540] Train acc: 0.9688
5, 252, 0.1208, 0.0002, 96.875, 100.000, 0.988, 0.781, 
[555] Train acc: 0.9844
5, 252, 0.0301, 0.0002, 98.438, 100.000, 0.990, 0.759, 
[570] Train acc: 1.0000
5, 252, 0.0098, 0.0002, 100.000, 100.000, 0.986, 0.764, 
[585] Train acc: 1.0000
5, 252, 0.0090, 0.0002, 100.000, 100.000, 0.985, 0.754, 
[600] Train acc: 1.0000
5, 252, 0.0170, 0.0002, 100.000, 100.000, 0.985, 0.740, 
[615] Train acc: 0.9844
5, 252, 0.0246, 0.0002, 98.438, 100.000, 0.988, 0.719, 
[630] Train acc: 0.9219
5, 252, 0.1508, 0.0002, 92.188, 100.000, 0.987, 0.751, 
[645] Train acc: 1.0000
5, 252, 0.0039, 0.0002, 100.000, 100.000, 0.987, 0.762, 
[660] Train acc: 1.0000
5, 252, 0.0033, 0.0002, 100.000, 100.000, 0.987, 0.749, 
[675] Train acc: 1.0000
5, 252, 0.0219, 0.0002, 100.000, 100.000, 0.987, 0.736, 
[690] Train acc: 1.0000
5, 252, 0.0031, 0.0002, 100.000, 100.000, 0.986, 0.773, 
[705] Train acc: 1.0000
5, 252, 0.0078, 0.0002, 100.000, 100.000, 0.988, 0.744, 
[720] Train acc: 0.9844
5, 252, 0.0540, 0.0002, 98.438, 100.000, 0.986, 0.756, 
[735] Train acc: 0.9844
5, 252, 0.0684, 0.0002, 98.438, 100.000, 0.987, 0.748, 
[750] Train acc: 1.0000
5, 252, 0.0082, 0.0002, 100.000, 100.000, 0.986, 0.772, 
[765] Train acc: 1.0000
5, 252, 0.0112, 0.0002, 100.000, 100.000, 0.983, 0.751, 
[780] Train acc: 0.9531
5, 252, 0.2455, 0.0002, 95.312, 100.000, 0.988, 0.713, 
[795] Train acc: 0.9688
5, 252, 0.0589, 0.0002, 96.875, 100.000, 0.988, 0.737, 
[810] Train acc: 0.9844
5, 252, 0.0220, 0.0002, 98.438, 100.000, 0.986, 0.750, 
[825] Train acc: 1.0000
5, 252, 0.0090, 0.0002, 100.000, 100.000, 0.983, 0.761, 
[840] Train acc: 0.9844
5, 252, 0.0306, 0.0002, 98.438, 100.000, 0.987, 0.773, 
[855] Train acc: 1.0000
5, 252, 0.0127, 0.0002, 100.000, 100.000, 0.985, 0.777, 
[870] Train acc: 0.9688
5, 252, 0.1107, 0.0002, 96.875, 100.000, 0.980, 0.788, 
[885] Train acc: 1.0000
5, 252, 0.0024, 0.0002, 100.000, 100.000, 0.987, 0.749, 
[900] Train acc: 1.0000
5, 252, 0.0236, 0.0002, 100.000, 100.000, 0.987, 0.739, 
[915] Train acc: 0.9844
5, 252, 0.0203, 0.0002, 98.438, 100.000, 0.987, 0.754, 
[930] Train acc: 0.9844
5, 252, 0.0435, 0.0002, 98.438, 100.000, 0.986, 0.707, 
[0] Train acc: 1.0000
6, 252, 0.0085, 0.0002, 100.000, 100.000, 0.985, 0.753, 
[15] Train acc: 1.0000
6, 252, 0.0074, 0.0002, 100.000, 100.000, 0.990, 0.740, 
[30] Train acc: 0.9844
6, 252, 0.0378, 0.0002, 98.438, 100.000, 0.986, 0.706, 
[45] Train acc: 1.0000
6, 252, 0.0035, 0.0002, 100.000, 100.000, 0.989, 0.709, 
[60] Train acc: 1.0000
6, 252, 0.0291, 0.0002, 100.000, 100.000, 0.987, 0.731, 
[75] Train acc: 1.0000
6, 252, 0.0240, 0.0002, 100.000, 100.000, 0.986, 0.790, 
[90] Train acc: 1.0000
6, 252, 0.0225, 0.0002, 100.000, 100.000, 0.987, 0.776, 
[105] Train acc: 0.9688
6, 252, 0.0429, 0.0002, 96.875, 100.000, 0.987, 0.770, 
[120] Train acc: 0.9844
6, 252, 0.0526, 0.0002, 98.438, 100.000, 0.988, 0.812, 
[135] Train acc: 1.0000
6, 252, 0.0031, 0.0002, 100.000, 100.000, 0.988, 0.786, 
[150] Train acc: 1.0000
6, 252, 0.0227, 0.0002, 100.000, 100.000, 0.986, 0.764, 
[165] Train acc: 1.0000
6, 252, 0.0111, 0.0002, 100.000, 100.000, 0.986, 0.757, 
[180] Train acc: 1.0000
6, 252, 0.0106, 0.0002, 100.000, 100.000, 0.988, 0.786, 
[195] Train acc: 0.9688
6, 252, 0.0541, 0.0002, 96.875, 100.000, 0.988, 0.766, 
[210] Train acc: 0.9844
6, 252, 0.0496, 0.0002, 98.438, 100.000, 0.987, 0.741, 
[225] Train acc: 0.9688
6, 252, 0.0520, 0.0002, 96.875, 100.000, 0.989, 0.751, 
[240] Train acc: 1.0000
6, 252, 0.0066, 0.0002, 100.000, 100.000, 0.986, 0.753, 
[255] Train acc: 0.9844
6, 252, 0.0878, 0.0002, 98.438, 100.000, 0.987, 0.756, 
[270] Train acc: 1.0000
6, 252, 0.0132, 0.0002, 100.000, 100.000, 0.988, 0.767, 
[285] Train acc: 0.9688
6, 252, 0.0930, 0.0002, 96.875, 100.000, 0.988, 0.759, 
[300] Train acc: 0.9844
6, 252, 0.1033, 0.0002, 98.438, 100.000, 0.985, 0.704, 
[315] Train acc: 1.0000
6, 252, 0.0046, 0.0002, 100.000, 100.000, 0.988, 0.749, 
[330] Train acc: 0.9844
6, 252, 0.0216, 0.0002, 98.438, 100.000, 0.988, 0.734, 
[345] Train acc: 0.9688
6, 252, 0.1465, 0.0002, 96.875, 100.000, 0.989, 0.749, 
[360] Train acc: 0.9844
6, 252, 0.0298, 0.0002, 98.438, 100.000, 0.990, 0.734, 
[375] Train acc: 0.9844
6, 252, 0.0448, 0.0003, 98.438, 100.000, 0.984, 0.695, 
[390] Train acc: 0.9844
6, 252, 0.0541, 0.0002, 98.438, 100.000, 0.987, 0.741, 
[405] Train acc: 1.0000
6, 252, 0.0164, 0.0002, 100.000, 100.000, 0.984, 0.748, 
[420] Train acc: 1.0000
6, 252, 0.0045, 0.0002, 100.000, 100.000, 0.985, 0.777, 
[435] Train acc: 1.0000
6, 252, 0.0035, 0.0002, 100.000, 100.000, 0.988, 0.787, 
[450] Train acc: 1.0000
6, 252, 0.0090, 0.0002, 100.000, 100.000, 0.986, 0.755, 
[465] Train acc: 0.9844
6, 252, 0.0272, 0.0002, 98.438, 100.000, 0.989, 0.725, 
[480] Train acc: 1.0000
6, 252, 0.0067, 0.0002, 100.000, 100.000, 0.988, 0.715, 
[495] Train acc: 1.0000
6, 252, 0.0115, 0.0002, 100.000, 100.000, 0.987, 0.739, 
[510] Train acc: 0.9688
6, 252, 0.1064, 0.0002, 96.875, 100.000, 0.986, 0.754, 
[525] Train acc: 0.9688
6, 252, 0.0514, 0.0002, 96.875, 100.000, 0.991, 0.769, 
[540] Train acc: 0.9844
6, 252, 0.0582, 0.0002, 98.438, 100.000, 0.986, 0.727, 
[555] Train acc: 1.0000
6, 252, 0.0139, 0.0002, 100.000, 100.000, 0.989, 0.779, 
[570] Train acc: 0.9688
6, 252, 0.0436, 0.0002, 96.875, 100.000, 0.989, 0.758, 
[585] Train acc: 0.9844
6, 252, 0.0471, 0.0002, 98.438, 100.000, 0.988, 0.746, 
[600] Train acc: 1.0000
6, 252, 0.0010, 0.0002, 100.000, 100.000, 0.986, 0.750, 
[615] Train acc: 1.0000
6, 252, 0.0274, 0.0002, 100.000, 100.000, 0.989, 0.820, 
[630] Train acc: 0.9844
6, 252, 0.0533, 0.0002, 98.438, 100.000, 0.981, 0.773, 
[645] Train acc: 1.0000
6, 252, 0.0045, 0.0002, 100.000, 100.000, 0.989, 0.807, 
[660] Train acc: 1.0000
6, 252, 0.0103, 0.0002, 100.000, 100.000, 0.988, 0.785, 
[675] Train acc: 1.0000
6, 252, 0.0031, 0.0002, 100.000, 100.000, 0.990, 0.777, 
[690] Train acc: 1.0000
6, 252, 0.0067, 0.0002, 100.000, 100.000, 0.988, 0.784, 
[705] Train acc: 1.0000
6, 252, 0.0077, 0.0002, 100.000, 100.000, 0.986, 0.769, 
[720] Train acc: 0.9844
6, 252, 0.0290, 0.0002, 98.438, 100.000, 0.985, 0.767, 
[735] Train acc: 0.9844
6, 252, 0.0469, 0.0002, 98.438, 100.000, 0.988, 0.783, 
[750] Train acc: 0.9844
6, 252, 0.0277, 0.0002, 98.438, 100.000, 0.990, 0.743, 
[765] Train acc: 1.0000
6, 252, 0.0017, 0.0002, 100.000, 100.000, 0.989, 0.748, 
[780] Train acc: 1.0000
6, 252, 0.0126, 0.0002, 100.000, 100.000, 0.987, 0.769, 
[795] Train acc: 0.9844
6, 252, 0.0272, 0.0002, 98.438, 100.000, 0.988, 0.771, 
[810] Train acc: 1.0000
6, 252, 0.0162, 0.0002, 100.000, 100.000, 0.988, 0.818, 
[825] Train acc: 0.9688
6, 252, 0.0488, 0.0002, 96.875, 100.000, 0.988, 0.749, 
[840] Train acc: 0.9844
6, 252, 0.0506, 0.0002, 98.438, 100.000, 0.987, 0.754, 
[855] Train acc: 1.0000
6, 252, 0.0059, 0.0002, 100.000, 100.000, 0.987, 0.769, 
[870] Train acc: 1.0000
6, 252, 0.0069, 0.0002, 100.000, 100.000, 0.987, 0.793, 
[885] Train acc: 0.9688
6, 252, 0.0715, 0.0002, 96.875, 100.000, 0.987, 0.763, 
[900] Train acc: 1.0000
6, 252, 0.0087, 0.0002, 100.000, 100.000, 0.989, 0.767, 
[915] Train acc: 1.0000
6, 252, 0.0105, 0.0002, 100.000, 100.000, 0.988, 0.762, 
[930] Train acc: 1.0000
6, 252, 0.0081, 0.0002, 100.000, 100.000, 0.987, 0.761, 
[0] Train acc: 1.0000, Constr acc: 0.7812, CE loss: 0.005, DL2 loss: 11.829
7, 252, 0.0049, 0.0003, 100.000, 100.000, 0.924, 0.778, 
[15] Train acc: 1.0000, Constr acc: 0.9375, CE loss: 0.011, DL2 loss: 4.829
7, 251, 0.0108, 0.0002, 100.000, 100.000, 0.985, 0.737, 
[30] Train acc: 1.0000, Constr acc: 0.8750, CE loss: 0.008, DL2 loss: 6.701
7, 250, 0.0077, 0.0002, 100.000, 100.000, 0.986, 0.750, 
[45] Train acc: 0.9844, Constr acc: 0.9062, CE loss: 0.042, DL2 loss: 4.741
7, 249, 0.0418, 0.0002, 98.438, 100.000, 0.987, 0.736, 
[60] Train acc: 1.0000, Constr acc: 0.8750, CE loss: 0.017, DL2 loss: 7.620
7, 248, 0.0171, 0.0004, 100.000, 100.000, 0.945, 0.673, 
[75] Train acc: 0.9844, Constr acc: 0.9375, CE loss: 0.043, DL2 loss: 4.669
7, 247, 0.0429, 0.0003, 98.438, 100.000, 0.981, 0.658, 
[90] Train acc: 1.0000, Constr acc: 0.8438, CE loss: 0.007, DL2 loss: 6.882
7, 246, 0.0069, 0.0003, 100.000, 100.000, 0.986, 0.695, 
[105] Train acc: 1.0000, Constr acc: 0.8125, CE loss: 0.006, DL2 loss: 11.299
7, 245, 0.0057, 0.0002, 100.000, 100.000, 0.987, 0.718, 
[120] Train acc: 0.9844, Constr acc: 0.9688, CE loss: 0.033, DL2 loss: 1.198
7, 244, 0.0329, 0.0002, 98.438, 100.000, 0.986, 0.729, 
[135] Train acc: 1.0000, Constr acc: 0.9375, CE loss: 0.002, DL2 loss: 2.244
7, 243, 0.0016, 0.0002, 100.000, 100.000, 0.985, 0.734, 
[150] Train acc: 1.0000, Constr acc: 0.7500, CE loss: 0.010, DL2 loss: 17.310
7, 242, 0.0095, 0.0003, 100.000, 100.000, 0.972, 0.700, 
[165] Train acc: 1.0000, Constr acc: 0.8750, CE loss: 0.005, DL2 loss: 7.043
7, 241, 0.0053, 0.0002, 100.000, 100.000, 0.985, 0.731, 
[180] Train acc: 0.9844, Constr acc: 0.9375, CE loss: 0.046, DL2 loss: 2.665
7, 240, 0.0461, 0.0002, 98.438, 100.000, 0.985, 0.751, 
[195] Train acc: 0.9531, Constr acc: 0.7812, CE loss: 0.128, DL2 loss: 13.826
7, 239, 0.1281, 0.0003, 95.312, 100.000, 0.983, 0.711, 
[210] Train acc: 1.0000, Constr acc: 0.9062, CE loss: 0.006, DL2 loss: 6.067
7, 238, 0.0058, 0.0003, 100.000, 100.000, 0.980, 0.747, 
[225] Train acc: 1.0000, Constr acc: 0.8750, CE loss: 0.009, DL2 loss: 7.418
7, 237, 0.0086, 0.0002, 100.000, 100.000, 0.981, 0.728, 
[240] Train acc: 0.9844, Constr acc: 0.9375, CE loss: 0.044, DL2 loss: 4.422
7, 236, 0.0438, 0.0003, 98.438, 100.000, 0.979, 0.716, 
[255] Train acc: 1.0000, Constr acc: 0.8750, CE loss: 0.011, DL2 loss: 5.378
7, 235, 0.0111, 0.0002, 100.000, 100.000, 0.987, 0.715, 
[270] Train acc: 1.0000, Constr acc: 0.8750, CE loss: 0.024, DL2 loss: 8.686
7, 234, 0.0236, 0.0002, 100.000, 100.000, 0.977, 0.744, 
[285] Train acc: 0.9844, Constr acc: 0.6875, CE loss: 0.033, DL2 loss: 17.475
7, 233, 0.0327, 0.0002, 98.438, 100.000, 0.986, 0.710, 
[300] Train acc: 0.9844, Constr acc: 0.8750, CE loss: 0.081, DL2 loss: 7.178
7, 232, 0.0807, 0.0002, 98.438, 100.000, 0.988, 0.746, 
[315] Train acc: 1.0000, Constr acc: 0.9375, CE loss: 0.011, DL2 loss: 4.656
7, 231, 0.0112, 0.0002, 100.000, 100.000, 0.984, 0.759, 
[330] Train acc: 0.9844, Constr acc: 0.8438, CE loss: 0.024, DL2 loss: 8.415
7, 230, 0.0243, 0.0003, 98.438, 100.000, 0.974, 0.748, 
[345] Train acc: 0.9844, Constr acc: 0.9062, CE loss: 0.042, DL2 loss: 5.031
7, 229, 0.0417, 0.0002, 98.438, 100.000, 0.988, 0.740, 
[360] Train acc: 0.9844, Constr acc: 0.9375, CE loss: 0.027, DL2 loss: 4.050
7, 228, 0.0266, 0.0002, 98.438, 100.000, 0.987, 0.755, 
[375] Train acc: 0.9688, Constr acc: 0.9375, CE loss: 0.081, DL2 loss: 3.915
7, 227, 0.0806, 0.0002, 96.875, 100.000, 0.979, 0.752, 
[390] Train acc: 0.9688, Constr acc: 0.8750, CE loss: 0.123, DL2 loss: 7.504
7, 226, 0.1235, 0.0002, 96.875, 100.000, 0.981, 0.728, 
[405] Train acc: 0.9844, Constr acc: 0.9062, CE loss: 0.076, DL2 loss: 5.065
7, 225, 0.0761, 0.0002, 98.438, 100.000, 0.988, 0.760, 
[420] Train acc: 0.9688, Constr acc: 0.9375, CE loss: 0.072, DL2 loss: 3.221
7, 224, 0.0716, 0.0003, 96.875, 100.000, 0.981, 0.678, 
[435] Train acc: 0.9844, Constr acc: 0.9062, CE loss: 0.070, DL2 loss: 3.952
7, 223, 0.0701, 0.0003, 98.438, 100.000, 0.950, 0.658, 
[450] Train acc: 1.0000, Constr acc: 0.7812, CE loss: 0.013, DL2 loss: 10.390
7, 222, 0.0130, 0.0002, 100.000, 100.000, 0.987, 0.761, 
[465] Train acc: 1.0000, Constr acc: 0.8750, CE loss: 0.003, DL2 loss: 9.414
7, 221, 0.0033, 0.0002, 100.000, 100.000, 0.981, 0.718, 
[480] Train acc: 0.9844, Constr acc: 0.8750, CE loss: 0.051, DL2 loss: 9.036
7, 220, 0.0514, 0.0002, 98.438, 100.000, 0.989, 0.740, 
[495] Train acc: 0.9844, Constr acc: 0.9688, CE loss: 0.062, DL2 loss: 1.592
7, 219, 0.0616, 0.0002, 98.438, 100.000, 0.984, 0.717, 
[510] Train acc: 0.9844, Constr acc: 0.8438, CE loss: 0.024, DL2 loss: 9.080
7, 218, 0.0237, 0.0002, 98.438, 100.000, 0.986, 0.695, 
[525] Train acc: 1.0000, Constr acc: 0.9688, CE loss: 0.045, DL2 loss: 1.954
7, 217, 0.0446, 0.0003, 100.000, 100.000, 0.987, 0.690, 
[540] Train acc: 1.0000, Constr acc: 0.9375, CE loss: 0.004, DL2 loss: 4.603
7, 216, 0.0041, 0.0003, 100.000, 100.000, 0.979, 0.647, 
[555] Train acc: 0.9688, Constr acc: 0.8438, CE loss: 0.079, DL2 loss: 6.876
7, 215, 0.0790, 0.0003, 96.875, 100.000, 0.985, 0.683, 
[570] Train acc: 1.0000, Constr acc: 0.9375, CE loss: 0.026, DL2 loss: 4.461
7, 214, 0.0261, 0.0003, 100.000, 100.000, 0.969, 0.690, 
[585] Train acc: 0.9844, Constr acc: 0.9062, CE loss: 0.098, DL2 loss: 4.756
7, 213, 0.0985, 0.0003, 98.438, 100.000, 0.981, 0.603, 
[600] Train acc: 0.9844, Constr acc: 0.8438, CE loss: 0.020, DL2 loss: 7.276
7, 212, 0.0197, 0.0003, 98.438, 100.000, 0.980, 0.643, 
[615] Train acc: 1.0000, Constr acc: 0.9062, CE loss: 0.004, DL2 loss: 5.812
7, 211, 0.0041, 0.0003, 100.000, 100.000, 0.981, 0.656, 
[630] Train acc: 0.9531, Constr acc: 0.9062, CE loss: 0.116, DL2 loss: 4.992
7, 210, 0.1162, 0.0003, 95.312, 100.000, 0.969, 0.640, 
[645] Train acc: 0.9219, Constr acc: 0.7500, CE loss: 0.123, DL2 loss: 11.223
7, 209, 0.1225, 0.0003, 92.188, 100.000, 0.980, 0.677, 
[660] Train acc: 1.0000, Constr acc: 0.9062, CE loss: 0.007, DL2 loss: 5.703
7, 208, 0.0068, 0.0003, 100.000, 100.000, 0.983, 0.652, 
[675] Train acc: 0.9844, Constr acc: 0.7500, CE loss: 0.066, DL2 loss: 16.694
7, 207, 0.0661, 0.0003, 98.438, 100.000, 0.985, 0.677, 
[690] Train acc: 1.0000, Constr acc: 0.9062, CE loss: 0.013, DL2 loss: 6.115
7, 206, 0.0127, 0.0003, 100.000, 100.000, 0.983, 0.663, 
[705] Train acc: 1.0000, Constr acc: 0.9375, CE loss: 0.017, DL2 loss: 2.582
7, 205, 0.0172, 0.0003, 100.000, 100.000, 0.979, 0.701, 
[720] Train acc: 0.9844, Constr acc: 0.9375, CE loss: 0.019, DL2 loss: 3.651
7, 204, 0.0186, 0.0003, 98.438, 100.000, 0.986, 0.670, 
[735] Train acc: 0.9688, Constr acc: 0.8750, CE loss: 0.089, DL2 loss: 7.728
7, 203, 0.0890, 0.0003, 96.875, 100.000, 0.988, 0.695, 
[750] Train acc: 1.0000, Constr acc: 0.9375, CE loss: 0.004, DL2 loss: 3.691
7, 202, 0.0043, 0.0002, 100.000, 100.000, 0.987, 0.700, 
[765] Train acc: 0.9844, Constr acc: 0.9688, CE loss: 0.020, DL2 loss: 0.620
7, 201, 0.0205, 0.0003, 98.438, 100.000, 0.986, 0.682, 
[780] Train acc: 0.9844, Constr acc: 1.0000, CE loss: 0.027, DL2 loss: 0.000
7, 200, 0.0271, 0.0002, 98.438, 100.000, 0.987, 0.718, 
[795] Train acc: 1.0000, Constr acc: 0.8750, CE loss: 0.005, DL2 loss: 6.196
7, 199, 0.0054, 0.0002, 100.000, 100.000, 0.985, 0.728, 
[810] Train acc: 0.9844, Constr acc: 0.9062, CE loss: 0.052, DL2 loss: 4.118
7, 198, 0.0520, 0.0002, 98.438, 100.000, 0.985, 0.714, 
[825] Train acc: 0.9688, Constr acc: 0.8750, CE loss: 0.064, DL2 loss: 7.116
7, 197, 0.0641, 0.0003, 96.875, 100.000, 0.980, 0.678, 
[840] Train acc: 0.9844, Constr acc: 0.9688, CE loss: 0.042, DL2 loss: 2.251
7, 196, 0.0425, 0.0003, 98.438, 100.000, 0.983, 0.664, 
[855] Train acc: 0.9844, Constr acc: 0.8438, CE loss: 0.033, DL2 loss: 10.715
7, 195, 0.0327, 0.0003, 98.438, 100.000, 0.981, 0.667, 
[870] Train acc: 1.0000, Constr acc: 0.9688, CE loss: 0.023, DL2 loss: 1.166
7, 194, 0.0230, 0.0003, 100.000, 100.000, 0.983, 0.681, 
[885] Train acc: 1.0000, Constr acc: 0.8750, CE loss: 0.013, DL2 loss: 10.224
7, 193, 0.0130, 0.0003, 100.000, 100.000, 0.977, 0.716, 
[900] Train acc: 0.9688, Constr acc: 0.8750, CE loss: 0.045, DL2 loss: 6.404
7, 192, 0.0455, 0.0003, 96.875, 100.000, 0.980, 0.727, 
[915] Train acc: 0.9688, Constr acc: 0.8438, CE loss: 0.094, DL2 loss: 9.521
7, 191, 0.0942, 0.0004, 96.875, 100.000, 0.980, 0.561, 
[930] Train acc: 0.9688, Constr acc: 0.9375, CE loss: 0.120, DL2 loss: 3.337
7, 190, 0.1202, 0.0003, 96.875, 100.000, 0.982, 0.574, 
[0] Train acc: 0.9844, Constr acc: 0.9062, CE loss: 0.036, DL2 loss: 7.401
8, 190, 0.0360, 0.0003, 98.438, 100.000, 0.967, 0.744, 
[15] Train acc: 0.9844, Constr acc: 0.9062, CE loss: 0.033, DL2 loss: 3.107
8, 189, 0.0329, 0.0003, 98.438, 100.000, 0.982, 0.595, 
[30] Train acc: 0.9844, Constr acc: 0.8750, CE loss: 0.016, DL2 loss: 6.852
8, 188, 0.0162, 0.0003, 98.438, 100.000, 0.983, 0.564, 
[45] Train acc: 0.9844, Constr acc: 0.8125, CE loss: 0.031, DL2 loss: 12.446
8, 187, 0.0311, 0.0003, 98.438, 100.000, 0.982, 0.602, 
[60] Train acc: 0.9375, Constr acc: 0.8125, CE loss: 0.179, DL2 loss: 10.210
8, 186, 0.1787, 0.0003, 93.750, 100.000, 0.982, 0.631, 
[75] Train acc: 0.9844, Constr acc: 0.8125, CE loss: 0.020, DL2 loss: 10.460
8, 185, 0.0201, 0.0003, 98.438, 100.000, 0.973, 0.644, 
[90] Train acc: 0.9844, Constr acc: 0.9062, CE loss: 0.036, DL2 loss: 6.449
8, 184, 0.0364, 0.0003, 98.438, 100.000, 0.984, 0.627, 
[105] Train acc: 0.9844, Constr acc: 0.9688, CE loss: 0.021, DL2 loss: 2.130
8, 183, 0.0211, 0.0003, 98.438, 100.000, 0.983, 0.703, 
[120] Train acc: 0.9531, Constr acc: 1.0000, CE loss: 0.084, DL2 loss: 0.000
8, 182, 0.0838, 0.0002, 95.312, 100.000, 0.982, 0.721, 
[135] Train acc: 1.0000, Constr acc: 0.9062, CE loss: 0.012, DL2 loss: 4.860
8, 181, 0.0124, 0.0003, 100.000, 100.000, 0.972, 0.673, 
[150] Train acc: 0.9844, Constr acc: 0.8750, CE loss: 0.066, DL2 loss: 6.676
8, 180, 0.0665, 0.0003, 98.438, 100.000, 0.979, 0.700, 
[165] Train acc: 1.0000, Constr acc: 0.8125, CE loss: 0.032, DL2 loss: 8.478
8, 179, 0.0320, 0.0003, 100.000, 100.000, 0.977, 0.680, 
[180] Train acc: 0.9844, Constr acc: 0.9688, CE loss: 0.044, DL2 loss: 2.843
8, 178, 0.0444, 0.0002, 98.438, 100.000, 0.985, 0.695, 
[195] Train acc: 0.9844, Constr acc: 0.9062, CE loss: 0.030, DL2 loss: 4.253
8, 177, 0.0305, 0.0002, 98.438, 100.000, 0.984, 0.715, 
[210] Train acc: 0.9688, Constr acc: 0.7500, CE loss: 0.144, DL2 loss: 14.124
8, 176, 0.1441, 0.0003, 96.875, 100.000, 0.978, 0.746, 
[225] Train acc: 0.9844, Constr acc: 1.0000, CE loss: 0.053, DL2 loss: 0.000
8, 175, 0.0533, 0.0002, 98.438, 100.000, 0.983, 0.749, 
[240] Train acc: 0.9688, Constr acc: 0.8750, CE loss: 0.156, DL2 loss: 7.986
8, 174, 0.1556, 0.0003, 96.875, 100.000, 0.975, 0.690, 
[255] Train acc: 0.9688, Constr acc: 0.8125, CE loss: 0.098, DL2 loss: 11.145
8, 173, 0.0977, 0.0002, 96.875, 100.000, 0.983, 0.721, 
[270] Train acc: 0.9844, Constr acc: 0.9688, CE loss: 0.036, DL2 loss: 2.019
8, 172, 0.0363, 0.0003, 98.438, 100.000, 0.982, 0.709, 
[285] Train acc: 0.9844, Constr acc: 0.9375, CE loss: 0.052, DL2 loss: 3.794
8, 171, 0.0519, 0.0002, 98.438, 100.000, 0.983, 0.717, 
[300] Train acc: 0.9688, Constr acc: 0.9375, CE loss: 0.058, DL2 loss: 3.159
8, 170, 0.0584, 0.0002, 96.875, 100.000, 0.983, 0.692, 
[315] Train acc: 0.9844, Constr acc: 0.9062, CE loss: 0.063, DL2 loss: 4.485
8, 169, 0.0627, 0.0002, 98.438, 100.000, 0.984, 0.715, 
[330] Train acc: 1.0000, Constr acc: 0.9688, CE loss: 0.016, DL2 loss: 0.863
8, 168, 0.0162, 0.0002, 100.000, 100.000, 0.987, 0.726, 
[345] Train acc: 0.9688, Constr acc: 0.9062, CE loss: 0.070, DL2 loss: 6.582
8, 167, 0.0695, 0.0003, 96.875, 100.000, 0.981, 0.706, 
[360] Train acc: 0.9844, Constr acc: 0.9062, CE loss: 0.172, DL2 loss: 6.016
8, 166, 0.1718, 0.0003, 98.438, 100.000, 0.985, 0.674, 
[375] Train acc: 0.9688, Constr acc: 0.9688, CE loss: 0.039, DL2 loss: 2.283
8, 165, 0.0386, 0.0003, 96.875, 100.000, 0.981, 0.645, 
[390] Train acc: 0.9844, Constr acc: 0.8750, CE loss: 0.047, DL2 loss: 6.501
8, 164, 0.0475, 0.0003, 98.438, 100.000, 0.979, 0.683, 
[405] Train acc: 1.0000, Constr acc: 0.9688, CE loss: 0.013, DL2 loss: 2.318
8, 163, 0.0129, 0.0003, 100.000, 100.000, 0.982, 0.657, 
[420] Train acc: 1.0000, Constr acc: 0.8438, CE loss: 0.017, DL2 loss: 6.965
8, 162, 0.0169, 0.0002, 100.000, 100.000, 0.985, 0.696, 
[435] Train acc: 0.9531, Constr acc: 0.9062, CE loss: 0.133, DL2 loss: 4.777
8, 161, 0.1326, 0.0003, 95.312, 100.000, 0.983, 0.658, 
[450] Train acc: 0.9688, Constr acc: 0.9062, CE loss: 0.043, DL2 loss: 6.185
8, 160, 0.0433, 0.0003, 96.875, 100.000, 0.979, 0.625, 
[465] Train acc: 0.9531, Constr acc: 0.9375, CE loss: 0.157, DL2 loss: 2.921
8, 159, 0.1574, 0.0003, 95.312, 100.000, 0.981, 0.577, 
[480] Train acc: 1.0000, Constr acc: 0.9062, CE loss: 0.012, DL2 loss: 4.101
8, 158, 0.0116, 0.0003, 100.000, 100.000, 0.981, 0.609, 
[495] Train acc: 1.0000, Constr acc: 0.8750, CE loss: 0.021, DL2 loss: 6.144
8, 157, 0.0211, 0.0003, 100.000, 100.000, 0.985, 0.603, 
[510] Train acc: 1.0000, Constr acc: 0.9688, CE loss: 0.005, DL2 loss: 1.335
8, 156, 0.0052, 0.0003, 100.000, 100.000, 0.980, 0.679, 
[525] Train acc: 0.9844, Constr acc: 0.9688, CE loss: 0.046, DL2 loss: 1.525
8, 155, 0.0460, 0.0003, 98.438, 100.000, 0.981, 0.627, 
[540] Train acc: 0.9688, Constr acc: 0.8750, CE loss: 0.076, DL2 loss: 7.986
8, 154, 0.0755, 0.0003, 96.875, 100.000, 0.981, 0.666, 
[555] Train acc: 0.9688, Constr acc: 0.9375, CE loss: 0.062, DL2 loss: 4.394
8, 153, 0.0622, 0.0003, 96.875, 100.000, 0.986, 0.663, 
[570] Train acc: 1.0000, Constr acc: 0.9375, CE loss: 0.008, DL2 loss: 4.647
8, 152, 0.0077, 0.0003, 100.000, 100.000, 0.986, 0.698, 
[585] Train acc: 1.0000, Constr acc: 0.9062, CE loss: 0.014, DL2 loss: 5.173
8, 151, 0.0145, 0.0003, 100.000, 100.000, 0.981, 0.712, 
[600] Train acc: 0.9688, Constr acc: 0.9062, CE loss: 0.099, DL2 loss: 5.690
8, 150, 0.0989, 0.0003, 96.875, 100.000, 0.986, 0.639, 
[615] Train acc: 0.9531, Constr acc: 0.9062, CE loss: 0.068, DL2 loss: 4.048
8, 149, 0.0676, 0.0003, 95.312, 100.000, 0.984, 0.629, 
[630] Train acc: 0.9688, Constr acc: 0.9062, CE loss: 0.080, DL2 loss: 6.492
8, 148, 0.0797, 0.0004, 96.875, 100.000, 0.967, 0.546, 
[645] Train acc: 0.9844, Constr acc: 0.8750, CE loss: 0.079, DL2 loss: 6.154
8, 147, 0.0794, 0.0003, 98.438, 100.000, 0.985, 0.626, 
[660] Train acc: 0.9531, Constr acc: 0.8438, CE loss: 0.115, DL2 loss: 8.619
8, 146, 0.1145, 0.0003, 95.312, 100.000, 0.985, 0.543, 
[675] Train acc: 0.9844, Constr acc: 0.9375, CE loss: 0.047, DL2 loss: 4.277
8, 145, 0.0471, 0.0003, 98.438, 100.000, 0.985, 0.579, 
[690] Train acc: 0.9844, Constr acc: 0.9062, CE loss: 0.050, DL2 loss: 7.284
8, 144, 0.0496, 0.0003, 98.438, 100.000, 0.986, 0.588, 
[705] Train acc: 0.9688, Constr acc: 0.9375, CE loss: 0.164, DL2 loss: 2.869
8, 143, 0.1641, 0.0003, 96.875, 100.000, 0.984, 0.555, 
[720] Train acc: 0.9844, Constr acc: 0.8438, CE loss: 0.131, DL2 loss: 6.495
8, 142, 0.1309, 0.0004, 98.438, 100.000, 0.950, 0.609, 
[735] Train acc: 0.9688, Constr acc: 0.9062, CE loss: 0.071, DL2 loss: 6.563
8, 141, 0.0705, 0.0005, 96.875, 100.000, 0.943, 0.457, 
[750] Train acc: 0.9688, Constr acc: 0.9375, CE loss: 0.058, DL2 loss: 3.423
8, 140, 0.0579, 0.0003, 96.875, 100.000, 0.982, 0.563, 
[765] Train acc: 1.0000, Constr acc: 0.7500, CE loss: 0.025, DL2 loss: 12.867
8, 139, 0.0250, 0.0003, 100.000, 100.000, 0.985, 0.577, 
[780] Train acc: 0.9844, Constr acc: 0.9375, CE loss: 0.057, DL2 loss: 3.500
8, 138, 0.0571, 0.0003, 98.438, 100.000, 0.983, 0.555, 
[795] Train acc: 0.9844, Constr acc: 0.8438, CE loss: 0.016, DL2 loss: 10.818
8, 137, 0.0161, 0.0003, 98.438, 100.000, 0.985, 0.565, 
[810] Train acc: 0.9688, Constr acc: 1.0000, CE loss: 0.196, DL2 loss: 0.000
8, 136, 0.1956, 0.0004, 96.875, 100.000, 0.961, 0.560, 
[825] Train acc: 0.9688, Constr acc: 0.9062, CE loss: 0.108, DL2 loss: 6.035
8, 135, 0.1082, 0.0003, 96.875, 100.000, 0.976, 0.622, 
[840] Train acc: 1.0000, Constr acc: 0.9375, CE loss: 0.023, DL2 loss: 3.686
8, 134, 0.0233, 0.0003, 100.000, 100.000, 0.982, 0.595, 
[855] Train acc: 0.9688, Constr acc: 0.8750, CE loss: 0.059, DL2 loss: 9.225
8, 133, 0.0594, 0.0003, 96.875, 100.000, 0.985, 0.643, 
[870] Train acc: 0.9844, Constr acc: 0.8438, CE loss: 0.074, DL2 loss: 8.049
8, 132, 0.0738, 0.0003, 98.438, 100.000, 0.985, 0.546, 
[885] Train acc: 0.9844, Constr acc: 0.9062, CE loss: 0.037, DL2 loss: 6.347
8, 131, 0.0368, 0.0003, 98.438, 100.000, 0.985, 0.512, 
[900] Train acc: 0.9531, Constr acc: 0.9375, CE loss: 0.108, DL2 loss: 1.658
8, 130, 0.1078, 0.0003, 95.312, 100.000, 0.980, 0.540, 
[915] Train acc: 0.9844, Constr acc: 0.8750, CE loss: 0.069, DL2 loss: 8.355
8, 129, 0.0687, 0.0003, 98.438, 100.000, 0.986, 0.616, 
[930] Train acc: 1.0000, Constr acc: 0.9375, CE loss: 0.011, DL2 loss: 3.457
8, 128, 0.0109, 0.0003, 100.000, 100.000, 0.980, 0.552, 
[0] Train acc: 0.9688, Constr acc: 0.8438, CE loss: 0.148, DL2 loss: 11.305
9, 127, 0.1478, 0.0003, 96.875, 100.000, 0.974, 0.531, 
[15] Train acc: 1.0000, Constr acc: 0.8438, CE loss: 0.023, DL2 loss: 11.323
9, 126, 0.0231, 0.0003, 100.000, 100.000, 0.982, 0.542, 
[30] Train acc: 0.9844, Constr acc: 0.8125, CE loss: 0.029, DL2 loss: 12.438
9, 125, 0.0289, 0.0003, 98.438, 100.000, 0.974, 0.579, 
[45] Train acc: 0.9688, Constr acc: 0.9062, CE loss: 0.076, DL2 loss: 4.155
9, 124, 0.0755, 0.0003, 96.875, 100.000, 0.983, 0.579, 
[60] Train acc: 1.0000, Constr acc: 0.9375, CE loss: 0.012, DL2 loss: 4.587
9, 123, 0.0115, 0.0003, 100.000, 100.000, 0.977, 0.643, 
[75] Train acc: 1.0000, Constr acc: 1.0000, CE loss: 0.026, DL2 loss: 0.000
9, 122, 0.0259, 0.0003, 100.000, 100.000, 0.982, 0.559, 
[90] Train acc: 0.9688, Constr acc: 0.8125, CE loss: 0.047, DL2 loss: 9.071
9, 121, 0.0466, 0.0003, 96.875, 100.000, 0.977, 0.653, 
[105] Train acc: 1.0000, Constr acc: 0.9062, CE loss: 0.013, DL2 loss: 6.086
9, 120, 0.0126, 0.0003, 100.000, 100.000, 0.980, 0.692, 
[120] Train acc: 0.9844, Constr acc: 0.9062, CE loss: 0.048, DL2 loss: 3.653
9, 119, 0.0479, 0.0003, 98.438, 100.000, 0.983, 0.651, 
[135] Train acc: 1.0000, Constr acc: 0.8438, CE loss: 0.050, DL2 loss: 6.643
9, 118, 0.0504, 0.0004, 100.000, 100.000, 0.969, 0.515, 
[150] Train acc: 0.9688, Constr acc: 0.9375, CE loss: 0.092, DL2 loss: 2.890
9, 117, 0.0918, 0.0003, 96.875, 100.000, 0.980, 0.609, 
[165] Train acc: 0.9844, Constr acc: 0.9375, CE loss: 0.038, DL2 loss: 2.254
9, 116, 0.0378, 0.0003, 98.438, 100.000, 0.981, 0.578, 
[180] Train acc: 1.0000, Constr acc: 0.8438, CE loss: 0.027, DL2 loss: 8.173
9, 115, 0.0266, 0.0003, 100.000, 100.000, 0.978, 0.607, 
[195] Train acc: 1.0000, Constr acc: 0.9375, CE loss: 0.027, DL2 loss: 2.888
9, 114, 0.0274, 0.0003, 100.000, 100.000, 0.980, 0.597, 
[210] Train acc: 0.9844, Constr acc: 0.9062, CE loss: 0.067, DL2 loss: 7.052
9, 113, 0.0668, 0.0003, 98.438, 100.000, 0.984, 0.600, 
[225] Train acc: 0.9531, Constr acc: 0.9062, CE loss: 0.084, DL2 loss: 5.439
9, 112, 0.0839, 0.0003, 95.312, 100.000, 0.981, 0.515, 
[240] Train acc: 0.9844, Constr acc: 0.8750, CE loss: 0.042, DL2 loss: 7.277
9, 111, 0.0421, 0.0004, 98.438, 100.000, 0.965, 0.471, 
[255] Train acc: 1.0000, Constr acc: 0.9062, CE loss: 0.023, DL2 loss: 5.399
9, 110, 0.0234, 0.0004, 100.000, 100.000, 0.983, 0.523, 
[270] Train acc: 0.9375, Constr acc: 0.8750, CE loss: 0.142, DL2 loss: 5.886
9, 109, 0.1422, 0.0004, 93.750, 100.000, 0.980, 0.464, 
[285] Train acc: 0.9844, Constr acc: 0.9062, CE loss: 0.089, DL2 loss: 6.829
9, 108, 0.0888, 0.0004, 98.438, 100.000, 0.983, 0.479, 
[300] Train acc: 0.9844, Constr acc: 0.9688, CE loss: 0.051, DL2 loss: 2.390
9, 107, 0.0512, 0.0004, 98.438, 100.000, 0.974, 0.448, 
[315] Train acc: 0.9844, Constr acc: 0.7812, CE loss: 0.083, DL2 loss: 12.434
9, 106, 0.0830, 0.0004, 98.438, 100.000, 0.979, 0.578, 
[330] Train acc: 0.9844, Constr acc: 0.8750, CE loss: 0.077, DL2 loss: 6.893
9, 105, 0.0769, 0.0004, 98.438, 100.000, 0.982, 0.454, 
[345] Train acc: 0.9844, Constr acc: 0.9375, CE loss: 0.023, DL2 loss: 3.339
9, 104, 0.0227, 0.0004, 98.438, 100.000, 0.983, 0.542, 
[360] Train acc: 0.9688, Constr acc: 0.9375, CE loss: 0.071, DL2 loss: 2.731
9, 103, 0.0711, 0.0004, 96.875, 100.000, 0.975, 0.386, 
[375] Train acc: 0.9844, Constr acc: 0.9375, CE loss: 0.030, DL2 loss: 2.464
9, 102, 0.0296, 0.0004, 98.438, 100.000, 0.976, 0.427, 
[390] Train acc: 0.9844, Constr acc: 0.9688, CE loss: 0.112, DL2 loss: 2.170
9, 101, 0.1119, 0.0004, 98.438, 100.000, 0.980, 0.442, 
[405] Train acc: 0.9844, Constr acc: 0.7500, CE loss: 0.055, DL2 loss: 12.262
9, 100, 0.0550, 0.0004, 98.438, 100.000, 0.959, 0.573, 
[420] Train acc: 0.9844, Constr acc: 0.9375, CE loss: 0.043, DL2 loss: 3.943
9, 99, 0.0428, 0.0003, 98.438, 100.000, 0.983, 0.520, 
[435] Train acc: 0.9844, Constr acc: 0.9688, CE loss: 0.049, DL2 loss: 2.321
9, 98, 0.0493, 0.0004, 98.438, 100.000, 0.982, 0.520, 
[450] Train acc: 0.9688, Constr acc: 0.9062, CE loss: 0.080, DL2 loss: 3.377
9, 97, 0.0798, 0.0004, 96.875, 100.000, 0.981, 0.422, 
[465] Train acc: 0.9844, Constr acc: 0.8750, CE loss: 0.065, DL2 loss: 6.957
9, 96, 0.0648, 0.0004, 98.438, 100.000, 0.984, 0.448, 
[480] Train acc: 0.9688, Constr acc: 0.9062, CE loss: 0.058, DL2 loss: 6.252
9, 95, 0.0584, 0.0004, 96.875, 100.000, 0.984, 0.450, 
[495] Train acc: 1.0000, Constr acc: 0.8438, CE loss: 0.024, DL2 loss: 9.043
9, 94, 0.0242, 0.0004, 100.000, 100.000, 0.977, 0.481, 
[510] Train acc: 0.9844, Constr acc: 0.8750, CE loss: 0.054, DL2 loss: 8.837
9, 93, 0.0542, 0.0004, 98.438, 100.000, 0.981, 0.447, 
[525] Train acc: 0.9531, Constr acc: 0.8438, CE loss: 0.148, DL2 loss: 7.374
9, 92, 0.1484, 0.0004, 95.312, 100.000, 0.980, 0.456, 
[540] Train acc: 0.9688, Constr acc: 0.8125, CE loss: 0.081, DL2 loss: 9.548
9, 91, 0.0811, 0.0004, 96.875, 100.000, 0.978, 0.493, 
[555] Train acc: 0.9844, Constr acc: 0.8438, CE loss: 0.052, DL2 loss: 7.809
9, 90, 0.0522, 0.0004, 98.438, 100.000, 0.983, 0.450, 
[570] Train acc: 1.0000, Constr acc: 0.9375, CE loss: 0.024, DL2 loss: 3.868
9, 89, 0.0236, 0.0004, 100.000, 100.000, 0.978, 0.483, 
[585] Train acc: 1.0000, Constr acc: 0.8438, CE loss: 0.018, DL2 loss: 8.983
9, 88, 0.0176, 0.0004, 100.000, 100.000, 0.981, 0.458, 
[600] Train acc: 1.0000, Constr acc: 0.7188, CE loss: 0.032, DL2 loss: 16.108
9, 87, 0.0321, 0.0004, 100.000, 100.000, 0.982, 0.454, 
[615] Train acc: 0.9844, Constr acc: 0.8125, CE loss: 0.039, DL2 loss: 8.291
9, 86, 0.0393, 0.0004, 98.438, 100.000, 0.973, 0.424, 
[630] Train acc: 1.0000, Constr acc: 0.8125, CE loss: 0.016, DL2 loss: 11.722
9, 85, 0.0158, 0.0004, 100.000, 100.000, 0.982, 0.513, 
[645] Train acc: 0.9844, Constr acc: 0.9062, CE loss: 0.057, DL2 loss: 7.532
9, 84, 0.0572, 0.0004, 98.438, 100.000, 0.982, 0.481, 
[660] Train acc: 0.9844, Constr acc: 0.8125, CE loss: 0.124, DL2 loss: 13.707
9, 83, 0.1239, 0.0004, 98.438, 98.438, 0.978, 0.475, 
[675] Train acc: 0.9062, Constr acc: 0.9375, CE loss: 0.255, DL2 loss: 2.987
9, 82, 0.2554, 0.0004, 90.625, 100.000, 0.974, 0.397, 
[690] Train acc: 1.0000, Constr acc: 1.0000, CE loss: 0.021, DL2 loss: 0.000
9, 81, 0.0214, 0.0004, 100.000, 100.000, 0.981, 0.380, 
[705] Train acc: 1.0000, Constr acc: 0.9375, CE loss: 0.027, DL2 loss: 4.056
9, 80, 0.0265, 0.0004, 100.000, 100.000, 0.977, 0.357, 
[720] Train acc: 0.9688, Constr acc: 0.8750, CE loss: 0.138, DL2 loss: 6.488
9, 79, 0.1379, 0.0004, 96.875, 100.000, 0.981, 0.423, 
[735] Train acc: 0.9375, Constr acc: 0.8438, CE loss: 0.186, DL2 loss: 6.460
9, 78, 0.1857, 0.0004, 93.750, 100.000, 0.980, 0.358, 
[750] Train acc: 1.0000, Constr acc: 0.8438, CE loss: 0.032, DL2 loss: 9.168
9, 77, 0.0320, 0.0004, 100.000, 100.000, 0.979, 0.372, 
[765] Train acc: 0.9688, Constr acc: 0.9062, CE loss: 0.112, DL2 loss: 4.795
9, 76, 0.1119, 0.0004, 96.875, 100.000, 0.980, 0.383, 
[780] Train acc: 0.9688, Constr acc: 0.9375, CE loss: 0.088, DL2 loss: 3.055
9, 75, 0.0885, 0.0004, 96.875, 100.000, 0.981, 0.396, 
[795] Train acc: 0.9531, Constr acc: 0.9062, CE loss: 0.097, DL2 loss: 6.356
9, 74, 0.0970, 0.0004, 95.312, 100.000, 0.972, 0.419, 
[810] Train acc: 0.9688, Constr acc: 0.9375, CE loss: 0.039, DL2 loss: 3.662
9, 73, 0.0389, 0.0004, 96.875, 100.000, 0.977, 0.434, 
[825] Train acc: 0.9688, Constr acc: 0.9375, CE loss: 0.114, DL2 loss: 3.574
9, 72, 0.1139, 0.0004, 96.875, 100.000, 0.979, 0.446, 
[840] Train acc: 0.9688, Constr acc: 0.9375, CE loss: 0.080, DL2 loss: 4.662
9, 71, 0.0805, 0.0004, 96.875, 100.000, 0.978, 0.383, 
[855] Train acc: 0.9375, Constr acc: 0.8750, CE loss: 0.231, DL2 loss: 6.677
9, 70, 0.2313, 0.0004, 93.750, 100.000, 0.978, 0.350, 
[870] Train acc: 0.9531, Constr acc: 0.8125, CE loss: 0.169, DL2 loss: 10.673
9, 69, 0.1692, 0.0005, 95.312, 100.000, 0.958, 0.449, 
[885] Train acc: 0.9688, Constr acc: 0.8750, CE loss: 0.072, DL2 loss: 7.324
9, 68, 0.0717, 0.0006, 96.875, 100.000, 0.909, 0.271, 
[900] Train acc: 0.9844, Constr acc: 0.9062, CE loss: 0.054, DL2 loss: 6.558
9, 67, 0.0542, 0.0005, 98.438, 100.000, 0.978, 0.292, 
[915] Train acc: 0.9844, Constr acc: 0.9062, CE loss: 0.072, DL2 loss: 4.592
9, 66, 0.0717, 0.0005, 98.438, 100.000, 0.977, 0.422, 
[930] Train acc: 0.9688, Constr acc: 0.8750, CE loss: 0.103, DL2 loss: 5.971
9, 65, 0.1027, 0.0005, 96.875, 100.000, 0.980, 0.326, 
[0] Train acc: 1.0000, Constr acc: 0.9375, CE loss: 0.049, DL2 loss: 4.046
10, 65, 0.0488, 0.0005, 100.000, 100.000, 0.977, 0.389, 
[15] Train acc: 0.9219, Constr acc: 0.7812, CE loss: 0.233, DL2 loss: 6.922
10, 64, 0.2335, 0.0005, 92.188, 98.438, 0.967, 0.380, 
[30] Train acc: 1.0000, Constr acc: 0.9375, CE loss: 0.027, DL2 loss: 2.927
10, 63, 0.0272, 0.0005, 100.000, 100.000, 0.975, 0.354, 
[45] Train acc: 0.9844, Constr acc: 0.9062, CE loss: 0.059, DL2 loss: 6.435
10, 62, 0.0588, 0.0005, 98.438, 100.000, 0.971, 0.314, 
[60] Train acc: 0.9688, Constr acc: 0.7188, CE loss: 0.100, DL2 loss: 10.568
10, 61, 0.1002, 0.0005, 96.875, 100.000, 0.964, 0.423, 
[75] Train acc: 0.9688, Constr acc: 0.9062, CE loss: 0.087, DL2 loss: 6.015
10, 60, 0.0873, 0.0005, 96.875, 100.000, 0.974, 0.343, 
[90] Train acc: 0.9844, Constr acc: 0.9062, CE loss: 0.051, DL2 loss: 6.364
10, 59, 0.0511, 0.0005, 98.438, 100.000, 0.969, 0.347, 
[105] Train acc: 0.9688, Constr acc: 0.9062, CE loss: 0.087, DL2 loss: 4.069
10, 58, 0.0867, 0.0004, 96.875, 100.000, 0.974, 0.355, 
[120] Train acc: 0.9844, Constr acc: 0.9062, CE loss: 0.065, DL2 loss: 5.889
10, 57, 0.0654, 0.0005, 98.438, 100.000, 0.965, 0.400, 
[135] Train acc: 0.9375, Constr acc: 0.8438, CE loss: 0.246, DL2 loss: 7.376
10, 56, 0.2460, 0.0005, 93.750, 100.000, 0.950, 0.346, 
[150] Train acc: 0.9844, Constr acc: 0.8125, CE loss: 0.062, DL2 loss: 10.088
10, 55, 0.0618, 0.0005, 98.438, 100.000, 0.965, 0.363, 
[165] Train acc: 0.9531, Constr acc: 0.9688, CE loss: 0.152, DL2 loss: 1.323
10, 54, 0.1517, 0.0005, 95.312, 100.000, 0.969, 0.348, 
[180] Train acc: 0.9531, Constr acc: 0.9375, CE loss: 0.083, DL2 loss: 2.315
10, 53, 0.0832, 0.0005, 95.312, 100.000, 0.965, 0.359, 
[195] Train acc: 0.9688, Constr acc: 0.9375, CE loss: 0.092, DL2 loss: 4.134
10, 52, 0.0915, 0.0005, 96.875, 100.000, 0.969, 0.394, 
[210] Train acc: 1.0000, Constr acc: 0.8438, CE loss: 0.041, DL2 loss: 7.484
10, 51, 0.0407, 0.0005, 100.000, 100.000, 0.965, 0.331, 
[225] Train acc: 1.0000, Constr acc: 0.9062, CE loss: 0.022, DL2 loss: 4.306
10, 50, 0.0222, 0.0005, 100.000, 100.000, 0.972, 0.233, 
[240] Train acc: 0.9219, Constr acc: 0.8438, CE loss: 0.200, DL2 loss: 5.660
10, 49, 0.2000, 0.0005, 92.188, 100.000, 0.950, 0.333, 
[255] Train acc: 0.9688, Constr acc: 0.8750, CE loss: 0.188, DL2 loss: 8.146
10, 48, 0.1882, 0.0005, 96.875, 100.000, 0.968, 0.313, 
[270] Train acc: 0.9531, Constr acc: 0.8750, CE loss: 0.145, DL2 loss: 7.738
10, 47, 0.1450, 0.0005, 95.312, 100.000, 0.966, 0.287, 
[285] Train acc: 0.9375, Constr acc: 0.7812, CE loss: 0.110, DL2 loss: 12.030
10, 46, 0.1098, 0.0006, 93.750, 100.000, 0.952, 0.420, 
[300] Train acc: 0.9688, Constr acc: 0.8438, CE loss: 0.112, DL2 loss: 5.236
10, 45, 0.1118, 0.0005, 96.875, 100.000, 0.963, 0.362, 
[315] Train acc: 0.9688, Constr acc: 0.7812, CE loss: 0.116, DL2 loss: 10.973
10, 44, 0.1159, 0.0005, 96.875, 100.000, 0.967, 0.349, 
[330] Train acc: 0.9375, Constr acc: 0.9062, CE loss: 0.332, DL2 loss: 3.461
10, 43, 0.3319, 0.0006, 93.750, 98.438, 0.927, 0.366, 
[345] Train acc: 0.9531, Constr acc: 0.8750, CE loss: 0.202, DL2 loss: 3.865
10, 42, 0.2022, 0.0006, 95.312, 100.000, 0.965, 0.273, 
[360] Train acc: 0.9688, Constr acc: 0.8750, CE loss: 0.145, DL2 loss: 6.255
10, 41, 0.1447, 0.0006, 96.875, 100.000, 0.951, 0.331, 
[375] Train acc: 0.9844, Constr acc: 0.7500, CE loss: 0.099, DL2 loss: 13.534
10, 40, 0.0991, 0.0005, 98.438, 100.000, 0.960, 0.382, 
[390] Train acc: 0.9688, Constr acc: 0.8438, CE loss: 0.075, DL2 loss: 8.083
10, 39, 0.0745, 0.0006, 96.875, 100.000, 0.952, 0.296, 
[405] Train acc: 1.0000, Constr acc: 0.8438, CE loss: 0.039, DL2 loss: 8.116
10, 38, 0.0391, 0.0005, 100.000, 100.000, 0.964, 0.279, 
[420] Train acc: 0.9531, Constr acc: 0.8438, CE loss: 0.108, DL2 loss: 7.261
10, 37, 0.1080, 0.0006, 95.312, 100.000, 0.955, 0.371, 
[435] Train acc: 0.9375, Constr acc: 0.8125, CE loss: 0.288, DL2 loss: 6.158
10, 36, 0.2878, 0.0006, 93.750, 100.000, 0.947, 0.240, 
[450] Train acc: 0.9375, Constr acc: 0.8438, CE loss: 0.178, DL2 loss: 6.912
10, 35, 0.1782, 0.0006, 93.750, 100.000, 0.930, 0.440, 
[465] Train acc: 0.9062, Constr acc: 0.9062, CE loss: 0.221, DL2 loss: 4.095
10, 34, 0.2206, 0.0006, 90.625, 100.000, 0.953, 0.381, 
[480] Train acc: 0.9688, Constr acc: 0.7188, CE loss: 0.250, DL2 loss: 11.501
10, 33, 0.2499, 0.0006, 96.875, 100.000, 0.957, 0.233, 
[495] Train acc: 0.9844, Constr acc: 0.8438, CE loss: 0.132, DL2 loss: 8.850
10, 32, 0.1315, 0.0006, 98.438, 100.000, 0.944, 0.208, 
[510] Train acc: 0.9844, Constr acc: 0.8750, CE loss: 0.119, DL2 loss: 5.011
10, 31, 0.1188, 0.0006, 98.438, 100.000, 0.960, 0.311, 
[525] Train acc: 0.9375, Constr acc: 0.9375, CE loss: 0.185, DL2 loss: 3.897
10, 30, 0.1854, 0.0006, 93.750, 100.000, 0.960, 0.328, 
[540] Train acc: 0.9219, Constr acc: 0.6875, CE loss: 0.303, DL2 loss: 11.026
10, 29, 0.3033, 0.0006, 92.188, 100.000, 0.935, 0.401, 
[555] Train acc: 0.9219, Constr acc: 0.8438, CE loss: 0.260, DL2 loss: 7.132
10, 28, 0.2600, 0.0006, 92.188, 100.000, 0.941, 0.249, 
[570] Train acc: 0.9375, Constr acc: 0.9375, CE loss: 0.384, DL2 loss: 1.543
10, 27, 0.3844, 0.0007, 93.750, 100.000, 0.922, 0.331, 
[585] Train acc: 0.9062, Constr acc: 0.8438, CE loss: 0.323, DL2 loss: 4.746
10, 26, 0.3231, 0.0007, 90.625, 100.000, 0.927, 0.213, 
[600] Train acc: 0.8750, Constr acc: 0.8125, CE loss: 0.321, DL2 loss: 8.392
10, 25, 0.3214, 0.0007, 87.500, 100.000, 0.922, 0.319, 
[615] Train acc: 0.8125, Constr acc: 0.6562, CE loss: 0.552, DL2 loss: 15.771
10, 24, 0.5523, 0.0007, 81.250, 98.438, 0.900, 0.206, 
[630] Train acc: 0.8438, Constr acc: 0.8438, CE loss: 0.453, DL2 loss: 6.257
10, 23, 0.4533, 0.0009, 84.375, 100.000, 0.878, 0.242, 
[645] Train acc: 0.8281, Constr acc: 0.8125, CE loss: 0.404, DL2 loss: 9.233
10, 22, 0.4038, 0.0008, 82.812, 100.000, 0.883, 0.259, 
[660] Train acc: 0.8438, Constr acc: 0.8125, CE loss: 0.492, DL2 loss: 9.947
10, 21, 0.4923, 0.0008, 84.375, 98.438, 0.859, 0.464, 
[675] Train acc: 0.8906, Constr acc: 0.8438, CE loss: 0.542, DL2 loss: 5.854
10, 20, 0.5424, 0.0008, 89.062, 98.438, 0.886, 0.308, 
[690] Train acc: 0.7812, Constr acc: 0.7500, CE loss: 0.571, DL2 loss: 11.711
10, 19, 0.5708, 0.0009, 78.125, 100.000, 0.841, 0.390, 
[705] Train acc: 0.8281, Constr acc: 0.8125, CE loss: 0.462, DL2 loss: 6.909
10, 18, 0.4616, 0.0009, 82.812, 100.000, 0.720, 0.402, 
[720] Train acc: 0.7969, Constr acc: 0.7500, CE loss: 0.552, DL2 loss: 12.659
10, 17, 0.5517, 0.0009, 79.688, 98.438, 0.811, 0.483, 
[735] Train acc: 0.8125, Constr acc: 0.6250, CE loss: 0.501, DL2 loss: 17.138
10, 16, 0.5005, 0.0010, 81.250, 100.000, 0.767, 0.537, 
[750] Train acc: 0.7031, Constr acc: 0.8125, CE loss: 0.904, DL2 loss: 6.332
10, 15, 0.9041, 0.0011, 70.312, 98.438, 0.613, 0.501, 
[765] Train acc: 0.4219, Constr acc: 0.5625, CE loss: 1.287, DL2 loss: 14.750
10, 14, 1.2866, 0.0013, 42.188, 96.875, 0.602, 0.571, 
[780] Train acc: 0.5312, Constr acc: 0.6250, CE loss: 1.058, DL2 loss: 15.010
10, 13, 1.0581, 0.0013, 53.125, 98.438, 0.637, 0.587, 
[795] Train acc: 0.4531, Constr acc: 0.7500, CE loss: 1.623, DL2 loss: 9.193
10, 12, 1.6231, 0.0012, 45.312, 95.312, 0.675, 0.575, 
[810] Train acc: 0.5312, Constr acc: 0.5312, CE loss: 1.278, DL2 loss: 17.033
10, 11, 1.2777, 0.0014, 53.125, 96.875, 0.623, 0.486, 
[825] Train acc: 0.2500, Constr acc: 0.4375, CE loss: 1.930, DL2 loss: 30.644
10, 10, 1.9304, 0.0017, 25.000, 78.125, 0.365, 0.837, 
[840] Train acc: 0.3125, Constr acc: 0.3750, CE loss: 1.720, DL2 loss: 27.946
10, 9, 1.7202, 0.0018, 31.250, 89.062, 0.346, 0.829, 
[855] Train acc: 0.2812, Constr acc: 0.4062, CE loss: 1.744, DL2 loss: 25.859
10, 8, 1.7443, 0.0018, 28.125, 85.938, 0.365, 0.581, 
[870] Train acc: 0.2500, Constr acc: 0.2812, CE loss: 2.382, DL2 loss: 30.825
10, 7, 2.3825, 0.0019, 25.000, 79.688, 0.311, 0.746, 
[885] Train acc: 0.2188, Constr acc: 0.1875, CE loss: 2.473, DL2 loss: 37.828
10, 6, 2.4734, 0.0019, 21.875, 71.875, 0.319, 0.917, 
[900] Train acc: 0.0938, Constr acc: 0.0000, CE loss: 2.307, DL2 loss: 68.665
10, 5, 2.3068, 0.0023, 9.375, 54.688, 0.114, 0.937, 
[915] Train acc: 0.1250, Constr acc: 0.0000, CE loss: 2.313, DL2 loss: 71.998
10, 4, 2.3131, 0.0023, 12.500, 50.000, 0.114, 0.970, 
[930] Train acc: 0.1250, Constr acc: 0.0000, CE loss: 2.326, DL2 loss: 67.815
10, 3, 2.3262, 0.0023, 12.500, 46.875, 0.114, 1.000, 
