epoch, neuron_units, loss, dl2_loss, top1, top5, dl2_p_acc, dl2_constraint_acc
7, 252, 0.0059, 0.0003, 100.000, 100.000, 0.977, 0.632, 
7, 251, 0.0310, 0.0003, 98.438, 100.000, 0.981, 0.540, 
7, 250, 0.0454, 0.0004, 98.438, 100.000, 0.978, 0.496, 
7, 249, 0.1110, 0.0003, 95.312, 100.000, 0.980, 0.585, 
7, 248, 0.0112, 0.0003, 100.000, 100.000, 0.983, 0.569, 
7, 247, 0.0704, 0.0003, 96.875, 100.000, 0.981, 0.561, 
7, 246, 0.0862, 0.0004, 95.312, 100.000, 0.971, 0.487, 
7, 245, 0.0137, 0.0003, 100.000, 100.000, 0.979, 0.514, 
7, 244, 0.0640, 0.0003, 98.438, 100.000, 0.974, 0.570, 
7, 243, 0.0080, 0.0003, 100.000, 100.000, 0.982, 0.588, 
7, 242, 0.0069, 0.0003, 100.000, 100.000, 0.983, 0.584, 
7, 241, 0.0388, 0.0003, 98.438, 100.000, 0.984, 0.560, 
7, 240, 0.0423, 0.0003, 98.438, 100.000, 0.982, 0.560, 
7, 239, 0.1115, 0.0004, 96.875, 100.000, 0.977, 0.498, 
7, 238, 0.0097, 0.0003, 100.000, 100.000, 0.980, 0.649, 
7, 237, 0.0364, 0.0003, 100.000, 100.000, 0.981, 0.567, 
7, 236, 0.0240, 0.0003, 100.000, 100.000, 0.980, 0.562, 
7, 235, 0.0303, 0.0004, 98.438, 100.000, 0.979, 0.495, 
7, 234, 0.0602, 0.0003, 98.438, 100.000, 0.981, 0.562, 
7, 233, 0.0738, 0.0003, 93.750, 100.000, 0.984, 0.638, 
7, 232, 0.0094, 0.0003, 100.000, 100.000, 0.983, 0.617, 
7, 231, 0.0106, 0.0003, 100.000, 100.000, 0.974, 0.648, 
7, 230, 0.0351, 0.0003, 100.000, 100.000, 0.974, 0.659, 
7, 229, 0.1027, 0.0003, 96.875, 100.000, 0.983, 0.622, 
7, 228, 0.0699, 0.0003, 96.875, 100.000, 0.985, 0.613, 
7, 227, 0.0549, 0.0003, 98.438, 100.000, 0.975, 0.606, 
7, 226, 0.1164, 0.0003, 95.312, 100.000, 0.974, 0.668, 
7, 225, 0.0771, 0.0003, 98.438, 100.000, 0.982, 0.653, 
7, 224, 0.0732, 0.0003, 96.875, 100.000, 0.978, 0.547, 
7, 223, 0.1251, 0.0003, 96.875, 100.000, 0.977, 0.540, 
7, 222, 0.0101, 0.0003, 100.000, 100.000, 0.983, 0.571, 
7, 221, 0.0026, 0.0003, 100.000, 100.000, 0.983, 0.575, 
7, 220, 0.0802, 0.0003, 98.438, 100.000, 0.980, 0.523, 
7, 219, 0.0327, 0.0004, 98.438, 100.000, 0.981, 0.480, 
7, 218, 0.0227, 0.0003, 100.000, 100.000, 0.984, 0.492, 
7, 217, 0.0970, 0.0003, 96.875, 100.000, 0.983, 0.508, 
7, 216, 0.0203, 0.0004, 100.000, 100.000, 0.964, 0.566, 
7, 215, 0.1099, 0.0003, 96.875, 100.000, 0.983, 0.558, 
7, 214, 0.0295, 0.0003, 98.438, 100.000, 0.982, 0.560, 
7, 213, 0.0561, 0.0003, 98.438, 100.000, 0.985, 0.518, 
7, 212, 0.0100, 0.0003, 100.000, 100.000, 0.979, 0.516, 
7, 211, 0.0216, 0.0003, 98.438, 100.000, 0.973, 0.563, 
7, 210, 0.1619, 0.0003, 93.750, 100.000, 0.977, 0.559, 
7, 209, 0.0724, 0.0003, 95.312, 100.000, 0.979, 0.598, 
7, 208, 0.0039, 0.0003, 100.000, 100.000, 0.979, 0.533, 
7, 207, 0.0450, 0.0003, 98.438, 100.000, 0.981, 0.572, 
7, 206, 0.0366, 0.0003, 98.438, 100.000, 0.982, 0.635, 
7, 205, 0.0406, 0.0003, 98.438, 100.000, 0.981, 0.639, 
7, 204, 0.0221, 0.0003, 98.438, 100.000, 0.982, 0.601, 
7, 203, 0.0503, 0.0003, 98.438, 100.000, 0.978, 0.596, 
7, 202, 0.0779, 0.0003, 96.875, 100.000, 0.983, 0.658, 
7, 201, 0.0107, 0.0003, 100.000, 100.000, 0.983, 0.691, 
7, 200, 0.0576, 0.0003, 96.875, 100.000, 0.981, 0.651, 
7, 199, 0.0249, 0.0003, 100.000, 100.000, 0.982, 0.696, 
7, 198, 0.0690, 0.0003, 98.438, 100.000, 0.983, 0.652, 
7, 197, 0.0528, 0.0003, 98.438, 100.000, 0.979, 0.610, 
7, 196, 0.0173, 0.0003, 100.000, 100.000, 0.984, 0.598, 
7, 195, 0.0642, 0.0003, 96.875, 100.000, 0.982, 0.582, 
7, 194, 0.0395, 0.0003, 98.438, 100.000, 0.985, 0.509, 
7, 193, 0.0448, 0.0003, 96.875, 100.000, 0.987, 0.554, 
7, 192, 0.0435, 0.0003, 98.438, 100.000, 0.985, 0.605, 
7, 191, 0.0849, 0.0004, 96.875, 100.000, 0.980, 0.514, 
7, 190, 0.1860, 0.0003, 95.312, 100.000, 0.982, 0.526, 
8, 190, 0.0215, 0.0003, 98.438, 100.000, 0.978, 0.651, 
8, 189, 0.0134, 0.0003, 100.000, 100.000, 0.984, 0.595, 
8, 188, 0.0264, 0.0003, 98.438, 100.000, 0.985, 0.552, 
8, 187, 0.0396, 0.0003, 98.438, 100.000, 0.984, 0.569, 
8, 186, 0.1401, 0.0003, 95.312, 100.000, 0.978, 0.537, 
8, 185, 0.0128, 0.0003, 100.000, 100.000, 0.975, 0.649, 
8, 184, 0.0292, 0.0003, 100.000, 100.000, 0.984, 0.562, 
8, 183, 0.0115, 0.0003, 100.000, 100.000, 0.979, 0.647, 
8, 182, 0.0805, 0.0003, 98.438, 100.000, 0.985, 0.611, 
8, 181, 0.0130, 0.0003, 100.000, 100.000, 0.984, 0.570, 
8, 180, 0.0906, 0.0004, 96.875, 100.000, 0.982, 0.531, 
8, 179, 0.0975, 0.0004, 96.875, 100.000, 0.974, 0.591, 
8, 178, 0.0189, 0.0004, 100.000, 100.000, 0.980, 0.522, 
8, 177, 0.0093, 0.0003, 100.000, 100.000, 0.985, 0.630, 
8, 176, 0.0668, 0.0003, 98.438, 100.000, 0.980, 0.705, 
8, 175, 0.0090, 0.0003, 100.000, 100.000, 0.982, 0.619, 
8, 174, 0.1722, 0.0003, 95.312, 100.000, 0.976, 0.512, 
8, 173, 0.0455, 0.0004, 96.875, 100.000, 0.981, 0.498, 
8, 172, 0.0822, 0.0003, 95.312, 100.000, 0.985, 0.554, 
8, 171, 0.1082, 0.0003, 98.438, 100.000, 0.983, 0.629, 
8, 170, 0.0380, 0.0003, 98.438, 100.000, 0.982, 0.612, 
8, 169, 0.0550, 0.0003, 96.875, 100.000, 0.983, 0.638, 
8, 168, 0.0232, 0.0003, 100.000, 100.000, 0.984, 0.655, 
8, 167, 0.1155, 0.0003, 95.312, 100.000, 0.978, 0.704, 
8, 166, 0.3327, 0.0003, 95.312, 100.000, 0.958, 0.703, 
8, 165, 0.0522, 0.0003, 96.875, 100.000, 0.971, 0.583, 
8, 164, 0.0580, 0.0003, 98.438, 100.000, 0.972, 0.616, 
8, 163, 0.0055, 0.0003, 100.000, 100.000, 0.982, 0.639, 
8, 162, 0.0167, 0.0003, 100.000, 100.000, 0.983, 0.613, 
8, 161, 0.1711, 0.0003, 95.312, 100.000, 0.980, 0.634, 
8, 160, 0.1207, 0.0003, 95.312, 100.000, 0.980, 0.555, 
8, 159, 0.1871, 0.0003, 96.875, 100.000, 0.979, 0.585, 
8, 158, 0.0264, 0.0004, 100.000, 100.000, 0.977, 0.468, 
8, 157, 0.0098, 0.0004, 100.000, 100.000, 0.978, 0.463, 
8, 156, 0.0843, 0.0004, 98.438, 100.000, 0.972, 0.426, 
8, 155, 0.0276, 0.0004, 100.000, 100.000, 0.970, 0.513, 
8, 154, 0.1415, 0.0004, 96.875, 100.000, 0.973, 0.482, 
8, 153, 0.0806, 0.0004, 96.875, 100.000, 0.982, 0.480, 
8, 152, 0.0209, 0.0004, 100.000, 100.000, 0.983, 0.478, 
8, 151, 0.0623, 0.0004, 98.438, 100.000, 0.979, 0.450, 
8, 150, 0.1296, 0.0004, 95.312, 100.000, 0.980, 0.434, 
8, 149, 0.1079, 0.0004, 96.875, 98.438, 0.975, 0.444, 
8, 148, 0.0493, 0.0004, 98.438, 100.000, 0.982, 0.468, 
8, 147, 0.1893, 0.0004, 96.875, 100.000, 0.973, 0.472, 
8, 146, 0.1882, 0.0004, 95.312, 100.000, 0.979, 0.503, 
8, 145, 0.0741, 0.0004, 98.438, 100.000, 0.976, 0.478, 
8, 144, 0.0581, 0.0004, 98.438, 100.000, 0.973, 0.405, 
8, 143, 0.1874, 0.0004, 95.312, 100.000, 0.976, 0.410, 
8, 142, 0.1257, 0.0004, 96.875, 100.000, 0.972, 0.500, 
8, 141, 0.0622, 0.0004, 98.438, 100.000, 0.977, 0.361, 
8, 140, 0.1273, 0.0004, 93.750, 100.000, 0.978, 0.337, 
8, 139, 0.0604, 0.0005, 98.438, 100.000, 0.974, 0.339, 
8, 138, 0.1128, 0.0004, 98.438, 100.000, 0.975, 0.464, 
8, 137, 0.0176, 0.0004, 100.000, 100.000, 0.981, 0.390, 
8, 136, 0.0784, 0.0004, 96.875, 100.000, 0.981, 0.394, 
8, 135, 0.0557, 0.0004, 95.312, 100.000, 0.983, 0.464, 
8, 134, 0.0552, 0.0004, 98.438, 100.000, 0.982, 0.409, 
8, 133, 0.0860, 0.0004, 95.312, 100.000, 0.981, 0.449, 
8, 132, 0.1873, 0.0004, 93.750, 100.000, 0.975, 0.411, 
8, 131, 0.0986, 0.0004, 96.875, 100.000, 0.974, 0.442, 
8, 130, 0.1366, 0.0003, 95.312, 100.000, 0.980, 0.553, 
8, 129, 0.0319, 0.0004, 100.000, 100.000, 0.976, 0.483, 
8, 128, 0.0112, 0.0004, 100.000, 100.000, 0.955, 0.502, 
9, 127, 0.2286, 0.0004, 95.312, 100.000, 0.973, 0.529, 
9, 126, 0.0592, 0.0003, 96.875, 100.000, 0.980, 0.566, 
9, 125, 0.0348, 0.0003, 98.438, 100.000, 0.979, 0.546, 
9, 124, 0.1008, 0.0003, 96.875, 100.000, 0.981, 0.517, 
9, 123, 0.0286, 0.0003, 98.438, 100.000, 0.983, 0.565, 
9, 122, 0.0389, 0.0003, 96.875, 100.000, 0.980, 0.609, 
9, 121, 0.0569, 0.0003, 98.438, 100.000, 0.981, 0.604, 
9, 120, 0.0077, 0.0003, 100.000, 100.000, 0.981, 0.547, 
9, 119, 0.0746, 0.0003, 98.438, 100.000, 0.980, 0.560, 
9, 118, 0.0391, 0.0004, 100.000, 100.000, 0.974, 0.520, 
9, 117, 0.0760, 0.0003, 95.312, 100.000, 0.978, 0.540, 
9, 116, 0.0492, 0.0004, 98.438, 100.000, 0.981, 0.496, 
9, 115, 0.0381, 0.0004, 100.000, 100.000, 0.973, 0.510, 
9, 114, 0.0216, 0.0003, 98.438, 100.000, 0.981, 0.574, 
9, 113, 0.1374, 0.0003, 96.875, 100.000, 0.980, 0.576, 
9, 112, 0.0491, 0.0004, 96.875, 100.000, 0.977, 0.471, 
9, 111, 0.0501, 0.0004, 98.438, 100.000, 0.981, 0.405, 
9, 110, 0.0553, 0.0005, 98.438, 100.000, 0.969, 0.326, 
9, 109, 0.0982, 0.0005, 96.875, 100.000, 0.977, 0.286, 
9, 108, 0.1207, 0.0004, 96.875, 100.000, 0.978, 0.326, 
9, 107, 0.1007, 0.0004, 96.875, 100.000, 0.977, 0.329, 
9, 106, 0.1469, 0.0004, 95.312, 100.000, 0.978, 0.472, 
9, 105, 0.1011, 0.0004, 98.438, 100.000, 0.970, 0.404, 
9, 104, 0.0152, 0.0004, 100.000, 100.000, 0.978, 0.554, 
9, 103, 0.0769, 0.0004, 96.875, 100.000, 0.966, 0.464, 
9, 102, 0.0191, 0.0004, 100.000, 100.000, 0.973, 0.407, 
9, 101, 0.0618, 0.0004, 96.875, 100.000, 0.978, 0.395, 
9, 100, 0.0697, 0.0004, 98.438, 100.000, 0.956, 0.461, 
9, 99, 0.0258, 0.0004, 100.000, 100.000, 0.979, 0.515, 
9, 98, 0.0761, 0.0004, 98.438, 100.000, 0.982, 0.429, 
9, 97, 0.1203, 0.0004, 96.875, 100.000, 0.975, 0.384, 
9, 96, 0.0667, 0.0004, 98.438, 100.000, 0.975, 0.364, 
9, 95, 0.0561, 0.0004, 98.438, 100.000, 0.978, 0.394, 
9, 94, 0.0660, 0.0004, 98.438, 100.000, 0.977, 0.484, 
9, 93, 0.1346, 0.0004, 96.875, 100.000, 0.973, 0.475, 
9, 92, 0.1801, 0.0004, 93.750, 100.000, 0.977, 0.404, 
9, 91, 0.0510, 0.0004, 98.438, 100.000, 0.982, 0.389, 
9, 90, 0.0926, 0.0004, 96.875, 100.000, 0.972, 0.434, 
9, 89, 0.0478, 0.0004, 98.438, 100.000, 0.981, 0.421, 
9, 88, 0.0252, 0.0005, 100.000, 100.000, 0.978, 0.312, 
9, 87, 0.1253, 0.0004, 93.750, 100.000, 0.975, 0.462, 
9, 86, 0.0860, 0.0004, 96.875, 100.000, 0.974, 0.389, 
9, 85, 0.0369, 0.0004, 98.438, 100.000, 0.977, 0.381, 
9, 84, 0.0640, 0.0004, 98.438, 100.000, 0.975, 0.362, 
9, 83, 0.1350, 0.0004, 96.875, 100.000, 0.960, 0.438, 
9, 82, 0.3703, 0.0005, 90.625, 98.438, 0.972, 0.296, 
9, 81, 0.0383, 0.0004, 98.438, 100.000, 0.973, 0.407, 
9, 80, 0.0439, 0.0005, 98.438, 100.000, 0.971, 0.325, 
9, 79, 0.2078, 0.0004, 92.188, 98.438, 0.975, 0.398, 
9, 78, 0.2342, 0.0005, 93.750, 100.000, 0.975, 0.331, 
9, 77, 0.0489, 0.0005, 98.438, 100.000, 0.967, 0.346, 
9, 76, 0.1457, 0.0005, 93.750, 100.000, 0.969, 0.293, 
9, 75, 0.1338, 0.0005, 95.312, 100.000, 0.969, 0.278, 
9, 74, 0.1368, 0.0005, 95.312, 100.000, 0.972, 0.329, 
9, 73, 0.0494, 0.0004, 98.438, 100.000, 0.975, 0.328, 
9, 72, 0.2223, 0.0005, 92.188, 100.000, 0.971, 0.365, 
9, 71, 0.1197, 0.0004, 93.750, 100.000, 0.977, 0.448, 
9, 70, 0.2329, 0.0005, 96.875, 100.000, 0.976, 0.348, 
9, 69, 0.1129, 0.0005, 98.438, 100.000, 0.978, 0.380, 
9, 68, 0.1619, 0.0006, 92.188, 100.000, 0.915, 0.250, 
9, 67, 0.0373, 0.0005, 100.000, 100.000, 0.977, 0.291, 
9, 66, 0.1036, 0.0005, 98.438, 100.000, 0.968, 0.334, 
9, 65, 0.1723, 0.0005, 93.750, 100.000, 0.975, 0.345, 
10, 65, 0.1460, 0.0005, 95.312, 100.000, 0.970, 0.340, 
10, 64, 0.3331, 0.0004, 90.625, 100.000, 0.974, 0.352, 
10, 63, 0.0471, 0.0005, 98.438, 100.000, 0.976, 0.331, 
10, 62, 0.0899, 0.0005, 96.875, 100.000, 0.972, 0.339, 
10, 61, 0.0552, 0.0005, 96.875, 100.000, 0.966, 0.344, 
10, 60, 0.0670, 0.0005, 98.438, 100.000, 0.967, 0.229, 
10, 59, 0.1607, 0.0005, 93.750, 100.000, 0.952, 0.379, 
10, 58, 0.1597, 0.0005, 95.312, 100.000, 0.960, 0.252, 
10, 57, 0.2043, 0.0005, 95.312, 100.000, 0.967, 0.280, 
10, 56, 0.1036, 0.0006, 93.750, 100.000, 0.961, 0.249, 
10, 55, 0.0491, 0.0006, 100.000, 100.000, 0.961, 0.225, 
10, 54, 0.1709, 0.0006, 96.875, 100.000, 0.953, 0.232, 
10, 53, 0.1298, 0.0005, 93.750, 100.000, 0.959, 0.261, 
10, 52, 0.2097, 0.0005, 92.188, 100.000, 0.958, 0.466, 
10, 51, 0.0937, 0.0005, 95.312, 100.000, 0.963, 0.326, 
10, 50, 0.0615, 0.0005, 98.438, 100.000, 0.948, 0.279, 
10, 49, 0.2435, 0.0005, 89.062, 100.000, 0.965, 0.236, 
10, 48, 0.1752, 0.0005, 93.750, 100.000, 0.965, 0.278, 
10, 47, 0.3039, 0.0007, 93.750, 100.000, 0.901, 0.288, 
10, 46, 0.1206, 0.0006, 95.312, 100.000, 0.940, 0.341, 
10, 45, 0.1610, 0.0006, 96.875, 100.000, 0.954, 0.257, 
10, 44, 0.2058, 0.0005, 93.750, 100.000, 0.952, 0.301, 
10, 43, 0.4274, 0.0006, 93.750, 98.438, 0.938, 0.343, 
10, 42, 0.2982, 0.0006, 87.500, 100.000, 0.949, 0.261, 
10, 41, 0.0585, 0.0006, 100.000, 100.000, 0.956, 0.233, 
10, 40, 0.0413, 0.0006, 100.000, 100.000, 0.953, 0.275, 
10, 39, 0.1318, 0.0006, 95.312, 100.000, 0.902, 0.380, 
10, 38, 0.0422, 0.0005, 100.000, 100.000, 0.962, 0.301, 
10, 37, 0.1260, 0.0006, 95.312, 100.000, 0.944, 0.339, 
10, 36, 0.5378, 0.0006, 84.375, 100.000, 0.927, 0.322, 
10, 35, 0.2513, 0.0006, 92.188, 96.875, 0.938, 0.371, 
10, 34, 0.3231, 0.0006, 89.062, 100.000, 0.938, 0.290, 
10, 33, 0.3179, 0.0006, 92.188, 98.438, 0.923, 0.335, 
10, 32, 0.3015, 0.0006, 92.188, 98.438, 0.943, 0.333, 
10, 31, 0.1751, 0.0006, 95.312, 100.000, 0.940, 0.478, 
10, 30, 0.1348, 0.0006, 92.188, 100.000, 0.920, 0.299, 
10, 29, 0.3728, 0.0006, 90.625, 98.438, 0.902, 0.305, 
10, 28, 0.3087, 0.0006, 92.188, 100.000, 0.931, 0.333, 
10, 27, 0.4789, 0.0007, 85.938, 98.438, 0.894, 0.314, 
10, 26, 0.3943, 0.0007, 84.375, 100.000, 0.923, 0.368, 
10, 25, 0.1882, 0.0007, 95.312, 100.000, 0.921, 0.333, 
10, 24, 0.4331, 0.0008, 87.500, 98.438, 0.872, 0.410, 
10, 23, 0.2608, 0.0007, 92.188, 98.438, 0.899, 0.401, 
10, 22, 0.4724, 0.0007, 82.812, 100.000, 0.893, 0.496, 
10, 21, 0.4773, 0.0009, 84.375, 100.000, 0.756, 0.334, 
10, 20, 0.8888, 0.0008, 75.000, 98.438, 0.873, 0.346, 
10, 19, 0.5650, 0.0010, 78.125, 98.438, 0.735, 0.695, 
10, 18, 0.8214, 0.0010, 73.438, 96.875, 0.719, 0.510, 
10, 17, 1.0017, 0.0011, 68.750, 98.438, 0.661, 0.531, 
10, 16, 1.0448, 0.0014, 60.938, 98.438, 0.552, 0.689, 
10, 15, 1.3518, 0.0013, 57.812, 92.188, 0.593, 0.445, 
10, 14, 1.6272, 0.0015, 46.875, 95.312, 0.439, 0.552, 
10, 13, 1.3413, 0.0013, 53.125, 96.875, 0.591, 0.542, 
10, 12, 1.6218, 0.0015, 53.125, 89.062, 0.422, 0.566, 
10, 11, 1.8573, 0.0014, 35.938, 93.750, 0.556, 0.492, 
10, 10, 1.9026, 0.0014, 54.688, 81.250, 0.525, 0.576, 
10, 9, 1.7998, 0.0017, 35.938, 95.312, 0.350, 0.497, 
10, 8, 2.1161, 0.0017, 29.688, 84.375, 0.386, 0.707, 
10, 7, 2.3180, 0.0021, 15.625, 87.500, 0.193, 1.000, 
10, 6, 2.6157, 0.0020, 23.438, 85.938, 0.212, 1.000, 
10, 5, 2.2931, 0.0023, 12.500, 53.125, 0.101, 1.000, 
10, 4, 2.2904, 0.0023, 12.500, 54.688, 0.103, 1.000, 
10, 3, 2.3519, 0.0023, 12.500, 45.312, 0.103, 1.000, 
