epoch, neuron_units, loss, dl2_loss, top1, top5, dl2_p_acc, dl2_constraint_acc
7, 252, 0.0063, 0.0002, 100.000, 100.000, 0.987, 0.000, 
7, 251, 0.0049, 0.0002, 100.000, 100.000, 0.988, 0.000, 
7, 250, 0.0078, 0.0002, 100.000, 100.000, 0.987, 0.000, 
7, 249, 0.0442, 0.0002, 96.875, 100.000, 0.988, 0.000, 
7, 248, 0.0022, 0.0002, 100.000, 100.000, 0.988, 0.000, 
7, 247, 0.0538, 0.0002, 98.438, 100.000, 0.988, 0.000, 
7, 246, 0.0055, 0.0002, 100.000, 100.000, 0.988, 0.000, 
7, 245, 0.0099, 0.0002, 100.000, 100.000, 0.987, 0.100, 
7, 244, 0.0066, 0.0002, 100.000, 100.000, 0.988, 0.100, 
7, 243, 0.0015, 0.0002, 100.000, 100.000, 0.988, 0.000, 
7, 242, 0.0045, 0.0002, 100.000, 100.000, 0.987, 0.000, 
7, 241, 0.0017, 0.0002, 100.000, 100.000, 0.988, 0.100, 
7, 240, 0.0345, 0.0002, 98.438, 100.000, 0.988, 0.000, 
7, 239, 0.0301, 0.0002, 98.438, 100.000, 0.987, 0.200, 
7, 238, 0.0041, 0.0002, 100.000, 100.000, 0.987, 0.300, 
7, 237, 0.0084, 0.0002, 100.000, 100.000, 0.988, 0.000, 
7, 236, 0.0086, 0.0002, 100.000, 100.000, 0.987, 0.400, 
7, 235, 0.0067, 0.0002, 100.000, 100.000, 0.988, 0.200, 
7, 234, 0.0147, 0.0002, 100.000, 100.000, 0.983, 0.500, 
7, 233, 0.0130, 0.0002, 100.000, 100.000, 0.984, 0.400, 
7, 232, 0.0055, 0.0002, 100.000, 100.000, 0.990, 0.400, 
7, 231, 0.0112, 0.0002, 100.000, 100.000, 0.987, 0.500, 
7, 230, 0.0047, 0.0002, 100.000, 100.000, 0.989, 0.300, 
7, 229, 0.0491, 0.0002, 98.438, 100.000, 0.989, 0.700, 
7, 228, 0.0095, 0.0002, 100.000, 100.000, 0.989, 0.200, 
7, 227, 0.0799, 0.0002, 96.875, 100.000, 0.987, 0.100, 
7, 226, 0.0112, 0.0002, 100.000, 100.000, 0.988, 0.200, 
7, 225, 0.0651, 0.0002, 98.438, 100.000, 0.989, 0.400, 
7, 224, 0.0411, 0.0002, 98.438, 100.000, 0.986, 0.400, 
7, 223, 0.0421, 0.0002, 98.438, 100.000, 0.987, 0.400, 
7, 222, 0.0052, 0.0002, 100.000, 100.000, 0.989, 0.900, 
7, 221, 0.0073, 0.0002, 100.000, 100.000, 0.989, 0.500, 
7, 220, 0.0699, 0.0002, 98.438, 100.000, 0.988, 0.200, 
7, 219, 0.0023, 0.0002, 100.000, 100.000, 0.984, 0.200, 
7, 218, 0.0108, 0.0002, 100.000, 100.000, 0.988, 0.300, 
7, 217, 0.0227, 0.0002, 98.438, 100.000, 0.988, 0.400, 
7, 216, 0.0009, 0.0002, 100.000, 100.000, 0.988, 0.600, 
7, 215, 0.0778, 0.0002, 95.312, 100.000, 0.987, 0.800, 
7, 214, 0.0125, 0.0002, 100.000, 100.000, 0.988, 0.500, 
7, 213, 0.0688, 0.0002, 96.875, 100.000, 0.988, 0.500, 
7, 212, 0.0033, 0.0002, 100.000, 100.000, 0.985, 0.300, 
7, 211, 0.0060, 0.0002, 100.000, 100.000, 0.987, 0.700, 
7, 210, 0.0653, 0.0002, 96.875, 100.000, 0.987, 0.800, 
7, 209, 0.0786, 0.0002, 96.875, 100.000, 0.986, 0.500, 
7, 208, 0.0027, 0.0002, 100.000, 100.000, 0.986, 0.600, 
7, 207, 0.0219, 0.0002, 100.000, 100.000, 0.988, 0.700, 
7, 206, 0.0050, 0.0002, 100.000, 100.000, 0.988, 0.600, 
7, 205, 0.0055, 0.0002, 100.000, 100.000, 0.986, 0.700, 
7, 204, 0.0122, 0.0002, 100.000, 100.000, 0.984, 0.800, 
7, 203, 0.0547, 0.0002, 98.438, 100.000, 0.988, 0.700, 
7, 202, 0.0085, 0.0002, 100.000, 100.000, 0.988, 0.800, 
7, 201, 0.0172, 0.0002, 98.438, 100.000, 0.987, 0.800, 
7, 200, 0.0095, 0.0002, 100.000, 100.000, 0.987, 0.900, 
7, 199, 0.0074, 0.0002, 100.000, 100.000, 0.988, 0.500, 
7, 198, 0.0172, 0.0002, 100.000, 100.000, 0.988, 0.600, 
7, 197, 0.0233, 0.0002, 98.438, 100.000, 0.988, 0.800, 
7, 196, 0.0411, 0.0002, 98.438, 100.000, 0.987, 0.600, 
7, 195, 0.0062, 0.0002, 100.000, 100.000, 0.989, 0.700, 
7, 194, 0.0053, 0.0002, 100.000, 100.000, 0.988, 0.900, 
7, 193, 0.0393, 0.0002, 98.438, 100.000, 0.989, 0.800, 
7, 192, 0.0143, 0.0002, 100.000, 100.000, 0.987, 0.800, 
7, 191, 0.0609, 0.0002, 98.438, 100.000, 0.988, 0.500, 
7, 190, 0.0842, 0.0002, 98.438, 100.000, 0.988, 0.800, 
8, 190, 0.0039, 0.0002, 100.000, 100.000, 0.989, 0.700, 
8, 189, 0.0106, 0.0002, 100.000, 100.000, 0.988, 0.700, 
8, 188, 0.0207, 0.0002, 100.000, 100.000, 0.989, 0.600, 
8, 187, 0.0104, 0.0002, 100.000, 100.000, 0.990, 0.700, 
8, 186, 0.1472, 0.0002, 95.312, 100.000, 0.987, 1.000, 
8, 185, 0.0043, 0.0002, 100.000, 100.000, 0.987, 0.800, 
8, 184, 0.0348, 0.0002, 98.438, 100.000, 0.986, 0.700, 
8, 183, 0.0122, 0.0002, 100.000, 100.000, 0.988, 0.700, 
8, 182, 0.0354, 0.0002, 98.438, 100.000, 0.986, 0.600, 
8, 181, 0.0026, 0.0002, 100.000, 100.000, 0.985, 0.900, 
8, 180, 0.0374, 0.0002, 98.438, 100.000, 0.987, 0.600, 
8, 179, 0.0293, 0.0002, 100.000, 100.000, 0.985, 0.500, 
8, 178, 0.0041, 0.0002, 100.000, 100.000, 0.987, 0.800, 
8, 177, 0.0353, 0.0002, 98.438, 100.000, 0.985, 0.600, 
8, 176, 0.0094, 0.0002, 100.000, 100.000, 0.987, 0.700, 
8, 175, 0.0028, 0.0002, 100.000, 100.000, 0.985, 0.700, 
8, 174, 0.0564, 0.0002, 98.438, 100.000, 0.987, 0.700, 
8, 173, 0.0346, 0.0002, 98.438, 100.000, 0.987, 0.900, 
8, 172, 0.0789, 0.0002, 98.438, 100.000, 0.985, 0.700, 
8, 171, 0.0469, 0.0002, 96.875, 100.000, 0.987, 0.900, 
8, 170, 0.0176, 0.0002, 100.000, 100.000, 0.987, 0.600, 
8, 169, 0.0559, 0.0002, 98.438, 100.000, 0.988, 1.000, 
8, 168, 0.0048, 0.0002, 100.000, 100.000, 0.986, 1.000, 
8, 167, 0.0147, 0.0002, 100.000, 100.000, 0.989, 0.900, 
8, 166, 0.2248, 0.0002, 98.438, 100.000, 0.987, 0.800, 
8, 165, 0.0322, 0.0002, 98.438, 100.000, 0.989, 0.900, 
8, 164, 0.0054, 0.0002, 100.000, 100.000, 0.987, 0.800, 
8, 163, 0.0037, 0.0002, 100.000, 100.000, 0.988, 0.700, 
8, 162, 0.0055, 0.0002, 100.000, 100.000, 0.988, 1.000, 
8, 161, 0.1749, 0.0002, 96.875, 100.000, 0.987, 0.700, 
8, 160, 0.0269, 0.0003, 98.438, 100.000, 0.986, 1.000, 
8, 159, 0.1629, 0.0002, 95.312, 100.000, 0.985, 0.800, 
8, 158, 0.0037, 0.0002, 100.000, 100.000, 0.987, 0.800, 
8, 157, 0.0119, 0.0002, 100.000, 100.000, 0.987, 1.000, 
8, 156, 0.0038, 0.0002, 100.000, 100.000, 0.986, 0.800, 
8, 155, 0.0316, 0.0002, 98.438, 100.000, 0.988, 0.800, 
8, 154, 0.1170, 0.0002, 96.875, 100.000, 0.989, 0.800, 
8, 153, 0.0667, 0.0002, 96.875, 100.000, 0.987, 1.000, 
8, 152, 0.0061, 0.0002, 100.000, 100.000, 0.987, 0.900, 
8, 151, 0.0052, 0.0002, 100.000, 100.000, 0.988, 0.900, 
8, 150, 0.0758, 0.0002, 96.875, 100.000, 0.987, 0.900, 
8, 149, 0.0466, 0.0002, 98.438, 100.000, 0.984, 0.800, 
8, 148, 0.0410, 0.0003, 96.875, 100.000, 0.986, 0.500, 
8, 147, 0.0155, 0.0002, 100.000, 100.000, 0.987, 0.700, 
8, 146, 0.0838, 0.0003, 96.875, 100.000, 0.987, 0.700, 
8, 145, 0.0292, 0.0003, 100.000, 100.000, 0.989, 1.000, 
8, 144, 0.0145, 0.0002, 100.000, 100.000, 0.987, 1.000, 
8, 143, 0.1524, 0.0003, 96.875, 100.000, 0.989, 0.800, 
8, 142, 0.0347, 0.0003, 98.438, 100.000, 0.989, 0.800, 
8, 141, 0.0197, 0.0003, 100.000, 100.000, 0.986, 0.900, 
8, 140, 0.1068, 0.0003, 95.312, 100.000, 0.986, 0.800, 
8, 139, 0.0271, 0.0003, 98.438, 100.000, 0.988, 0.900, 
8, 138, 0.0293, 0.0003, 100.000, 100.000, 0.984, 0.800, 
8, 137, 0.0103, 0.0003, 100.000, 100.000, 0.988, 0.900, 
8, 136, 0.1028, 0.0003, 96.875, 100.000, 0.988, 0.800, 
8, 135, 0.0511, 0.0003, 98.438, 100.000, 0.987, 0.900, 
8, 134, 0.0235, 0.0003, 100.000, 100.000, 0.988, 1.000, 
8, 133, 0.0192, 0.0003, 100.000, 100.000, 0.988, 1.000, 
8, 132, 0.0423, 0.0003, 100.000, 100.000, 0.986, 0.900, 
8, 131, 0.0346, 0.0003, 98.438, 100.000, 0.988, 0.900, 
8, 130, 0.0712, 0.0003, 98.438, 100.000, 0.987, 0.800, 
8, 129, 0.0354, 0.0003, 98.438, 100.000, 0.987, 0.900, 
8, 128, 0.0078, 0.0003, 100.000, 100.000, 0.983, 0.900, 
9, 127, 0.0326, 0.0003, 98.438, 100.000, 0.982, 0.600, 
9, 126, 0.0407, 0.0003, 98.438, 100.000, 0.987, 1.000, 
9, 125, 0.0099, 0.0003, 100.000, 100.000, 0.988, 0.700, 
9, 124, 0.0468, 0.0003, 98.438, 100.000, 0.988, 1.000, 
9, 123, 0.0197, 0.0003, 100.000, 100.000, 0.982, 0.700, 
9, 122, 0.0172, 0.0003, 100.000, 100.000, 0.986, 0.900, 
9, 121, 0.0272, 0.0003, 100.000, 100.000, 0.986, 1.000, 
9, 120, 0.0181, 0.0003, 100.000, 100.000, 0.987, 0.800, 
9, 119, 0.0237, 0.0003, 100.000, 100.000, 0.985, 0.900, 
9, 118, 0.0427, 0.0003, 100.000, 100.000, 0.984, 0.900, 
9, 117, 0.0353, 0.0003, 98.438, 100.000, 0.987, 0.900, 
9, 116, 0.0291, 0.0003, 98.438, 100.000, 0.988, 0.900, 
9, 115, 0.0430, 0.0003, 98.438, 100.000, 0.984, 0.900, 
9, 114, 0.0434, 0.0003, 96.875, 100.000, 0.986, 0.800, 
9, 113, 0.0487, 0.0003, 98.438, 100.000, 0.985, 1.000, 
9, 112, 0.0480, 0.0003, 98.438, 100.000, 0.983, 1.000, 
9, 111, 0.0402, 0.0003, 98.438, 100.000, 0.986, 0.700, 
9, 110, 0.0255, 0.0003, 98.438, 100.000, 0.986, 0.900, 
9, 109, 0.1284, 0.0004, 98.438, 100.000, 0.978, 0.500, 
9, 108, 0.0385, 0.0004, 98.438, 100.000, 0.983, 0.900, 
9, 107, 0.0336, 0.0003, 100.000, 100.000, 0.981, 0.800, 
9, 106, 0.0722, 0.0003, 98.438, 100.000, 0.986, 0.800, 
9, 105, 0.0576, 0.0003, 98.438, 100.000, 0.987, 0.900, 
9, 104, 0.0189, 0.0003, 100.000, 100.000, 0.985, 0.900, 
9, 103, 0.0582, 0.0003, 98.438, 100.000, 0.982, 0.900, 
9, 102, 0.0204, 0.0003, 100.000, 100.000, 0.982, 1.000, 
9, 101, 0.0741, 0.0003, 98.438, 100.000, 0.984, 0.900, 
9, 100, 0.0264, 0.0003, 98.438, 100.000, 0.984, 1.000, 
9, 99, 0.0589, 0.0003, 96.875, 100.000, 0.982, 1.000, 
9, 98, 0.0620, 0.0003, 96.875, 100.000, 0.982, 0.800, 
9, 97, 0.1055, 0.0004, 96.875, 100.000, 0.978, 1.000, 
9, 96, 0.0710, 0.0004, 96.875, 100.000, 0.981, 0.900, 
9, 95, 0.0488, 0.0004, 98.438, 100.000, 0.984, 0.800, 
9, 94, 0.0172, 0.0003, 100.000, 100.000, 0.983, 1.000, 
9, 93, 0.0309, 0.0003, 98.438, 100.000, 0.983, 0.900, 
9, 92, 0.1289, 0.0004, 95.312, 100.000, 0.982, 1.000, 
9, 91, 0.0632, 0.0004, 98.438, 100.000, 0.972, 1.000, 
9, 90, 0.0498, 0.0004, 98.438, 100.000, 0.984, 0.700, 
9, 89, 0.0193, 0.0004, 100.000, 100.000, 0.980, 1.000, 
9, 88, 0.0214, 0.0004, 100.000, 100.000, 0.980, 1.000, 
9, 87, 0.0283, 0.0004, 100.000, 100.000, 0.983, 0.800, 
9, 86, 0.0454, 0.0004, 98.438, 100.000, 0.981, 1.000, 
9, 85, 0.0255, 0.0004, 100.000, 100.000, 0.982, 0.900, 
9, 84, 0.0255, 0.0004, 100.000, 100.000, 0.981, 1.000, 
9, 83, 0.1035, 0.0004, 96.875, 100.000, 0.983, 1.000, 
9, 82, 0.2053, 0.0004, 92.188, 98.438, 0.976, 0.800, 
9, 81, 0.0203, 0.0004, 98.438, 100.000, 0.982, 0.800, 
9, 80, 0.0330, 0.0004, 100.000, 100.000, 0.982, 0.900, 
9, 79, 0.1073, 0.0004, 96.875, 100.000, 0.980, 0.700, 
9, 78, 0.1575, 0.0004, 96.875, 100.000, 0.978, 0.700, 
9, 77, 0.0531, 0.0004, 98.438, 100.000, 0.976, 1.000, 
9, 76, 0.0462, 0.0004, 98.438, 100.000, 0.983, 0.900, 
9, 75, 0.0679, 0.0004, 96.875, 100.000, 0.979, 0.900, 
9, 74, 0.0708, 0.0005, 96.875, 100.000, 0.973, 0.600, 
9, 73, 0.0511, 0.0004, 98.438, 100.000, 0.981, 0.900, 
9, 72, 0.1404, 0.0004, 96.875, 98.438, 0.979, 0.800, 
9, 71, 0.0716, 0.0004, 98.438, 100.000, 0.977, 1.000, 
9, 70, 0.1978, 0.0004, 96.875, 100.000, 0.974, 0.900, 
9, 69, 0.1954, 0.0004, 95.312, 100.000, 0.980, 0.800, 
9, 68, 0.0547, 0.0005, 95.312, 100.000, 0.973, 0.900, 
9, 67, 0.0598, 0.0004, 98.438, 100.000, 0.975, 0.900, 
9, 66, 0.0703, 0.0005, 96.875, 100.000, 0.977, 0.800, 
9, 65, 0.0319, 0.0004, 100.000, 100.000, 0.970, 0.800, 
10, 65, 0.0687, 0.0004, 98.438, 100.000, 0.976, 0.900, 
10, 64, 0.1837, 0.0004, 92.188, 100.000, 0.979, 0.800, 
10, 63, 0.0274, 0.0005, 100.000, 100.000, 0.975, 0.700, 
10, 62, 0.0681, 0.0005, 98.438, 100.000, 0.976, 0.600, 
10, 61, 0.0421, 0.0005, 98.438, 100.000, 0.976, 0.700, 
10, 60, 0.0879, 0.0005, 96.875, 100.000, 0.976, 0.900, 
10, 59, 0.0413, 0.0005, 98.438, 100.000, 0.974, 1.000, 
10, 58, 0.0710, 0.0004, 95.312, 100.000, 0.978, 0.800, 
10, 57, 0.0523, 0.0005, 96.875, 100.000, 0.968, 0.700, 
10, 56, 0.0769, 0.0005, 96.875, 100.000, 0.967, 0.700, 
10, 55, 0.0786, 0.0005, 98.438, 100.000, 0.971, 0.900, 
10, 54, 0.0696, 0.0005, 100.000, 100.000, 0.976, 0.900, 
10, 53, 0.0541, 0.0005, 100.000, 100.000, 0.973, 0.700, 
10, 52, 0.1060, 0.0005, 95.312, 100.000, 0.970, 0.700, 
10, 51, 0.0516, 0.0005, 100.000, 100.000, 0.976, 0.800, 
10, 50, 0.0371, 0.0005, 100.000, 100.000, 0.963, 0.900, 
10, 49, 0.1856, 0.0005, 93.750, 100.000, 0.962, 0.500, 
10, 48, 0.1087, 0.0005, 95.312, 100.000, 0.958, 0.800, 
10, 47, 0.0985, 0.0006, 96.875, 100.000, 0.942, 0.900, 
10, 46, 0.1285, 0.0005, 95.312, 100.000, 0.971, 0.700, 
10, 45, 0.1133, 0.0005, 95.312, 100.000, 0.966, 0.500, 
10, 44, 0.1237, 0.0005, 95.312, 100.000, 0.970, 0.600, 
10, 43, 0.3111, 0.0006, 95.312, 98.438, 0.950, 0.600, 
10, 42, 0.1459, 0.0006, 93.750, 100.000, 0.951, 0.100, 
10, 41, 0.0533, 0.0006, 98.438, 100.000, 0.949, 0.200, 
10, 40, 0.0721, 0.0006, 100.000, 100.000, 0.965, 0.600, 
10, 39, 0.0380, 0.0006, 98.438, 100.000, 0.960, 0.100, 
10, 38, 0.0519, 0.0006, 100.000, 100.000, 0.962, 0.500, 
10, 37, 0.1809, 0.0006, 96.875, 100.000, 0.963, 0.400, 
10, 36, 0.2429, 0.0006, 95.312, 100.000, 0.968, 0.100, 
10, 35, 0.1557, 0.0006, 93.750, 100.000, 0.965, 0.200, 
10, 34, 0.1609, 0.0006, 93.750, 100.000, 0.949, 0.200, 
10, 33, 0.1440, 0.0007, 95.312, 100.000, 0.930, 0.400, 
10, 32, 0.1013, 0.0006, 96.875, 100.000, 0.961, 0.800, 
10, 31, 0.1248, 0.0006, 100.000, 100.000, 0.961, 0.200, 
10, 30, 0.1678, 0.0006, 95.312, 100.000, 0.962, 0.300, 
10, 29, 0.2612, 0.0006, 95.312, 100.000, 0.966, 0.000, 
10, 28, 0.2158, 0.0006, 93.750, 100.000, 0.960, 0.000, 
10, 27, 0.3119, 0.0007, 85.938, 100.000, 0.940, 0.000, 
10, 26, 0.2962, 0.0007, 87.500, 100.000, 0.949, 0.000, 
10, 25, 0.2577, 0.0008, 92.188, 100.000, 0.927, 0.100, 
10, 24, 0.3632, 0.0009, 90.625, 98.438, 0.904, 0.000, 
10, 23, 0.2830, 0.0009, 92.188, 100.000, 0.918, 0.100, 
10, 22, 0.3541, 0.0009, 85.938, 100.000, 0.906, 0.200, 
10, 21, 0.3837, 0.0009, 89.062, 98.438, 0.908, 0.000, 
10, 20, 0.4029, 0.0009, 92.188, 98.438, 0.913, 0.500, 
10, 19, 0.4670, 0.0010, 84.375, 100.000, 0.829, 0.000, 
10, 18, 0.6308, 0.0011, 84.375, 98.438, 0.823, 0.100, 
10, 17, 0.5079, 0.0010, 87.500, 98.438, 0.861, 0.000, 
10, 16, 0.5513, 0.0012, 78.125, 100.000, 0.783, 0.000, 
10, 15, 0.7742, 0.0013, 71.875, 98.438, 0.733, 0.000, 
10, 14, 1.2982, 0.0016, 57.812, 92.188, 0.534, 0.000, 
10, 13, 1.3190, 0.0017, 51.562, 92.188, 0.514, 0.000, 
10, 12, 1.4163, 0.0018, 53.125, 90.625, 0.394, 0.000, 
10, 11, 1.5156, 0.0018, 37.500, 93.750, 0.408, 0.000, 
10, 10, 1.9199, 0.0020, 25.000, 79.688, 0.280, 0.000, 
10, 9, 1.9450, 0.0021, 18.750, 67.188, 0.243, 0.000, 
10, 8, 2.1782, 0.0021, 18.750, 76.562, 0.280, 0.000, 
10, 7, 2.0865, 0.0022, 14.062, 62.500, 0.251, 0.000, 
10, 6, 1.9642, 0.0021, 26.562, 87.500, 0.282, 0.000, 
10, 5, 2.0907, 0.0021, 20.312, 79.688, 0.268, 0.000, 
10, 4, nan, nan, 9.375, 50.000, 0.098, 0.000, 
10, 4, nan, nan, 10.938, 57.812, 0.098, 0.000, 
