epoch, neuron_units, loss, dl2_loss, top1, top5, dl2_p_acc, dl2_constraint_acc
7, 252, 0.0049, 0.0013, 100.000, 100.000, 0.648, 0.440, 
7, 251, 0.0309, 0.0004, 100.000, 100.000, 0.964, 0.469, 
7, 250, 0.0984, 0.0004, 95.312, 100.000, 0.909, 0.599, 
7, 249, 0.0506, 0.0003, 98.438, 100.000, 0.983, 0.666, 
7, 248, 0.0500, 0.0004, 98.438, 100.000, 0.957, 0.451, 
7, 247, 0.2778, 0.0005, 90.625, 100.000, 0.911, 0.399, 
7, 246, 0.1362, 0.0004, 95.312, 100.000, 0.960, 0.524, 
7, 245, 0.0089, 0.0004, 100.000, 100.000, 0.968, 0.498, 
7, 244, 0.0445, 0.0004, 100.000, 100.000, 0.966, 0.511, 
7, 243, 0.0101, 0.0003, 100.000, 100.000, 0.975, 0.558, 
7, 242, 0.0287, 0.0004, 98.438, 100.000, 0.961, 0.483, 
7, 241, 0.0519, 0.0004, 98.438, 100.000, 0.966, 0.491, 
7, 240, 0.1143, 0.0003, 95.312, 100.000, 0.963, 0.565, 
7, 239, 0.3016, 0.0004, 87.500, 100.000, 0.952, 0.432, 
7, 238, 0.0507, 0.0005, 98.438, 100.000, 0.961, 0.349, 
7, 237, 0.1354, 0.0005, 92.188, 100.000, 0.914, 0.293, 
7, 236, 0.0741, 0.0004, 98.438, 100.000, 0.973, 0.474, 
7, 235, 0.0223, 0.0004, 100.000, 100.000, 0.969, 0.451, 
7, 234, 0.0630, 0.0004, 98.438, 100.000, 0.952, 0.444, 
7, 233, 0.2554, 0.0005, 93.750, 100.000, 0.915, 0.435, 
7, 232, 0.0489, 0.0004, 98.438, 100.000, 0.975, 0.397, 
7, 231, 0.0102, 0.0003, 100.000, 100.000, 0.970, 0.505, 
7, 230, 0.0487, 0.0004, 96.875, 100.000, 0.967, 0.483, 
7, 229, 0.1753, 0.0003, 95.312, 100.000, 0.974, 0.505, 
7, 228, 0.1882, 0.0003, 93.750, 100.000, 0.968, 0.542, 
7, 227, 0.1759, 0.0003, 89.062, 100.000, 0.976, 0.511, 
7, 226, 0.0786, 0.0003, 96.875, 100.000, 0.974, 0.530, 
7, 225, 0.1084, 0.0004, 96.875, 98.438, 0.973, 0.460, 
7, 224, 0.2087, 0.0004, 95.312, 100.000, 0.973, 0.333, 
7, 223, 0.0532, 0.0005, 100.000, 100.000, 0.967, 0.256, 
7, 222, 0.0231, 0.0004, 98.438, 100.000, 0.980, 0.352, 
7, 221, 0.0889, 0.0004, 95.312, 100.000, 0.938, 0.473, 
7, 220, 0.3418, 0.0003, 92.188, 98.438, 0.968, 0.566, 
7, 219, 0.1454, 0.0003, 95.312, 100.000, 0.963, 0.547, 
7, 218, 0.0761, 0.0004, 98.438, 100.000, 0.954, 0.527, 
7, 217, 0.2865, 0.0004, 90.625, 100.000, 0.970, 0.488, 
7, 216, 0.2096, 0.0005, 96.875, 100.000, 0.902, 0.344, 
7, 215, 0.2135, 0.0004, 95.312, 100.000, 0.946, 0.459, 
7, 214, 0.0973, 0.0004, 96.875, 100.000, 0.963, 0.460, 
7, 213, 0.0643, 0.0003, 96.875, 100.000, 0.977, 0.491, 
7, 212, 0.1034, 0.0004, 95.312, 100.000, 0.970, 0.449, 
7, 211, 0.0699, 0.0004, 96.875, 100.000, 0.958, 0.495, 
7, 210, 0.2010, 0.0004, 92.188, 100.000, 0.963, 0.462, 
7, 209, 0.1468, 0.0004, 95.312, 100.000, 0.952, 0.495, 
7, 208, 0.0233, 0.0004, 98.438, 100.000, 0.972, 0.418, 
7, 207, 0.1636, 0.0004, 96.875, 100.000, 0.941, 0.457, 
7, 206, 0.1111, 0.0004, 96.875, 100.000, 0.962, 0.497, 
7, 205, 0.0649, 0.0004, 93.750, 100.000, 0.974, 0.451, 
7, 204, 0.0530, 0.0004, 98.438, 100.000, 0.977, 0.448, 
7, 203, 0.0879, 0.0004, 96.875, 100.000, 0.979, 0.439, 
7, 202, 0.0798, 0.0004, 98.438, 100.000, 0.977, 0.438, 
7, 201, 0.0237, 0.0003, 98.438, 100.000, 0.979, 0.530, 
7, 200, 0.0733, 0.0003, 96.875, 100.000, 0.982, 0.585, 
7, 199, 0.0143, 0.0003, 100.000, 100.000, 0.982, 0.507, 
7, 198, 0.1486, 0.0005, 95.312, 100.000, 0.929, 0.378, 
7, 197, 0.1007, 0.0005, 95.312, 100.000, 0.934, 0.397, 
7, 196, 0.0939, 0.0003, 96.875, 100.000, 0.979, 0.560, 
7, 195, 0.0580, 0.0003, 98.438, 100.000, 0.968, 0.594, 
7, 194, 0.0115, 0.0003, 100.000, 100.000, 0.979, 0.556, 
7, 193, 0.0295, 0.0003, 100.000, 100.000, 0.975, 0.577, 
7, 192, 0.1373, 0.0004, 95.312, 100.000, 0.955, 0.450, 
7, 191, 0.0938, 0.0004, 96.875, 100.000, 0.969, 0.324, 
7, 190, 0.1119, 0.0004, 96.875, 100.000, 0.972, 0.370, 
8, 190, 0.0427, 0.0004, 98.438, 100.000, 0.956, 0.349, 
8, 189, 0.0686, 0.0003, 96.875, 100.000, 0.972, 0.564, 
8, 188, 0.0458, 0.0004, 96.875, 100.000, 0.971, 0.414, 
8, 187, 0.0839, 0.0004, 95.312, 100.000, 0.971, 0.462, 
8, 186, 0.3663, 0.0004, 92.188, 100.000, 0.949, 0.441, 
8, 185, 0.0792, 0.0004, 96.875, 100.000, 0.949, 0.393, 
8, 184, 0.1051, 0.0004, 96.875, 98.438, 0.961, 0.424, 
8, 183, 0.1752, 0.0004, 95.312, 100.000, 0.961, 0.447, 
8, 182, 0.1214, 0.0003, 93.750, 100.000, 0.980, 0.526, 
8, 181, 0.0162, 0.0003, 100.000, 100.000, 0.976, 0.600, 
8, 180, 0.2080, 0.0004, 92.188, 100.000, 0.947, 0.571, 
8, 179, 0.0608, 0.0004, 96.875, 100.000, 0.964, 0.433, 
8, 178, 0.1428, 0.0004, 96.875, 100.000, 0.961, 0.409, 
8, 177, 0.2281, 0.0004, 95.312, 100.000, 0.961, 0.463, 
8, 176, 0.0956, 0.0004, 96.875, 100.000, 0.965, 0.415, 
8, 175, 0.0794, 0.0004, 98.438, 100.000, 0.944, 0.525, 
8, 174, 0.2401, 0.0003, 93.750, 100.000, 0.960, 0.620, 
8, 173, 0.1790, 0.0004, 93.750, 100.000, 0.957, 0.564, 
8, 172, 0.3680, 0.0004, 90.625, 100.000, 0.938, 0.522, 
8, 171, 0.0958, 0.0003, 98.438, 100.000, 0.976, 0.630, 
8, 170, 0.0665, 0.0003, 95.312, 100.000, 0.975, 0.645, 
8, 169, 0.2182, 0.0003, 92.188, 100.000, 0.975, 0.634, 
8, 168, 0.0832, 0.0003, 95.312, 100.000, 0.971, 0.621, 
8, 167, 0.0768, 0.0003, 96.875, 100.000, 0.960, 0.591, 
8, 166, 0.3929, 0.0003, 93.750, 98.438, 0.966, 0.658, 
8, 165, 0.0248, 0.0004, 100.000, 100.000, 0.963, 0.529, 
8, 164, 0.1511, 0.0003, 98.438, 100.000, 0.976, 0.581, 
8, 163, 0.0412, 0.0004, 98.438, 100.000, 0.954, 0.533, 
8, 162, 0.0818, 0.0003, 96.875, 100.000, 0.977, 0.549, 
8, 161, 0.2263, 0.0003, 93.750, 100.000, 0.959, 0.576, 
8, 160, 0.1467, 0.0004, 93.750, 100.000, 0.961, 0.522, 
8, 159, 0.1729, 0.0004, 95.312, 100.000, 0.957, 0.485, 
8, 158, 0.0959, 0.0004, 98.438, 100.000, 0.965, 0.507, 
8, 157, 0.0257, 0.0004, 98.438, 100.000, 0.968, 0.475, 
8, 156, 0.1175, 0.0004, 95.312, 100.000, 0.962, 0.452, 
8, 155, 0.0904, 0.0004, 96.875, 100.000, 0.971, 0.496, 
8, 154, 0.2755, 0.0004, 95.312, 98.438, 0.967, 0.487, 
8, 153, 0.0814, 0.0003, 96.875, 100.000, 0.972, 0.502, 
8, 152, 0.1064, 0.0004, 96.875, 100.000, 0.959, 0.546, 
8, 151, 0.0187, 0.0003, 100.000, 100.000, 0.969, 0.565, 
8, 150, 0.1342, 0.0003, 95.312, 100.000, 0.976, 0.501, 
8, 149, 0.2129, 0.0004, 95.312, 100.000, 0.950, 0.439, 
8, 148, 0.1172, 0.0003, 93.750, 100.000, 0.975, 0.535, 
8, 147, 0.3706, 0.0004, 90.625, 98.438, 0.964, 0.479, 
8, 146, 0.2188, 0.0004, 93.750, 100.000, 0.966, 0.377, 
8, 145, 0.0442, 0.0004, 100.000, 100.000, 0.973, 0.447, 
8, 144, 0.1518, 0.0003, 95.312, 100.000, 0.977, 0.578, 
8, 143, 0.2310, 0.0003, 95.312, 98.438, 0.975, 0.519, 
8, 142, 0.2638, 0.0004, 95.312, 100.000, 0.947, 0.473, 
8, 141, 0.0907, 0.0005, 98.438, 100.000, 0.914, 0.351, 
8, 140, 0.1355, 0.0004, 95.312, 100.000, 0.959, 0.472, 
8, 139, 0.0813, 0.0004, 98.438, 100.000, 0.955, 0.402, 
8, 138, 0.1511, 0.0003, 98.438, 100.000, 0.976, 0.486, 
8, 137, 0.0634, 0.0004, 95.312, 100.000, 0.955, 0.456, 
8, 136, 0.1828, 0.0003, 96.875, 100.000, 0.971, 0.504, 
8, 135, 0.1131, 0.0003, 96.875, 100.000, 0.970, 0.534, 
8, 134, 0.0419, 0.0004, 98.438, 100.000, 0.976, 0.466, 
8, 133, 0.1212, 0.0004, 95.312, 100.000, 0.967, 0.445, 
8, 132, 0.1416, 0.0004, 93.750, 100.000, 0.975, 0.415, 
8, 131, 0.1369, 0.0004, 95.312, 100.000, 0.969, 0.360, 
8, 130, 0.0910, 0.0004, 96.875, 100.000, 0.974, 0.422, 
8, 129, 0.0846, 0.0004, 96.875, 100.000, 0.937, 0.484, 
8, 128, 0.0171, 0.0004, 100.000, 100.000, 0.969, 0.455, 
9, 127, 0.2537, 0.0004, 92.188, 100.000, 0.962, 0.371, 
9, 126, 0.0239, 0.0004, 100.000, 100.000, 0.968, 0.383, 
9, 125, 0.0481, 0.0004, 98.438, 100.000, 0.975, 0.400, 
9, 124, 0.1990, 0.0004, 93.750, 100.000, 0.972, 0.369, 
9, 123, 0.0521, 0.0004, 96.875, 100.000, 0.959, 0.448, 
9, 122, 0.1476, 0.0004, 95.312, 100.000, 0.976, 0.398, 
9, 121, 0.2138, 0.0004, 96.875, 100.000, 0.957, 0.370, 
9, 120, 0.0195, 0.0004, 100.000, 100.000, 0.956, 0.501, 
9, 119, 0.1854, 0.0003, 93.750, 100.000, 0.977, 0.543, 
9, 118, 0.0604, 0.0004, 98.438, 100.000, 0.972, 0.391, 
9, 117, 0.0546, 0.0004, 98.438, 100.000, 0.973, 0.371, 
9, 116, 0.1303, 0.0004, 95.312, 100.000, 0.974, 0.431, 
9, 115, 0.0404, 0.0004, 98.438, 100.000, 0.953, 0.368, 
9, 114, 0.0188, 0.0004, 100.000, 100.000, 0.975, 0.309, 
9, 113, 0.0888, 0.0004, 96.875, 100.000, 0.974, 0.383, 
9, 112, 0.1693, 0.0004, 93.750, 100.000, 0.966, 0.399, 
9, 111, 0.0415, 0.0004, 98.438, 100.000, 0.975, 0.446, 
9, 110, 0.0223, 0.0004, 100.000, 100.000, 0.974, 0.393, 
9, 109, 0.1355, 0.0004, 95.312, 100.000, 0.975, 0.356, 
9, 108, 0.1240, 0.0003, 96.875, 100.000, 0.976, 0.491, 
9, 107, 0.0417, 0.0004, 98.438, 100.000, 0.974, 0.422, 
9, 106, 0.1602, 0.0004, 95.312, 100.000, 0.968, 0.402, 
9, 105, 0.1463, 0.0004, 98.438, 100.000, 0.974, 0.328, 
9, 104, 0.0494, 0.0004, 98.438, 100.000, 0.978, 0.349, 
9, 103, 0.0927, 0.0004, 96.875, 100.000, 0.969, 0.357, 
9, 102, 0.0582, 0.0005, 98.438, 100.000, 0.953, 0.346, 
9, 101, 0.1082, 0.0004, 98.438, 100.000, 0.968, 0.347, 
9, 100, 0.0534, 0.0004, 98.438, 100.000, 0.971, 0.398, 
9, 99, 0.1926, 0.0004, 96.875, 100.000, 0.956, 0.461, 
9, 98, 0.0386, 0.0004, 98.438, 100.000, 0.976, 0.390, 
9, 97, 0.1872, 0.0004, 95.312, 100.000, 0.977, 0.317, 
9, 96, 0.1158, 0.0005, 96.875, 100.000, 0.969, 0.267, 
9, 95, 0.0800, 0.0004, 96.875, 100.000, 0.975, 0.271, 
9, 94, 0.0277, 0.0004, 100.000, 100.000, 0.971, 0.326, 
9, 93, 0.0205, 0.0005, 100.000, 100.000, 0.977, 0.284, 
9, 92, 0.2489, 0.0005, 92.188, 100.000, 0.966, 0.269, 
9, 91, 0.1002, 0.0005, 96.875, 100.000, 0.973, 0.275, 
9, 90, 0.0858, 0.0005, 96.875, 100.000, 0.964, 0.227, 
9, 89, 0.3922, 0.0008, 90.625, 100.000, 0.796, 0.266, 
9, 88, 0.0543, 0.0005, 98.438, 100.000, 0.970, 0.259, 
9, 87, 0.2339, 0.0005, 93.750, 100.000, 0.948, 0.315, 
9, 86, 0.1095, 0.0005, 96.875, 100.000, 0.954, 0.274, 
9, 85, 0.0337, 0.0004, 100.000, 100.000, 0.968, 0.310, 
9, 84, 0.1084, 0.0004, 96.875, 100.000, 0.966, 0.400, 
9, 83, 0.0899, 0.0005, 98.438, 100.000, 0.952, 0.366, 
9, 82, 0.5043, 0.0005, 87.500, 96.875, 0.961, 0.297, 
9, 81, 0.0067, 0.0004, 100.000, 100.000, 0.974, 0.274, 
9, 80, 0.1092, 0.0005, 95.312, 100.000, 0.971, 0.272, 
9, 79, 0.2224, 0.0005, 93.750, 100.000, 0.959, 0.266, 
9, 78, 0.4664, 0.0005, 89.062, 98.438, 0.929, 0.242, 
9, 77, 0.0376, 0.0005, 100.000, 100.000, 0.966, 0.220, 
9, 76, 0.1331, 0.0005, 95.312, 100.000, 0.958, 0.281, 
9, 75, 0.1457, 0.0004, 95.312, 100.000, 0.953, 0.359, 
9, 74, 0.2999, 0.0005, 93.750, 100.000, 0.957, 0.288, 
9, 73, 0.1055, 0.0005, 95.312, 100.000, 0.959, 0.240, 
9, 72, 0.1613, 0.0005, 95.312, 100.000, 0.946, 0.270, 
9, 71, 0.2874, 0.0005, 90.625, 100.000, 0.964, 0.271, 
9, 70, 0.3110, 0.0005, 93.750, 96.875, 0.966, 0.240, 
9, 69, 0.2049, 0.0005, 95.312, 100.000, 0.951, 0.289, 
9, 68, 0.1441, 0.0006, 93.750, 100.000, 0.932, 0.255, 
9, 67, 0.1499, 0.0005, 93.750, 100.000, 0.969, 0.264, 
9, 66, 0.1518, 0.0005, 92.188, 100.000, 0.953, 0.227, 
9, 65, 0.1969, 0.0005, 96.875, 100.000, 0.959, 0.205, 
10, 65, 0.2280, 0.0005, 93.750, 100.000, 0.951, 0.262, 
10, 64, 0.4350, 0.0005, 85.938, 98.438, 0.956, 0.339, 
10, 63, 0.0296, 0.0005, 100.000, 100.000, 0.954, 0.359, 
10, 62, 0.1092, 0.0004, 96.875, 100.000, 0.960, 0.327, 
10, 61, 0.1276, 0.0005, 96.875, 100.000, 0.943, 0.286, 
10, 60, 0.1198, 0.0006, 96.875, 100.000, 0.958, 0.167, 
10, 59, 0.1097, 0.0005, 96.875, 100.000, 0.951, 0.260, 
10, 58, 0.1691, 0.0005, 93.750, 100.000, 0.954, 0.201, 
10, 57, 0.0782, 0.0006, 98.438, 100.000, 0.953, 0.207, 
10, 56, 0.2616, 0.0007, 90.625, 100.000, 0.911, 0.094, 
10, 55, 0.1281, 0.0006, 95.312, 100.000, 0.950, 0.151, 
10, 54, 0.4020, 0.0006, 89.062, 100.000, 0.936, 0.222, 
10, 53, 0.1659, 0.0005, 95.312, 100.000, 0.964, 0.209, 
10, 52, 0.1479, 0.0006, 95.312, 100.000, 0.938, 0.165, 
10, 51, 0.2236, 0.0006, 93.750, 98.438, 0.953, 0.211, 
10, 50, 0.0737, 0.0005, 98.438, 100.000, 0.956, 0.194, 
10, 49, 0.4113, 0.0005, 89.062, 100.000, 0.962, 0.328, 
10, 48, 0.2963, 0.0005, 87.500, 100.000, 0.946, 0.241, 
10, 47, 0.1458, 0.0006, 93.750, 100.000, 0.950, 0.130, 
10, 46, 0.1355, 0.0006, 93.750, 100.000, 0.955, 0.161, 
10, 45, 0.1843, 0.0006, 95.312, 100.000, 0.940, 0.154, 
10, 44, 0.1520, 0.0005, 96.875, 100.000, 0.948, 0.224, 
10, 43, 0.4445, 0.0006, 92.188, 98.438, 0.933, 0.152, 
10, 42, 0.1596, 0.0006, 93.750, 100.000, 0.932, 0.257, 
10, 41, 0.1226, 0.0005, 95.312, 100.000, 0.951, 0.269, 
10, 40, 0.0629, 0.0006, 96.875, 100.000, 0.954, 0.157, 
10, 39, 0.0367, 0.0005, 100.000, 100.000, 0.946, 0.259, 
10, 38, 0.0908, 0.0006, 96.875, 100.000, 0.926, 0.187, 
10, 37, 0.9390, 0.0007, 81.250, 100.000, 0.909, 0.154, 
10, 36, 0.2333, 0.0007, 92.188, 100.000, 0.922, 0.136, 
10, 35, 0.1770, 0.0006, 93.750, 100.000, 0.942, 0.219, 
10, 34, 0.1725, 0.0006, 93.750, 100.000, 0.925, 0.207, 
10, 33, 0.3702, 0.0007, 89.062, 98.438, 0.936, 0.133, 
10, 32, 0.1624, 0.0006, 95.312, 100.000, 0.925, 0.177, 
10, 31, 0.2381, 0.0007, 90.625, 100.000, 0.922, 0.163, 
10, 30, 0.3550, 0.0007, 87.500, 100.000, 0.917, 0.176, 
10, 29, 0.3432, 0.0006, 89.062, 98.438, 0.924, 0.260, 
10, 28, 0.3139, 0.0007, 90.625, 100.000, 0.913, 0.231, 
10, 27, 0.4178, 0.0006, 89.062, 98.438, 0.925, 0.289, 
10, 26, 0.6118, 0.0007, 82.812, 95.312, 0.852, 0.256, 
10, 25, 0.8091, 0.0008, 81.250, 95.312, 0.832, 0.293, 
10, 24, 0.6028, 0.0008, 85.938, 96.875, 0.881, 0.235, 
10, 23, 0.6803, 0.0008, 81.250, 98.438, 0.820, 0.247, 
10, 22, 0.7050, 0.0009, 68.750, 100.000, 0.739, 0.229, 
10, 21, 0.7381, 0.0009, 76.562, 98.438, 0.761, 0.202, 
10, 20, 0.9916, 0.0010, 67.188, 95.312, 0.682, 0.274, 
10, 19, 1.6001, 0.0011, 60.938, 84.375, 0.629, 0.192, 
10, 18, 1.2974, 0.0010, 67.188, 96.875, 0.684, 0.280, 
10, 17, 0.7575, 0.0011, 75.000, 96.875, 0.688, 0.244, 
10, 16, 1.4599, 0.0011, 57.812, 95.312, 0.658, 0.270, 
10, 15, 1.4765, 0.0013, 56.250, 92.188, 0.596, 0.183, 
10, 14, 1.2124, 0.0011, 56.250, 98.438, 0.632, 0.247, 
10, 13, 1.0742, 0.0012, 71.875, 95.312, 0.578, 0.286, 
10, 12, 1.2458, 0.0012, 67.188, 95.312, 0.615, 0.263, 
10, 11, 1.7689, 0.0012, 42.188, 92.188, 0.603, 0.263, 
10, 10, 2.2703, 0.0015, 32.812, 81.250, 0.474, 0.058, 
10, 9, 1.6763, 0.0017, 50.000, 87.500, 0.395, 0.124, 
10, 8, 2.9332, 0.0017, 26.562, 67.188, 0.368, 0.143, 
10, 7, 2.2779, 0.0023, 12.500, 57.812, 0.101, 0.000, 
10, 6, 2.3340, 0.0023, 7.812, 51.562, 0.101, 0.000, 
10, 5, 2.2941, 0.0023, 9.375, 56.250, 0.101, 0.000, 
10, 4, 2.2918, 0.0023, 10.938, 54.688, 0.101, 0.000, 
10, 3, 2.3094, 0.0023, 7.812, 53.125, 0.101, 0.000, 
