epoch, neuron_units, loss, dl2_loss, top1, top5, dl2_p_acc, dl2_constraint_acc
7, 252, 0.0063, 0.0002, 100.000, 100.000, 0.985, 0.795, 
7, 251, 1.6283, 0.0007, 64.062, 96.875, 0.815, 0.688, 
7, 250, 0.0919, 0.0004, 96.875, 100.000, 0.963, 0.411, 
7, 249, 0.1066, 0.0004, 95.312, 100.000, 0.953, 0.648, 
7, 248, 0.3567, 0.0004, 89.062, 100.000, 0.949, 0.656, 
7, 247, 0.4100, 0.0004, 84.375, 100.000, 0.925, 0.662, 
7, 246, 0.0417, 0.0004, 98.438, 100.000, 0.939, 0.651, 
7, 245, 0.0200, 0.0005, 100.000, 100.000, 0.905, 0.603, 
7, 244, 0.2666, 0.0006, 95.312, 98.438, 0.881, 0.554, 
7, 243, 0.2850, 0.0006, 87.500, 100.000, 0.883, 0.481, 
7, 242, 0.2224, 0.0006, 92.188, 100.000, 0.904, 0.536, 
7, 241, 0.0556, 0.0006, 98.438, 100.000, 0.947, 0.217, 
7, 240, 0.1090, 0.0006, 98.438, 100.000, 0.934, 0.324, 
7, 239, 0.3453, 0.0006, 89.062, 98.438, 0.893, 0.498, 
7, 238, 0.0964, 0.0005, 98.438, 100.000, 0.932, 0.436, 
7, 237, 0.1553, 0.0005, 95.312, 98.438, 0.934, 0.525, 
7, 236, 0.5496, 0.0004, 90.625, 98.438, 0.935, 0.685, 
7, 235, 0.2150, 0.0003, 95.312, 100.000, 0.957, 0.629, 
7, 234, 0.0646, 0.0004, 98.438, 100.000, 0.952, 0.519, 
7, 233, 0.2757, 0.0005, 90.625, 100.000, 0.924, 0.474, 
7, 232, 0.0997, 0.0004, 98.438, 100.000, 0.944, 0.645, 
7, 231, 0.1662, 0.0004, 96.875, 100.000, 0.939, 0.545, 
7, 230, 0.0946, 0.0005, 96.875, 100.000, 0.929, 0.531, 
7, 229, 0.6705, 0.0005, 82.812, 100.000, 0.903, 0.505, 
7, 228, 0.2655, 0.0004, 93.750, 100.000, 0.950, 0.617, 
7, 227, 0.5003, 0.0004, 89.062, 100.000, 0.952, 0.550, 
7, 226, 0.2718, 0.0004, 93.750, 100.000, 0.954, 0.539, 
7, 225, 0.2592, 0.0004, 89.062, 100.000, 0.924, 0.586, 
7, 224, 0.1526, 0.0004, 93.750, 100.000, 0.957, 0.535, 
7, 223, 0.4272, 0.0004, 89.062, 100.000, 0.931, 0.476, 
7, 222, 0.4191, 0.0006, 92.188, 100.000, 0.870, 0.438, 
7, 221, 0.1063, 0.0006, 95.312, 100.000, 0.872, 0.472, 
7, 220, 0.2496, 0.0005, 90.625, 100.000, 0.945, 0.416, 
7, 219, 0.1735, 0.0004, 93.750, 100.000, 0.932, 0.614, 
7, 218, 0.1731, 0.0005, 95.312, 100.000, 0.943, 0.570, 
7, 217, 0.3199, 0.0004, 95.312, 100.000, 0.930, 0.593, 
7, 216, 0.1463, 0.0004, 98.438, 100.000, 0.932, 0.661, 
7, 215, 0.2655, 0.0007, 89.062, 100.000, 0.798, 0.685, 
7, 214, 0.2611, 0.0006, 92.188, 100.000, 0.906, 0.491, 
7, 213, 0.5098, 0.0006, 89.062, 98.438, 0.874, 0.552, 
7, 212, 0.2190, 0.0004, 92.188, 100.000, 0.909, 0.642, 
7, 211, 0.2197, 0.0005, 89.062, 100.000, 0.868, 0.622, 
7, 210, 0.1594, 0.0004, 95.312, 100.000, 0.943, 0.581, 
7, 209, 0.2345, 0.0004, 95.312, 100.000, 0.905, 0.658, 
7, 208, 0.3995, 0.0005, 93.750, 100.000, 0.889, 0.558, 
7, 207, 0.1810, 0.0005, 92.188, 100.000, 0.918, 0.547, 
7, 206, 0.1086, 0.0004, 95.312, 100.000, 0.940, 0.554, 
7, 205, 0.1261, 0.0004, 93.750, 100.000, 0.953, 0.495, 
7, 204, 0.1017, 0.0004, 93.750, 100.000, 0.943, 0.538, 
7, 203, 0.2879, 0.0004, 93.750, 100.000, 0.930, 0.548, 
7, 202, 0.1906, 0.0004, 93.750, 100.000, 0.956, 0.568, 
7, 201, 0.0897, 0.0004, 95.312, 100.000, 0.956, 0.578, 
7, 200, 0.1325, 0.0004, 93.750, 100.000, 0.957, 0.601, 
7, 199, 0.1667, 0.0004, 92.188, 100.000, 0.959, 0.530, 
7, 198, 0.1078, 0.0004, 96.875, 100.000, 0.963, 0.554, 
7, 197, 0.0942, 0.0004, 95.312, 100.000, 0.939, 0.495, 
7, 196, 0.0989, 0.0003, 95.312, 100.000, 0.961, 0.637, 
7, 195, 0.1946, 0.0004, 96.875, 100.000, 0.948, 0.581, 
7, 194, 0.1283, 0.0004, 96.875, 100.000, 0.955, 0.597, 
7, 193, 0.1553, 0.0003, 95.312, 100.000, 0.959, 0.685, 
7, 192, 0.1661, 0.0004, 95.312, 100.000, 0.930, 0.622, 
7, 191, 0.2975, 0.0004, 89.062, 100.000, 0.951, 0.640, 
7, 190, 0.2120, 0.0003, 93.750, 100.000, 0.957, 0.727, 
8, 190, 0.0418, 0.0003, 98.438, 100.000, 0.951, 0.754, 
8, 189, 0.0923, 0.0003, 98.438, 100.000, 0.963, 0.679, 
8, 188, 0.0987, 0.0004, 96.875, 100.000, 0.954, 0.606, 
8, 187, 0.1688, 0.0003, 98.438, 100.000, 0.952, 0.656, 
8, 186, 0.4733, 0.0003, 87.500, 100.000, 0.953, 0.653, 
8, 185, 0.0987, 0.0004, 95.312, 100.000, 0.928, 0.656, 
8, 184, 0.1459, 0.0005, 93.750, 100.000, 0.926, 0.496, 
8, 183, 0.1331, 0.0004, 95.312, 100.000, 0.946, 0.575, 
8, 182, 0.2149, 0.0003, 92.188, 100.000, 0.959, 0.656, 
8, 181, 0.0337, 0.0003, 100.000, 100.000, 0.956, 0.667, 
8, 180, 0.4653, 0.0004, 92.188, 100.000, 0.953, 0.532, 
8, 179, 0.1763, 0.0004, 92.188, 100.000, 0.960, 0.557, 
8, 178, 0.1521, 0.0004, 92.188, 100.000, 0.950, 0.579, 
8, 177, 0.1640, 0.0004, 96.875, 100.000, 0.943, 0.573, 
8, 176, 0.3378, 0.0006, 89.062, 100.000, 0.901, 0.552, 
8, 175, 0.0495, 0.0005, 98.438, 100.000, 0.948, 0.540, 
8, 174, 0.3729, 0.0004, 92.188, 96.875, 0.912, 0.606, 
8, 173, 0.2724, 0.0004, 90.625, 100.000, 0.949, 0.569, 
8, 172, 0.1787, 0.0004, 95.312, 100.000, 0.958, 0.546, 
8, 171, 0.0862, 0.0004, 98.438, 100.000, 0.953, 0.516, 
8, 170, 0.4585, 0.0005, 84.375, 100.000, 0.899, 0.525, 
8, 169, 0.2562, 0.0004, 93.750, 98.438, 0.954, 0.501, 
8, 168, 0.0665, 0.0003, 98.438, 100.000, 0.959, 0.621, 
8, 167, 0.4277, 0.0003, 89.062, 98.438, 0.952, 0.710, 
8, 166, 0.3459, 0.0004, 95.312, 100.000, 0.963, 0.569, 
8, 165, 0.0623, 0.0003, 96.875, 100.000, 0.959, 0.591, 
8, 164, 0.2482, 0.0003, 92.188, 100.000, 0.964, 0.613, 
8, 163, 0.1233, 0.0004, 96.875, 100.000, 0.947, 0.676, 
8, 162, 0.1187, 0.0004, 96.875, 100.000, 0.964, 0.562, 
8, 161, 0.4007, 0.0004, 92.188, 100.000, 0.946, 0.566, 
8, 160, 0.1243, 0.0004, 95.312, 100.000, 0.956, 0.502, 
8, 159, 0.7184, 0.0004, 84.375, 93.750, 0.957, 0.542, 
8, 158, 0.2545, 0.0004, 90.625, 100.000, 0.956, 0.473, 
8, 157, 0.0575, 0.0005, 96.875, 100.000, 0.958, 0.339, 
8, 156, 0.0194, 0.0004, 100.000, 100.000, 0.964, 0.480, 
8, 155, 0.0902, 0.0004, 98.438, 100.000, 0.964, 0.545, 
8, 154, 0.4428, 0.0007, 92.188, 98.438, 0.865, 0.414, 
8, 153, 0.2731, 0.0004, 93.750, 100.000, 0.963, 0.434, 
8, 152, 0.0514, 0.0004, 98.438, 100.000, 0.961, 0.469, 
8, 151, 0.0237, 0.0004, 100.000, 100.000, 0.958, 0.603, 
8, 150, 0.1577, 0.0004, 93.750, 100.000, 0.966, 0.497, 
8, 149, 0.2395, 0.0004, 95.312, 100.000, 0.962, 0.509, 
8, 148, 0.1343, 0.0004, 93.750, 100.000, 0.961, 0.522, 
8, 147, 0.2437, 0.0005, 93.750, 98.438, 0.937, 0.466, 
8, 146, 0.2048, 0.0003, 95.312, 100.000, 0.971, 0.575, 
8, 145, 0.0354, 0.0004, 100.000, 100.000, 0.968, 0.528, 
8, 144, 0.0962, 0.0004, 93.750, 100.000, 0.963, 0.502, 
8, 143, 0.2789, 0.0004, 93.750, 100.000, 0.960, 0.453, 
8, 142, 0.1382, 0.0004, 93.750, 100.000, 0.964, 0.582, 
8, 141, 0.1004, 0.0004, 96.875, 100.000, 0.953, 0.518, 
8, 140, 0.2614, 0.0004, 90.625, 100.000, 0.954, 0.488, 
8, 139, 0.0917, 0.0004, 96.875, 100.000, 0.968, 0.451, 
8, 138, 0.1308, 0.0003, 96.875, 100.000, 0.969, 0.658, 
8, 137, 0.0274, 0.0003, 98.438, 100.000, 0.968, 0.562, 
8, 136, 0.1444, 0.0004, 96.875, 98.438, 0.951, 0.484, 
8, 135, 0.1752, 0.0004, 95.312, 100.000, 0.959, 0.463, 
8, 134, 0.1162, 0.0005, 95.312, 100.000, 0.961, 0.371, 
8, 133, 0.1202, 0.0004, 95.312, 98.438, 0.963, 0.426, 
8, 132, 0.2188, 0.0004, 92.188, 100.000, 0.963, 0.498, 
8, 131, 0.1978, 0.0004, 93.750, 100.000, 0.961, 0.539, 
8, 130, 0.7074, 0.0007, 87.500, 100.000, 0.857, 0.418, 
8, 129, 0.1322, 0.0003, 95.312, 100.000, 0.968, 0.570, 
8, 128, 0.1109, 0.0005, 92.188, 100.000, 0.943, 0.385, 
9, 127, 0.1329, 0.0005, 95.312, 100.000, 0.955, 0.343, 
9, 126, 0.2523, 0.0005, 90.625, 100.000, 0.953, 0.372, 
9, 125, 0.0197, 0.0004, 100.000, 100.000, 0.962, 0.389, 
9, 124, 0.1774, 0.0004, 95.312, 100.000, 0.963, 0.431, 
9, 123, 0.1042, 0.0004, 95.312, 100.000, 0.964, 0.546, 
9, 122, 0.0987, 0.0004, 95.312, 100.000, 0.969, 0.415, 
9, 121, 0.0973, 0.0005, 96.875, 100.000, 0.947, 0.507, 
9, 120, 0.2248, 0.0005, 95.312, 100.000, 0.954, 0.453, 
9, 119, 0.2144, 0.0004, 95.312, 100.000, 0.964, 0.496, 
9, 118, 0.1366, 0.0004, 96.875, 100.000, 0.962, 0.567, 
9, 117, 0.1625, 0.0004, 93.750, 100.000, 0.926, 0.548, 
9, 116, 0.2615, 0.0004, 92.188, 100.000, 0.959, 0.488, 
9, 115, 0.3692, 0.0004, 89.062, 100.000, 0.955, 0.578, 
9, 114, 0.1027, 0.0004, 98.438, 100.000, 0.955, 0.638, 
9, 113, 0.2119, 0.0004, 93.750, 100.000, 0.960, 0.533, 
9, 112, 0.3514, 0.0004, 90.625, 100.000, 0.960, 0.541, 
9, 111, 0.0921, 0.0004, 96.875, 100.000, 0.970, 0.509, 
9, 110, 0.2223, 0.0004, 92.188, 100.000, 0.951, 0.458, 
9, 109, 0.1823, 0.0004, 92.188, 100.000, 0.964, 0.437, 
9, 108, 0.1871, 0.0005, 92.188, 100.000, 0.932, 0.454, 
9, 107, 0.0265, 0.0005, 100.000, 100.000, 0.952, 0.385, 
9, 106, 0.2670, 0.0004, 95.312, 100.000, 0.936, 0.747, 
9, 105, 0.2032, 0.0004, 93.750, 100.000, 0.931, 0.617, 
9, 104, 0.0484, 0.0004, 98.438, 100.000, 0.962, 0.577, 
9, 103, 0.2054, 0.0005, 95.312, 100.000, 0.944, 0.401, 
9, 102, 0.1546, 0.0004, 92.188, 100.000, 0.954, 0.472, 
9, 101, 0.1144, 0.0005, 95.312, 100.000, 0.961, 0.361, 
9, 100, 0.0993, 0.0005, 95.312, 100.000, 0.961, 0.412, 
9, 99, 0.0329, 0.0004, 100.000, 100.000, 0.946, 0.527, 
9, 98, 0.1418, 0.0004, 95.312, 100.000, 0.960, 0.549, 
9, 97, 0.2000, 0.0004, 93.750, 100.000, 0.950, 0.456, 
9, 96, 0.1449, 0.0004, 95.312, 100.000, 0.967, 0.544, 
9, 95, 0.2150, 0.0004, 92.188, 100.000, 0.949, 0.515, 
9, 94, 0.1108, 0.0004, 95.312, 100.000, 0.956, 0.501, 
9, 93, 0.1318, 0.0005, 96.875, 100.000, 0.942, 0.463, 
9, 92, 0.2199, 0.0005, 92.188, 100.000, 0.954, 0.280, 
9, 91, 0.1229, 0.0005, 96.875, 100.000, 0.966, 0.238, 
9, 90, 0.1163, 0.0005, 92.188, 100.000, 0.964, 0.395, 
9, 89, 0.0888, 0.0005, 96.875, 100.000, 0.951, 0.462, 
9, 88, 0.0239, 0.0005, 100.000, 100.000, 0.935, 0.472, 
9, 87, 0.1813, 0.0005, 93.750, 100.000, 0.962, 0.460, 
9, 86, 0.1406, 0.0005, 96.875, 100.000, 0.962, 0.398, 
9, 85, 0.0957, 0.0005, 96.875, 100.000, 0.960, 0.333, 
9, 84, 0.2445, 0.0004, 92.188, 100.000, 0.959, 0.412, 
9, 83, 0.0571, 0.0005, 100.000, 100.000, 0.916, 0.492, 
9, 82, 0.5576, 0.0005, 89.062, 96.875, 0.946, 0.425, 
9, 81, 0.0591, 0.0005, 98.438, 100.000, 0.945, 0.435, 
9, 80, 0.2545, 0.0005, 90.625, 100.000, 0.950, 0.402, 
9, 79, 0.1961, 0.0004, 95.312, 98.438, 0.971, 0.419, 
9, 78, 0.4936, 0.0005, 89.062, 100.000, 0.910, 0.350, 
9, 77, 0.1113, 0.0005, 95.312, 100.000, 0.959, 0.342, 
9, 76, 0.1970, 0.0005, 95.312, 100.000, 0.959, 0.382, 
9, 75, 0.2573, 0.0005, 90.625, 100.000, 0.941, 0.387, 
9, 74, 0.1477, 0.0005, 93.750, 100.000, 0.964, 0.310, 
9, 73, 0.1408, 0.0004, 96.875, 100.000, 0.959, 0.468, 
9, 72, 0.1277, 0.0005, 95.312, 100.000, 0.964, 0.430, 
9, 71, 0.2589, 0.0005, 92.188, 100.000, 0.948, 0.420, 
9, 70, 0.2950, 0.0005, 93.750, 100.000, 0.960, 0.354, 
9, 69, 0.1680, 0.0005, 90.625, 100.000, 0.924, 0.430, 
9, 68, 0.1081, 0.0005, 95.312, 100.000, 0.957, 0.240, 
9, 67, 0.1376, 0.0005, 92.188, 100.000, 0.954, 0.297, 
9, 66, 0.2148, 0.0006, 92.188, 100.000, 0.940, 0.262, 
9, 65, 0.3184, 0.0005, 89.062, 100.000, 0.959, 0.371, 
10, 65, 0.4535, 0.0006, 85.938, 100.000, 0.879, 0.410, 
10, 64, 0.4880, 0.0004, 84.375, 98.438, 0.948, 0.535, 
10, 63, 0.0624, 0.0004, 98.438, 100.000, 0.953, 0.497, 
10, 62, 0.2108, 0.0005, 93.750, 100.000, 0.954, 0.386, 
10, 61, 0.0790, 0.0005, 98.438, 100.000, 0.939, 0.450, 
10, 60, 0.4827, 0.0006, 84.375, 100.000, 0.901, 0.467, 
10, 59, 0.0600, 0.0005, 98.438, 100.000, 0.936, 0.555, 
10, 58, 0.1999, 0.0004, 93.750, 100.000, 0.953, 0.581, 
10, 57, 0.2336, 0.0006, 93.750, 100.000, 0.877, 0.492, 
10, 56, 0.7171, 0.0005, 84.375, 100.000, 0.921, 0.402, 
10, 55, 0.1567, 0.0005, 95.312, 100.000, 0.943, 0.420, 
10, 54, 0.4283, 0.0005, 92.188, 100.000, 0.933, 0.369, 
10, 53, 0.2109, 0.0005, 95.312, 100.000, 0.947, 0.454, 
10, 52, 0.2670, 0.0005, 92.188, 100.000, 0.939, 0.479, 
10, 51, 0.1778, 0.0005, 93.750, 100.000, 0.924, 0.574, 
10, 50, 0.1468, 0.0005, 96.875, 96.875, 0.933, 0.494, 
10, 49, 0.5514, 0.0004, 85.938, 100.000, 0.940, 0.526, 
10, 48, 0.6165, 0.0005, 78.125, 100.000, 0.914, 0.560, 
10, 47, 0.1302, 0.0006, 93.750, 100.000, 0.937, 0.298, 
10, 46, 0.4645, 0.0006, 87.500, 100.000, 0.918, 0.391, 
10, 45, 0.2789, 0.0005, 92.188, 100.000, 0.924, 0.533, 
10, 44, 0.2179, 0.0006, 93.750, 100.000, 0.922, 0.372, 
10, 43, 0.4534, 0.0006, 95.312, 98.438, 0.901, 0.392, 
10, 42, 0.2177, 0.0005, 92.188, 100.000, 0.911, 0.457, 
10, 41, 0.2500, 0.0006, 93.750, 98.438, 0.920, 0.432, 
10, 40, 0.1704, 0.0006, 96.875, 100.000, 0.906, 0.506, 
10, 39, 0.0500, 0.0006, 96.875, 100.000, 0.927, 0.346, 
10, 38, 0.1068, 0.0005, 95.312, 100.000, 0.937, 0.355, 
10, 37, 0.3024, 0.0005, 92.188, 100.000, 0.926, 0.444, 
10, 36, 0.4588, 0.0005, 87.500, 100.000, 0.914, 0.419, 
10, 35, 0.3785, 0.0006, 87.500, 100.000, 0.915, 0.402, 
10, 34, 0.5177, 0.0006, 84.375, 98.438, 0.920, 0.423, 
10, 33, 0.7076, 0.0006, 79.688, 98.438, 0.904, 0.484, 
10, 32, 0.2806, 0.0006, 93.750, 98.438, 0.910, 0.443, 
10, 31, 0.3611, 0.0006, 89.062, 98.438, 0.892, 0.567, 
10, 30, 0.1295, 0.0006, 93.750, 100.000, 0.935, 0.317, 
10, 29, 0.5994, 0.0008, 81.250, 98.438, 0.862, 0.215, 
10, 28, 0.2948, 0.0007, 87.500, 100.000, 0.834, 0.450, 
10, 27, 0.5035, 0.0007, 90.625, 100.000, 0.907, 0.402, 
10, 26, 0.7927, 0.0008, 75.000, 96.875, 0.835, 0.467, 
10, 25, 0.7782, 0.0007, 85.938, 98.438, 0.801, 0.629, 
10, 24, 0.2777, 0.0007, 92.188, 100.000, 0.890, 0.527, 
10, 23, 0.4920, 0.0007, 85.938, 100.000, 0.890, 0.480, 
10, 22, 1.3616, 0.0009, 70.312, 96.875, 0.704, 0.570, 
10, 21, 0.5747, 0.0009, 82.812, 98.438, 0.782, 0.650, 
10, 20, 0.4517, 0.0008, 87.500, 100.000, 0.807, 0.602, 
10, 19, 1.1658, 0.0009, 64.062, 96.875, 0.804, 0.534, 
10, 18, 0.8980, 0.0009, 75.000, 96.875, 0.761, 0.515, 
10, 17, 1.0145, 0.0011, 65.625, 93.750, 0.606, 0.599, 
10, 16, 0.9221, 0.0011, 57.812, 98.438, 0.595, 0.701, 
10, 15, 1.6436, 0.0015, 51.562, 98.438, 0.410, 0.454, 
10, 14, 1.6725, 0.0014, 48.438, 95.312, 0.511, 0.423, 
10, 13, 2.2666, 0.0017, 32.812, 90.625, 0.402, 0.611, 
10, 12, 1.8903, 0.0015, 57.812, 90.625, 0.503, 0.722, 
10, 11, 2.6241, 0.0021, 28.125, 84.375, 0.267, 1.000, 
10, 10, 2.2089, 0.0017, 40.625, 82.812, 0.461, 0.612, 
10, 9, 3.0388, 0.0021, 25.000, 81.250, 0.207, 0.671, 
10, 8, 2.6237, 0.0022, 21.875, 68.750, 0.187, 0.940, 
10, 7, 2.9929, 0.0021, 21.875, 76.562, 0.209, 0.737, 
10, 6, 3.4110, 0.0020, 10.938, 68.750, 0.214, 0.930, 
10, 5, 2.3101, 0.0024, 12.500, 54.688, 0.103, 1.000, 
10, 4, 2.3204, 0.0024, 14.062, 53.125, 0.103, 1.000, 
10, 3, 2.3670, 0.0024, 12.500, 53.125, 0.103, 1.000, 
