epoch, neuron_units, loss, dl2_loss, top1, top5, dl2_p_acc, dl2_constraint_acc
7, 252, 0.0049, 0.0037, 100.000, 100.000, 0.292, 0.103, 
7, 251, 5.6302, 0.0042, 43.750, 84.375, 0.199, 0.097, 
7, 250, 1.0554, 0.0007, 76.562, 100.000, 0.861, 0.308, 
7, 249, 0.7965, 0.0005, 87.500, 98.438, 0.896, 0.457, 
7, 248, 0.2600, 0.0005, 92.188, 100.000, 0.884, 0.332, 
7, 247, 0.6674, 0.0005, 87.500, 96.875, 0.884, 0.345, 
7, 246, 0.7066, 0.0005, 87.500, 98.438, 0.879, 0.447, 
7, 245, 0.3355, 0.0007, 93.750, 98.438, 0.767, 0.249, 
7, 244, 0.5659, 0.0005, 84.375, 100.000, 0.895, 0.323, 
7, 243, 1.1080, 0.0006, 82.812, 98.438, 0.850, 0.323, 
7, 242, 0.6340, 0.0005, 87.500, 98.438, 0.877, 0.373, 
7, 241, 0.2625, 0.0005, 93.750, 100.000, 0.905, 0.286, 
7, 240, 1.0009, 0.0005, 81.250, 100.000, 0.866, 0.467, 
7, 239, 0.7976, 0.0005, 85.938, 96.875, 0.867, 0.430, 
7, 238, 0.3903, 0.0006, 87.500, 98.438, 0.842, 0.311, 
7, 237, 2.2037, 0.0006, 67.188, 95.312, 0.803, 0.332, 
7, 236, 1.1524, 0.0006, 84.375, 98.438, 0.831, 0.540, 
7, 235, 0.4060, 0.0003, 89.062, 100.000, 0.917, 0.632, 
7, 234, 1.0648, 0.0010, 79.688, 100.000, 0.735, 0.501, 
7, 233, 0.4350, 0.0004, 87.500, 98.438, 0.901, 0.461, 
7, 232, 0.5856, 0.0005, 89.062, 100.000, 0.856, 0.474, 
7, 231, 0.5224, 0.0005, 82.812, 98.438, 0.874, 0.306, 
7, 230, 0.2572, 0.0004, 92.188, 100.000, 0.911, 0.396, 
7, 229, 0.7022, 0.0005, 81.250, 95.312, 0.910, 0.159, 
7, 228, 2.2713, 0.0011, 65.625, 100.000, 0.678, 0.407, 
7, 227, 0.9307, 0.0003, 81.250, 100.000, 0.928, 0.457, 
7, 226, 0.3199, 0.0003, 89.062, 100.000, 0.919, 0.552, 
7, 225, 0.4863, 0.0003, 93.750, 98.438, 0.925, 0.543, 
7, 224, 0.2681, 0.0004, 92.188, 96.875, 0.925, 0.373, 
7, 223, 0.3450, 0.0004, 92.188, 100.000, 0.921, 0.400, 
7, 222, 0.7863, 0.0005, 84.375, 98.438, 0.893, 0.448, 
7, 221, 0.6447, 0.0005, 90.625, 100.000, 0.861, 0.428, 
7, 220, 0.4316, 0.0004, 89.062, 98.438, 0.907, 0.425, 
7, 219, 0.3520, 0.0004, 93.750, 98.438, 0.904, 0.457, 
7, 218, 0.2493, 0.0004, 90.625, 100.000, 0.905, 0.525, 
7, 217, 0.3246, 0.0004, 85.938, 100.000, 0.905, 0.586, 
7, 216, 0.4161, 0.0004, 90.625, 100.000, 0.871, 0.521, 
7, 215, 0.6014, 0.0005, 85.938, 100.000, 0.876, 0.501, 
7, 214, 0.7045, 0.0004, 85.938, 100.000, 0.904, 0.544, 
7, 213, 0.2899, 0.0003, 92.188, 100.000, 0.945, 0.520, 
7, 212, 0.1053, 0.0004, 98.438, 100.000, 0.917, 0.505, 
7, 211, 0.2191, 0.0004, 96.875, 100.000, 0.934, 0.460, 
7, 210, 1.2421, 0.0004, 84.375, 93.750, 0.922, 0.507, 
7, 209, 0.4512, 0.0003, 96.875, 98.438, 0.944, 0.510, 
7, 208, 0.0144, 0.0003, 100.000, 100.000, 0.948, 0.565, 
7, 207, 0.1308, 0.0003, 93.750, 100.000, 0.926, 0.509, 
7, 206, 0.5075, 0.0004, 87.500, 100.000, 0.916, 0.295, 
7, 205, 0.2303, 0.0004, 92.188, 100.000, 0.908, 0.554, 
7, 204, 0.0548, 0.0004, 98.438, 100.000, 0.926, 0.451, 
7, 203, 0.1815, 0.0003, 93.750, 100.000, 0.947, 0.519, 
7, 202, 0.7122, 0.0005, 87.500, 100.000, 0.892, 0.379, 
7, 201, 0.6165, 0.0004, 89.062, 100.000, 0.902, 0.586, 
7, 200, 0.3977, 0.0003, 90.625, 100.000, 0.920, 0.610, 
7, 199, 0.3962, 0.0004, 92.188, 100.000, 0.884, 0.495, 
7, 198, 0.2880, 0.0003, 90.625, 100.000, 0.943, 0.514, 
7, 197, 0.0550, 0.0003, 98.438, 100.000, 0.941, 0.551, 
7, 196, 0.2926, 0.0003, 90.625, 100.000, 0.943, 0.588, 
7, 195, 0.4086, 0.0003, 85.938, 100.000, 0.936, 0.465, 
7, 194, 0.2401, 0.0004, 95.312, 98.438, 0.921, 0.433, 
7, 193, 0.6242, 0.0004, 87.500, 100.000, 0.914, 0.508, 
7, 192, 0.2710, 0.0003, 92.188, 100.000, 0.935, 0.593, 
7, 191, 0.5402, 0.0005, 82.812, 98.438, 0.905, 0.357, 
7, 190, 0.2650, 0.0004, 87.500, 100.000, 0.925, 0.376, 
8, 190, 0.6607, 0.0005, 85.938, 100.000, 0.864, 0.445, 
8, 189, 0.1068, 0.0003, 95.312, 100.000, 0.946, 0.388, 
8, 188, 0.0835, 0.0004, 98.438, 100.000, 0.939, 0.393, 
8, 187, 0.1995, 0.0003, 98.438, 100.000, 0.930, 0.441, 
8, 186, 0.9179, 0.0003, 82.812, 96.875, 0.913, 0.594, 
8, 185, 0.4382, 0.0004, 89.062, 100.000, 0.899, 0.533, 
8, 184, 0.2419, 0.0003, 95.312, 98.438, 0.937, 0.494, 
8, 183, 0.0505, 0.0003, 98.438, 100.000, 0.951, 0.479, 
8, 182, 0.3601, 0.0004, 92.188, 100.000, 0.939, 0.357, 
8, 181, 0.0480, 0.0003, 96.875, 100.000, 0.947, 0.396, 
8, 180, 0.2689, 0.0003, 95.312, 100.000, 0.950, 0.519, 
8, 179, 0.4412, 0.0003, 95.312, 100.000, 0.940, 0.570, 
8, 178, 0.7615, 0.0004, 85.938, 100.000, 0.916, 0.493, 
8, 177, 0.3225, 0.0003, 95.312, 98.438, 0.939, 0.491, 
8, 176, 0.5189, 0.0005, 87.500, 100.000, 0.884, 0.368, 
8, 175, 0.2539, 0.0004, 93.750, 98.438, 0.930, 0.390, 
8, 174, 0.3414, 0.0004, 92.188, 96.875, 0.936, 0.382, 
8, 173, 0.2610, 0.0004, 90.625, 100.000, 0.940, 0.338, 
8, 172, 0.2961, 0.0004, 93.750, 100.000, 0.936, 0.385, 
8, 171, 0.1385, 0.0004, 95.312, 100.000, 0.938, 0.353, 
8, 170, 0.2135, 0.0004, 93.750, 100.000, 0.926, 0.417, 
8, 169, 0.3054, 0.0003, 92.188, 98.438, 0.946, 0.451, 
8, 168, 0.1478, 0.0003, 95.312, 100.000, 0.943, 0.499, 
8, 167, 0.3019, 0.0003, 92.188, 100.000, 0.908, 0.553, 
8, 166, 0.9094, 0.0005, 89.062, 100.000, 0.899, 0.402, 
8, 165, 0.2334, 0.0004, 93.750, 100.000, 0.940, 0.281, 
8, 164, 0.1527, 0.0003, 95.312, 100.000, 0.953, 0.561, 
8, 163, 0.0831, 0.0002, 95.312, 100.000, 0.951, 0.629, 
8, 162, 0.0396, 0.0002, 98.438, 100.000, 0.957, 0.602, 
8, 161, 0.1358, 0.0003, 95.312, 100.000, 0.940, 0.494, 
8, 160, 0.2079, 0.0004, 92.188, 100.000, 0.951, 0.315, 
8, 159, 0.5688, 0.0003, 90.625, 100.000, 0.951, 0.451, 
8, 158, 0.1796, 0.0003, 95.312, 100.000, 0.952, 0.481, 
8, 157, 0.1777, 0.0003, 95.312, 100.000, 0.954, 0.483, 
8, 156, 0.1471, 0.0002, 96.875, 100.000, 0.959, 0.571, 
8, 155, 0.4076, 0.0003, 93.750, 100.000, 0.942, 0.520, 
8, 154, 0.1796, 0.0004, 95.312, 100.000, 0.900, 0.433, 
8, 153, 0.4649, 0.0004, 90.625, 100.000, 0.935, 0.345, 
8, 152, 0.0973, 0.0003, 96.875, 100.000, 0.950, 0.382, 
8, 151, 0.2532, 0.0003, 93.750, 100.000, 0.942, 0.395, 
8, 150, 0.3778, 0.0003, 92.188, 100.000, 0.954, 0.445, 
8, 149, 0.2990, 0.0003, 93.750, 98.438, 0.963, 0.480, 
8, 148, 0.1668, 0.0003, 93.750, 100.000, 0.954, 0.508, 
8, 147, 0.3656, 0.0004, 93.750, 100.000, 0.914, 0.351, 
8, 146, 0.6626, 0.0003, 85.938, 100.000, 0.951, 0.476, 
8, 145, 0.2622, 0.0003, 92.188, 100.000, 0.943, 0.467, 
8, 144, 0.1124, 0.0003, 95.312, 100.000, 0.947, 0.584, 
8, 143, 0.5234, 0.0003, 93.750, 98.438, 0.943, 0.581, 
8, 142, 0.3016, 0.0003, 92.188, 100.000, 0.951, 0.495, 
8, 141, 0.1056, 0.0003, 98.438, 100.000, 0.947, 0.463, 
8, 140, 0.2645, 0.0003, 93.750, 100.000, 0.955, 0.483, 
8, 139, 0.1953, 0.0003, 95.312, 100.000, 0.957, 0.476, 
8, 138, 0.4515, 0.0003, 95.312, 100.000, 0.951, 0.466, 
8, 137, 0.0670, 0.0005, 98.438, 100.000, 0.861, 0.391, 
8, 136, 0.2735, 0.0003, 93.750, 100.000, 0.958, 0.400, 
8, 135, 0.3017, 0.0004, 90.625, 100.000, 0.929, 0.248, 
8, 134, 0.1300, 0.0004, 96.875, 100.000, 0.960, 0.309, 
8, 133, 0.3602, 0.0004, 92.188, 100.000, 0.960, 0.308, 
8, 132, 0.2847, 0.0003, 92.188, 100.000, 0.957, 0.340, 
8, 131, 0.3681, 0.0004, 90.625, 98.438, 0.940, 0.298, 
8, 130, 0.3127, 0.0004, 95.312, 96.875, 0.932, 0.395, 
8, 129, 0.0300, 0.0003, 98.438, 100.000, 0.965, 0.398, 
8, 128, 0.1497, 0.0003, 95.312, 100.000, 0.965, 0.357, 
9, 127, 0.2990, 0.0005, 90.625, 100.000, 0.910, 0.269, 
9, 126, 0.3010, 0.0004, 93.750, 98.438, 0.923, 0.404, 
9, 125, 0.0551, 0.0002, 98.438, 100.000, 0.967, 0.479, 
9, 124, 0.4345, 0.0002, 90.625, 100.000, 0.964, 0.530, 
9, 123, 0.2551, 0.0003, 89.062, 100.000, 0.962, 0.449, 
9, 122, 0.0580, 0.0002, 96.875, 100.000, 0.961, 0.502, 
9, 121, 0.0712, 0.0003, 95.312, 100.000, 0.959, 0.420, 
9, 120, 0.0606, 0.0003, 96.875, 100.000, 0.961, 0.469, 
9, 119, 0.3238, 0.0003, 93.750, 100.000, 0.951, 0.406, 
9, 118, 0.2028, 0.0003, 95.312, 100.000, 0.951, 0.314, 
9, 117, 0.3262, 0.0004, 92.188, 98.438, 0.929, 0.296, 
9, 116, 0.2822, 0.0003, 93.750, 100.000, 0.957, 0.419, 
9, 115, 0.0635, 0.0003, 96.875, 100.000, 0.949, 0.333, 
9, 114, 0.1986, 0.0004, 93.750, 100.000, 0.941, 0.314, 
9, 113, 0.3637, 0.0004, 89.062, 100.000, 0.923, 0.491, 
9, 112, 0.3416, 0.0004, 93.750, 100.000, 0.948, 0.326, 
9, 111, 0.1168, 0.0003, 96.875, 100.000, 0.966, 0.340, 
9, 110, 0.1120, 0.0004, 98.438, 100.000, 0.927, 0.257, 
9, 109, 0.5252, 0.0004, 89.062, 100.000, 0.960, 0.238, 
9, 108, 0.5761, 0.0004, 87.500, 100.000, 0.931, 0.345, 
9, 107, 0.2014, 0.0003, 95.312, 100.000, 0.955, 0.386, 
9, 106, 0.4824, 0.0003, 93.750, 96.875, 0.957, 0.389, 
9, 105, 0.8877, 0.0006, 90.625, 100.000, 0.854, 0.325, 
9, 104, 0.3499, 0.0003, 90.625, 100.000, 0.938, 0.374, 
9, 103, 0.0506, 0.0003, 98.438, 100.000, 0.952, 0.372, 
9, 102, 0.3891, 0.0003, 90.625, 100.000, 0.941, 0.398, 
9, 101, 0.1334, 0.0003, 95.312, 100.000, 0.948, 0.419, 
9, 100, 0.4492, 0.0004, 90.625, 100.000, 0.946, 0.178, 
9, 99, 0.0638, 0.0004, 96.875, 100.000, 0.936, 0.274, 
9, 98, 0.0745, 0.0004, 96.875, 100.000, 0.956, 0.201, 
9, 97, 0.3821, 0.0004, 95.312, 98.438, 0.949, 0.323, 
9, 96, 0.6422, 0.0005, 84.375, 100.000, 0.914, 0.302, 
9, 95, 0.0976, 0.0004, 96.875, 100.000, 0.953, 0.300, 
9, 94, 0.1032, 0.0003, 96.875, 100.000, 0.957, 0.327, 
9, 93, 0.0492, 0.0004, 96.875, 100.000, 0.949, 0.257, 
9, 92, 0.6145, 0.0006, 89.062, 96.875, 0.854, 0.314, 
9, 91, 0.3467, 0.0005, 90.625, 100.000, 0.902, 0.250, 
9, 90, 0.2033, 0.0006, 90.625, 100.000, 0.885, 0.183, 
9, 89, 0.7090, 0.0004, 90.625, 98.438, 0.916, 0.352, 
9, 88, 0.0214, 0.0004, 98.438, 100.000, 0.949, 0.349, 
9, 87, 0.3997, 0.0004, 90.625, 100.000, 0.949, 0.325, 
9, 86, 0.3187, 0.0004, 92.188, 98.438, 0.895, 0.351, 
9, 85, 0.2270, 0.0003, 95.312, 100.000, 0.953, 0.380, 
9, 84, 0.2212, 0.0003, 96.875, 100.000, 0.948, 0.369, 
9, 83, 0.2141, 0.0004, 93.750, 100.000, 0.933, 0.372, 
9, 82, 1.1851, 0.0005, 90.625, 96.875, 0.884, 0.259, 
9, 81, 0.0731, 0.0004, 96.875, 100.000, 0.963, 0.247, 
9, 80, 0.0646, 0.0003, 95.312, 100.000, 0.961, 0.309, 
9, 79, 0.2440, 0.0003, 93.750, 98.438, 0.954, 0.387, 
9, 78, 0.4308, 0.0003, 93.750, 96.875, 0.955, 0.379, 
9, 77, 0.0910, 0.0003, 93.750, 100.000, 0.957, 0.386, 
9, 76, 0.2383, 0.0003, 90.625, 100.000, 0.959, 0.313, 
9, 75, 0.3494, 0.0004, 92.188, 100.000, 0.912, 0.337, 
9, 74, 0.1449, 0.0003, 96.875, 100.000, 0.949, 0.302, 
9, 73, 0.1583, 0.0004, 96.875, 100.000, 0.963, 0.264, 
9, 72, 0.1959, 0.0004, 95.312, 100.000, 0.959, 0.204, 
9, 71, 0.2804, 0.0005, 95.312, 100.000, 0.936, 0.150, 
9, 70, 0.9202, 0.0005, 87.500, 100.000, 0.933, 0.143, 
9, 69, 0.8730, 0.0005, 79.688, 100.000, 0.902, 0.131, 
9, 68, 0.3248, 0.0007, 92.188, 100.000, 0.838, 0.249, 
9, 67, 0.1534, 0.0004, 95.312, 100.000, 0.947, 0.227, 
9, 66, 0.2268, 0.0004, 95.312, 100.000, 0.944, 0.250, 
9, 65, 0.2989, 0.0004, 89.062, 100.000, 0.953, 0.244, 
10, 65, 0.2537, 0.0004, 90.625, 100.000, 0.921, 0.254, 
10, 64, 0.3198, 0.0004, 87.500, 100.000, 0.939, 0.257, 
10, 63, 0.1098, 0.0005, 95.312, 100.000, 0.919, 0.289, 
10, 62, 0.5471, 0.0004, 90.625, 100.000, 0.902, 0.364, 
10, 61, 0.2921, 0.0004, 95.312, 100.000, 0.923, 0.318, 
10, 60, 0.1612, 0.0004, 95.312, 100.000, 0.949, 0.161, 
10, 59, 0.0571, 0.0004, 96.875, 100.000, 0.930, 0.308, 
10, 58, 0.2663, 0.0005, 93.750, 100.000, 0.883, 0.316, 
10, 57, 0.3345, 0.0004, 92.188, 100.000, 0.955, 0.265, 
10, 56, 0.4127, 0.0004, 92.188, 98.438, 0.951, 0.244, 
10, 55, 0.0671, 0.0004, 98.438, 100.000, 0.952, 0.241, 
10, 54, 0.3992, 0.0005, 89.062, 100.000, 0.920, 0.213, 
10, 53, 0.4360, 0.0006, 90.625, 98.438, 0.904, 0.121, 
10, 52, 0.5163, 0.0005, 90.625, 96.875, 0.918, 0.221, 
10, 51, 0.3860, 0.0004, 89.062, 100.000, 0.933, 0.336, 
10, 50, 0.2379, 0.0005, 95.312, 100.000, 0.943, 0.186, 
10, 49, 0.2392, 0.0005, 92.188, 100.000, 0.919, 0.233, 
10, 48, 0.2532, 0.0003, 93.750, 100.000, 0.944, 0.408, 
10, 47, 0.2229, 0.0005, 96.875, 100.000, 0.930, 0.220, 
10, 46, 0.3989, 0.0004, 90.625, 96.875, 0.928, 0.244, 
10, 45, 0.3569, 0.0005, 90.625, 100.000, 0.924, 0.271, 
10, 44, 1.7738, 0.0007, 67.188, 93.750, 0.853, 0.146, 
10, 43, 0.8841, 0.0005, 92.188, 98.438, 0.904, 0.262, 
10, 42, 0.5222, 0.0005, 84.375, 100.000, 0.902, 0.314, 
10, 41, 0.1714, 0.0004, 95.312, 100.000, 0.926, 0.320, 
10, 40, 0.1523, 0.0005, 93.750, 100.000, 0.894, 0.359, 
10, 39, 0.0808, 0.0004, 98.438, 100.000, 0.940, 0.364, 
10, 38, 0.1187, 0.0004, 93.750, 100.000, 0.934, 0.310, 
10, 37, 0.8697, 0.0013, 82.812, 100.000, 0.697, 0.291, 
10, 36, 0.4372, 0.0005, 89.062, 100.000, 0.923, 0.181, 
10, 35, 0.4369, 0.0005, 93.750, 98.438, 0.906, 0.217, 
10, 34, 0.3885, 0.0005, 90.625, 98.438, 0.924, 0.203, 
10, 33, 0.5345, 0.0005, 87.500, 100.000, 0.931, 0.166, 
10, 32, 0.1072, 0.0006, 95.312, 100.000, 0.889, 0.210, 
10, 31, 0.4068, 0.0005, 87.500, 100.000, 0.905, 0.237, 
10, 30, 0.5992, 0.0006, 85.938, 100.000, 0.864, 0.197, 
10, 29, 0.7192, 0.0005, 85.938, 96.875, 0.906, 0.249, 
10, 28, 0.7345, 0.0007, 89.062, 100.000, 0.826, 0.186, 
10, 27, 0.6479, 0.0006, 84.375, 98.438, 0.857, 0.167, 
10, 26, 0.4790, 0.0006, 87.500, 96.875, 0.867, 0.256, 
10, 25, 2.2234, 0.0008, 57.812, 92.188, 0.744, 0.311, 
10, 24, 1.3841, 0.0009, 70.312, 98.438, 0.638, 0.306, 
10, 23, 1.4752, 0.0009, 62.500, 93.750, 0.748, 0.230, 
10, 22, 1.7781, 0.0010, 68.750, 100.000, 0.693, 0.264, 
10, 21, 1.5582, 0.0011, 67.188, 98.438, 0.648, 0.156, 
10, 20, 1.2067, 0.0009, 75.000, 96.875, 0.715, 0.203, 
10, 19, 1.6396, 0.0010, 60.938, 96.875, 0.725, 0.264, 
10, 18, 3.3044, 0.0017, 60.938, 95.312, 0.418, 0.192, 
10, 17, 1.2612, 0.0010, 75.000, 95.312, 0.677, 0.185, 
10, 16, 1.1622, 0.0009, 73.438, 100.000, 0.708, 0.295, 
10, 15, 1.4533, 0.0011, 68.750, 100.000, 0.654, 0.247, 
10, 14, 1.2944, 0.0013, 65.625, 98.438, 0.550, 0.305, 
10, 13, 2.3201, 0.0014, 45.312, 92.188, 0.515, 0.064, 
10, 12, 1.8662, 0.0012, 57.812, 93.750, 0.558, 0.145, 
10, 11, 2.9847, 0.0018, 32.812, 87.500, 0.351, 0.170, 
10, 10, 4.1115, 0.0019, 15.625, 67.188, 0.300, 0.045, 
10, 9, 5.4503, 0.0020, 21.875, 64.062, 0.396, 0.044, 
10, 8, 3.4944, 0.0021, 37.500, 85.938, 0.370, 0.108, 
10, 7, 4.5461, 0.0018, 31.250, 87.500, 0.362, 0.053, 
10, 6, 3.9205, 0.0021, 23.438, 71.875, 0.218, 0.020, 
10, 5, 2.4113, 0.0024, 9.375, 48.438, 0.114, 0.005, 
10, 4, 2.3931, 0.0024, 12.500, 50.000, 0.114, 0.003, 
10, 3, 2.3456, 0.0024, 12.500, 50.000, 0.114, 0.003, 
