epoch, neuron_units, loss, dl2_loss, top1, top5, dl2_p_acc, dl2_constraint_acc
7, 252, 0.0693, 0.0048, 98.438, 100.000, 0.971, 0.670, 
7, 251, 0.0486, 0.0049, 98.438, 100.000, 0.973, 0.661, 
7, 250, 0.1454, 0.0050, 96.875, 100.000, 0.969, 0.640, 
7, 249, 0.0845, 0.0049, 96.875, 100.000, 0.972, 0.651, 
7, 248, 0.0146, 0.0048, 100.000, 100.000, 0.972, 0.656, 
7, 247, 0.0880, 0.0052, 98.438, 100.000, 0.966, 0.632, 
7, 246, 0.0338, 0.0050, 98.438, 100.000, 0.967, 0.660, 
7, 245, 0.0189, 0.0050, 100.000, 100.000, 0.966, 0.657, 
7, 244, 0.0513, 0.0049, 98.438, 100.000, 0.969, 0.661, 
7, 243, 0.0065, 0.0046, 100.000, 100.000, 0.975, 0.685, 
7, 242, 0.0178, 0.0047, 100.000, 100.000, 0.972, 0.683, 
7, 241, 0.0147, 0.0048, 100.000, 100.000, 0.970, 0.666, 
7, 240, 0.0262, 0.0046, 100.000, 100.000, 0.974, 0.692, 
7, 239, 0.1120, 0.0046, 95.312, 100.000, 0.973, 0.696, 
7, 238, 0.0455, 0.0046, 98.438, 100.000, 0.974, 0.694, 
7, 237, 0.0395, 0.0049, 100.000, 100.000, 0.968, 0.661, 
7, 236, 0.1295, 0.0045, 95.312, 100.000, 0.975, 0.686, 
7, 235, 0.0360, 0.0047, 98.438, 100.000, 0.972, 0.672, 
7, 234, 0.0194, 0.0049, 100.000, 100.000, 0.967, 0.660, 
7, 233, 0.1238, 0.0048, 95.312, 100.000, 0.967, 0.658, 
7, 232, 0.0349, 0.0046, 98.438, 100.000, 0.973, 0.670, 
7, 231, 0.0395, 0.0047, 98.438, 100.000, 0.970, 0.661, 
7, 230, 0.0092, 0.0047, 100.000, 100.000, 0.971, 0.675, 
7, 229, 0.0971, 0.0046, 96.875, 100.000, 0.975, 0.683, 
7, 228, 0.0637, 0.0049, 98.438, 100.000, 0.968, 0.655, 
7, 227, 0.1176, 0.0050, 93.750, 100.000, 0.962, 0.664, 
7, 226, 0.0639, 0.0046, 96.875, 100.000, 0.971, 0.687, 
7, 225, 0.1110, 0.0045, 96.875, 100.000, 0.973, 0.702, 
7, 224, 0.1167, 0.0048, 95.312, 100.000, 0.970, 0.671, 
7, 223, 0.0431, 0.0047, 98.438, 100.000, 0.968, 0.674, 
7, 222, 0.0513, 0.0043, 96.875, 100.000, 0.975, 0.708, 
7, 221, 0.0674, 0.0044, 95.312, 100.000, 0.974, 0.714, 
7, 220, 0.1395, 0.0044, 93.750, 100.000, 0.976, 0.690, 
7, 219, 0.0147, 0.0045, 100.000, 100.000, 0.975, 0.695, 
7, 218, 0.0244, 0.0043, 100.000, 100.000, 0.978, 0.712, 
7, 217, 0.0540, 0.0044, 100.000, 100.000, 0.978, 0.695, 
7, 216, 0.0166, 0.0046, 100.000, 100.000, 0.972, 0.686, 
7, 215, 0.1719, 0.0043, 96.875, 100.000, 0.978, 0.705, 
7, 214, 0.0364, 0.0047, 98.438, 100.000, 0.972, 0.690, 
7, 213, 0.0519, 0.0046, 96.875, 100.000, 0.975, 0.675, 
7, 212, 0.0223, 0.0046, 100.000, 100.000, 0.973, 0.682, 
7, 211, 0.0163, 0.0045, 100.000, 100.000, 0.969, 0.701, 
7, 210, 0.1976, 0.0052, 93.750, 100.000, 0.954, 0.663, 
7, 209, 0.1303, 0.0045, 95.312, 100.000, 0.969, 0.687, 
7, 208, 0.0137, 0.0047, 100.000, 100.000, 0.968, 0.675, 
7, 207, 0.0217, 0.0045, 100.000, 100.000, 0.974, 0.679, 
7, 206, 0.1036, 0.0044, 95.312, 100.000, 0.976, 0.690, 
7, 205, 0.0394, 0.0045, 98.438, 100.000, 0.972, 0.696, 
7, 204, 0.0492, 0.0055, 98.438, 100.000, 0.946, 0.649, 
7, 203, 0.0993, 0.0043, 96.875, 100.000, 0.975, 0.703, 
7, 202, 0.0180, 0.0043, 100.000, 100.000, 0.976, 0.691, 
7, 201, 0.0255, 0.0045, 100.000, 100.000, 0.970, 0.698, 
7, 200, 0.0355, 0.0047, 98.438, 100.000, 0.968, 0.684, 
7, 199, 0.0604, 0.0042, 96.875, 100.000, 0.975, 0.706, 
7, 198, 0.0751, 0.0041, 95.312, 100.000, 0.980, 0.722, 
7, 197, 0.0245, 0.0044, 98.438, 100.000, 0.978, 0.688, 
7, 196, 0.0762, 0.0047, 96.875, 100.000, 0.970, 0.679, 
7, 195, 0.1237, 0.0043, 95.312, 100.000, 0.979, 0.690, 
7, 194, 0.0420, 0.0044, 96.875, 100.000, 0.977, 0.687, 
7, 193, 0.0566, 0.0047, 96.875, 100.000, 0.972, 0.681, 
7, 192, 0.0185, 0.0044, 100.000, 100.000, 0.973, 0.712, 
7, 191, 0.1061, 0.0053, 98.438, 100.000, 0.962, 0.639, 
7, 190, 0.1687, 0.0043, 95.312, 100.000, 0.978, 0.696, 
8, 190, 0.0158, 0.0048, 100.000, 100.000, 0.972, 0.657, 
8, 189, 0.0797, 0.0044, 96.875, 100.000, 0.975, 0.687, 
8, 188, 0.0382, 0.0046, 98.438, 100.000, 0.970, 0.684, 
8, 187, 0.0572, 0.0044, 98.438, 100.000, 0.976, 0.697, 
8, 186, 0.2889, 0.0043, 90.625, 100.000, 0.977, 0.694, 
8, 185, 0.1048, 0.0043, 95.312, 100.000, 0.976, 0.710, 
8, 184, 0.0763, 0.0045, 98.438, 100.000, 0.973, 0.693, 
8, 183, 0.0436, 0.0047, 98.438, 100.000, 0.973, 0.684, 
8, 182, 0.0635, 0.0046, 95.312, 100.000, 0.971, 0.693, 
8, 181, 0.0212, 0.0048, 100.000, 100.000, 0.972, 0.672, 
8, 180, 0.0861, 0.0047, 96.875, 100.000, 0.974, 0.670, 
8, 179, 0.0228, 0.0051, 100.000, 100.000, 0.966, 0.635, 
8, 178, 0.0102, 0.0050, 100.000, 100.000, 0.969, 0.645, 
8, 177, 0.1054, 0.0046, 96.875, 100.000, 0.977, 0.671, 
8, 176, 0.0566, 0.0046, 98.438, 100.000, 0.973, 0.671, 
8, 175, 0.0365, 0.0046, 100.000, 100.000, 0.977, 0.667, 
8, 174, 0.1034, 0.0046, 95.312, 100.000, 0.974, 0.663, 
8, 173, 0.1395, 0.0047, 95.312, 100.000, 0.972, 0.679, 
8, 172, 0.1334, 0.0048, 95.312, 100.000, 0.968, 0.674, 
8, 171, 0.0743, 0.0046, 98.438, 100.000, 0.975, 0.684, 
8, 170, 0.0530, 0.0048, 98.438, 100.000, 0.971, 0.659, 
8, 169, 0.0927, 0.0047, 96.875, 100.000, 0.972, 0.673, 
8, 168, 0.0075, 0.0044, 100.000, 100.000, 0.976, 0.690, 
8, 167, 0.0293, 0.0044, 100.000, 100.000, 0.976, 0.697, 
8, 166, 0.2082, 0.0046, 96.875, 100.000, 0.974, 0.669, 
8, 165, 0.0468, 0.0046, 98.438, 100.000, 0.976, 0.674, 
8, 164, 0.0137, 0.0050, 100.000, 100.000, 0.970, 0.645, 
8, 163, 0.0227, 0.0047, 100.000, 100.000, 0.973, 0.664, 
8, 162, 0.0540, 0.0046, 96.875, 100.000, 0.975, 0.660, 
8, 161, 0.1251, 0.0049, 95.312, 100.000, 0.974, 0.641, 
8, 160, 0.1231, 0.0048, 90.625, 100.000, 0.977, 0.638, 
8, 159, 0.2353, 0.0050, 95.312, 98.438, 0.971, 0.622, 
8, 158, 0.0279, 0.0051, 100.000, 100.000, 0.971, 0.623, 
8, 157, 0.0898, 0.0049, 95.312, 100.000, 0.977, 0.644, 
8, 156, 0.0253, 0.0052, 100.000, 100.000, 0.973, 0.610, 
8, 155, 0.0451, 0.0056, 98.438, 100.000, 0.967, 0.589, 
8, 154, 0.1355, 0.0051, 98.438, 98.438, 0.975, 0.629, 
8, 153, 0.1548, 0.0053, 92.188, 100.000, 0.971, 0.614, 
8, 152, 0.0276, 0.0052, 100.000, 100.000, 0.975, 0.611, 
8, 151, 0.0473, 0.0053, 98.438, 100.000, 0.974, 0.610, 
8, 150, 0.2489, 0.0056, 93.750, 100.000, 0.965, 0.587, 
8, 149, 0.1328, 0.0054, 95.312, 100.000, 0.970, 0.614, 
8, 148, 0.1035, 0.0055, 95.312, 100.000, 0.972, 0.578, 
8, 147, 0.0944, 0.0060, 98.438, 100.000, 0.962, 0.561, 
8, 146, 0.1291, 0.0057, 93.750, 100.000, 0.971, 0.573, 
8, 145, 0.0766, 0.0054, 96.875, 100.000, 0.977, 0.588, 
8, 144, 0.0978, 0.0058, 95.312, 100.000, 0.970, 0.572, 
8, 143, 0.3410, 0.0056, 95.312, 98.438, 0.973, 0.577, 
8, 142, 0.0725, 0.0060, 98.438, 100.000, 0.964, 0.549, 
8, 141, 0.0347, 0.0057, 100.000, 100.000, 0.969, 0.567, 
8, 140, 0.2539, 0.0060, 93.750, 100.000, 0.967, 0.552, 
8, 139, 0.0655, 0.0057, 100.000, 100.000, 0.973, 0.558, 
8, 138, 0.0937, 0.0058, 98.438, 100.000, 0.971, 0.570, 
8, 137, 0.0132, 0.0056, 100.000, 100.000, 0.977, 0.563, 
8, 136, 0.1243, 0.0058, 95.312, 100.000, 0.973, 0.552, 
8, 135, 0.0729, 0.0059, 96.875, 100.000, 0.969, 0.560, 
8, 134, 0.0437, 0.0059, 98.438, 100.000, 0.972, 0.555, 
8, 133, 0.1446, 0.0063, 95.312, 100.000, 0.963, 0.524, 
8, 132, 0.1532, 0.0060, 92.188, 100.000, 0.974, 0.527, 
8, 131, 0.0890, 0.0059, 98.438, 100.000, 0.975, 0.527, 
8, 130, 0.1826, 0.0060, 95.312, 96.875, 0.974, 0.533, 
8, 129, 0.0512, 0.0066, 98.438, 100.000, 0.964, 0.485, 
8, 128, 0.0748, 0.0063, 98.438, 100.000, 0.974, 0.515, 
9, 127, 0.1288, 0.0068, 92.188, 100.000, 0.962, 0.484, 
9, 126, 0.0807, 0.0068, 98.438, 100.000, 0.967, 0.469, 
9, 125, 0.0496, 0.0063, 98.438, 100.000, 0.972, 0.492, 
9, 124, 0.1596, 0.0065, 96.875, 100.000, 0.967, 0.488, 
9, 123, 0.0750, 0.0064, 98.438, 100.000, 0.974, 0.499, 
9, 122, 0.0472, 0.0067, 98.438, 100.000, 0.968, 0.480, 
9, 121, 0.1109, 0.0071, 96.875, 100.000, 0.956, 0.446, 
9, 120, 0.0607, 0.0067, 98.438, 100.000, 0.971, 0.487, 
9, 119, 0.0931, 0.0068, 98.438, 100.000, 0.971, 0.469, 
9, 118, 0.1070, 0.0072, 93.750, 100.000, 0.970, 0.414, 
9, 117, 0.0881, 0.0071, 96.875, 100.000, 0.972, 0.428, 
9, 116, 0.0649, 0.0072, 98.438, 100.000, 0.969, 0.435, 
9, 115, 0.0687, 0.0076, 98.438, 100.000, 0.969, 0.370, 
9, 114, 0.1060, 0.0075, 95.312, 100.000, 0.971, 0.390, 
9, 113, 0.1408, 0.0076, 96.875, 100.000, 0.967, 0.378, 
9, 112, 0.1155, 0.0076, 95.312, 100.000, 0.970, 0.388, 
9, 111, 0.0721, 0.0079, 98.438, 100.000, 0.955, 0.363, 
9, 110, 0.0782, 0.0074, 98.438, 100.000, 0.973, 0.401, 
9, 109, 0.2799, 0.0079, 92.188, 98.438, 0.966, 0.353, 
9, 108, 0.1386, 0.0077, 95.312, 100.000, 0.972, 0.364, 
9, 107, 0.0756, 0.0079, 96.875, 100.000, 0.967, 0.366, 
9, 106, 0.1921, 0.0079, 95.312, 100.000, 0.970, 0.368, 
9, 105, 0.0760, 0.0079, 98.438, 100.000, 0.959, 0.367, 
9, 104, 0.0686, 0.0078, 98.438, 100.000, 0.967, 0.378, 
9, 103, 0.0827, 0.0077, 96.875, 100.000, 0.970, 0.379, 
9, 102, 0.0603, 0.0080, 100.000, 100.000, 0.961, 0.372, 
9, 101, 0.1697, 0.0078, 93.750, 100.000, 0.969, 0.360, 
9, 100, 0.0748, 0.0079, 100.000, 100.000, 0.970, 0.364, 
9, 99, 0.0726, 0.0084, 98.438, 100.000, 0.959, 0.326, 
9, 98, 0.1145, 0.0087, 98.438, 100.000, 0.953, 0.324, 
9, 97, 0.1250, 0.0088, 96.875, 100.000, 0.958, 0.299, 
9, 96, 0.1559, 0.0085, 93.750, 100.000, 0.961, 0.325, 
9, 95, 0.0817, 0.0083, 98.438, 100.000, 0.966, 0.341, 
9, 94, 0.0994, 0.0082, 98.438, 100.000, 0.968, 0.336, 
9, 93, 0.0977, 0.0084, 96.875, 100.000, 0.966, 0.344, 
9, 92, 0.2036, 0.0087, 95.312, 98.438, 0.964, 0.312, 
9, 91, 0.1312, 0.0090, 93.750, 100.000, 0.947, 0.306, 
9, 90, 0.1307, 0.0087, 95.312, 100.000, 0.964, 0.319, 
9, 89, 0.0549, 0.0086, 100.000, 100.000, 0.956, 0.338, 
9, 88, 0.0791, 0.0087, 96.875, 100.000, 0.968, 0.297, 
9, 87, 0.1716, 0.0087, 90.625, 100.000, 0.964, 0.290, 
9, 86, 0.1383, 0.0091, 98.438, 100.000, 0.957, 0.296, 
9, 85, 0.0661, 0.0089, 98.438, 100.000, 0.962, 0.300, 
9, 84, 0.1585, 0.0087, 95.312, 100.000, 0.964, 0.302, 
9, 83, 0.1297, 0.0089, 96.875, 100.000, 0.968, 0.290, 
9, 82, 0.3498, 0.0094, 92.188, 98.438, 0.944, 0.274, 
9, 81, 0.0562, 0.0092, 100.000, 100.000, 0.966, 0.281, 
9, 80, 0.0902, 0.0091, 98.438, 100.000, 0.964, 0.269, 
9, 79, 0.1611, 0.0094, 95.312, 100.000, 0.953, 0.264, 
9, 78, 0.3087, 0.0100, 93.750, 98.438, 0.954, 0.210, 
9, 77, 0.1209, 0.0097, 95.312, 100.000, 0.959, 0.226, 
9, 76, 0.1455, 0.0098, 93.750, 100.000, 0.963, 0.212, 
9, 75, 0.1490, 0.0098, 93.750, 100.000, 0.966, 0.222, 
9, 74, 0.1312, 0.0113, 96.875, 100.000, 0.952, 0.134, 
9, 73, 0.1611, 0.0107, 96.875, 100.000, 0.966, 0.159, 
9, 72, 0.1567, 0.0108, 95.312, 100.000, 0.956, 0.167, 
9, 71, 0.1157, 0.0107, 96.875, 100.000, 0.957, 0.156, 
9, 70, 0.3328, 0.0107, 92.188, 98.438, 0.959, 0.158, 
9, 69, 0.1995, 0.0108, 93.750, 100.000, 0.951, 0.163, 
9, 68, 0.1466, 0.0110, 95.312, 100.000, 0.959, 0.160, 
9, 67, 0.1868, 0.0104, 95.312, 100.000, 0.962, 0.162, 
9, 66, 0.1823, 0.0110, 93.750, 100.000, 0.955, 0.146, 
9, 65, 0.1453, 0.0109, 93.750, 100.000, 0.960, 0.160, 
10, 65, 0.0947, 0.0110, 98.438, 100.000, 0.961, 0.144, 
10, 64, 0.3337, 0.0107, 89.062, 98.438, 0.964, 0.160, 
10, 63, 0.0955, 0.0111, 100.000, 100.000, 0.954, 0.153, 
10, 62, 0.1886, 0.0111, 95.312, 100.000, 0.963, 0.137, 
10, 61, 0.1459, 0.0116, 96.875, 100.000, 0.962, 0.120, 
10, 60, 0.1474, 0.0119, 96.875, 100.000, 0.948, 0.114, 
10, 59, 0.1717, 0.0118, 96.875, 100.000, 0.951, 0.118, 
10, 58, 0.1657, 0.0116, 98.438, 100.000, 0.961, 0.111, 
10, 57, 0.1588, 0.0119, 95.312, 100.000, 0.952, 0.124, 
10, 56, 0.1640, 0.0120, 96.875, 100.000, 0.949, 0.120, 
10, 55, 0.1559, 0.0121, 96.875, 100.000, 0.957, 0.116, 
10, 54, 0.1848, 0.0120, 92.188, 100.000, 0.951, 0.118, 
10, 53, 0.1390, 0.0125, 96.875, 100.000, 0.947, 0.107, 
10, 52, 0.1800, 0.0123, 93.750, 100.000, 0.955, 0.127, 
10, 51, 0.2128, 0.0124, 95.312, 100.000, 0.953, 0.116, 
10, 50, 0.0977, 0.0124, 100.000, 100.000, 0.943, 0.119, 
10, 49, 0.2312, 0.0125, 93.750, 100.000, 0.939, 0.117, 
10, 48, 0.2070, 0.0125, 98.438, 100.000, 0.938, 0.132, 
10, 47, 0.2109, 0.0121, 92.188, 100.000, 0.950, 0.124, 
10, 46, 0.2194, 0.0120, 93.750, 100.000, 0.953, 0.120, 
10, 45, 0.1503, 0.0127, 96.875, 100.000, 0.942, 0.101, 
10, 44, 0.1860, 0.0127, 96.875, 100.000, 0.944, 0.093, 
10, 43, 0.4094, 0.0136, 93.750, 96.875, 0.952, 0.082, 
10, 42, 0.2271, 0.0139, 92.188, 100.000, 0.932, 0.080, 
10, 41, 0.1560, 0.0143, 96.875, 100.000, 0.936, 0.075, 
10, 40, 0.1652, 0.0145, 100.000, 100.000, 0.948, 0.065, 
10, 39, 0.1815, 0.0142, 95.312, 100.000, 0.939, 0.067, 
10, 38, 0.1702, 0.0139, 96.875, 100.000, 0.948, 0.075, 
10, 37, 0.2924, 0.0138, 95.312, 100.000, 0.943, 0.080, 
10, 36, 0.3295, 0.0145, 95.312, 100.000, 0.947, 0.070, 
10, 35, 0.2764, 0.0146, 93.750, 98.438, 0.935, 0.072, 
10, 34, 0.3138, 0.0147, 93.750, 100.000, 0.932, 0.067, 
10, 33, 0.2813, 0.0153, 95.312, 100.000, 0.919, 0.074, 
10, 32, 0.2502, 0.0158, 96.875, 100.000, 0.930, 0.066, 
10, 31, 0.3044, 0.0159, 96.875, 100.000, 0.928, 0.057, 
10, 30, 0.3465, 0.0159, 90.625, 100.000, 0.935, 0.057, 
10, 29, 0.4522, 0.0166, 89.062, 100.000, 0.931, 0.058, 
10, 28, 0.3515, 0.0167, 96.875, 100.000, 0.929, 0.047, 
10, 27, 0.4390, 0.0171, 89.062, 100.000, 0.924, 0.054, 
10, 26, 0.4856, 0.0185, 95.312, 100.000, 0.922, 0.055, 
10, 25, 0.4612, 0.0187, 92.188, 98.438, 0.923, 0.050, 
10, 24, 0.4973, 0.0188, 92.188, 100.000, 0.918, 0.051, 
10, 23, 0.5350, 0.0195, 89.062, 96.875, 0.865, 0.049, 
10, 22, 0.5049, 0.0197, 89.062, 100.000, 0.874, 0.053, 
10, 21, 0.7211, 0.0211, 85.938, 96.875, 0.858, 0.050, 
10, 20, 0.9792, 0.0220, 73.438, 96.875, 0.819, 0.051, 
10, 19, 0.7546, 0.0223, 79.688, 100.000, 0.821, 0.054, 
10, 18, 1.2176, 0.0247, 51.562, 95.312, 0.692, 0.052, 
10, 17, 1.2636, 0.0281, 57.812, 96.875, 0.548, 0.055, 
10, 16, 1.4155, 0.0291, 40.625, 92.188, 0.435, 0.051, 
10, 15, 1.5937, 0.0298, 42.188, 82.812, 0.464, 0.047, 
10, 14, 1.4799, 0.0300, 51.562, 90.625, 0.473, 0.051, 
10, 13, 1.4348, 0.0301, 51.562, 96.875, 0.497, 0.049, 
10, 12, 1.5671, 0.0302, 35.938, 92.188, 0.387, 0.050, 
10, 11, 1.8282, 0.0319, 29.688, 89.062, 0.259, 0.051, 
10, 10, 2.1188, 0.0340, 15.625, 67.188, 0.181, 0.050, 
10, 9, 2.0079, 0.0340, 20.312, 65.625, 0.173, 0.051, 
10, 8, 2.0441, 0.0340, 14.062, 79.688, 0.171, 0.048, 
10, 7, 1.9408, 0.0343, 31.250, 73.438, 0.236, 0.048, 
10, 6, 2.1405, 0.0345, 18.750, 73.438, 0.229, 0.054, 
10, 5, 2.1673, 0.0353, 15.625, 75.000, 0.227, 0.049, 
10, 4, 2.1991, 0.0354, 17.188, 68.750, 0.168, 0.052, 
10, 3, 2.3021, 0.0362, 12.500, 54.688, 0.114, 0.050, 
