epoch, neuron_units, loss, dl2_loss, top1, top5, dl2_p_acc, dl2_constraint_acc
7, 252, 0.0063, 0.0007, 100.000, 100.000, 0.783, 1.000, 
7, 251, 0.3018, 0.0002, 92.188, 100.000, 0.939, 1.000, 
7, 250, 0.2335, 0.0002, 95.312, 100.000, 0.970, 1.000, 
7, 249, 0.1210, 0.0002, 96.875, 100.000, 0.975, 1.000, 
7, 248, 0.4007, 0.0006, 84.375, 100.000, 0.851, 1.000, 
7, 247, 1.1671, 0.0006, 78.125, 96.875, 0.821, 1.000, 
7, 246, 0.2635, 0.0002, 93.750, 100.000, 0.947, 1.000, 
7, 245, 0.5627, 0.0002, 95.312, 100.000, 0.932, 1.000, 
7, 244, 0.4439, 0.0002, 93.750, 98.438, 0.951, 1.000, 
7, 243, 0.0209, 0.0002, 98.438, 100.000, 0.939, 1.000, 
7, 242, 0.1514, 0.0002, 98.438, 100.000, 0.957, 1.000, 
7, 241, 0.0095, 0.0002, 100.000, 100.000, 0.961, 1.000, 
7, 240, 0.2791, 0.0002, 95.312, 100.000, 0.964, 1.000, 
7, 239, 0.7745, 0.0002, 87.500, 100.000, 0.940, 1.000, 
7, 238, 0.0184, 0.0002, 98.438, 100.000, 0.958, 1.000, 
7, 237, 0.5775, 0.0002, 93.750, 100.000, 0.936, 1.000, 
7, 236, 0.2647, 0.0001, 96.875, 100.000, 0.964, 1.000, 
7, 235, 0.1896, 0.0002, 96.875, 100.000, 0.953, 1.000, 
7, 234, 0.0078, 0.0002, 100.000, 100.000, 0.929, 1.000, 
7, 233, 0.3400, 0.0001, 93.750, 100.000, 0.962, 1.000, 
7, 232, 0.1296, 0.0003, 93.750, 100.000, 0.903, 1.000, 
7, 231, 0.2305, 0.0002, 93.750, 100.000, 0.958, 1.000, 
7, 230, 0.1485, 0.0002, 96.875, 100.000, 0.951, 1.000, 
7, 229, 0.3151, 0.0001, 95.312, 100.000, 0.969, 1.000, 
7, 228, 0.3100, 0.0002, 90.625, 100.000, 0.956, 1.000, 
7, 227, 0.4455, 0.0001, 92.188, 100.000, 0.960, 1.000, 
7, 226, 0.5589, 0.0002, 92.188, 100.000, 0.945, 1.000, 
7, 225, 0.1264, 0.0001, 96.875, 100.000, 0.971, 1.000, 
7, 224, 0.1708, 0.0002, 93.750, 100.000, 0.958, 1.000, 
7, 223, 0.0110, 0.0001, 100.000, 100.000, 0.964, 1.000, 
7, 222, 0.0079, 0.0001, 100.000, 100.000, 0.960, 1.000, 
7, 221, 0.0013, 0.0001, 100.000, 100.000, 0.973, 1.000, 
7, 220, 0.0563, 0.0001, 96.875, 100.000, 0.973, 1.000, 
7, 219, 0.1528, 0.0001, 95.312, 100.000, 0.971, 1.000, 
7, 218, 0.0082, 0.0001, 100.000, 100.000, 0.970, 1.000, 
7, 217, 0.2893, 0.0002, 92.188, 100.000, 0.961, 1.000, 
7, 216, 0.0026, 0.0001, 100.000, 100.000, 0.966, 1.000, 
7, 215, 0.5534, 0.0002, 93.750, 98.438, 0.954, 1.000, 
7, 214, 0.0661, 0.0001, 96.875, 100.000, 0.971, 1.000, 
7, 213, 0.1088, 0.0001, 96.875, 100.000, 0.970, 1.000, 
7, 212, 0.1334, 0.0001, 98.438, 100.000, 0.965, 1.000, 
7, 211, 0.2938, 0.0004, 96.875, 100.000, 0.896, 1.000, 
7, 210, 0.6490, 0.0001, 93.750, 100.000, 0.968, 1.000, 
7, 209, 0.3210, 0.0001, 93.750, 100.000, 0.958, 1.000, 
7, 208, 0.0002, 0.0001, 100.000, 100.000, 0.969, 1.000, 
7, 207, 0.1491, 0.0001, 98.438, 100.000, 0.970, 1.000, 
7, 206, 0.0556, 0.0001, 98.438, 100.000, 0.965, 1.000, 
7, 205, 0.0431, 0.0001, 96.875, 100.000, 0.967, 1.000, 
7, 204, 0.0123, 0.0001, 100.000, 100.000, 0.974, 1.000, 
7, 203, 0.1523, 0.0001, 96.875, 100.000, 0.974, 1.000, 
7, 202, 0.0010, 0.0001, 100.000, 100.000, 0.976, 1.000, 
7, 201, 0.0263, 0.0001, 100.000, 100.000, 0.972, 1.000, 
7, 200, 0.1041, 0.0001, 95.312, 100.000, 0.968, 1.000, 
7, 199, 0.0133, 0.0001, 100.000, 100.000, 0.971, 1.000, 
7, 198, 0.1272, 0.0001, 93.750, 100.000, 0.963, 1.000, 
7, 197, 0.1538, 0.0001, 95.312, 100.000, 0.968, 1.000, 
7, 196, 0.0348, 0.0001, 96.875, 100.000, 0.962, 1.000, 
7, 195, 0.0183, 0.0001, 98.438, 100.000, 0.966, 1.000, 
7, 194, 0.0531, 0.0001, 98.438, 100.000, 0.975, 1.000, 
7, 193, 0.0215, 0.0001, 100.000, 100.000, 0.973, 1.000, 
7, 192, 0.0085, 0.0001, 100.000, 100.000, 0.974, 1.000, 
7, 191, 0.1456, 0.0001, 95.312, 100.000, 0.975, 1.000, 
7, 190, 0.2286, 0.0001, 95.312, 100.000, 0.978, 1.000, 
8, 190, 0.1825, 0.0001, 96.875, 100.000, 0.967, 1.000, 
8, 189, 0.2413, 0.0001, 95.312, 100.000, 0.971, 1.000, 
8, 188, 0.0719, 0.0001, 96.875, 100.000, 0.975, 1.000, 
8, 187, 0.1330, 0.0001, 96.875, 100.000, 0.973, 1.000, 
8, 186, 1.0105, 0.0002, 85.938, 100.000, 0.952, 1.000, 
8, 185, 0.0382, 0.0001, 98.438, 100.000, 0.963, 1.000, 
8, 184, 0.3083, 0.0001, 90.625, 100.000, 0.967, 1.000, 
8, 183, 0.2856, 0.0001, 98.438, 100.000, 0.974, 1.000, 
8, 182, 0.0941, 0.0001, 96.875, 100.000, 0.975, 1.000, 
8, 181, 0.0095, 0.0001, 100.000, 100.000, 0.960, 1.000, 
8, 180, 0.2142, 0.0001, 93.750, 100.000, 0.971, 1.000, 
8, 179, 0.1154, 0.0002, 96.875, 100.000, 0.958, 1.000, 
8, 178, 0.2449, 0.0001, 95.312, 100.000, 0.961, 1.000, 
8, 177, 0.2712, 0.0001, 98.438, 100.000, 0.972, 1.000, 
8, 176, 0.1419, 0.0001, 98.438, 100.000, 0.973, 1.000, 
8, 175, 0.0051, 0.0001, 100.000, 100.000, 0.978, 1.000, 
8, 174, 0.2766, 0.0001, 95.312, 100.000, 0.976, 1.000, 
8, 173, 0.2193, 0.0001, 96.875, 100.000, 0.977, 1.000, 
8, 172, 0.3783, 0.0014, 93.750, 100.000, 0.788, 1.000, 
8, 171, 0.2569, 0.0001, 96.875, 100.000, 0.971, 1.000, 
8, 170, 0.1448, 0.0001, 93.750, 100.000, 0.973, 1.000, 
8, 169, 0.0738, 0.0001, 98.438, 100.000, 0.972, 1.000, 
8, 168, 0.0508, 0.0001, 98.438, 100.000, 0.970, 1.000, 
8, 167, 0.0771, 0.0001, 95.312, 100.000, 0.970, 1.000, 
8, 166, 0.4970, 0.0001, 96.875, 100.000, 0.967, 1.000, 
8, 165, 0.1256, 0.0001, 96.875, 100.000, 0.970, 1.000, 
8, 164, 0.3586, 0.0001, 93.750, 100.000, 0.964, 1.000, 
8, 163, 0.0451, 0.0001, 98.438, 100.000, 0.976, 1.000, 
8, 162, 0.0187, 0.0001, 98.438, 100.000, 0.977, 1.000, 
8, 161, 0.4480, 0.0001, 95.312, 98.438, 0.972, 1.000, 
8, 160, 0.8177, 0.0002, 90.625, 100.000, 0.935, 1.000, 
8, 159, 0.3916, 0.0001, 93.750, 100.000, 0.972, 1.000, 
8, 158, 0.1907, 0.0001, 96.875, 100.000, 0.966, 1.000, 
8, 157, 0.0039, 0.0001, 100.000, 100.000, 0.971, 1.000, 
8, 156, 0.0009, 0.0001, 100.000, 100.000, 0.975, 1.000, 
8, 155, 0.1317, 0.0001, 98.438, 100.000, 0.973, 1.000, 
8, 154, 0.3387, 0.0001, 96.875, 100.000, 0.965, 1.000, 
8, 153, 0.2698, 0.0001, 95.312, 100.000, 0.977, 1.000, 
8, 152, 0.0023, 0.0001, 100.000, 100.000, 0.967, 1.000, 
8, 151, 0.0022, 0.0001, 100.000, 100.000, 0.973, 1.000, 
8, 150, 0.0914, 0.0001, 93.750, 100.000, 0.980, 1.000, 
8, 149, 0.3493, 0.0002, 93.750, 100.000, 0.949, 1.000, 
8, 148, 0.1435, 0.0001, 95.312, 100.000, 0.980, 1.000, 
8, 147, 0.2739, 0.0001, 96.875, 100.000, 0.978, 1.000, 
8, 146, 0.2540, 0.0001, 95.312, 100.000, 0.979, 1.000, 
8, 145, 0.0230, 0.0001, 98.438, 100.000, 0.979, 1.000, 
8, 144, 0.1318, 0.0002, 98.438, 100.000, 0.942, 1.000, 
8, 143, 0.4140, 0.0001, 96.875, 98.438, 0.972, 1.000, 
8, 142, 0.0118, 0.0001, 100.000, 100.000, 0.978, 1.000, 
8, 141, 0.0130, 0.0003, 100.000, 100.000, 0.898, 1.000, 
8, 140, 0.1490, 0.0001, 96.875, 100.000, 0.974, 1.000, 
8, 139, 0.0070, 0.0001, 100.000, 100.000, 0.971, 1.000, 
8, 138, 0.1887, 0.0001, 93.750, 100.000, 0.974, 1.000, 
8, 137, 0.0011, 0.0001, 100.000, 100.000, 0.971, 1.000, 
8, 136, 0.2350, 0.0001, 96.875, 100.000, 0.973, 1.000, 
8, 135, 0.3453, 0.0001, 93.750, 100.000, 0.970, 1.000, 
8, 134, 0.2804, 0.0001, 95.312, 100.000, 0.970, 1.000, 
8, 133, 0.2204, 0.0001, 95.312, 100.000, 0.967, 1.000, 
8, 132, 0.5773, 0.0001, 90.625, 100.000, 0.975, 1.000, 
8, 131, 0.0563, 0.0001, 98.438, 100.000, 0.971, 1.000, 
8, 130, 0.1798, 0.0003, 93.750, 100.000, 0.934, 1.000, 
8, 129, 0.0496, 0.0001, 98.438, 100.000, 0.974, 1.000, 
8, 128, 0.0316, 0.0001, 98.438, 100.000, 0.977, 1.000, 
9, 127, 0.1337, 0.0001, 96.875, 100.000, 0.977, 1.000, 
9, 126, 0.0559, 0.0001, 98.438, 100.000, 0.977, 1.000, 
9, 125, 0.0061, 0.0001, 100.000, 100.000, 0.976, 1.000, 
9, 124, 0.0986, 0.0001, 96.875, 100.000, 0.979, 1.000, 
9, 123, 0.0256, 0.0001, 98.438, 100.000, 0.977, 1.000, 
9, 122, 0.0413, 0.0001, 98.438, 100.000, 0.977, 1.000, 
9, 121, 0.1456, 0.0001, 96.875, 100.000, 0.972, 1.000, 
9, 120, 0.0006, 0.0001, 100.000, 100.000, 0.974, 1.000, 
9, 119, 0.3357, 0.0001, 95.312, 100.000, 0.976, 1.000, 
9, 118, 0.0970, 0.0001, 98.438, 100.000, 0.979, 1.000, 
9, 117, 0.2194, 0.0001, 95.312, 100.000, 0.969, 1.000, 
9, 116, 0.0269, 0.0001, 96.875, 100.000, 0.976, 1.000, 
9, 115, 0.0488, 0.0001, 98.438, 100.000, 0.966, 1.000, 
9, 114, 0.1083, 0.0001, 96.875, 100.000, 0.974, 1.000, 
9, 113, 0.0499, 0.0001, 98.438, 100.000, 0.979, 1.000, 
9, 112, 0.2943, 0.0002, 93.750, 98.438, 0.954, 1.000, 
9, 111, 0.0181, 0.0002, 100.000, 100.000, 0.948, 1.000, 
9, 110, 0.0039, 0.0001, 100.000, 100.000, 0.976, 1.000, 
9, 109, 0.2460, 0.0001, 95.312, 100.000, 0.979, 1.000, 
9, 108, 0.0694, 0.0001, 96.875, 100.000, 0.973, 1.000, 
9, 107, 0.0172, 0.0002, 100.000, 100.000, 0.932, 1.000, 
9, 106, 0.2829, 0.0002, 93.750, 100.000, 0.946, 1.000, 
9, 105, 0.2270, 0.0001, 98.438, 100.000, 0.968, 1.000, 
9, 104, 0.0063, 0.0001, 100.000, 100.000, 0.974, 1.000, 
9, 103, 0.0696, 0.0001, 96.875, 100.000, 0.967, 1.000, 
9, 102, 0.0707, 0.0001, 96.875, 100.000, 0.976, 1.000, 
9, 101, 0.1611, 0.0001, 96.875, 100.000, 0.977, 1.000, 
9, 100, 0.0739, 0.0001, 96.875, 100.000, 0.966, 1.000, 
9, 99, 0.1584, 0.0001, 96.875, 100.000, 0.977, 1.000, 
9, 98, 0.1267, 0.0001, 95.312, 100.000, 0.977, 1.000, 
9, 97, 0.0492, 0.0001, 98.438, 100.000, 0.974, 1.000, 
9, 96, 0.1703, 0.0001, 95.312, 100.000, 0.975, 1.000, 
9, 95, 0.0129, 0.0001, 100.000, 100.000, 0.978, 1.000, 
9, 94, 0.0173, 0.0001, 98.438, 100.000, 0.976, 1.000, 
9, 93, 0.0245, 0.0001, 98.438, 100.000, 0.978, 1.000, 
9, 92, 0.2423, 0.0001, 92.188, 100.000, 0.976, 1.000, 
9, 91, 0.0117, 0.0001, 100.000, 100.000, 0.977, 1.000, 
9, 90, 0.0528, 0.0001, 96.875, 100.000, 0.979, 1.000, 
9, 89, 0.0012, 0.0001, 100.000, 100.000, 0.979, 1.000, 
9, 88, 0.0162, 0.0001, 98.438, 100.000, 0.978, 1.000, 
9, 87, 0.1691, 0.0001, 93.750, 100.000, 0.974, 1.000, 
9, 86, 0.1033, 0.0001, 98.438, 100.000, 0.977, 1.000, 
9, 85, 0.0451, 0.0001, 96.875, 100.000, 0.976, 1.000, 
9, 84, 0.3203, 0.0001, 96.875, 100.000, 0.966, 1.000, 
9, 83, 0.0201, 0.0001, 100.000, 100.000, 0.964, 1.000, 
9, 82, 0.3862, 0.0001, 93.750, 98.438, 0.970, 1.000, 
9, 81, 0.0976, 0.0001, 98.438, 100.000, 0.971, 1.000, 
9, 80, 0.1585, 0.0001, 98.438, 100.000, 0.977, 1.000, 
9, 79, 0.2540, 0.0001, 96.875, 100.000, 0.971, 1.000, 
9, 78, 0.5325, 0.0001, 90.625, 98.438, 0.972, 1.000, 
9, 77, 0.0158, 0.0001, 98.438, 100.000, 0.976, 1.000, 
9, 76, 0.0409, 0.0001, 98.438, 100.000, 0.976, 1.000, 
9, 75, 0.2545, 0.0001, 93.750, 100.000, 0.978, 1.000, 
9, 74, 0.2769, 0.0001, 95.312, 100.000, 0.969, 1.000, 
9, 73, 0.1326, 0.0001, 98.438, 100.000, 0.975, 1.000, 
9, 72, 0.4228, 0.0002, 89.062, 100.000, 0.956, 1.000, 
9, 71, 0.2459, 0.0001, 93.750, 100.000, 0.975, 1.000, 
9, 70, 0.3873, 0.0001, 96.875, 98.438, 0.977, 1.000, 
9, 69, 0.2337, 0.0003, 96.875, 100.000, 0.920, 1.000, 
9, 68, 0.1616, 0.0003, 96.875, 100.000, 0.913, 1.000, 
9, 67, 0.0925, 0.0002, 98.438, 100.000, 0.954, 1.000, 
9, 66, 0.0273, 0.0001, 98.438, 100.000, 0.974, 1.000, 
9, 65, 0.1063, 0.0001, 98.438, 100.000, 0.977, 1.000, 
10, 65, 0.0663, 0.0001, 98.438, 100.000, 0.976, 1.000, 
10, 64, 0.9076, 0.0002, 82.812, 100.000, 0.961, 1.000, 
10, 63, 0.0661, 0.0002, 98.438, 100.000, 0.967, 1.000, 
10, 62, 0.0813, 0.0002, 95.312, 100.000, 0.963, 1.000, 
10, 61, 0.3217, 0.0002, 95.312, 100.000, 0.957, 1.000, 
10, 60, 0.1462, 0.0002, 98.438, 100.000, 0.952, 1.000, 
10, 59, 0.0333, 0.0001, 98.438, 100.000, 0.962, 1.000, 
10, 58, 0.2972, 0.0001, 93.750, 100.000, 0.975, 1.000, 
10, 57, 0.2298, 0.0001, 95.312, 100.000, 0.963, 1.000, 
10, 56, 0.3050, 0.0001, 95.312, 100.000, 0.968, 1.000, 
10, 55, 0.0644, 0.0002, 96.875, 100.000, 0.960, 1.000, 
10, 54, 0.0223, 0.0002, 98.438, 100.000, 0.945, 1.000, 
10, 53, 0.1345, 0.0002, 96.875, 100.000, 0.961, 1.000, 
10, 52, 0.2818, 0.0002, 90.625, 100.000, 0.939, 1.000, 
10, 51, 0.0235, 0.0002, 98.438, 100.000, 0.969, 1.000, 
10, 50, 0.4246, 0.0002, 92.188, 100.000, 0.956, 1.000, 
10, 49, 0.1649, 0.0001, 96.875, 100.000, 0.972, 1.000, 
10, 48, 0.2924, 0.0001, 92.188, 100.000, 0.968, 1.000, 
10, 47, 0.4160, 0.0002, 95.312, 100.000, 0.957, 1.000, 
10, 46, 1.0649, 0.0005, 84.375, 98.438, 0.830, 1.000, 
10, 45, 0.2438, 0.0002, 95.312, 100.000, 0.964, 1.000, 
10, 44, 0.0627, 0.0002, 96.875, 100.000, 0.959, 1.000, 
10, 43, 0.9525, 0.0002, 93.750, 96.875, 0.963, 1.000, 
10, 42, 0.2528, 0.0002, 93.750, 100.000, 0.948, 1.000, 
10, 41, 0.0995, 0.0002, 95.312, 100.000, 0.948, 1.000, 
10, 40, 0.4258, 0.0003, 87.500, 100.000, 0.940, 1.000, 
10, 39, 0.0399, 0.0002, 98.438, 100.000, 0.949, 1.000, 
10, 38, 0.1799, 0.0002, 96.875, 100.000, 0.959, 1.000, 
10, 37, 0.1512, 0.0002, 98.438, 100.000, 0.954, 1.000, 
10, 36, 0.3474, 0.0002, 92.188, 100.000, 0.951, 1.000, 
10, 35, 0.3439, 0.0002, 93.750, 100.000, 0.950, 1.000, 
10, 34, 0.4103, 0.0002, 90.625, 100.000, 0.951, 1.000, 
10, 33, 0.4835, 0.0004, 93.750, 98.438, 0.889, 1.000, 
10, 32, 0.1581, 0.0003, 98.438, 98.438, 0.925, 1.000, 
10, 31, 0.0814, 0.0003, 95.312, 100.000, 0.926, 1.000, 
10, 30, 0.2949, 0.0003, 92.188, 100.000, 0.929, 1.000, 
10, 29, 0.3608, 0.0003, 90.625, 98.438, 0.937, 1.000, 
10, 28, 0.3169, 0.0009, 92.188, 100.000, 0.815, 1.000, 
10, 27, 3.8555, 0.0011, 50.000, 87.500, 0.621, 1.000, 
10, 26, 0.8502, 0.0004, 87.500, 96.875, 0.898, 1.000, 
10, 25, 0.5547, 0.0006, 93.750, 100.000, 0.799, 1.000, 
10, 24, 0.9289, 0.0004, 89.062, 98.438, 0.890, 1.000, 
10, 23, 0.7331, 0.0004, 87.500, 100.000, 0.899, 1.000, 
10, 22, 0.4849, 0.0004, 89.062, 100.000, 0.909, 1.000, 
10, 21, 1.3795, 0.0007, 70.312, 98.438, 0.811, 1.000, 
10, 20, 2.3567, 0.0011, 70.312, 95.312, 0.695, 1.000, 
10, 19, 0.8841, 0.0006, 81.250, 98.438, 0.811, 1.000, 
10, 18, 1.2972, 0.0007, 71.875, 100.000, 0.796, 1.000, 
10, 17, 1.3287, 0.0008, 78.125, 98.438, 0.762, 1.000, 
10, 16, 1.0320, 0.0007, 82.812, 98.438, 0.773, 1.000, 
10, 15, 1.3509, 0.0011, 60.938, 96.875, 0.589, 1.000, 
10, 14, 2.8805, 0.0011, 53.125, 93.750, 0.637, 1.000, 
10, 13, 2.0496, 0.0011, 67.188, 90.625, 0.580, 1.000, 
10, 12, 2.6031, 0.0014, 37.500, 92.188, 0.504, 1.000, 
10, 11, 2.5719, 0.0018, 31.250, 87.500, 0.300, 1.000, 
10, 10, 3.4397, 0.0018, 21.875, 78.125, 0.364, 1.000, 
10, 9, 3.4139, 0.0018, 31.250, 79.688, 0.337, 1.000, 
10, 8, 2.4898, 0.0018, 32.812, 79.688, 0.354, 1.000, 
10, 7, 2.0984, 0.0021, 18.750, 65.625, 0.225, 1.000, 
10, 6, 2.9338, 0.0021, 12.500, 68.750, 0.136, 1.000, 
10, 5, 2.3344, 0.0021, 17.188, 71.875, 0.182, 1.000, 
10, 4, 2.3263, 0.0023, 9.375, 45.312, 0.098, 1.000, 
10, 3, 2.3066, 0.0023, 7.812, 46.875, 0.098, 1.000, 
