epoch, neuron_units, loss, dl2_loss, top1, top5, dl2_p_acc, dl2_constraint_acc
1, 252, 2.2927, 0.0023, 14.062, 59.375, 0.103, 1.000, 
1, 252, 2.2748, 0.0023, 20.312, 67.188, 0.103, 0.910, 
1, 252, 2.2008, 0.0023, 32.812, 82.812, 0.245, 0.745, 
1, 252, 2.5016, 0.0023, 10.938, 56.250, 0.103, 0.907, 
1, 252, 3.0351, 0.0020, 20.312, 75.000, 0.271, 0.835, 
1, 252, 2.6728, 0.0018, 35.938, 81.250, 0.350, 0.723, 
1, 252, 2.9003, 0.0018, 35.938, 78.125, 0.384, 0.753, 
1, 252, 2.1947, 0.0014, 35.938, 90.625, 0.486, 0.568, 
1, 252, 1.7694, 0.0014, 50.000, 96.875, 0.521, 0.724, 
1, 252, 1.6195, 0.0018, 56.250, 93.750, 0.323, 0.907, 
1, 252, 1.1465, 0.0011, 60.938, 96.875, 0.643, 0.480, 
1, 252, 1.4921, 0.0010, 64.062, 98.438, 0.676, 0.387, 
1, 252, 0.6733, 0.0010, 78.125, 96.875, 0.743, 0.486, 
1, 252, 0.6814, 0.0010, 76.562, 96.875, 0.792, 0.248, 
1, 252, 0.5278, 0.0009, 82.812, 98.438, 0.774, 0.406, 
1, 252, 0.8634, 0.0008, 79.688, 95.312, 0.817, 0.492, 
1, 252, 0.9779, 0.0008, 73.438, 98.438, 0.799, 0.487, 
1, 252, 0.6944, 0.0007, 75.000, 100.000, 0.814, 0.483, 
1, 252, 0.5969, 0.0009, 79.688, 98.438, 0.759, 0.324, 
1, 252, 0.6716, 0.0007, 78.125, 100.000, 0.837, 0.499, 
1, 252, 0.3167, 0.0006, 85.938, 100.000, 0.866, 0.512, 
1, 252, 0.4819, 0.0007, 89.062, 95.312, 0.856, 0.348, 
1, 252, 0.3516, 0.0007, 89.062, 100.000, 0.850, 0.449, 
1, 252, 0.5493, 0.0007, 82.812, 100.000, 0.836, 0.463, 
1, 252, 0.4641, 0.0006, 87.500, 100.000, 0.911, 0.531, 
1, 252, 0.2672, 0.0005, 87.500, 100.000, 0.908, 0.632, 
1, 252, 0.2794, 0.0007, 90.625, 100.000, 0.854, 0.390, 
1, 252, 0.4665, 0.0006, 85.938, 98.438, 0.869, 0.468, 
1, 252, 0.3139, 0.0006, 89.062, 100.000, 0.855, 0.512, 
1, 252, 0.3668, 0.0005, 84.375, 98.438, 0.894, 0.566, 
1, 252, 0.2665, 0.0006, 87.500, 100.000, 0.908, 0.550, 
1, 252, 0.5051, 0.0007, 90.625, 98.438, 0.855, 0.415, 
1, 252, 0.1896, 0.0005, 93.750, 100.000, 0.920, 0.639, 
1, 252, 0.4389, 0.0005, 92.188, 100.000, 0.860, 0.643, 
1, 252, 0.4308, 0.0005, 85.938, 100.000, 0.907, 0.552, 
1, 252, 0.2499, 0.0006, 92.188, 100.000, 0.886, 0.522, 
1, 252, 0.3586, 0.0005, 87.500, 96.875, 0.915, 0.455, 
1, 252, 0.2885, 0.0006, 90.625, 98.438, 0.900, 0.477, 
1, 252, 0.2205, 0.0005, 92.188, 98.438, 0.910, 0.525, 
1, 252, 0.1937, 0.0005, 93.750, 100.000, 0.906, 0.645, 
1, 252, 0.4444, 0.0004, 92.188, 100.000, 0.935, 0.645, 
1, 252, 0.2544, 0.0005, 93.750, 98.438, 0.919, 0.478, 
1, 252, 0.5264, 0.0006, 79.688, 100.000, 0.906, 0.275, 
1, 252, 0.5782, 0.0006, 87.500, 98.438, 0.899, 0.359, 
1, 252, 0.2540, 0.0006, 89.062, 100.000, 0.893, 0.373, 
1, 252, 0.3967, 0.0006, 84.375, 100.000, 0.905, 0.383, 
1, 252, 0.2700, 0.0006, 95.312, 98.438, 0.933, 0.268, 
1, 252, 0.6941, 0.0007, 85.938, 98.438, 0.831, 0.542, 
1, 252, 0.2318, 0.0006, 92.188, 100.000, 0.890, 0.359, 
1, 252, 0.5918, 0.0007, 81.250, 100.000, 0.882, 0.247, 
1, 252, 0.2228, 0.0005, 93.750, 100.000, 0.924, 0.579, 
1, 252, 0.6171, 0.0005, 84.375, 98.438, 0.919, 0.569, 
1, 252, 0.3758, 0.0005, 92.188, 98.438, 0.933, 0.492, 
1, 252, 0.2446, 0.0006, 93.750, 100.000, 0.917, 0.429, 
1, 252, 0.1272, 0.0006, 92.188, 100.000, 0.930, 0.328, 
1, 252, 0.2646, 0.0006, 93.750, 100.000, 0.907, 0.302, 
1, 252, 0.5403, 0.0006, 85.938, 100.000, 0.896, 0.494, 
1, 252, 0.2362, 0.0006, 92.188, 98.438, 0.914, 0.316, 
1, 252, 0.1905, 0.0006, 92.188, 100.000, 0.936, 0.257, 
1, 252, 0.1989, 0.0006, 93.750, 100.000, 0.934, 0.324, 
1, 252, 0.0891, 0.0005, 98.438, 100.000, 0.940, 0.416, 
1, 252, 0.2180, 0.0005, 93.750, 100.000, 0.912, 0.480, 
1, 252, 0.3306, 0.0005, 90.625, 100.000, 0.903, 0.464, 
2, 252, 0.3653, 0.0006, 90.625, 100.000, 0.914, 0.381, 
2, 252, 0.1960, 0.0005, 90.625, 100.000, 0.905, 0.531, 
2, 252, 0.3470, 0.0004, 93.750, 100.000, 0.942, 0.668, 
2, 252, 0.1071, 0.0005, 95.312, 100.000, 0.918, 0.514, 
2, 252, 0.1940, 0.0005, 93.750, 100.000, 0.931, 0.538, 
2, 252, 0.3962, 0.0005, 87.500, 100.000, 0.939, 0.565, 
2, 252, 0.6083, 0.0005, 87.500, 98.438, 0.930, 0.554, 
2, 252, 0.0541, 0.0005, 98.438, 100.000, 0.927, 0.568, 
2, 252, 0.2042, 0.0004, 95.312, 100.000, 0.943, 0.609, 
2, 252, 0.2393, 0.0005, 93.750, 100.000, 0.934, 0.416, 
2, 252, 0.3200, 0.0005, 89.062, 100.000, 0.949, 0.462, 
2, 252, 0.1261, 0.0005, 95.312, 100.000, 0.950, 0.453, 
2, 252, 0.0780, 0.0005, 98.438, 100.000, 0.945, 0.439, 
2, 252, 0.1721, 0.0005, 92.188, 100.000, 0.938, 0.375, 
2, 252, 0.1055, 0.0005, 95.312, 100.000, 0.925, 0.648, 
2, 252, 0.3337, 0.0005, 89.062, 100.000, 0.935, 0.461, 
2, 252, 0.1850, 0.0005, 96.875, 98.438, 0.936, 0.342, 
2, 252, 0.3929, 0.0006, 92.188, 100.000, 0.903, 0.473, 
2, 252, 0.3283, 0.0004, 90.625, 100.000, 0.924, 0.572, 
2, 252, 0.1257, 0.0005, 95.312, 100.000, 0.942, 0.505, 
2, 252, 0.2592, 0.0004, 95.312, 100.000, 0.940, 0.529, 
2, 252, 0.1406, 0.0005, 95.312, 100.000, 0.935, 0.511, 
2, 252, 0.2266, 0.0005, 93.750, 100.000, 0.934, 0.538, 
2, 252, 0.3342, 0.0005, 92.188, 100.000, 0.945, 0.431, 
2, 252, 0.1587, 0.0004, 93.750, 100.000, 0.940, 0.523, 
2, 252, 0.3426, 0.0005, 89.062, 100.000, 0.893, 0.635, 
2, 252, 0.0813, 0.0005, 98.438, 100.000, 0.928, 0.504, 
2, 252, 0.1667, 0.0005, 93.750, 100.000, 0.934, 0.521, 
2, 252, 0.0668, 0.0005, 96.875, 100.000, 0.925, 0.470, 
2, 252, 0.1174, 0.0005, 98.438, 100.000, 0.933, 0.520, 
2, 252, 0.0622, 0.0005, 98.438, 100.000, 0.920, 0.479, 
2, 252, 0.2379, 0.0004, 93.750, 100.000, 0.923, 0.651, 
2, 252, 0.1991, 0.0005, 96.875, 100.000, 0.937, 0.406, 
2, 252, 0.4529, 0.0005, 84.375, 98.438, 0.934, 0.508, 
2, 252, 0.0546, 0.0005, 98.438, 100.000, 0.944, 0.468, 
2, 252, 0.2340, 0.0005, 95.312, 100.000, 0.945, 0.485, 
2, 252, 0.2785, 0.0004, 93.750, 100.000, 0.946, 0.592, 
2, 252, 0.1524, 0.0004, 95.312, 100.000, 0.939, 0.534, 
2, 252, 0.4080, 0.0005, 87.500, 100.000, 0.932, 0.452, 
2, 252, 0.0715, 0.0005, 96.875, 100.000, 0.944, 0.464, 
2, 252, 0.3116, 0.0004, 92.188, 100.000, 0.940, 0.540, 
2, 252, 0.2780, 0.0004, 93.750, 100.000, 0.949, 0.547, 
2, 252, 0.2061, 0.0004, 96.875, 100.000, 0.949, 0.651, 
2, 252, 0.4840, 0.0004, 89.062, 100.000, 0.934, 0.620, 
2, 252, 0.1993, 0.0005, 93.750, 100.000, 0.929, 0.611, 
2, 252, 0.0727, 0.0004, 98.438, 100.000, 0.952, 0.630, 
2, 252, 0.2374, 0.0003, 92.188, 98.438, 0.951, 0.698, 
2, 252, 0.2852, 0.0003, 92.188, 100.000, 0.959, 0.745, 
2, 252, 0.2395, 0.0004, 92.188, 100.000, 0.940, 0.697, 
2, 252, 0.3100, 0.0004, 95.312, 100.000, 0.939, 0.605, 
2, 252, 0.2537, 0.0004, 96.875, 100.000, 0.951, 0.560, 
2, 252, 0.2984, 0.0004, 89.062, 100.000, 0.945, 0.567, 
2, 252, 0.2197, 0.0005, 95.312, 100.000, 0.889, 0.532, 
2, 252, 0.2547, 0.0005, 93.750, 100.000, 0.933, 0.526, 
2, 252, 0.2907, 0.0004, 93.750, 98.438, 0.923, 0.652, 
2, 252, 0.3613, 0.0004, 93.750, 98.438, 0.950, 0.623, 
2, 252, 0.0692, 0.0004, 96.875, 100.000, 0.953, 0.577, 
2, 252, 0.4000, 0.0006, 92.188, 100.000, 0.897, 0.538, 
2, 252, 0.0614, 0.0004, 98.438, 100.000, 0.955, 0.534, 
2, 252, 0.1179, 0.0004, 95.312, 100.000, 0.947, 0.527, 
2, 252, 0.2187, 0.0004, 92.188, 100.000, 0.954, 0.564, 
2, 252, 0.1797, 0.0004, 95.312, 98.438, 0.945, 0.618, 
2, 252, 0.1710, 0.0005, 93.750, 100.000, 0.950, 0.453, 
3, 252, 0.2736, 0.0004, 92.188, 100.000, 0.948, 0.603, 
3, 252, 0.0475, 0.0004, 98.438, 100.000, 0.946, 0.500, 
3, 252, 0.3528, 0.0004, 87.500, 100.000, 0.948, 0.552, 
3, 252, 0.2379, 0.0004, 92.188, 100.000, 0.955, 0.601, 
3, 252, 0.1184, 0.0004, 93.750, 100.000, 0.944, 0.570, 
3, 252, 0.5058, 0.0004, 87.500, 100.000, 0.949, 0.513, 
3, 252, 0.2431, 0.0004, 93.750, 100.000, 0.961, 0.495, 
3, 252, 0.1974, 0.0004, 96.875, 100.000, 0.957, 0.498, 
3, 252, 0.3837, 0.0005, 89.062, 100.000, 0.918, 0.589, 
3, 252, 0.1883, 0.0004, 95.312, 100.000, 0.948, 0.546, 
3, 252, 0.0970, 0.0005, 96.875, 100.000, 0.943, 0.475, 
3, 252, 0.1469, 0.0004, 95.312, 100.000, 0.952, 0.489, 
3, 252, 0.1099, 0.0004, 96.875, 100.000, 0.952, 0.522, 
3, 252, 0.1282, 0.0004, 95.312, 100.000, 0.928, 0.579, 
3, 252, 0.1987, 0.0004, 93.750, 100.000, 0.932, 0.749, 
3, 252, 0.1368, 0.0005, 93.750, 100.000, 0.948, 0.495, 
3, 252, 0.2812, 0.0004, 92.188, 100.000, 0.937, 0.597, 
3, 252, 0.1029, 0.0004, 96.875, 100.000, 0.951, 0.559, 
3, 252, 0.1881, 0.0004, 93.750, 100.000, 0.945, 0.518, 
3, 252, 0.1448, 0.0004, 95.312, 100.000, 0.935, 0.516, 
3, 252, 0.1759, 0.0005, 93.750, 100.000, 0.943, 0.564, 
3, 252, 0.2944, 0.0005, 90.625, 98.438, 0.957, 0.407, 
3, 252, 0.1451, 0.0004, 96.875, 100.000, 0.955, 0.658, 
3, 252, 0.0339, 0.0004, 98.438, 100.000, 0.946, 0.640, 
3, 252, 0.4513, 0.0005, 89.062, 98.438, 0.941, 0.467, 
3, 252, 0.1850, 0.0004, 95.312, 100.000, 0.939, 0.616, 
3, 252, 0.2821, 0.0004, 93.750, 100.000, 0.962, 0.537, 
3, 252, 0.0809, 0.0005, 96.875, 100.000, 0.956, 0.372, 
3, 252, 0.1456, 0.0003, 95.312, 100.000, 0.963, 0.616, 
3, 252, 0.1790, 0.0004, 95.312, 100.000, 0.954, 0.607, 
3, 252, 0.1425, 0.0005, 95.312, 100.000, 0.961, 0.391, 
3, 252, 0.0412, 0.0005, 100.000, 100.000, 0.949, 0.367, 
3, 252, 0.1543, 0.0004, 93.750, 100.000, 0.950, 0.627, 
3, 252, 0.1490, 0.0004, 92.188, 100.000, 0.952, 0.525, 
3, 252, 0.1549, 0.0005, 96.875, 100.000, 0.949, 0.402, 
3, 252, 0.0904, 0.0004, 96.875, 100.000, 0.961, 0.441, 
3, 252, 0.1140, 0.0004, 95.312, 100.000, 0.957, 0.478, 
3, 252, 0.1895, 0.0005, 95.312, 100.000, 0.958, 0.404, 
3, 252, 0.1818, 0.0004, 95.312, 100.000, 0.958, 0.495, 
3, 252, 0.1266, 0.0004, 96.875, 100.000, 0.960, 0.594, 
3, 252, 0.1905, 0.0004, 95.312, 98.438, 0.949, 0.551, 
3, 252, 0.1734, 0.0004, 93.750, 100.000, 0.959, 0.637, 
3, 252, 0.1429, 0.0004, 92.188, 100.000, 0.941, 0.578, 
3, 252, 0.3615, 0.0005, 90.625, 100.000, 0.951, 0.449, 
3, 252, 0.1927, 0.0004, 93.750, 100.000, 0.962, 0.486, 
3, 252, 0.0347, 0.0004, 100.000, 100.000, 0.961, 0.442, 
3, 252, 0.1186, 0.0004, 95.312, 100.000, 0.966, 0.526, 
3, 252, 0.1567, 0.0004, 96.875, 100.000, 0.962, 0.560, 
3, 252, 0.2004, 0.0005, 92.188, 100.000, 0.933, 0.465, 
3, 252, 0.0896, 0.0004, 96.875, 100.000, 0.956, 0.500, 
3, 252, 0.0324, 0.0004, 98.438, 100.000, 0.963, 0.514, 
3, 252, 0.2360, 0.0004, 92.188, 100.000, 0.961, 0.500, 
3, 252, 0.1748, 0.0005, 93.750, 100.000, 0.939, 0.484, 
3, 252, 0.1053, 0.0005, 96.875, 100.000, 0.951, 0.353, 
3, 252, 0.1111, 0.0004, 96.875, 100.000, 0.953, 0.489, 
3, 252, 0.0269, 0.0005, 98.438, 100.000, 0.962, 0.506, 
3, 252, 0.1849, 0.0005, 90.625, 100.000, 0.949, 0.353, 
3, 252, 0.0791, 0.0006, 98.438, 100.000, 0.934, 0.321, 
3, 252, 0.0161, 0.0005, 100.000, 100.000, 0.961, 0.336, 
3, 252, 0.0390, 0.0006, 98.438, 100.000, 0.929, 0.401, 
3, 252, 0.0369, 0.0005, 100.000, 100.000, 0.962, 0.371, 
3, 252, 0.2004, 0.0006, 95.312, 100.000, 0.922, 0.309, 
3, 252, 0.1816, 0.0005, 96.875, 100.000, 0.932, 0.578, 
4, 252, 0.0949, 0.0004, 96.875, 100.000, 0.958, 0.506, 
4, 252, 0.0775, 0.0005, 96.875, 100.000, 0.956, 0.492, 
4, 252, 0.3179, 0.0004, 89.062, 100.000, 0.957, 0.530, 
4, 252, 0.0343, 0.0005, 98.438, 100.000, 0.959, 0.407, 
4, 252, 0.1086, 0.0005, 93.750, 100.000, 0.956, 0.406, 
4, 252, 0.1059, 0.0003, 96.875, 100.000, 0.967, 0.623, 
4, 252, 0.1683, 0.0004, 96.875, 100.000, 0.966, 0.563, 
4, 252, 0.0424, 0.0004, 98.438, 100.000, 0.967, 0.587, 
4, 252, 0.1163, 0.0004, 93.750, 100.000, 0.965, 0.615, 
4, 252, 0.2201, 0.0004, 93.750, 100.000, 0.967, 0.662, 
4, 252, 0.1727, 0.0004, 95.312, 100.000, 0.954, 0.531, 
4, 252, 0.2002, 0.0004, 92.188, 100.000, 0.964, 0.548, 
4, 252, 0.2122, 0.0005, 92.188, 100.000, 0.961, 0.364, 
4, 252, 0.0976, 0.0005, 93.750, 100.000, 0.963, 0.385, 
4, 252, 0.1932, 0.0004, 95.312, 100.000, 0.958, 0.426, 
4, 252, 0.0404, 0.0005, 100.000, 100.000, 0.950, 0.319, 
4, 252, 0.0403, 0.0004, 98.438, 100.000, 0.958, 0.447, 
4, 252, 0.1057, 0.0004, 96.875, 98.438, 0.969, 0.465, 
4, 252, 0.0874, 0.0004, 98.438, 100.000, 0.966, 0.580, 
4, 252, 0.3165, 0.0004, 92.188, 98.438, 0.966, 0.453, 
4, 252, 0.1576, 0.0005, 96.875, 100.000, 0.955, 0.371, 
4, 252, 0.0659, 0.0004, 98.438, 100.000, 0.960, 0.523, 
4, 252, 0.0718, 0.0005, 98.438, 100.000, 0.951, 0.366, 
4, 252, 0.3134, 0.0005, 92.188, 100.000, 0.928, 0.487, 
4, 252, 0.2399, 0.0005, 95.312, 100.000, 0.960, 0.364, 
4, 252, 0.0811, 0.0005, 95.312, 100.000, 0.960, 0.308, 
4, 252, 0.0744, 0.0005, 98.438, 100.000, 0.966, 0.432, 
4, 252, 0.0697, 0.0004, 96.875, 100.000, 0.968, 0.493, 
4, 252, 0.0940, 0.0005, 98.438, 100.000, 0.966, 0.441, 
4, 252, 0.0676, 0.0005, 96.875, 100.000, 0.963, 0.385, 
4, 252, 0.1312, 0.0005, 96.875, 100.000, 0.946, 0.452, 
4, 252, 0.0673, 0.0004, 96.875, 100.000, 0.949, 0.493, 
4, 252, 0.1363, 0.0004, 93.750, 100.000, 0.959, 0.505, 
4, 252, 0.0562, 0.0004, 96.875, 100.000, 0.966, 0.496, 
4, 252, 0.0621, 0.0004, 98.438, 100.000, 0.964, 0.453, 
4, 252, 0.0470, 0.0004, 98.438, 100.000, 0.965, 0.460, 
4, 252, 0.0602, 0.0004, 95.312, 100.000, 0.970, 0.495, 
4, 252, 0.0780, 0.0004, 95.312, 100.000, 0.966, 0.429, 
4, 252, 0.1112, 0.0004, 98.438, 100.000, 0.962, 0.534, 
4, 252, 0.2014, 0.0004, 92.188, 100.000, 0.959, 0.546, 
4, 252, 0.2567, 0.0005, 90.625, 100.000, 0.944, 0.325, 
4, 252, 0.1570, 0.0004, 95.312, 100.000, 0.964, 0.478, 
4, 252, 0.3108, 0.0005, 90.625, 98.438, 0.960, 0.408, 
4, 252, 0.0773, 0.0004, 98.438, 100.000, 0.969, 0.516, 
4, 252, 0.0575, 0.0004, 100.000, 100.000, 0.964, 0.470, 
4, 252, 0.1684, 0.0004, 93.750, 100.000, 0.969, 0.460, 
4, 252, 0.1377, 0.0004, 96.875, 100.000, 0.969, 0.521, 
4, 252, 0.0393, 0.0004, 98.438, 100.000, 0.966, 0.470, 
4, 252, 0.1619, 0.0004, 93.750, 100.000, 0.954, 0.458, 
4, 252, 0.4341, 0.0004, 78.125, 100.000, 0.957, 0.473, 
4, 252, 0.0399, 0.0005, 100.000, 100.000, 0.965, 0.370, 
4, 252, 0.0812, 0.0005, 98.438, 100.000, 0.971, 0.364, 
4, 252, 0.0836, 0.0005, 96.875, 100.000, 0.968, 0.330, 
4, 252, 0.1706, 0.0004, 93.750, 100.000, 0.968, 0.454, 
4, 252, 0.0256, 0.0004, 100.000, 100.000, 0.971, 0.483, 
4, 252, 0.2427, 0.0004, 95.312, 100.000, 0.948, 0.621, 
4, 252, 0.1258, 0.0004, 98.438, 100.000, 0.962, 0.428, 
4, 252, 0.1195, 0.0004, 93.750, 100.000, 0.961, 0.459, 
4, 252, 0.1440, 0.0006, 96.875, 96.875, 0.935, 0.255, 
4, 252, 0.2129, 0.0005, 90.625, 98.438, 0.958, 0.407, 
4, 252, 0.1603, 0.0005, 96.875, 100.000, 0.944, 0.435, 
4, 252, 0.0630, 0.0003, 98.438, 100.000, 0.961, 0.685, 
4, 252, 0.0804, 0.0004, 98.438, 100.000, 0.973, 0.567, 
5, 252, 0.3031, 0.0004, 90.625, 100.000, 0.960, 0.556, 
5, 252, 0.0988, 0.0004, 93.750, 100.000, 0.972, 0.541, 
5, 252, 0.1059, 0.0004, 93.750, 100.000, 0.954, 0.502, 
5, 252, 0.2528, 0.0004, 92.188, 100.000, 0.954, 0.551, 
5, 252, 0.2445, 0.0004, 90.625, 100.000, 0.958, 0.549, 
5, 252, 0.1428, 0.0005, 95.312, 100.000, 0.960, 0.378, 
5, 252, 0.1552, 0.0005, 95.312, 100.000, 0.960, 0.426, 
5, 252, 0.0213, 0.0004, 100.000, 100.000, 0.970, 0.528, 
5, 252, 0.0123, 0.0003, 100.000, 100.000, 0.967, 0.594, 
5, 252, 0.1487, 0.0004, 95.312, 98.438, 0.967, 0.655, 
5, 252, 0.0598, 0.0003, 96.875, 100.000, 0.972, 0.603, 
5, 252, 0.1109, 0.0003, 98.438, 100.000, 0.968, 0.690, 
5, 252, 0.0701, 0.0003, 98.438, 98.438, 0.970, 0.698, 
5, 252, 0.1504, 0.0004, 96.875, 98.438, 0.972, 0.495, 
5, 252, 0.2909, 0.0008, 93.750, 98.438, 0.833, 0.417, 
5, 252, 0.1300, 0.0004, 95.312, 100.000, 0.969, 0.559, 
5, 252, 0.1138, 0.0004, 98.438, 100.000, 0.971, 0.530, 
5, 252, 0.1759, 0.0004, 93.750, 100.000, 0.965, 0.478, 
5, 252, 0.0393, 0.0004, 98.438, 100.000, 0.966, 0.618, 
5, 252, 0.1461, 0.0005, 95.312, 98.438, 0.926, 0.387, 
5, 252, 0.1684, 0.0005, 96.875, 100.000, 0.952, 0.327, 
5, 252, 0.5648, 0.0005, 89.062, 98.438, 0.921, 0.467, 
5, 252, 0.0933, 0.0004, 95.312, 100.000, 0.966, 0.551, 
5, 252, 0.2403, 0.0004, 93.750, 100.000, 0.938, 0.547, 
5, 252, 0.0489, 0.0004, 98.438, 100.000, 0.965, 0.562, 
5, 252, 0.0604, 0.0004, 96.875, 100.000, 0.973, 0.552, 
5, 252, 0.0463, 0.0004, 96.875, 100.000, 0.974, 0.464, 
5, 252, 0.0954, 0.0005, 96.875, 100.000, 0.963, 0.402, 
5, 252, 0.0934, 0.0004, 96.875, 100.000, 0.966, 0.563, 
5, 252, 0.1906, 0.0004, 95.312, 100.000, 0.969, 0.473, 
5, 252, 0.0503, 0.0005, 98.438, 100.000, 0.963, 0.446, 
5, 252, 0.3368, 0.0005, 93.750, 98.438, 0.913, 0.507, 
5, 252, 0.0260, 0.0005, 98.438, 100.000, 0.957, 0.312, 
5, 252, 0.1322, 0.0005, 93.750, 100.000, 0.965, 0.392, 
5, 252, 0.2390, 0.0004, 93.750, 100.000, 0.961, 0.482, 
5, 252, 0.0852, 0.0006, 96.875, 100.000, 0.959, 0.261, 
5, 252, 0.2143, 0.0004, 92.188, 100.000, 0.964, 0.498, 
5, 252, 0.1615, 0.0005, 93.750, 100.000, 0.966, 0.380, 
5, 252, 0.0869, 0.0005, 98.438, 98.438, 0.965, 0.451, 
5, 252, 0.0138, 0.0005, 100.000, 100.000, 0.967, 0.357, 
5, 252, 0.0882, 0.0004, 96.875, 100.000, 0.948, 0.546, 
5, 252, 0.1052, 0.0005, 95.312, 100.000, 0.954, 0.434, 
5, 252, 0.1286, 0.0004, 95.312, 98.438, 0.965, 0.480, 
5, 252, 0.0601, 0.0004, 98.438, 100.000, 0.955, 0.462, 
5, 252, 0.0382, 0.0005, 98.438, 100.000, 0.954, 0.423, 
5, 252, 0.1419, 0.0005, 95.312, 100.000, 0.939, 0.438, 
5, 252, 0.0490, 0.0005, 100.000, 100.000, 0.946, 0.397, 
5, 252, 0.1983, 0.0004, 95.312, 100.000, 0.960, 0.545, 
5, 252, 0.0896, 0.0003, 95.312, 100.000, 0.966, 0.637, 
5, 252, 0.1917, 0.0004, 95.312, 100.000, 0.958, 0.502, 
5, 252, 0.1538, 0.0004, 95.312, 100.000, 0.949, 0.508, 
5, 252, 0.1141, 0.0004, 96.875, 100.000, 0.928, 0.641, 
5, 252, 0.2863, 0.0003, 93.750, 100.000, 0.970, 0.608, 
5, 252, 0.0577, 0.0004, 98.438, 100.000, 0.947, 0.524, 
5, 252, 0.1515, 0.0004, 95.312, 100.000, 0.969, 0.585, 
5, 252, 0.0560, 0.0003, 98.438, 100.000, 0.965, 0.633, 
5, 252, 0.1388, 0.0004, 95.312, 100.000, 0.964, 0.536, 
5, 252, 0.0431, 0.0003, 98.438, 100.000, 0.973, 0.753, 
5, 252, 0.2276, 0.0003, 96.875, 100.000, 0.972, 0.705, 
5, 252, 0.0285, 0.0003, 98.438, 100.000, 0.975, 0.655, 
