epoch, neuron_units, loss, dl2_loss, top1, top5, dl2_p_acc, dl2_constraint_acc
1, 252, 2.2927, 0.0023, 14.062, 59.375, 0.103, 1.000, 
1, 252, 2.2763, 0.0023, 18.750, 68.750, 0.103, 0.910, 
1, 252, 2.2343, 0.0023, 31.250, 75.000, 0.205, 0.636, 
1, 252, 2.1083, 0.0022, 35.938, 89.062, 0.408, 0.641, 
1, 252, 1.8079, 0.0021, 56.250, 90.625, 0.576, 0.257, 
1, 252, 1.1560, 0.0017, 67.188, 95.312, 0.646, 0.341, 
1, 252, 1.0569, 0.0015, 62.500, 98.438, 0.674, 0.341, 
1, 252, 0.8945, 0.0013, 70.312, 95.312, 0.730, 0.151, 
1, 252, 0.5999, 0.0011, 81.250, 98.438, 0.806, 0.066, 
1, 252, 0.3908, 0.0010, 85.938, 100.000, 0.854, 0.083, 
1, 252, 0.5338, 0.0010, 85.938, 100.000, 0.820, 0.351, 
1, 252, 0.5438, 0.0010, 82.812, 98.438, 0.764, 0.297, 
1, 252, 0.4400, 0.0009, 90.625, 98.438, 0.846, 0.317, 
1, 252, 0.2807, 0.0009, 90.625, 100.000, 0.848, 0.322, 
1, 252, 0.3620, 0.0009, 92.188, 98.438, 0.857, 0.132, 
1, 252, 0.3961, 0.0008, 89.062, 100.000, 0.886, 0.410, 
1, 252, 0.4191, 0.0008, 87.500, 98.438, 0.877, 0.270, 
1, 252, 0.4304, 0.0008, 82.812, 100.000, 0.853, 0.197, 
1, 252, 0.2301, 0.0008, 92.188, 100.000, 0.844, 0.361, 
1, 252, 0.2475, 0.0007, 93.750, 100.000, 0.920, 0.317, 
1, 252, 0.2684, 0.0007, 90.625, 100.000, 0.911, 0.251, 
1, 252, 0.2690, 0.0007, 93.750, 98.438, 0.921, 0.317, 
1, 252, 0.3765, 0.0007, 90.625, 98.438, 0.864, 0.328, 
1, 252, 0.4717, 0.0007, 85.938, 98.438, 0.908, 0.420, 
1, 252, 0.2840, 0.0007, 87.500, 100.000, 0.908, 0.337, 
1, 252, 0.1569, 0.0007, 93.750, 100.000, 0.922, 0.349, 
1, 252, 0.2107, 0.0006, 92.188, 100.000, 0.915, 0.427, 
1, 252, 0.1972, 0.0006, 93.750, 100.000, 0.917, 0.270, 
1, 252, 0.2407, 0.0006, 93.750, 100.000, 0.935, 0.366, 
1, 252, 0.2249, 0.0006, 92.188, 100.000, 0.934, 0.366, 
1, 252, 0.1830, 0.0006, 92.188, 100.000, 0.942, 0.338, 
1, 252, 0.3452, 0.0006, 89.062, 100.000, 0.912, 0.338, 
1, 252, 0.0759, 0.0006, 100.000, 100.000, 0.935, 0.426, 
1, 252, 0.1630, 0.0006, 95.312, 100.000, 0.947, 0.332, 
1, 252, 0.1678, 0.0005, 92.188, 100.000, 0.948, 0.414, 
1, 252, 0.1374, 0.0006, 95.312, 100.000, 0.945, 0.393, 
1, 252, 0.2549, 0.0006, 95.312, 98.438, 0.932, 0.323, 
1, 252, 0.1706, 0.0005, 96.875, 98.438, 0.953, 0.377, 
1, 252, 0.1493, 0.0005, 95.312, 100.000, 0.924, 0.465, 
1, 252, 0.0839, 0.0005, 98.438, 100.000, 0.950, 0.357, 
1, 252, 0.1911, 0.0005, 95.312, 100.000, 0.951, 0.441, 
1, 252, 0.1562, 0.0005, 95.312, 100.000, 0.951, 0.383, 
1, 252, 0.3316, 0.0005, 93.750, 100.000, 0.956, 0.372, 
1, 252, 0.1515, 0.0005, 96.875, 100.000, 0.956, 0.380, 
1, 252, 0.1340, 0.0005, 96.875, 100.000, 0.956, 0.428, 
1, 252, 0.1611, 0.0005, 92.188, 100.000, 0.956, 0.421, 
1, 252, 0.1636, 0.0005, 96.875, 98.438, 0.957, 0.440, 
1, 252, 0.3456, 0.0005, 89.062, 100.000, 0.951, 0.471, 
1, 252, 0.0531, 0.0005, 100.000, 100.000, 0.958, 0.443, 
1, 252, 0.1569, 0.0005, 93.750, 100.000, 0.957, 0.394, 
1, 252, 0.0697, 0.0005, 96.875, 100.000, 0.950, 0.508, 
1, 252, 0.2833, 0.0005, 90.625, 100.000, 0.946, 0.446, 
1, 252, 0.1946, 0.0005, 92.188, 100.000, 0.964, 0.350, 
1, 252, 0.1266, 0.0005, 93.750, 100.000, 0.960, 0.438, 
1, 252, 0.0542, 0.0005, 100.000, 100.000, 0.964, 0.357, 
1, 252, 0.1051, 0.0005, 95.312, 100.000, 0.960, 0.362, 
1, 252, 0.1322, 0.0005, 95.312, 100.000, 0.968, 0.399, 
1, 252, 0.1512, 0.0005, 93.750, 100.000, 0.942, 0.394, 
1, 252, 0.1509, 0.0004, 95.312, 100.000, 0.964, 0.426, 
1, 252, 0.1358, 0.0005, 93.750, 100.000, 0.959, 0.445, 
1, 252, 0.1066, 0.0004, 95.312, 100.000, 0.962, 0.468, 
1, 252, 0.1932, 0.0004, 93.750, 100.000, 0.960, 0.464, 
1, 252, 0.1555, 0.0004, 93.750, 100.000, 0.964, 0.470, 
2, 252, 0.1419, 0.0004, 95.312, 100.000, 0.963, 0.486, 
2, 252, 0.0728, 0.0004, 98.438, 100.000, 0.968, 0.505, 
2, 252, 0.0831, 0.0004, 96.875, 100.000, 0.955, 0.571, 
2, 252, 0.0926, 0.0004, 96.875, 100.000, 0.965, 0.516, 
2, 252, 0.0453, 0.0004, 98.438, 100.000, 0.963, 0.534, 
2, 252, 0.1387, 0.0004, 96.875, 100.000, 0.966, 0.530, 
2, 252, 0.3302, 0.0004, 93.750, 100.000, 0.967, 0.463, 
2, 252, 0.0469, 0.0004, 98.438, 100.000, 0.969, 0.433, 
2, 252, 0.0899, 0.0004, 98.438, 100.000, 0.970, 0.522, 
2, 252, 0.1524, 0.0004, 96.875, 100.000, 0.963, 0.460, 
2, 252, 0.0857, 0.0004, 95.312, 100.000, 0.967, 0.519, 
2, 252, 0.0723, 0.0004, 98.438, 100.000, 0.968, 0.560, 
2, 252, 0.0809, 0.0004, 95.312, 100.000, 0.967, 0.546, 
2, 252, 0.0929, 0.0004, 98.438, 100.000, 0.960, 0.500, 
2, 252, 0.0649, 0.0004, 96.875, 100.000, 0.973, 0.590, 
2, 252, 0.1443, 0.0004, 95.312, 100.000, 0.966, 0.606, 
2, 252, 0.1491, 0.0004, 95.312, 100.000, 0.966, 0.472, 
2, 252, 0.0272, 0.0004, 100.000, 100.000, 0.968, 0.509, 
2, 252, 0.0611, 0.0003, 98.438, 100.000, 0.973, 0.579, 
2, 252, 0.0364, 0.0003, 98.438, 100.000, 0.975, 0.612, 
2, 252, 0.0821, 0.0004, 96.875, 100.000, 0.969, 0.571, 
2, 252, 0.1149, 0.0004, 93.750, 100.000, 0.975, 0.592, 
2, 252, 0.0534, 0.0004, 96.875, 100.000, 0.968, 0.530, 
2, 252, 0.2329, 0.0004, 95.312, 100.000, 0.976, 0.506, 
2, 252, 0.0643, 0.0004, 96.875, 100.000, 0.962, 0.422, 
2, 252, 0.1032, 0.0004, 96.875, 100.000, 0.976, 0.460, 
2, 252, 0.0273, 0.0004, 98.438, 100.000, 0.975, 0.511, 
2, 252, 0.0432, 0.0004, 98.438, 100.000, 0.968, 0.512, 
2, 252, 0.0258, 0.0003, 98.438, 100.000, 0.976, 0.556, 
2, 252, 0.0375, 0.0004, 98.438, 100.000, 0.977, 0.515, 
2, 252, 0.0817, 0.0003, 98.438, 100.000, 0.974, 0.562, 
2, 252, 0.0876, 0.0004, 96.875, 100.000, 0.972, 0.569, 
2, 252, 0.0873, 0.0004, 96.875, 100.000, 0.969, 0.522, 
2, 252, 0.1178, 0.0004, 95.312, 100.000, 0.972, 0.594, 
2, 252, 0.0177, 0.0004, 100.000, 100.000, 0.974, 0.490, 
2, 252, 0.1225, 0.0004, 96.875, 100.000, 0.978, 0.507, 
2, 252, 0.0677, 0.0004, 96.875, 100.000, 0.977, 0.456, 
2, 252, 0.0318, 0.0004, 100.000, 100.000, 0.977, 0.502, 
2, 252, 0.1975, 0.0004, 95.312, 100.000, 0.971, 0.504, 
2, 252, 0.0184, 0.0004, 100.000, 100.000, 0.964, 0.484, 
2, 252, 0.1874, 0.0004, 95.312, 100.000, 0.964, 0.515, 
2, 252, 0.1911, 0.0004, 95.312, 100.000, 0.974, 0.527, 
2, 252, 0.0757, 0.0004, 98.438, 100.000, 0.970, 0.510, 
2, 252, 0.2339, 0.0003, 90.625, 100.000, 0.980, 0.564, 
2, 252, 0.0507, 0.0003, 98.438, 100.000, 0.977, 0.606, 
2, 252, 0.0637, 0.0003, 98.438, 100.000, 0.978, 0.657, 
2, 252, 0.0459, 0.0003, 96.875, 100.000, 0.975, 0.664, 
2, 252, 0.0947, 0.0003, 98.438, 100.000, 0.970, 0.620, 
2, 252, 0.0641, 0.0003, 96.875, 100.000, 0.977, 0.617, 
2, 252, 0.1057, 0.0003, 98.438, 100.000, 0.959, 0.672, 
2, 252, 0.0183, 0.0003, 100.000, 100.000, 0.978, 0.615, 
2, 252, 0.0371, 0.0003, 100.000, 100.000, 0.978, 0.637, 
2, 252, 0.0421, 0.0003, 98.438, 100.000, 0.974, 0.651, 
2, 252, 0.0918, 0.0003, 96.875, 100.000, 0.976, 0.584, 
2, 252, 0.0796, 0.0003, 96.875, 100.000, 0.976, 0.616, 
2, 252, 0.2884, 0.0003, 93.750, 100.000, 0.979, 0.607, 
2, 252, 0.0218, 0.0003, 100.000, 100.000, 0.975, 0.604, 
2, 252, 0.0167, 0.0003, 100.000, 100.000, 0.980, 0.611, 
2, 252, 0.0273, 0.0003, 98.438, 100.000, 0.978, 0.611, 
2, 252, 0.0610, 0.0003, 96.875, 100.000, 0.977, 0.618, 
2, 252, 0.1101, 0.0003, 93.750, 100.000, 0.978, 0.574, 
2, 252, 0.0516, 0.0003, 98.438, 100.000, 0.981, 0.672, 
2, 252, 0.1069, 0.0003, 96.875, 100.000, 0.971, 0.636, 
3, 252, 0.1489, 0.0003, 96.875, 100.000, 0.969, 0.572, 
3, 252, 0.0289, 0.0003, 100.000, 100.000, 0.981, 0.605, 
3, 252, 0.0524, 0.0003, 98.438, 100.000, 0.977, 0.623, 
3, 252, 0.0788, 0.0004, 96.875, 100.000, 0.970, 0.560, 
3, 252, 0.0204, 0.0003, 100.000, 100.000, 0.981, 0.647, 
3, 252, 0.1291, 0.0003, 95.312, 100.000, 0.969, 0.605, 
3, 252, 0.0700, 0.0003, 96.875, 100.000, 0.975, 0.634, 
3, 252, 0.0225, 0.0003, 100.000, 100.000, 0.981, 0.617, 
3, 252, 0.0228, 0.0003, 100.000, 100.000, 0.979, 0.669, 
3, 252, 0.0802, 0.0003, 95.312, 100.000, 0.981, 0.631, 
3, 252, 0.0099, 0.0003, 100.000, 100.000, 0.974, 0.563, 
3, 252, 0.1813, 0.0003, 96.875, 100.000, 0.982, 0.590, 
3, 252, 0.1139, 0.0003, 95.312, 100.000, 0.980, 0.635, 
3, 252, 0.0672, 0.0003, 98.438, 100.000, 0.977, 0.620, 
3, 252, 0.0690, 0.0003, 96.875, 100.000, 0.971, 0.678, 
3, 252, 0.0137, 0.0003, 100.000, 100.000, 0.982, 0.659, 
3, 252, 0.0634, 0.0003, 96.875, 100.000, 0.979, 0.690, 
3, 252, 0.0525, 0.0003, 98.438, 100.000, 0.973, 0.687, 
3, 252, 0.1225, 0.0003, 95.312, 100.000, 0.982, 0.676, 
3, 252, 0.0596, 0.0003, 96.875, 100.000, 0.984, 0.650, 
3, 252, 0.0657, 0.0003, 98.438, 100.000, 0.980, 0.608, 
3, 252, 0.1433, 0.0003, 96.875, 100.000, 0.983, 0.622, 
3, 252, 0.1233, 0.0003, 95.312, 100.000, 0.978, 0.707, 
3, 252, 0.0148, 0.0003, 100.000, 100.000, 0.982, 0.662, 
3, 252, 0.0623, 0.0003, 98.438, 100.000, 0.979, 0.694, 
3, 252, 0.0419, 0.0003, 100.000, 100.000, 0.976, 0.697, 
3, 252, 0.2216, 0.0003, 93.750, 100.000, 0.967, 0.747, 
3, 252, 0.0486, 0.0003, 98.438, 100.000, 0.982, 0.729, 
3, 252, 0.0293, 0.0003, 100.000, 100.000, 0.983, 0.688, 
3, 252, 0.0260, 0.0003, 98.438, 100.000, 0.974, 0.669, 
3, 252, 0.0510, 0.0003, 98.438, 100.000, 0.979, 0.659, 
3, 252, 0.0471, 0.0003, 98.438, 100.000, 0.982, 0.685, 
3, 252, 0.1269, 0.0003, 98.438, 100.000, 0.982, 0.653, 
3, 252, 0.0567, 0.0003, 96.875, 100.000, 0.983, 0.675, 
3, 252, 0.0854, 0.0003, 95.312, 100.000, 0.982, 0.660, 
3, 252, 0.1040, 0.0003, 95.312, 100.000, 0.984, 0.648, 
3, 252, 0.0216, 0.0003, 100.000, 100.000, 0.982, 0.664, 
3, 252, 0.1553, 0.0003, 95.312, 100.000, 0.985, 0.572, 
3, 252, 0.0607, 0.0003, 98.438, 100.000, 0.978, 0.593, 
3, 252, 0.0113, 0.0003, 100.000, 100.000, 0.983, 0.703, 
3, 252, 0.1608, 0.0003, 93.750, 98.438, 0.980, 0.582, 
3, 252, 0.1858, 0.0003, 95.312, 100.000, 0.983, 0.663, 
3, 252, 0.0248, 0.0003, 100.000, 100.000, 0.983, 0.653, 
3, 252, 0.2095, 0.0003, 96.875, 100.000, 0.983, 0.640, 
3, 252, 0.0344, 0.0003, 100.000, 100.000, 0.983, 0.584, 
3, 252, 0.0165, 0.0003, 100.000, 100.000, 0.984, 0.619, 
3, 252, 0.0297, 0.0003, 98.438, 100.000, 0.984, 0.627, 
3, 252, 0.0265, 0.0003, 100.000, 100.000, 0.982, 0.631, 
3, 252, 0.0475, 0.0003, 98.438, 100.000, 0.983, 0.615, 
3, 252, 0.0325, 0.0003, 98.438, 100.000, 0.983, 0.675, 
3, 252, 0.0210, 0.0003, 100.000, 100.000, 0.985, 0.635, 
3, 252, 0.0205, 0.0003, 100.000, 100.000, 0.981, 0.640, 
3, 252, 0.1131, 0.0003, 95.312, 100.000, 0.983, 0.662, 
3, 252, 0.0429, 0.0003, 96.875, 100.000, 0.982, 0.689, 
3, 252, 0.0081, 0.0003, 100.000, 100.000, 0.978, 0.726, 
3, 252, 0.0135, 0.0002, 100.000, 100.000, 0.984, 0.738, 
3, 252, 0.0637, 0.0003, 95.312, 100.000, 0.981, 0.676, 
3, 252, 0.0079, 0.0003, 100.000, 100.000, 0.977, 0.623, 
3, 252, 0.0084, 0.0003, 100.000, 100.000, 0.982, 0.674, 
3, 252, 0.0130, 0.0003, 100.000, 100.000, 0.982, 0.669, 
3, 252, 0.0273, 0.0003, 98.438, 100.000, 0.981, 0.665, 
3, 252, 0.2454, 0.0003, 95.312, 100.000, 0.984, 0.650, 
3, 252, 0.0700, 0.0003, 98.438, 100.000, 0.987, 0.689, 
4, 252, 0.0492, 0.0003, 98.438, 100.000, 0.985, 0.687, 
4, 252, 0.0252, 0.0003, 100.000, 100.000, 0.984, 0.677, 
4, 252, 0.0465, 0.0003, 98.438, 100.000, 0.981, 0.684, 
4, 252, 0.0069, 0.0003, 100.000, 100.000, 0.985, 0.680, 
4, 252, 0.0200, 0.0003, 100.000, 100.000, 0.985, 0.668, 
4, 252, 0.0442, 0.0003, 100.000, 100.000, 0.973, 0.630, 
4, 252, 0.0424, 0.0002, 98.438, 100.000, 0.986, 0.731, 
4, 252, 0.0098, 0.0002, 100.000, 100.000, 0.984, 0.713, 
4, 252, 0.0582, 0.0003, 98.438, 100.000, 0.982, 0.703, 
4, 252, 0.0365, 0.0003, 98.438, 100.000, 0.985, 0.710, 
4, 252, 0.0530, 0.0003, 96.875, 100.000, 0.986, 0.727, 
4, 252, 0.0181, 0.0003, 100.000, 100.000, 0.983, 0.731, 
4, 252, 0.1068, 0.0002, 98.438, 100.000, 0.985, 0.710, 
4, 252, 0.0065, 0.0002, 100.000, 100.000, 0.984, 0.717, 
4, 252, 0.1149, 0.0003, 96.875, 100.000, 0.980, 0.703, 
4, 252, 0.0266, 0.0003, 98.438, 100.000, 0.984, 0.665, 
4, 252, 0.0188, 0.0003, 100.000, 100.000, 0.983, 0.676, 
4, 252, 0.1269, 0.0003, 98.438, 98.438, 0.984, 0.692, 
4, 252, 0.0097, 0.0002, 100.000, 100.000, 0.986, 0.718, 
4, 252, 0.0872, 0.0002, 98.438, 100.000, 0.986, 0.766, 
4, 252, 0.0138, 0.0003, 100.000, 100.000, 0.981, 0.699, 
4, 252, 0.0184, 0.0003, 100.000, 100.000, 0.985, 0.697, 
4, 252, 0.0371, 0.0003, 100.000, 100.000, 0.985, 0.685, 
4, 252, 0.0905, 0.0003, 95.312, 100.000, 0.983, 0.673, 
4, 252, 0.0696, 0.0003, 96.875, 100.000, 0.980, 0.652, 
4, 252, 0.0083, 0.0003, 100.000, 100.000, 0.987, 0.658, 
4, 252, 0.0169, 0.0003, 100.000, 100.000, 0.985, 0.699, 
4, 252, 0.0087, 0.0003, 100.000, 100.000, 0.983, 0.678, 
4, 252, 0.0532, 0.0003, 96.875, 100.000, 0.983, 0.703, 
4, 252, 0.0706, 0.0003, 96.875, 100.000, 0.984, 0.697, 
4, 252, 0.0191, 0.0003, 98.438, 100.000, 0.983, 0.694, 
4, 252, 0.0746, 0.0002, 98.438, 100.000, 0.986, 0.698, 
4, 252, 0.0676, 0.0002, 96.875, 100.000, 0.984, 0.717, 
4, 252, 0.0458, 0.0003, 98.438, 100.000, 0.986, 0.721, 
4, 252, 0.0589, 0.0002, 96.875, 100.000, 0.986, 0.703, 
4, 252, 0.0050, 0.0002, 100.000, 100.000, 0.985, 0.723, 
4, 252, 0.0088, 0.0003, 100.000, 100.000, 0.979, 0.701, 
4, 252, 0.0708, 0.0002, 98.438, 100.000, 0.984, 0.729, 
4, 252, 0.0223, 0.0003, 100.000, 100.000, 0.982, 0.722, 
4, 252, 0.1069, 0.0002, 95.312, 100.000, 0.986, 0.693, 
4, 252, 0.0118, 0.0002, 100.000, 100.000, 0.986, 0.719, 
4, 252, 0.0314, 0.0002, 98.438, 100.000, 0.986, 0.752, 
4, 252, 0.1357, 0.0002, 95.312, 100.000, 0.983, 0.755, 
4, 252, 0.0155, 0.0002, 100.000, 100.000, 0.984, 0.730, 
4, 252, 0.0163, 0.0002, 100.000, 100.000, 0.987, 0.712, 
4, 252, 0.0475, 0.0002, 96.875, 100.000, 0.985, 0.712, 
4, 252, 0.0805, 0.0002, 98.438, 100.000, 0.984, 0.759, 
4, 252, 0.0358, 0.0002, 100.000, 100.000, 0.986, 0.738, 
4, 252, 0.0912, 0.0002, 98.438, 100.000, 0.983, 0.746, 
4, 252, 0.0193, 0.0002, 100.000, 100.000, 0.981, 0.754, 
4, 252, 0.0035, 0.0002, 100.000, 100.000, 0.984, 0.775, 
4, 252, 0.1056, 0.0002, 93.750, 100.000, 0.983, 0.723, 
4, 252, 0.0596, 0.0002, 96.875, 100.000, 0.985, 0.737, 
4, 252, 0.1130, 0.0002, 95.312, 100.000, 0.983, 0.724, 
4, 252, 0.0195, 0.0002, 98.438, 100.000, 0.985, 0.701, 
4, 252, 0.0343, 0.0002, 96.875, 100.000, 0.985, 0.730, 
4, 252, 0.0193, 0.0002, 100.000, 100.000, 0.985, 0.705, 
4, 252, 0.0029, 0.0002, 100.000, 100.000, 0.985, 0.715, 
4, 252, 0.0470, 0.0003, 98.438, 100.000, 0.983, 0.698, 
4, 252, 0.0200, 0.0002, 100.000, 100.000, 0.983, 0.724, 
4, 252, 0.0475, 0.0003, 98.438, 100.000, 0.980, 0.688, 
4, 252, 0.0056, 0.0002, 100.000, 100.000, 0.987, 0.742, 
4, 252, 0.1391, 0.0002, 96.875, 100.000, 0.987, 0.708, 
5, 252, 0.1102, 0.0003, 95.312, 100.000, 0.983, 0.730, 
5, 252, 0.0720, 0.0002, 98.438, 100.000, 0.987, 0.710, 
5, 252, 0.0294, 0.0002, 100.000, 100.000, 0.987, 0.746, 
5, 252, 0.1029, 0.0002, 95.312, 100.000, 0.985, 0.731, 
5, 252, 0.0252, 0.0002, 100.000, 100.000, 0.983, 0.757, 
5, 252, 0.0287, 0.0002, 98.438, 100.000, 0.987, 0.746, 
5, 252, 0.1605, 0.0003, 95.312, 100.000, 0.984, 0.743, 
5, 252, 0.0386, 0.0002, 98.438, 100.000, 0.986, 0.713, 
5, 252, 0.0022, 0.0002, 100.000, 100.000, 0.985, 0.706, 
5, 252, 0.0400, 0.0002, 98.438, 100.000, 0.988, 0.742, 
5, 252, 0.0239, 0.0002, 100.000, 100.000, 0.988, 0.740, 
5, 252, 0.0322, 0.0002, 98.438, 100.000, 0.984, 0.715, 
5, 252, 0.0168, 0.0002, 100.000, 100.000, 0.986, 0.768, 
5, 252, 0.0289, 0.0002, 98.438, 100.000, 0.985, 0.749, 
5, 252, 0.2134, 0.0002, 96.875, 98.438, 0.986, 0.715, 
5, 252, 0.0581, 0.0002, 96.875, 100.000, 0.981, 0.743, 
5, 252, 0.0447, 0.0002, 98.438, 100.000, 0.987, 0.736, 
5, 252, 0.0388, 0.0002, 98.438, 100.000, 0.986, 0.713, 
5, 252, 0.0078, 0.0003, 100.000, 100.000, 0.983, 0.740, 
5, 252, 0.0373, 0.0002, 98.438, 100.000, 0.986, 0.687, 
5, 252, 0.0721, 0.0002, 96.875, 100.000, 0.986, 0.729, 
5, 252, 0.0610, 0.0002, 96.875, 100.000, 0.985, 0.710, 
5, 252, 0.0311, 0.0002, 100.000, 100.000, 0.985, 0.725, 
5, 252, 0.0053, 0.0002, 100.000, 100.000, 0.986, 0.741, 
5, 252, 0.0069, 0.0002, 100.000, 100.000, 0.988, 0.739, 
5, 252, 0.0180, 0.0002, 100.000, 100.000, 0.985, 0.755, 
5, 252, 0.0299, 0.0002, 98.438, 100.000, 0.987, 0.753, 
5, 252, 0.0394, 0.0002, 96.875, 100.000, 0.986, 0.762, 
5, 252, 0.0280, 0.0002, 98.438, 100.000, 0.987, 0.797, 
5, 252, 0.0364, 0.0002, 98.438, 100.000, 0.986, 0.790, 
5, 252, 0.0735, 0.0002, 96.875, 100.000, 0.987, 0.780, 
5, 252, 0.2302, 0.0003, 95.312, 100.000, 0.986, 0.682, 
5, 252, 0.0074, 0.0002, 100.000, 100.000, 0.985, 0.709, 
5, 252, 0.0723, 0.0003, 96.875, 100.000, 0.986, 0.705, 
5, 252, 0.0750, 0.0002, 95.312, 100.000, 0.987, 0.725, 
5, 252, 0.0753, 0.0002, 96.875, 100.000, 0.988, 0.769, 
5, 252, 0.1275, 0.0002, 96.875, 100.000, 0.988, 0.767, 
5, 252, 0.0237, 0.0002, 98.438, 100.000, 0.989, 0.752, 
5, 252, 0.0092, 0.0002, 100.000, 100.000, 0.987, 0.758, 
5, 252, 0.0076, 0.0002, 100.000, 100.000, 0.985, 0.749, 
5, 252, 0.0149, 0.0002, 100.000, 100.000, 0.986, 0.723, 
5, 252, 0.0203, 0.0002, 98.438, 100.000, 0.988, 0.698, 
5, 252, 0.1450, 0.0002, 93.750, 100.000, 0.988, 0.736, 
5, 252, 0.0040, 0.0002, 100.000, 100.000, 0.987, 0.743, 
5, 252, 0.0038, 0.0002, 100.000, 100.000, 0.987, 0.739, 
5, 252, 0.0193, 0.0002, 100.000, 100.000, 0.987, 0.731, 
5, 252, 0.0028, 0.0002, 100.000, 100.000, 0.987, 0.773, 
5, 252, 0.0094, 0.0002, 100.000, 100.000, 0.988, 0.737, 
5, 252, 0.0522, 0.0002, 98.438, 100.000, 0.988, 0.745, 
5, 252, 0.0574, 0.0002, 98.438, 100.000, 0.988, 0.735, 
5, 252, 0.0062, 0.0002, 100.000, 100.000, 0.986, 0.765, 
5, 252, 0.0172, 0.0002, 98.438, 100.000, 0.984, 0.749, 
5, 252, 0.2520, 0.0002, 95.312, 100.000, 0.987, 0.712, 
5, 252, 0.0624, 0.0002, 96.875, 100.000, 0.988, 0.729, 
5, 252, 0.0244, 0.0002, 98.438, 100.000, 0.986, 0.742, 
5, 252, 0.0097, 0.0002, 100.000, 100.000, 0.986, 0.757, 
5, 252, 0.0248, 0.0002, 98.438, 100.000, 0.988, 0.761, 
5, 252, 0.0125, 0.0002, 100.000, 100.000, 0.985, 0.772, 
5, 252, 0.1250, 0.0002, 96.875, 100.000, 0.980, 0.787, 
5, 252, 0.0025, 0.0002, 100.000, 100.000, 0.988, 0.739, 
5, 252, 0.0236, 0.0002, 100.000, 100.000, 0.987, 0.738, 
5, 252, 0.0192, 0.0002, 98.438, 100.000, 0.987, 0.749, 
5, 252, 0.0358, 0.0003, 98.438, 100.000, 0.984, 0.696, 
6, 252, 0.0100, 0.0002, 100.000, 100.000, 0.986, 0.746, 
6, 252, 0.0078, 0.0002, 100.000, 100.000, 0.990, 0.738, 
6, 252, 0.0399, 0.0002, 98.438, 100.000, 0.986, 0.705, 
6, 252, 0.0039, 0.0002, 100.000, 100.000, 0.989, 0.695, 
6, 252, 0.0358, 0.0002, 98.438, 100.000, 0.987, 0.720, 
6, 252, 0.0224, 0.0002, 100.000, 100.000, 0.987, 0.787, 
6, 252, 0.0267, 0.0002, 100.000, 100.000, 0.988, 0.780, 
6, 252, 0.0392, 0.0002, 98.438, 100.000, 0.987, 0.775, 
6, 252, 0.0495, 0.0002, 98.438, 100.000, 0.988, 0.814, 
6, 252, 0.0039, 0.0002, 100.000, 100.000, 0.989, 0.785, 
6, 252, 0.0166, 0.0002, 100.000, 100.000, 0.985, 0.766, 
6, 252, 0.0103, 0.0002, 100.000, 100.000, 0.986, 0.750, 
6, 252, 0.0103, 0.0002, 100.000, 100.000, 0.988, 0.780, 
6, 252, 0.0573, 0.0002, 96.875, 100.000, 0.987, 0.767, 
6, 252, 0.0431, 0.0002, 98.438, 100.000, 0.987, 0.738, 
6, 252, 0.0422, 0.0002, 96.875, 100.000, 0.989, 0.752, 
6, 252, 0.0054, 0.0002, 100.000, 100.000, 0.986, 0.748, 
6, 252, 0.0919, 0.0002, 98.438, 100.000, 0.986, 0.758, 
6, 252, 0.0132, 0.0002, 100.000, 100.000, 0.987, 0.738, 
6, 252, 0.1043, 0.0002, 96.875, 100.000, 0.988, 0.755, 
6, 252, 0.1036, 0.0002, 98.438, 100.000, 0.985, 0.710, 
6, 252, 0.0044, 0.0002, 100.000, 100.000, 0.988, 0.751, 
6, 252, 0.0161, 0.0002, 100.000, 100.000, 0.988, 0.735, 
6, 252, 0.1493, 0.0002, 96.875, 100.000, 0.989, 0.750, 
6, 252, 0.0295, 0.0002, 98.438, 100.000, 0.989, 0.726, 
6, 252, 0.0457, 0.0002, 98.438, 100.000, 0.985, 0.703, 
6, 252, 0.0532, 0.0002, 98.438, 100.000, 0.987, 0.743, 
6, 252, 0.0209, 0.0002, 98.438, 100.000, 0.985, 0.753, 
6, 252, 0.0041, 0.0002, 100.000, 100.000, 0.985, 0.781, 
6, 252, 0.0039, 0.0002, 100.000, 100.000, 0.987, 0.814, 
6, 252, 0.0092, 0.0002, 100.000, 100.000, 0.987, 0.757, 
6, 252, 0.0293, 0.0002, 98.438, 100.000, 0.989, 0.729, 
6, 252, 0.0078, 0.0002, 100.000, 100.000, 0.988, 0.723, 
6, 252, 0.0118, 0.0002, 100.000, 100.000, 0.987, 0.741, 
6, 252, 0.1119, 0.0002, 96.875, 100.000, 0.987, 0.752, 
6, 252, 0.0495, 0.0002, 96.875, 100.000, 0.991, 0.767, 
6, 252, 0.0535, 0.0002, 96.875, 100.000, 0.986, 0.727, 
6, 252, 0.0165, 0.0002, 100.000, 100.000, 0.988, 0.781, 
6, 252, 0.0528, 0.0002, 98.438, 100.000, 0.989, 0.760, 
6, 252, 0.0452, 0.0002, 98.438, 100.000, 0.988, 0.747, 
6, 252, 0.0011, 0.0002, 100.000, 100.000, 0.985, 0.748, 
6, 252, 0.0370, 0.0002, 98.438, 100.000, 0.988, 0.819, 
6, 252, 0.0510, 0.0002, 98.438, 100.000, 0.982, 0.770, 
6, 252, 0.0039, 0.0002, 100.000, 100.000, 0.989, 0.801, 
6, 252, 0.0106, 0.0002, 100.000, 100.000, 0.989, 0.780, 
6, 252, 0.0028, 0.0002, 100.000, 100.000, 0.990, 0.772, 
6, 252, 0.0075, 0.0002, 100.000, 100.000, 0.988, 0.778, 
6, 252, 0.0077, 0.0002, 100.000, 100.000, 0.987, 0.763, 
6, 252, 0.0294, 0.0002, 98.438, 100.000, 0.984, 0.762, 
6, 252, 0.0521, 0.0002, 98.438, 100.000, 0.988, 0.778, 
6, 252, 0.0211, 0.0002, 98.438, 100.000, 0.990, 0.735, 
6, 252, 0.0021, 0.0002, 100.000, 100.000, 0.987, 0.735, 
6, 252, 0.0118, 0.0002, 100.000, 100.000, 0.987, 0.788, 
6, 252, 0.0259, 0.0002, 98.438, 100.000, 0.989, 0.768, 
6, 252, 0.0199, 0.0002, 100.000, 100.000, 0.987, 0.816, 
6, 252, 0.0521, 0.0002, 96.875, 100.000, 0.987, 0.752, 
6, 252, 0.0415, 0.0002, 98.438, 100.000, 0.987, 0.754, 
6, 252, 0.0056, 0.0002, 100.000, 100.000, 0.987, 0.769, 
6, 252, 0.0069, 0.0002, 100.000, 100.000, 0.988, 0.794, 
6, 252, 0.0726, 0.0002, 96.875, 100.000, 0.988, 0.771, 
6, 252, 0.0110, 0.0002, 100.000, 100.000, 0.988, 0.766, 
6, 252, 0.0109, 0.0002, 100.000, 100.000, 0.988, 0.762, 
6, 252, 0.0092, 0.0002, 100.000, 100.000, 0.988, 0.754, 
epoch, neuron_units, loss, dl2_loss, top1, top5, dl2_p_acc, dl2_constraint_acc
1, 252, 2.2927, 0.0023, 14.062, 59.375, 0.103, 1.000, 
1, 252, 2.2763, 0.0023, 18.750, 68.750, 0.103, 0.910, 
1, 252, 2.2343, 0.0023, 31.250, 75.000, 0.205, 0.636, 
1, 252, 2.1083, 0.0022, 35.938, 89.062, 0.408, 0.641, 
1, 252, 1.8079, 0.0021, 56.250, 90.625, 0.576, 0.257, 
1, 252, 1.1560, 0.0017, 67.188, 95.312, 0.646, 0.341, 
1, 252, 1.0569, 0.0015, 62.500, 98.438, 0.674, 0.341, 
1, 252, 0.8945, 0.0013, 70.312, 95.312, 0.730, 0.151, 
1, 252, 0.5999, 0.0011, 81.250, 98.438, 0.806, 0.066, 
1, 252, 0.3908, 0.0010, 85.938, 100.000, 0.854, 0.083, 
1, 252, 0.5338, 0.0010, 85.938, 100.000, 0.820, 0.351, 
1, 252, 0.5438, 0.0010, 82.812, 98.438, 0.764, 0.297, 
1, 252, 0.4400, 0.0009, 90.625, 98.438, 0.846, 0.317, 
1, 252, 0.2807, 0.0009, 90.625, 100.000, 0.848, 0.322, 
1, 252, 0.3620, 0.0009, 92.188, 98.438, 0.857, 0.132, 
1, 252, 0.3961, 0.0008, 89.062, 100.000, 0.886, 0.410, 
1, 252, 0.4191, 0.0008, 87.500, 98.438, 0.877, 0.270, 
1, 252, 0.4304, 0.0008, 82.812, 100.000, 0.853, 0.197, 
1, 252, 0.2301, 0.0008, 92.188, 100.000, 0.844, 0.361, 
1, 252, 0.2475, 0.0007, 93.750, 100.000, 0.920, 0.317, 
1, 252, 0.2684, 0.0007, 90.625, 100.000, 0.911, 0.251, 
1, 252, 0.2690, 0.0007, 93.750, 98.438, 0.921, 0.317, 
1, 252, 0.3765, 0.0007, 90.625, 98.438, 0.864, 0.328, 
1, 252, 0.4717, 0.0007, 85.938, 98.438, 0.908, 0.420, 
1, 252, 0.2840, 0.0007, 87.500, 100.000, 0.908, 0.337, 
1, 252, 0.1569, 0.0007, 93.750, 100.000, 0.922, 0.349, 
1, 252, 0.2107, 0.0006, 92.188, 100.000, 0.915, 0.427, 
1, 252, 0.1972, 0.0006, 93.750, 100.000, 0.917, 0.270, 
1, 252, 0.2407, 0.0006, 93.750, 100.000, 0.935, 0.366, 
1, 252, 0.2249, 0.0006, 92.188, 100.000, 0.934, 0.366, 
1, 252, 0.1830, 0.0006, 92.188, 100.000, 0.942, 0.338, 
1, 252, 0.3452, 0.0006, 89.062, 100.000, 0.912, 0.338, 
1, 252, 0.0759, 0.0006, 100.000, 100.000, 0.935, 0.426, 
1, 252, 0.1630, 0.0006, 95.312, 100.000, 0.947, 0.332, 
1, 252, 0.1678, 0.0005, 92.188, 100.000, 0.948, 0.414, 
1, 252, 0.1374, 0.0006, 95.312, 100.000, 0.945, 0.393, 
1, 252, 0.2549, 0.0006, 95.312, 98.438, 0.932, 0.323, 
1, 252, 0.1706, 0.0005, 96.875, 98.438, 0.953, 0.377, 
1, 252, 0.1493, 0.0005, 95.312, 100.000, 0.924, 0.465, 
1, 252, 0.0839, 0.0005, 98.438, 100.000, 0.950, 0.357, 
1, 252, 0.1911, 0.0005, 95.312, 100.000, 0.951, 0.441, 
1, 252, 0.1562, 0.0005, 95.312, 100.000, 0.951, 0.383, 
1, 252, 0.3316, 0.0005, 93.750, 100.000, 0.956, 0.372, 
1, 252, 0.1515, 0.0005, 96.875, 100.000, 0.956, 0.380, 
1, 252, 0.1340, 0.0005, 96.875, 100.000, 0.956, 0.428, 
1, 252, 0.1611, 0.0005, 92.188, 100.000, 0.956, 0.421, 
1, 252, 0.1636, 0.0005, 96.875, 98.438, 0.957, 0.440, 
1, 252, 0.3456, 0.0005, 89.062, 100.000, 0.951, 0.471, 
1, 252, 0.0531, 0.0005, 100.000, 100.000, 0.958, 0.443, 
1, 252, 0.1569, 0.0005, 93.750, 100.000, 0.957, 0.394, 
1, 252, 0.0697, 0.0005, 96.875, 100.000, 0.950, 0.508, 
1, 252, 0.2833, 0.0005, 90.625, 100.000, 0.946, 0.446, 
1, 252, 0.1946, 0.0005, 92.188, 100.000, 0.964, 0.350, 
1, 252, 0.1266, 0.0005, 93.750, 100.000, 0.960, 0.438, 
1, 252, 0.0542, 0.0005, 100.000, 100.000, 0.964, 0.357, 
1, 252, 0.1051, 0.0005, 95.312, 100.000, 0.960, 0.362, 
1, 252, 0.1322, 0.0005, 95.312, 100.000, 0.968, 0.399, 
1, 252, 0.1512, 0.0005, 93.750, 100.000, 0.942, 0.394, 
1, 252, 0.1509, 0.0004, 95.312, 100.000, 0.964, 0.426, 
1, 252, 0.1358, 0.0005, 93.750, 100.000, 0.959, 0.445, 
1, 252, 0.1066, 0.0004, 95.312, 100.000, 0.962, 0.468, 
1, 252, 0.1932, 0.0004, 93.750, 100.000, 0.960, 0.464, 
1, 252, 0.1555, 0.0004, 93.750, 100.000, 0.964, 0.470, 
2, 252, 0.1419, 0.0004, 95.312, 100.000, 0.963, 0.486, 
2, 252, 0.0728, 0.0004, 98.438, 100.000, 0.968, 0.505, 
2, 252, 0.0831, 0.0004, 96.875, 100.000, 0.955, 0.571, 
2, 252, 0.0926, 0.0004, 96.875, 100.000, 0.965, 0.516, 
2, 252, 0.0453, 0.0004, 98.438, 100.000, 0.963, 0.534, 
2, 252, 0.1387, 0.0004, 96.875, 100.000, 0.966, 0.530, 
2, 252, 0.3302, 0.0004, 93.750, 100.000, 0.967, 0.463, 
2, 252, 0.0469, 0.0004, 98.438, 100.000, 0.969, 0.433, 
2, 252, 0.0899, 0.0004, 98.438, 100.000, 0.970, 0.522, 
2, 252, 0.1524, 0.0004, 96.875, 100.000, 0.963, 0.460, 
2, 252, 0.0857, 0.0004, 95.312, 100.000, 0.967, 0.519, 
2, 252, 0.0723, 0.0004, 98.438, 100.000, 0.968, 0.560, 
2, 252, 0.0809, 0.0004, 95.312, 100.000, 0.967, 0.546, 
2, 252, 0.0929, 0.0004, 98.438, 100.000, 0.960, 0.500, 
2, 252, 0.0649, 0.0004, 96.875, 100.000, 0.973, 0.590, 
2, 252, 0.1443, 0.0004, 95.312, 100.000, 0.966, 0.606, 
2, 252, 0.1491, 0.0004, 95.312, 100.000, 0.966, 0.472, 
2, 252, 0.0272, 0.0004, 100.000, 100.000, 0.968, 0.509, 
2, 252, 0.0611, 0.0003, 98.438, 100.000, 0.973, 0.579, 
2, 252, 0.0364, 0.0003, 98.438, 100.000, 0.975, 0.612, 
2, 252, 0.0821, 0.0004, 96.875, 100.000, 0.969, 0.571, 
2, 252, 0.1149, 0.0004, 93.750, 100.000, 0.975, 0.592, 
2, 252, 0.0534, 0.0004, 96.875, 100.000, 0.968, 0.530, 
2, 252, 0.2329, 0.0004, 95.312, 100.000, 0.976, 0.506, 
2, 252, 0.0643, 0.0004, 96.875, 100.000, 0.962, 0.422, 
2, 252, 0.1032, 0.0004, 96.875, 100.000, 0.976, 0.460, 
2, 252, 0.0273, 0.0004, 98.438, 100.000, 0.975, 0.511, 
2, 252, 0.0432, 0.0004, 98.438, 100.000, 0.968, 0.512, 
2, 252, 0.0258, 0.0003, 98.438, 100.000, 0.976, 0.556, 
2, 252, 0.0375, 0.0004, 98.438, 100.000, 0.977, 0.515, 
2, 252, 0.0817, 0.0003, 98.438, 100.000, 0.974, 0.562, 
2, 252, 0.0876, 0.0004, 96.875, 100.000, 0.972, 0.569, 
2, 252, 0.0873, 0.0004, 96.875, 100.000, 0.969, 0.522, 
2, 252, 0.1178, 0.0004, 95.312, 100.000, 0.972, 0.594, 
2, 252, 0.0177, 0.0004, 100.000, 100.000, 0.974, 0.490, 
2, 252, 0.1225, 0.0004, 96.875, 100.000, 0.978, 0.507, 
2, 252, 0.0677, 0.0004, 96.875, 100.000, 0.977, 0.456, 
2, 252, 0.0318, 0.0004, 100.000, 100.000, 0.977, 0.502, 
2, 252, 0.1975, 0.0004, 95.312, 100.000, 0.971, 0.504, 
2, 252, 0.0184, 0.0004, 100.000, 100.000, 0.964, 0.484, 
2, 252, 0.1874, 0.0004, 95.312, 100.000, 0.964, 0.515, 
2, 252, 0.1911, 0.0004, 95.312, 100.000, 0.974, 0.527, 
2, 252, 0.0757, 0.0004, 98.438, 100.000, 0.970, 0.510, 
2, 252, 0.2339, 0.0003, 90.625, 100.000, 0.980, 0.564, 
2, 252, 0.0507, 0.0003, 98.438, 100.000, 0.977, 0.606, 
2, 252, 0.0637, 0.0003, 98.438, 100.000, 0.978, 0.657, 
2, 252, 0.0459, 0.0003, 96.875, 100.000, 0.975, 0.664, 
2, 252, 0.0947, 0.0003, 98.438, 100.000, 0.970, 0.620, 
2, 252, 0.0641, 0.0003, 96.875, 100.000, 0.977, 0.617, 
2, 252, 0.1057, 0.0003, 98.438, 100.000, 0.959, 0.672, 
2, 252, 0.0183, 0.0003, 100.000, 100.000, 0.978, 0.615, 
2, 252, 0.0371, 0.0003, 100.000, 100.000, 0.978, 0.637, 
2, 252, 0.0421, 0.0003, 98.438, 100.000, 0.974, 0.651, 
2, 252, 0.0918, 0.0003, 96.875, 100.000, 0.976, 0.584, 
2, 252, 0.0796, 0.0003, 96.875, 100.000, 0.976, 0.616, 
2, 252, 0.2884, 0.0003, 93.750, 100.000, 0.979, 0.607, 
2, 252, 0.0218, 0.0003, 100.000, 100.000, 0.975, 0.604, 
2, 252, 0.0167, 0.0003, 100.000, 100.000, 0.980, 0.611, 
2, 252, 0.0273, 0.0003, 98.438, 100.000, 0.978, 0.611, 
2, 252, 0.0610, 0.0003, 96.875, 100.000, 0.977, 0.618, 
2, 252, 0.1101, 0.0003, 93.750, 100.000, 0.978, 0.574, 
2, 252, 0.0516, 0.0003, 98.438, 100.000, 0.981, 0.672, 
2, 252, 0.1069, 0.0003, 96.875, 100.000, 0.971, 0.636, 
3, 252, 0.1489, 0.0003, 96.875, 100.000, 0.969, 0.572, 
3, 252, 0.0289, 0.0003, 100.000, 100.000, 0.981, 0.605, 
3, 252, 0.0524, 0.0003, 98.438, 100.000, 0.977, 0.623, 
3, 252, 0.0788, 0.0004, 96.875, 100.000, 0.970, 0.560, 
3, 252, 0.0204, 0.0003, 100.000, 100.000, 0.981, 0.647, 
3, 252, 0.1291, 0.0003, 95.312, 100.000, 0.969, 0.605, 
3, 252, 0.0700, 0.0003, 96.875, 100.000, 0.975, 0.634, 
3, 252, 0.0225, 0.0003, 100.000, 100.000, 0.981, 0.617, 
3, 252, 0.0228, 0.0003, 100.000, 100.000, 0.979, 0.669, 
3, 252, 0.0802, 0.0003, 95.312, 100.000, 0.981, 0.631, 
3, 252, 0.0099, 0.0003, 100.000, 100.000, 0.974, 0.563, 
3, 252, 0.1813, 0.0003, 96.875, 100.000, 0.982, 0.590, 
3, 252, 0.1139, 0.0003, 95.312, 100.000, 0.980, 0.635, 
3, 252, 0.0672, 0.0003, 98.438, 100.000, 0.977, 0.620, 
3, 252, 0.0690, 0.0003, 96.875, 100.000, 0.971, 0.678, 
3, 252, 0.0137, 0.0003, 100.000, 100.000, 0.982, 0.659, 
3, 252, 0.0634, 0.0003, 96.875, 100.000, 0.979, 0.690, 
3, 252, 0.0525, 0.0003, 98.438, 100.000, 0.973, 0.687, 
3, 252, 0.1225, 0.0003, 95.312, 100.000, 0.982, 0.676, 
3, 252, 0.0596, 0.0003, 96.875, 100.000, 0.984, 0.650, 
3, 252, 0.0657, 0.0003, 98.438, 100.000, 0.980, 0.608, 
3, 252, 0.1433, 0.0003, 96.875, 100.000, 0.983, 0.622, 
3, 252, 0.1233, 0.0003, 95.312, 100.000, 0.978, 0.707, 
3, 252, 0.0148, 0.0003, 100.000, 100.000, 0.982, 0.662, 
3, 252, 0.0623, 0.0003, 98.438, 100.000, 0.979, 0.694, 
3, 252, 0.0419, 0.0003, 100.000, 100.000, 0.976, 0.697, 
3, 252, 0.2216, 0.0003, 93.750, 100.000, 0.967, 0.747, 
3, 252, 0.0486, 0.0003, 98.438, 100.000, 0.982, 0.729, 
3, 252, 0.0293, 0.0003, 100.000, 100.000, 0.983, 0.688, 
3, 252, 0.0260, 0.0003, 98.438, 100.000, 0.974, 0.669, 
3, 252, 0.0510, 0.0003, 98.438, 100.000, 0.979, 0.659, 
3, 252, 0.0471, 0.0003, 98.438, 100.000, 0.982, 0.685, 
3, 252, 0.1269, 0.0003, 98.438, 100.000, 0.982, 0.653, 
3, 252, 0.0567, 0.0003, 96.875, 100.000, 0.983, 0.675, 
3, 252, 0.0854, 0.0003, 95.312, 100.000, 0.982, 0.660, 
3, 252, 0.1040, 0.0003, 95.312, 100.000, 0.984, 0.648, 
3, 252, 0.0216, 0.0003, 100.000, 100.000, 0.982, 0.664, 
3, 252, 0.1553, 0.0003, 95.312, 100.000, 0.985, 0.572, 
3, 252, 0.0607, 0.0003, 98.438, 100.000, 0.978, 0.593, 
3, 252, 0.0113, 0.0003, 100.000, 100.000, 0.983, 0.703, 
3, 252, 0.1608, 0.0003, 93.750, 98.438, 0.980, 0.582, 
3, 252, 0.1858, 0.0003, 95.312, 100.000, 0.983, 0.663, 
3, 252, 0.0248, 0.0003, 100.000, 100.000, 0.983, 0.653, 
3, 252, 0.2095, 0.0003, 96.875, 100.000, 0.983, 0.640, 
3, 252, 0.0344, 0.0003, 100.000, 100.000, 0.983, 0.584, 
3, 252, 0.0165, 0.0003, 100.000, 100.000, 0.984, 0.619, 
3, 252, 0.0297, 0.0003, 98.438, 100.000, 0.984, 0.627, 
3, 252, 0.0265, 0.0003, 100.000, 100.000, 0.982, 0.631, 
3, 252, 0.0475, 0.0003, 98.438, 100.000, 0.983, 0.615, 
3, 252, 0.0325, 0.0003, 98.438, 100.000, 0.983, 0.675, 
3, 252, 0.0210, 0.0003, 100.000, 100.000, 0.985, 0.635, 
3, 252, 0.0205, 0.0003, 100.000, 100.000, 0.981, 0.640, 
3, 252, 0.1131, 0.0003, 95.312, 100.000, 0.983, 0.662, 
3, 252, 0.0429, 0.0003, 96.875, 100.000, 0.982, 0.689, 
3, 252, 0.0081, 0.0003, 100.000, 100.000, 0.978, 0.726, 
3, 252, 0.0135, 0.0002, 100.000, 100.000, 0.984, 0.738, 
3, 252, 0.0637, 0.0003, 95.312, 100.000, 0.981, 0.676, 
3, 252, 0.0079, 0.0003, 100.000, 100.000, 0.977, 0.623, 
3, 252, 0.0084, 0.0003, 100.000, 100.000, 0.982, 0.674, 
3, 252, 0.0130, 0.0003, 100.000, 100.000, 0.982, 0.669, 
3, 252, 0.0273, 0.0003, 98.438, 100.000, 0.981, 0.665, 
3, 252, 0.2454, 0.0003, 95.312, 100.000, 0.984, 0.650, 
3, 252, 0.0700, 0.0003, 98.438, 100.000, 0.987, 0.689, 
4, 252, 0.0492, 0.0003, 98.438, 100.000, 0.985, 0.687, 
4, 252, 0.0252, 0.0003, 100.000, 100.000, 0.984, 0.677, 
4, 252, 0.0465, 0.0003, 98.438, 100.000, 0.981, 0.684, 
4, 252, 0.0069, 0.0003, 100.000, 100.000, 0.985, 0.680, 
4, 252, 0.0200, 0.0003, 100.000, 100.000, 0.985, 0.668, 
4, 252, 0.0442, 0.0003, 100.000, 100.000, 0.973, 0.630, 
4, 252, 0.0424, 0.0002, 98.438, 100.000, 0.986, 0.731, 
4, 252, 0.0098, 0.0002, 100.000, 100.000, 0.984, 0.713, 
4, 252, 0.0582, 0.0003, 98.438, 100.000, 0.982, 0.703, 
4, 252, 0.0365, 0.0003, 98.438, 100.000, 0.985, 0.710, 
4, 252, 0.0530, 0.0003, 96.875, 100.000, 0.986, 0.727, 
4, 252, 0.0181, 0.0003, 100.000, 100.000, 0.983, 0.731, 
4, 252, 0.1068, 0.0002, 98.438, 100.000, 0.985, 0.710, 
4, 252, 0.0065, 0.0002, 100.000, 100.000, 0.984, 0.717, 
4, 252, 0.1149, 0.0003, 96.875, 100.000, 0.980, 0.703, 
4, 252, 0.0266, 0.0003, 98.438, 100.000, 0.984, 0.665, 
4, 252, 0.0188, 0.0003, 100.000, 100.000, 0.983, 0.676, 
4, 252, 0.1269, 0.0003, 98.438, 98.438, 0.984, 0.692, 
4, 252, 0.0097, 0.0002, 100.000, 100.000, 0.986, 0.718, 
4, 252, 0.0872, 0.0002, 98.438, 100.000, 0.986, 0.766, 
4, 252, 0.0138, 0.0003, 100.000, 100.000, 0.981, 0.699, 
4, 252, 0.0184, 0.0003, 100.000, 100.000, 0.985, 0.697, 
4, 252, 0.0371, 0.0003, 100.000, 100.000, 0.985, 0.685, 
4, 252, 0.0905, 0.0003, 95.312, 100.000, 0.983, 0.673, 
4, 252, 0.0696, 0.0003, 96.875, 100.000, 0.980, 0.652, 
4, 252, 0.0083, 0.0003, 100.000, 100.000, 0.987, 0.658, 
4, 252, 0.0169, 0.0003, 100.000, 100.000, 0.985, 0.699, 
4, 252, 0.0087, 0.0003, 100.000, 100.000, 0.983, 0.678, 
4, 252, 0.0532, 0.0003, 96.875, 100.000, 0.983, 0.703, 
4, 252, 0.0706, 0.0003, 96.875, 100.000, 0.984, 0.697, 
4, 252, 0.0191, 0.0003, 98.438, 100.000, 0.983, 0.694, 
4, 252, 0.0746, 0.0002, 98.438, 100.000, 0.986, 0.698, 
4, 252, 0.0676, 0.0002, 96.875, 100.000, 0.984, 0.717, 
4, 252, 0.0458, 0.0003, 98.438, 100.000, 0.986, 0.721, 
4, 252, 0.0589, 0.0002, 96.875, 100.000, 0.986, 0.703, 
4, 252, 0.0050, 0.0002, 100.000, 100.000, 0.985, 0.723, 
4, 252, 0.0088, 0.0003, 100.000, 100.000, 0.979, 0.701, 
4, 252, 0.0708, 0.0002, 98.438, 100.000, 0.984, 0.729, 
4, 252, 0.0223, 0.0003, 100.000, 100.000, 0.982, 0.722, 
4, 252, 0.1069, 0.0002, 95.312, 100.000, 0.986, 0.693, 
4, 252, 0.0118, 0.0002, 100.000, 100.000, 0.986, 0.719, 
4, 252, 0.0314, 0.0002, 98.438, 100.000, 0.986, 0.752, 
4, 252, 0.1357, 0.0002, 95.312, 100.000, 0.983, 0.755, 
4, 252, 0.0155, 0.0002, 100.000, 100.000, 0.984, 0.730, 
4, 252, 0.0163, 0.0002, 100.000, 100.000, 0.987, 0.712, 
4, 252, 0.0475, 0.0002, 96.875, 100.000, 0.985, 0.712, 
4, 252, 0.0805, 0.0002, 98.438, 100.000, 0.984, 0.759, 
4, 252, 0.0358, 0.0002, 100.000, 100.000, 0.986, 0.738, 
4, 252, 0.0912, 0.0002, 98.438, 100.000, 0.983, 0.746, 
4, 252, 0.0193, 0.0002, 100.000, 100.000, 0.981, 0.754, 
4, 252, 0.0035, 0.0002, 100.000, 100.000, 0.984, 0.775, 
4, 252, 0.1056, 0.0002, 93.750, 100.000, 0.983, 0.723, 
4, 252, 0.0596, 0.0002, 96.875, 100.000, 0.985, 0.737, 
4, 252, 0.1130, 0.0002, 95.312, 100.000, 0.983, 0.724, 
4, 252, 0.0195, 0.0002, 98.438, 100.000, 0.985, 0.701, 
4, 252, 0.0343, 0.0002, 96.875, 100.000, 0.985, 0.730, 
4, 252, 0.0193, 0.0002, 100.000, 100.000, 0.985, 0.705, 
4, 252, 0.0029, 0.0002, 100.000, 100.000, 0.985, 0.715, 
4, 252, 0.0470, 0.0003, 98.438, 100.000, 0.983, 0.698, 
4, 252, 0.0200, 0.0002, 100.000, 100.000, 0.983, 0.724, 
4, 252, 0.0475, 0.0003, 98.438, 100.000, 0.980, 0.688, 
4, 252, 0.0056, 0.0002, 100.000, 100.000, 0.987, 0.742, 
4, 252, 0.1391, 0.0002, 96.875, 100.000, 0.987, 0.708, 
5, 252, 0.1102, 0.0003, 95.312, 100.000, 0.983, 0.730, 
5, 252, 0.0720, 0.0002, 98.438, 100.000, 0.987, 0.710, 
5, 252, 0.0294, 0.0002, 100.000, 100.000, 0.987, 0.746, 
5, 252, 0.1029, 0.0002, 95.312, 100.000, 0.985, 0.731, 
5, 252, 0.0252, 0.0002, 100.000, 100.000, 0.983, 0.757, 
5, 252, 0.0287, 0.0002, 98.438, 100.000, 0.987, 0.746, 
5, 252, 0.1605, 0.0003, 95.312, 100.000, 0.984, 0.743, 
5, 252, 0.0386, 0.0002, 98.438, 100.000, 0.986, 0.713, 
5, 252, 0.0022, 0.0002, 100.000, 100.000, 0.985, 0.706, 
5, 252, 0.0400, 0.0002, 98.438, 100.000, 0.988, 0.742, 
5, 252, 0.0239, 0.0002, 100.000, 100.000, 0.988, 0.740, 
5, 252, 0.0322, 0.0002, 98.438, 100.000, 0.984, 0.715, 
5, 252, 0.0168, 0.0002, 100.000, 100.000, 0.986, 0.768, 
5, 252, 0.0289, 0.0002, 98.438, 100.000, 0.985, 0.749, 
5, 252, 0.2134, 0.0002, 96.875, 98.438, 0.986, 0.715, 
5, 252, 0.0581, 0.0002, 96.875, 100.000, 0.981, 0.743, 
5, 252, 0.0447, 0.0002, 98.438, 100.000, 0.987, 0.736, 
5, 252, 0.0388, 0.0002, 98.438, 100.000, 0.986, 0.713, 
5, 252, 0.0078, 0.0003, 100.000, 100.000, 0.983, 0.740, 
5, 252, 0.0373, 0.0002, 98.438, 100.000, 0.986, 0.687, 
5, 252, 0.0721, 0.0002, 96.875, 100.000, 0.986, 0.729, 
5, 252, 0.0610, 0.0002, 96.875, 100.000, 0.985, 0.710, 
5, 252, 0.0311, 0.0002, 100.000, 100.000, 0.985, 0.725, 
5, 252, 0.0053, 0.0002, 100.000, 100.000, 0.986, 0.741, 
5, 252, 0.0069, 0.0002, 100.000, 100.000, 0.988, 0.739, 
5, 252, 0.0180, 0.0002, 100.000, 100.000, 0.985, 0.755, 
5, 252, 0.0299, 0.0002, 98.438, 100.000, 0.987, 0.753, 
5, 252, 0.0394, 0.0002, 96.875, 100.000, 0.986, 0.762, 
5, 252, 0.0280, 0.0002, 98.438, 100.000, 0.987, 0.797, 
5, 252, 0.0364, 0.0002, 98.438, 100.000, 0.986, 0.790, 
5, 252, 0.0735, 0.0002, 96.875, 100.000, 0.987, 0.780, 
5, 252, 0.2302, 0.0003, 95.312, 100.000, 0.986, 0.682, 
5, 252, 0.0074, 0.0002, 100.000, 100.000, 0.985, 0.709, 
5, 252, 0.0723, 0.0003, 96.875, 100.000, 0.986, 0.705, 
5, 252, 0.0750, 0.0002, 95.312, 100.000, 0.987, 0.725, 
5, 252, 0.0753, 0.0002, 96.875, 100.000, 0.988, 0.769, 
5, 252, 0.1275, 0.0002, 96.875, 100.000, 0.988, 0.767, 
5, 252, 0.0237, 0.0002, 98.438, 100.000, 0.989, 0.752, 
5, 252, 0.0092, 0.0002, 100.000, 100.000, 0.987, 0.758, 
5, 252, 0.0076, 0.0002, 100.000, 100.000, 0.985, 0.749, 
5, 252, 0.0149, 0.0002, 100.000, 100.000, 0.986, 0.723, 
5, 252, 0.0203, 0.0002, 98.438, 100.000, 0.988, 0.698, 
5, 252, 0.1450, 0.0002, 93.750, 100.000, 0.988, 0.736, 
5, 252, 0.0040, 0.0002, 100.000, 100.000, 0.987, 0.743, 
5, 252, 0.0038, 0.0002, 100.000, 100.000, 0.987, 0.739, 
5, 252, 0.0193, 0.0002, 100.000, 100.000, 0.987, 0.731, 
5, 252, 0.0028, 0.0002, 100.000, 100.000, 0.987, 0.773, 
5, 252, 0.0094, 0.0002, 100.000, 100.000, 0.988, 0.737, 
5, 252, 0.0522, 0.0002, 98.438, 100.000, 0.988, 0.745, 
5, 252, 0.0574, 0.0002, 98.438, 100.000, 0.988, 0.735, 
5, 252, 0.0062, 0.0002, 100.000, 100.000, 0.986, 0.765, 
5, 252, 0.0172, 0.0002, 98.438, 100.000, 0.984, 0.749, 
5, 252, 0.2520, 0.0002, 95.312, 100.000, 0.987, 0.712, 
5, 252, 0.0624, 0.0002, 96.875, 100.000, 0.988, 0.729, 
5, 252, 0.0244, 0.0002, 98.438, 100.000, 0.986, 0.742, 
5, 252, 0.0097, 0.0002, 100.000, 100.000, 0.986, 0.757, 
5, 252, 0.0248, 0.0002, 98.438, 100.000, 0.988, 0.761, 
5, 252, 0.0125, 0.0002, 100.000, 100.000, 0.985, 0.772, 
5, 252, 0.1250, 0.0002, 96.875, 100.000, 0.980, 0.787, 
5, 252, 0.0025, 0.0002, 100.000, 100.000, 0.988, 0.739, 
5, 252, 0.0236, 0.0002, 100.000, 100.000, 0.987, 0.738, 
5, 252, 0.0192, 0.0002, 98.438, 100.000, 0.987, 0.749, 
5, 252, 0.0358, 0.0003, 98.438, 100.000, 0.984, 0.696, 
6, 252, 0.0100, 0.0002, 100.000, 100.000, 0.986, 0.746, 
6, 252, 0.0078, 0.0002, 100.000, 100.000, 0.990, 0.738, 
6, 252, 0.0399, 0.0002, 98.438, 100.000, 0.986, 0.705, 
6, 252, 0.0039, 0.0002, 100.000, 100.000, 0.989, 0.695, 
6, 252, 0.0358, 0.0002, 98.438, 100.000, 0.987, 0.720, 
6, 252, 0.0224, 0.0002, 100.000, 100.000, 0.987, 0.787, 
6, 252, 0.0267, 0.0002, 100.000, 100.000, 0.988, 0.780, 
6, 252, 0.0392, 0.0002, 98.438, 100.000, 0.987, 0.775, 
6, 252, 0.0495, 0.0002, 98.438, 100.000, 0.988, 0.814, 
6, 252, 0.0039, 0.0002, 100.000, 100.000, 0.989, 0.785, 
6, 252, 0.0166, 0.0002, 100.000, 100.000, 0.985, 0.766, 
6, 252, 0.0103, 0.0002, 100.000, 100.000, 0.986, 0.750, 
6, 252, 0.0103, 0.0002, 100.000, 100.000, 0.988, 0.780, 
6, 252, 0.0573, 0.0002, 96.875, 100.000, 0.987, 0.767, 
6, 252, 0.0431, 0.0002, 98.438, 100.000, 0.987, 0.738, 
6, 252, 0.0422, 0.0002, 96.875, 100.000, 0.989, 0.752, 
6, 252, 0.0054, 0.0002, 100.000, 100.000, 0.986, 0.748, 
6, 252, 0.0919, 0.0002, 98.438, 100.000, 0.986, 0.758, 
6, 252, 0.0132, 0.0002, 100.000, 100.000, 0.987, 0.738, 
6, 252, 0.1043, 0.0002, 96.875, 100.000, 0.988, 0.755, 
6, 252, 0.1036, 0.0002, 98.438, 100.000, 0.985, 0.710, 
6, 252, 0.0044, 0.0002, 100.000, 100.000, 0.988, 0.751, 
6, 252, 0.0161, 0.0002, 100.000, 100.000, 0.988, 0.735, 
6, 252, 0.1493, 0.0002, 96.875, 100.000, 0.989, 0.750, 
6, 252, 0.0295, 0.0002, 98.438, 100.000, 0.989, 0.726, 
6, 252, 0.0457, 0.0002, 98.438, 100.000, 0.985, 0.703, 
6, 252, 0.0532, 0.0002, 98.438, 100.000, 0.987, 0.743, 
6, 252, 0.0209, 0.0002, 98.438, 100.000, 0.985, 0.753, 
6, 252, 0.0041, 0.0002, 100.000, 100.000, 0.985, 0.781, 
6, 252, 0.0039, 0.0002, 100.000, 100.000, 0.987, 0.814, 
6, 252, 0.0092, 0.0002, 100.000, 100.000, 0.987, 0.757, 
6, 252, 0.0293, 0.0002, 98.438, 100.000, 0.989, 0.729, 
6, 252, 0.0078, 0.0002, 100.000, 100.000, 0.988, 0.723, 
6, 252, 0.0118, 0.0002, 100.000, 100.000, 0.987, 0.741, 
6, 252, 0.1119, 0.0002, 96.875, 100.000, 0.987, 0.752, 
6, 252, 0.0495, 0.0002, 96.875, 100.000, 0.991, 0.767, 
6, 252, 0.0535, 0.0002, 96.875, 100.000, 0.986, 0.727, 
6, 252, 0.0165, 0.0002, 100.000, 100.000, 0.988, 0.781, 
6, 252, 0.0528, 0.0002, 98.438, 100.000, 0.989, 0.760, 
6, 252, 0.0452, 0.0002, 98.438, 100.000, 0.988, 0.747, 
6, 252, 0.0011, 0.0002, 100.000, 100.000, 0.985, 0.748, 
6, 252, 0.0370, 0.0002, 98.438, 100.000, 0.988, 0.819, 
6, 252, 0.0510, 0.0002, 98.438, 100.000, 0.982, 0.770, 
6, 252, 0.0039, 0.0002, 100.000, 100.000, 0.989, 0.801, 
6, 252, 0.0106, 0.0002, 100.000, 100.000, 0.989, 0.780, 
6, 252, 0.0028, 0.0002, 100.000, 100.000, 0.990, 0.772, 
6, 252, 0.0075, 0.0002, 100.000, 100.000, 0.988, 0.778, 
6, 252, 0.0077, 0.0002, 100.000, 100.000, 0.987, 0.763, 
6, 252, 0.0294, 0.0002, 98.438, 100.000, 0.984, 0.762, 
6, 252, 0.0521, 0.0002, 98.438, 100.000, 0.988, 0.778, 
6, 252, 0.0211, 0.0002, 98.438, 100.000, 0.990, 0.735, 
6, 252, 0.0021, 0.0002, 100.000, 100.000, 0.987, 0.735, 
6, 252, 0.0118, 0.0002, 100.000, 100.000, 0.987, 0.788, 
6, 252, 0.0259, 0.0002, 98.438, 100.000, 0.989, 0.768, 
6, 252, 0.0199, 0.0002, 100.000, 100.000, 0.987, 0.816, 
6, 252, 0.0521, 0.0002, 96.875, 100.000, 0.987, 0.752, 
6, 252, 0.0415, 0.0002, 98.438, 100.000, 0.987, 0.754, 
6, 252, 0.0056, 0.0002, 100.000, 100.000, 0.987, 0.769, 
6, 252, 0.0069, 0.0002, 100.000, 100.000, 0.988, 0.794, 
6, 252, 0.0726, 0.0002, 96.875, 100.000, 0.988, 0.771, 
6, 252, 0.0110, 0.0002, 100.000, 100.000, 0.988, 0.766, 
6, 252, 0.0109, 0.0002, 100.000, 100.000, 0.988, 0.762, 
6, 252, 0.0092, 0.0002, 100.000, 100.000, 0.988, 0.754, 
epoch, neuron_units, loss, dl2_loss, top1, top5, dl2_p_acc, dl2_constraint_acc
1, 252, 2.2927, 0.0023, 14.062, 59.375, 0.103, 1.000, 
1, 252, 2.2763, 0.0023, 18.750, 68.750, 0.103, 0.910, 
1, 252, 2.2343, 0.0023, 31.250, 75.000, 0.205, 0.636, 
1, 252, 2.1083, 0.0022, 35.938, 89.062, 0.408, 0.641, 
1, 252, 1.8079, 0.0021, 56.250, 90.625, 0.576, 0.257, 
1, 252, 1.1560, 0.0017, 67.188, 95.312, 0.646, 0.341, 
1, 252, 1.0569, 0.0015, 62.500, 98.438, 0.674, 0.341, 
1, 252, 0.8945, 0.0013, 70.312, 95.312, 0.730, 0.151, 
1, 252, 0.5999, 0.0011, 81.250, 98.438, 0.806, 0.066, 
1, 252, 0.3908, 0.0010, 85.938, 100.000, 0.854, 0.083, 
1, 252, 0.5338, 0.0010, 85.938, 100.000, 0.820, 0.351, 
1, 252, 0.5438, 0.0010, 82.812, 98.438, 0.764, 0.297, 
1, 252, 0.4400, 0.0009, 90.625, 98.438, 0.846, 0.317, 
1, 252, 0.2807, 0.0009, 90.625, 100.000, 0.848, 0.322, 
1, 252, 0.3626, 0.0009, 92.188, 98.438, 0.857, 0.131, 
1, 252, 0.3995, 0.0008, 87.500, 100.000, 0.887, 0.411, 
1, 252, 0.4170, 0.0008, 87.500, 98.438, 0.877, 0.269, 
1, 252, 0.4295, 0.0008, 82.812, 100.000, 0.851, 0.196, 
1, 252, 0.2311, 0.0008, 92.188, 100.000, 0.843, 0.360, 
1, 252, 0.2467, 0.0007, 93.750, 100.000, 0.920, 0.317, 
1, 252, 0.2694, 0.0007, 90.625, 100.000, 0.911, 0.257, 
1, 252, 0.2680, 0.0007, 92.188, 98.438, 0.922, 0.318, 
1, 252, 0.3726, 0.0007, 90.625, 98.438, 0.864, 0.404, 
1, 252, 0.4701, 0.0007, 85.938, 98.438, 0.908, 0.421, 
1, 252, 0.2838, 0.0007, 87.500, 100.000, 0.909, 0.337, 
1, 252, 0.1560, 0.0007, 93.750, 100.000, 0.923, 0.348, 
1, 252, 0.2070, 0.0006, 90.625, 100.000, 0.915, 0.430, 
1, 252, 0.1975, 0.0006, 93.750, 100.000, 0.918, 0.266, 
1, 252, 0.2446, 0.0006, 92.188, 100.000, 0.936, 0.366, 
1, 252, 0.2261, 0.0006, 92.188, 100.000, 0.935, 0.362, 
1, 252, 0.1807, 0.0006, 92.188, 100.000, 0.942, 0.333, 
1, 252, 0.3503, 0.0006, 89.062, 100.000, 0.914, 0.336, 
1, 252, 0.0762, 0.0006, 100.000, 100.000, 0.934, 0.424, 
1, 252, 0.1621, 0.0006, 95.312, 100.000, 0.948, 0.329, 
1, 252, 0.1649, 0.0005, 92.188, 100.000, 0.949, 0.411, 
1, 252, 0.1392, 0.0006, 95.312, 100.000, 0.945, 0.386, 
1, 252, 0.2543, 0.0006, 95.312, 98.438, 0.933, 0.320, 
1, 252, 0.1702, 0.0005, 96.875, 98.438, 0.953, 0.375, 
1, 252, 0.1492, 0.0005, 95.312, 100.000, 0.925, 0.467, 
1, 252, 0.0822, 0.0005, 98.438, 100.000, 0.950, 0.360, 
1, 252, 0.1890, 0.0005, 95.312, 100.000, 0.951, 0.444, 
1, 252, 0.1561, 0.0005, 95.312, 100.000, 0.951, 0.383, 
1, 252, 0.3362, 0.0005, 93.750, 100.000, 0.956, 0.367, 
1, 252, 0.1513, 0.0005, 96.875, 100.000, 0.956, 0.376, 
1, 252, 0.1354, 0.0005, 96.875, 100.000, 0.956, 0.421, 
1, 252, 0.1571, 0.0005, 93.750, 100.000, 0.956, 0.422, 
1, 252, 0.1637, 0.0005, 96.875, 98.438, 0.958, 0.436, 
1, 252, 0.3415, 0.0005, 89.062, 100.000, 0.953, 0.464, 
1, 252, 0.0550, 0.0005, 100.000, 100.000, 0.958, 0.438, 
1, 252, 0.1595, 0.0005, 93.750, 100.000, 0.956, 0.394, 
1, 252, 0.0683, 0.0005, 96.875, 100.000, 0.950, 0.510, 
1, 252, 0.2801, 0.0005, 90.625, 100.000, 0.945, 0.442, 
1, 252, 0.1975, 0.0005, 92.188, 100.000, 0.965, 0.353, 
1, 252, 0.1232, 0.0005, 93.750, 100.000, 0.960, 0.439, 
1, 252, 0.0531, 0.0005, 100.000, 100.000, 0.963, 0.358, 
1, 252, 0.1005, 0.0005, 95.312, 100.000, 0.959, 0.355, 
1, 252, 0.1271, 0.0005, 95.312, 100.000, 0.969, 0.395, 
1, 252, 0.1566, 0.0005, 93.750, 100.000, 0.942, 0.397, 
1, 252, 0.1490, 0.0004, 95.312, 100.000, 0.963, 0.417, 
1, 252, 0.1344, 0.0005, 93.750, 100.000, 0.959, 0.437, 
1, 252, 0.1105, 0.0004, 95.312, 100.000, 0.962, 0.462, 
1, 252, 0.1970, 0.0004, 93.750, 100.000, 0.960, 0.458, 
1, 252, 0.1600, 0.0004, 93.750, 100.000, 0.965, 0.462, 
2, 252, 0.1407, 0.0004, 95.312, 100.000, 0.963, 0.481, 
2, 252, 0.0752, 0.0004, 98.438, 100.000, 0.967, 0.500, 
2, 252, 0.0801, 0.0004, 96.875, 100.000, 0.955, 0.567, 
2, 252, 0.0949, 0.0004, 96.875, 100.000, 0.965, 0.518, 
2, 252, 0.0438, 0.0004, 98.438, 100.000, 0.963, 0.531, 
2, 252, 0.1399, 0.0004, 96.875, 100.000, 0.966, 0.522, 
2, 252, 0.3302, 0.0004, 93.750, 100.000, 0.967, 0.463, 
2, 252, 0.0491, 0.0004, 98.438, 100.000, 0.970, 0.431, 
2, 252, 0.0914, 0.0004, 96.875, 100.000, 0.970, 0.463, 
2, 252, 0.1508, 0.0004, 96.875, 100.000, 0.964, 0.461, 
2, 252, 0.0793, 0.0004, 95.312, 100.000, 0.967, 0.507, 
2, 252, 0.0713, 0.0004, 98.438, 100.000, 0.969, 0.560, 
2, 252, 0.0830, 0.0004, 95.312, 100.000, 0.966, 0.537, 
2, 252, 0.0966, 0.0004, 98.438, 100.000, 0.961, 0.498, 
2, 252, 0.0620, 0.0004, 96.875, 100.000, 0.973, 0.584, 
2, 252, 0.1448, 0.0004, 95.312, 100.000, 0.965, 0.609, 
2, 252, 0.1479, 0.0004, 95.312, 100.000, 0.967, 0.480, 
2, 252, 0.0279, 0.0004, 100.000, 100.000, 0.968, 0.498, 
2, 252, 0.0609, 0.0003, 98.438, 100.000, 0.974, 0.567, 
2, 252, 0.0342, 0.0003, 98.438, 100.000, 0.975, 0.602, 
2, 252, 0.0782, 0.0004, 96.875, 100.000, 0.969, 0.557, 
2, 252, 0.1122, 0.0004, 93.750, 100.000, 0.975, 0.581, 
2, 252, 0.0469, 0.0004, 96.875, 100.000, 0.968, 0.531, 
2, 252, 0.2345, 0.0004, 95.312, 100.000, 0.977, 0.505, 
2, 252, 0.0647, 0.0004, 96.875, 100.000, 0.962, 0.426, 
2, 252, 0.1035, 0.0004, 95.312, 100.000, 0.976, 0.464, 
2, 252, 0.0274, 0.0004, 98.438, 100.000, 0.974, 0.508, 
2, 252, 0.0408, 0.0004, 98.438, 100.000, 0.968, 0.521, 
2, 252, 0.0255, 0.0004, 98.438, 100.000, 0.976, 0.554, 
2, 252, 0.0391, 0.0004, 98.438, 100.000, 0.977, 0.516, 
2, 252, 0.0888, 0.0003, 98.438, 100.000, 0.975, 0.563, 
2, 252, 0.0860, 0.0004, 96.875, 100.000, 0.972, 0.569, 
2, 252, 0.0826, 0.0004, 96.875, 100.000, 0.969, 0.512, 
2, 252, 0.1246, 0.0004, 93.750, 100.000, 0.972, 0.594, 
2, 252, 0.0169, 0.0004, 100.000, 100.000, 0.974, 0.490, 
2, 252, 0.1215, 0.0004, 96.875, 100.000, 0.977, 0.503, 
2, 252, 0.0627, 0.0004, 98.438, 100.000, 0.977, 0.453, 
2, 252, 0.0338, 0.0004, 100.000, 100.000, 0.977, 0.491, 
2, 252, 0.1980, 0.0004, 95.312, 100.000, 0.972, 0.498, 
2, 252, 0.0180, 0.0004, 100.000, 100.000, 0.965, 0.488, 
2, 252, 0.1889, 0.0004, 95.312, 100.000, 0.966, 0.527, 
2, 252, 0.1996, 0.0004, 95.312, 100.000, 0.972, 0.528, 
2, 252, 0.0752, 0.0004, 98.438, 100.000, 0.971, 0.529, 
2, 252, 0.2343, 0.0003, 90.625, 100.000, 0.980, 0.573, 
2, 252, 0.0542, 0.0003, 98.438, 100.000, 0.978, 0.615, 
2, 252, 0.0672, 0.0003, 98.438, 100.000, 0.977, 0.662, 
2, 252, 0.0481, 0.0003, 96.875, 100.000, 0.975, 0.660, 
2, 252, 0.0961, 0.0003, 98.438, 100.000, 0.970, 0.615, 
2, 252, 0.0633, 0.0003, 96.875, 100.000, 0.976, 0.623, 
2, 252, 0.0988, 0.0004, 98.438, 100.000, 0.959, 0.666, 
2, 252, 0.0208, 0.0003, 98.438, 100.000, 0.978, 0.612, 
2, 252, 0.0411, 0.0003, 96.875, 100.000, 0.978, 0.636, 
2, 252, 0.0408, 0.0003, 98.438, 100.000, 0.975, 0.647, 
2, 252, 0.0842, 0.0003, 96.875, 100.000, 0.976, 0.589, 
2, 252, 0.0810, 0.0003, 96.875, 100.000, 0.976, 0.621, 
2, 252, 0.2803, 0.0003, 93.750, 100.000, 0.979, 0.609, 
2, 252, 0.0204, 0.0003, 100.000, 100.000, 0.974, 0.605, 
2, 252, 0.0160, 0.0003, 100.000, 100.000, 0.980, 0.616, 
2, 252, 0.0261, 0.0003, 100.000, 100.000, 0.978, 0.613, 
2, 252, 0.0547, 0.0003, 98.438, 100.000, 0.977, 0.607, 
2, 252, 0.1150, 0.0003, 93.750, 100.000, 0.979, 0.569, 
2, 252, 0.0495, 0.0003, 96.875, 100.000, 0.981, 0.664, 
2, 252, 0.1090, 0.0003, 96.875, 100.000, 0.971, 0.666, 
3, 252, 0.1437, 0.0003, 96.875, 100.000, 0.970, 0.561, 
3, 252, 0.0285, 0.0003, 100.000, 100.000, 0.981, 0.600, 
3, 252, 0.0529, 0.0003, 98.438, 100.000, 0.978, 0.620, 
3, 252, 0.0809, 0.0004, 96.875, 100.000, 0.969, 0.546, 
3, 252, 0.0216, 0.0003, 100.000, 100.000, 0.981, 0.627, 
3, 252, 0.1329, 0.0003, 96.875, 100.000, 0.969, 0.597, 
3, 252, 0.0656, 0.0003, 98.438, 100.000, 0.976, 0.626, 
3, 252, 0.0243, 0.0003, 100.000, 100.000, 0.981, 0.609, 
3, 252, 0.0218, 0.0003, 100.000, 100.000, 0.979, 0.664, 
3, 252, 0.0817, 0.0003, 95.312, 100.000, 0.981, 0.639, 
3, 252, 0.0099, 0.0003, 100.000, 100.000, 0.975, 0.573, 
3, 252, 0.1767, 0.0003, 98.438, 100.000, 0.981, 0.579, 
3, 252, 0.1106, 0.0003, 95.312, 100.000, 0.981, 0.634, 
3, 252, 0.0700, 0.0003, 98.438, 100.000, 0.976, 0.613, 
3, 252, 0.0754, 0.0003, 95.312, 100.000, 0.972, 0.672, 
3, 252, 0.0133, 0.0003, 100.000, 100.000, 0.983, 0.660, 
3, 252, 0.0620, 0.0003, 96.875, 100.000, 0.980, 0.683, 
3, 252, 0.0525, 0.0003, 98.438, 100.000, 0.972, 0.687, 
3, 252, 0.0948, 0.0003, 96.875, 100.000, 0.982, 0.674, 
3, 252, 0.0618, 0.0003, 96.875, 100.000, 0.984, 0.643, 
3, 252, 0.0618, 0.0003, 98.438, 100.000, 0.981, 0.595, 
3, 252, 0.1432, 0.0003, 96.875, 100.000, 0.983, 0.608, 
3, 252, 0.1283, 0.0003, 95.312, 100.000, 0.978, 0.702, 
3, 252, 0.0156, 0.0003, 100.000, 100.000, 0.982, 0.658, 
3, 252, 0.0625, 0.0003, 98.438, 100.000, 0.979, 0.690, 
3, 252, 0.0429, 0.0003, 100.000, 100.000, 0.977, 0.688, 
3, 252, 0.2170, 0.0003, 93.750, 100.000, 0.966, 0.740, 
3, 252, 0.0477, 0.0003, 98.438, 100.000, 0.982, 0.724, 
3, 252, 0.0266, 0.0003, 100.000, 100.000, 0.982, 0.682, 
3, 252, 0.0296, 0.0003, 98.438, 100.000, 0.972, 0.657, 
3, 252, 0.0515, 0.0003, 98.438, 100.000, 0.979, 0.663, 
3, 252, 0.0425, 0.0003, 100.000, 100.000, 0.982, 0.683, 
3, 252, 0.1283, 0.0003, 98.438, 100.000, 0.981, 0.653, 
3, 252, 0.0506, 0.0003, 96.875, 100.000, 0.983, 0.672, 
3, 252, 0.0836, 0.0003, 96.875, 100.000, 0.982, 0.651, 
3, 252, 0.1020, 0.0003, 95.312, 100.000, 0.984, 0.640, 
3, 252, 0.0214, 0.0003, 100.000, 100.000, 0.982, 0.664, 
3, 252, 0.1520, 0.0003, 95.312, 100.000, 0.985, 0.558, 
3, 252, 0.0536, 0.0003, 98.438, 100.000, 0.978, 0.591, 
3, 252, 0.0112, 0.0003, 100.000, 100.000, 0.982, 0.702, 
3, 252, 0.1640, 0.0003, 93.750, 100.000, 0.980, 0.583, 
3, 252, 0.1815, 0.0003, 95.312, 100.000, 0.982, 0.662, 
3, 252, 0.0235, 0.0003, 100.000, 100.000, 0.984, 0.658, 
3, 252, 0.2124, 0.0003, 96.875, 100.000, 0.983, 0.641, 
3, 252, 0.0341, 0.0003, 100.000, 100.000, 0.983, 0.604, 
3, 252, 0.0153, 0.0003, 100.000, 100.000, 0.984, 0.634, 
3, 252, 0.0284, 0.0003, 98.438, 100.000, 0.985, 0.639, 
3, 252, 0.0274, 0.0003, 100.000, 100.000, 0.983, 0.649, 
3, 252, 0.0483, 0.0003, 98.438, 100.000, 0.984, 0.626, 
3, 252, 0.0342, 0.0003, 98.438, 100.000, 0.982, 0.675, 
3, 252, 0.0250, 0.0003, 98.438, 100.000, 0.986, 0.644, 
3, 252, 0.0191, 0.0003, 100.000, 100.000, 0.981, 0.644, 
3, 252, 0.1058, 0.0003, 95.312, 100.000, 0.984, 0.674, 
3, 252, 0.0497, 0.0003, 96.875, 100.000, 0.982, 0.688, 
3, 252, 0.0074, 0.0003, 100.000, 100.000, 0.978, 0.724, 
3, 252, 0.0133, 0.0002, 100.000, 100.000, 0.984, 0.742, 
3, 252, 0.0715, 0.0003, 95.312, 100.000, 0.981, 0.677, 
3, 252, 0.0085, 0.0003, 100.000, 100.000, 0.978, 0.613, 
3, 252, 0.0084, 0.0003, 100.000, 100.000, 0.981, 0.660, 
3, 252, 0.0144, 0.0003, 100.000, 100.000, 0.983, 0.652, 
3, 252, 0.0241, 0.0003, 98.438, 100.000, 0.981, 0.650, 
3, 252, 0.2423, 0.0003, 95.312, 100.000, 0.983, 0.641, 
3, 252, 0.0708, 0.0003, 98.438, 100.000, 0.987, 0.685, 
4, 252, 0.0484, 0.0003, 98.438, 100.000, 0.985, 0.674, 
4, 252, 0.0244, 0.0003, 100.000, 100.000, 0.983, 0.674, 
4, 252, 0.0416, 0.0003, 98.438, 100.000, 0.981, 0.686, 
4, 252, 0.0063, 0.0003, 100.000, 100.000, 0.985, 0.673, 
4, 252, 0.0215, 0.0003, 100.000, 100.000, 0.984, 0.666, 
4, 252, 0.0432, 0.0003, 100.000, 100.000, 0.972, 0.645, 
4, 252, 0.0448, 0.0002, 98.438, 100.000, 0.985, 0.742, 
4, 252, 0.0111, 0.0002, 100.000, 100.000, 0.984, 0.715, 
4, 252, 0.0530, 0.0003, 98.438, 100.000, 0.982, 0.700, 
4, 252, 0.0300, 0.0003, 98.438, 100.000, 0.985, 0.709, 
4, 252, 0.0593, 0.0002, 96.875, 100.000, 0.985, 0.709, 
4, 252, 0.0173, 0.0003, 100.000, 100.000, 0.982, 0.732, 
4, 252, 0.1133, 0.0002, 98.438, 100.000, 0.985, 0.711, 
4, 252, 0.0079, 0.0003, 100.000, 100.000, 0.983, 0.708, 
4, 252, 0.1191, 0.0003, 95.312, 100.000, 0.980, 0.702, 
4, 252, 0.0161, 0.0003, 100.000, 100.000, 0.985, 0.666, 
4, 252, 0.0187, 0.0003, 100.000, 100.000, 0.982, 0.679, 
4, 252, 0.1243, 0.0003, 98.438, 98.438, 0.983, 0.696, 
4, 252, 0.0103, 0.0002, 100.000, 100.000, 0.986, 0.719, 
4, 252, 0.0890, 0.0002, 96.875, 100.000, 0.986, 0.763, 
4, 252, 0.0147, 0.0003, 100.000, 100.000, 0.981, 0.698, 
4, 252, 0.0182, 0.0002, 100.000, 100.000, 0.985, 0.704, 
4, 252, 0.0325, 0.0003, 100.000, 100.000, 0.985, 0.685, 
4, 252, 0.0922, 0.0003, 95.312, 100.000, 0.983, 0.676, 
4, 252, 0.0669, 0.0003, 96.875, 100.000, 0.979, 0.659, 
4, 252, 0.0089, 0.0003, 100.000, 100.000, 0.987, 0.659, 
4, 252, 0.0179, 0.0003, 100.000, 100.000, 0.985, 0.695, 
4, 252, 0.0076, 0.0003, 100.000, 100.000, 0.982, 0.680, 
4, 252, 0.0540, 0.0003, 96.875, 100.000, 0.982, 0.700, 
4, 252, 0.0744, 0.0003, 96.875, 100.000, 0.984, 0.695, 
4, 252, 0.0152, 0.0003, 100.000, 100.000, 0.983, 0.701, 
4, 252, 0.0753, 0.0002, 98.438, 100.000, 0.985, 0.692, 
4, 252, 0.0678, 0.0002, 96.875, 100.000, 0.984, 0.715, 
4, 252, 0.0385, 0.0003, 98.438, 100.000, 0.985, 0.710, 
4, 252, 0.0576, 0.0003, 95.312, 100.000, 0.987, 0.693, 
4, 252, 0.0055, 0.0002, 100.000, 100.000, 0.985, 0.719, 
4, 252, 0.0088, 0.0003, 100.000, 100.000, 0.980, 0.696, 
4, 252, 0.0672, 0.0002, 98.438, 100.000, 0.984, 0.723, 
4, 252, 0.0215, 0.0003, 100.000, 100.000, 0.982, 0.722, 
4, 252, 0.1056, 0.0002, 95.312, 100.000, 0.986, 0.693, 
4, 252, 0.0105, 0.0002, 100.000, 100.000, 0.987, 0.721, 
4, 252, 0.0304, 0.0002, 98.438, 100.000, 0.986, 0.746, 
4, 252, 0.1299, 0.0002, 95.312, 100.000, 0.983, 0.752, 
4, 252, 0.0146, 0.0002, 100.000, 100.000, 0.985, 0.736, 
4, 252, 0.0169, 0.0002, 100.000, 100.000, 0.987, 0.722, 
4, 252, 0.0538, 0.0002, 96.875, 100.000, 0.986, 0.714, 
4, 252, 0.0774, 0.0002, 98.438, 100.000, 0.983, 0.756, 
4, 252, 0.0300, 0.0002, 100.000, 100.000, 0.986, 0.740, 
4, 252, 0.0937, 0.0002, 98.438, 100.000, 0.983, 0.744, 
4, 252, 0.0191, 0.0002, 100.000, 100.000, 0.980, 0.748, 
4, 252, 0.0044, 0.0002, 100.000, 100.000, 0.983, 0.780, 
4, 252, 0.0958, 0.0002, 95.312, 100.000, 0.985, 0.729, 
4, 252, 0.0661, 0.0002, 96.875, 100.000, 0.985, 0.739, 
4, 252, 0.1070, 0.0002, 95.312, 100.000, 0.983, 0.728, 
4, 252, 0.0131, 0.0002, 100.000, 100.000, 0.985, 0.738, 
4, 252, 0.0316, 0.0002, 96.875, 100.000, 0.985, 0.730, 
4, 252, 0.0235, 0.0002, 100.000, 100.000, 0.986, 0.708, 
4, 252, 0.0032, 0.0002, 100.000, 100.000, 0.986, 0.714, 
4, 252, 0.0457, 0.0003, 98.438, 100.000, 0.983, 0.692, 
4, 252, 0.0180, 0.0002, 100.000, 100.000, 0.983, 0.726, 
4, 252, 0.0469, 0.0003, 98.438, 100.000, 0.980, 0.696, 
4, 252, 0.0054, 0.0002, 100.000, 100.000, 0.987, 0.748, 
4, 252, 0.1351, 0.0002, 96.875, 100.000, 0.988, 0.706, 
5, 252, 0.1104, 0.0003, 95.312, 100.000, 0.982, 0.724, 
5, 252, 0.0755, 0.0002, 98.438, 100.000, 0.987, 0.708, 
5, 252, 0.0264, 0.0002, 100.000, 100.000, 0.988, 0.743, 
5, 252, 0.0984, 0.0002, 95.312, 100.000, 0.986, 0.724, 
5, 252, 0.0236, 0.0002, 100.000, 100.000, 0.983, 0.748, 
5, 252, 0.0256, 0.0002, 98.438, 100.000, 0.988, 0.743, 
5, 252, 0.1569, 0.0003, 95.312, 100.000, 0.984, 0.728, 
5, 252, 0.0473, 0.0002, 98.438, 100.000, 0.987, 0.707, 
5, 252, 0.0015, 0.0002, 100.000, 100.000, 0.986, 0.695, 
5, 252, 0.0393, 0.0002, 98.438, 100.000, 0.988, 0.702, 
5, 252, 0.0231, 0.0002, 100.000, 100.000, 0.988, 0.731, 
5, 252, 0.0324, 0.0002, 98.438, 100.000, 0.984, 0.705, 
5, 252, 0.0189, 0.0002, 98.438, 100.000, 0.985, 0.755, 
5, 252, 0.0243, 0.0002, 100.000, 100.000, 0.986, 0.736, 
5, 252, 0.2014, 0.0002, 96.875, 98.438, 0.986, 0.704, 
5, 252, 0.0636, 0.0002, 96.875, 100.000, 0.981, 0.742, 
5, 252, 0.0409, 0.0002, 98.438, 100.000, 0.988, 0.736, 
5, 252, 0.0414, 0.0002, 98.438, 100.000, 0.985, 0.713, 
5, 252, 0.0077, 0.0002, 100.000, 100.000, 0.984, 0.750, 
5, 252, 0.0314, 0.0002, 98.438, 100.000, 0.986, 0.700, 
5, 252, 0.0770, 0.0002, 96.875, 100.000, 0.987, 0.730, 
5, 252, 0.0528, 0.0002, 96.875, 100.000, 0.986, 0.721, 
5, 252, 0.0357, 0.0002, 98.438, 100.000, 0.986, 0.731, 
5, 252, 0.0078, 0.0002, 100.000, 100.000, 0.986, 0.741, 
5, 252, 0.0062, 0.0002, 100.000, 100.000, 0.988, 0.743, 
5, 252, 0.0182, 0.0002, 100.000, 100.000, 0.985, 0.755, 
5, 252, 0.0347, 0.0002, 98.438, 100.000, 0.986, 0.756, 
5, 252, 0.0357, 0.0002, 98.438, 100.000, 0.986, 0.764, 
5, 252, 0.0288, 0.0002, 98.438, 100.000, 0.987, 0.800, 
5, 252, 0.0384, 0.0002, 100.000, 100.000, 0.987, 0.795, 
5, 252, 0.0746, 0.0002, 96.875, 100.000, 0.986, 0.788, 
5, 252, 0.2299, 0.0003, 95.312, 100.000, 0.985, 0.695, 
5, 252, 0.0095, 0.0002, 100.000, 100.000, 0.985, 0.720, 
5, 252, 0.0636, 0.0002, 96.875, 100.000, 0.985, 0.714, 
5, 252, 0.0753, 0.0002, 95.312, 100.000, 0.987, 0.737, 
5, 252, 0.0763, 0.0002, 96.875, 100.000, 0.988, 0.779, 
5, 252, 0.1208, 0.0002, 96.875, 100.000, 0.988, 0.781, 
5, 252, 0.0301, 0.0002, 98.438, 100.000, 0.990, 0.759, 
5, 252, 0.0098, 0.0002, 100.000, 100.000, 0.986, 0.764, 
5, 252, 0.0090, 0.0002, 100.000, 100.000, 0.985, 0.754, 
5, 252, 0.0170, 0.0002, 100.000, 100.000, 0.985, 0.740, 
5, 252, 0.0246, 0.0002, 98.438, 100.000, 0.988, 0.719, 
5, 252, 0.1508, 0.0002, 92.188, 100.000, 0.987, 0.751, 
5, 252, 0.0039, 0.0002, 100.000, 100.000, 0.987, 0.762, 
5, 252, 0.0033, 0.0002, 100.000, 100.000, 0.987, 0.749, 
5, 252, 0.0219, 0.0002, 100.000, 100.000, 0.987, 0.736, 
5, 252, 0.0031, 0.0002, 100.000, 100.000, 0.986, 0.773, 
5, 252, 0.0078, 0.0002, 100.000, 100.000, 0.988, 0.744, 
5, 252, 0.0540, 0.0002, 98.438, 100.000, 0.986, 0.756, 
5, 252, 0.0684, 0.0002, 98.438, 100.000, 0.987, 0.748, 
5, 252, 0.0082, 0.0002, 100.000, 100.000, 0.986, 0.772, 
5, 252, 0.0112, 0.0002, 100.000, 100.000, 0.983, 0.751, 
5, 252, 0.2455, 0.0002, 95.312, 100.000, 0.988, 0.713, 
5, 252, 0.0589, 0.0002, 96.875, 100.000, 0.988, 0.737, 
5, 252, 0.0220, 0.0002, 98.438, 100.000, 0.986, 0.750, 
5, 252, 0.0090, 0.0002, 100.000, 100.000, 0.983, 0.761, 
5, 252, 0.0306, 0.0002, 98.438, 100.000, 0.987, 0.773, 
5, 252, 0.0127, 0.0002, 100.000, 100.000, 0.985, 0.777, 
5, 252, 0.1107, 0.0002, 96.875, 100.000, 0.980, 0.788, 
5, 252, 0.0024, 0.0002, 100.000, 100.000, 0.987, 0.749, 
5, 252, 0.0236, 0.0002, 100.000, 100.000, 0.987, 0.739, 
5, 252, 0.0203, 0.0002, 98.438, 100.000, 0.987, 0.754, 
5, 252, 0.0435, 0.0002, 98.438, 100.000, 0.986, 0.707, 
6, 252, 0.0085, 0.0002, 100.000, 100.000, 0.985, 0.753, 
6, 252, 0.0074, 0.0002, 100.000, 100.000, 0.990, 0.740, 
6, 252, 0.0378, 0.0002, 98.438, 100.000, 0.986, 0.706, 
6, 252, 0.0035, 0.0002, 100.000, 100.000, 0.989, 0.709, 
6, 252, 0.0291, 0.0002, 100.000, 100.000, 0.987, 0.731, 
6, 252, 0.0240, 0.0002, 100.000, 100.000, 0.986, 0.790, 
6, 252, 0.0225, 0.0002, 100.000, 100.000, 0.987, 0.776, 
6, 252, 0.0429, 0.0002, 96.875, 100.000, 0.987, 0.770, 
6, 252, 0.0526, 0.0002, 98.438, 100.000, 0.988, 0.812, 
6, 252, 0.0031, 0.0002, 100.000, 100.000, 0.988, 0.786, 
6, 252, 0.0227, 0.0002, 100.000, 100.000, 0.986, 0.764, 
6, 252, 0.0111, 0.0002, 100.000, 100.000, 0.986, 0.757, 
6, 252, 0.0106, 0.0002, 100.000, 100.000, 0.988, 0.786, 
6, 252, 0.0541, 0.0002, 96.875, 100.000, 0.988, 0.766, 
6, 252, 0.0496, 0.0002, 98.438, 100.000, 0.987, 0.741, 
6, 252, 0.0520, 0.0002, 96.875, 100.000, 0.989, 0.751, 
6, 252, 0.0066, 0.0002, 100.000, 100.000, 0.986, 0.753, 
6, 252, 0.0878, 0.0002, 98.438, 100.000, 0.987, 0.756, 
6, 252, 0.0132, 0.0002, 100.000, 100.000, 0.988, 0.767, 
6, 252, 0.0930, 0.0002, 96.875, 100.000, 0.988, 0.759, 
6, 252, 0.1033, 0.0002, 98.438, 100.000, 0.985, 0.704, 
6, 252, 0.0046, 0.0002, 100.000, 100.000, 0.988, 0.749, 
6, 252, 0.0216, 0.0002, 98.438, 100.000, 0.988, 0.734, 
6, 252, 0.1465, 0.0002, 96.875, 100.000, 0.989, 0.749, 
6, 252, 0.0298, 0.0002, 98.438, 100.000, 0.990, 0.734, 
6, 252, 0.0448, 0.0003, 98.438, 100.000, 0.984, 0.695, 
6, 252, 0.0541, 0.0002, 98.438, 100.000, 0.987, 0.741, 
6, 252, 0.0164, 0.0002, 100.000, 100.000, 0.984, 0.748, 
6, 252, 0.0045, 0.0002, 100.000, 100.000, 0.985, 0.777, 
6, 252, 0.0035, 0.0002, 100.000, 100.000, 0.988, 0.787, 
6, 252, 0.0090, 0.0002, 100.000, 100.000, 0.986, 0.755, 
6, 252, 0.0272, 0.0002, 98.438, 100.000, 0.989, 0.725, 
6, 252, 0.0067, 0.0002, 100.000, 100.000, 0.988, 0.715, 
6, 252, 0.0115, 0.0002, 100.000, 100.000, 0.987, 0.739, 
6, 252, 0.1064, 0.0002, 96.875, 100.000, 0.986, 0.754, 
6, 252, 0.0514, 0.0002, 96.875, 100.000, 0.991, 0.769, 
6, 252, 0.0582, 0.0002, 98.438, 100.000, 0.986, 0.727, 
6, 252, 0.0139, 0.0002, 100.000, 100.000, 0.989, 0.779, 
6, 252, 0.0436, 0.0002, 96.875, 100.000, 0.989, 0.758, 
6, 252, 0.0471, 0.0002, 98.438, 100.000, 0.988, 0.746, 
6, 252, 0.0010, 0.0002, 100.000, 100.000, 0.986, 0.750, 
6, 252, 0.0274, 0.0002, 100.000, 100.000, 0.989, 0.820, 
6, 252, 0.0533, 0.0002, 98.438, 100.000, 0.981, 0.773, 
6, 252, 0.0045, 0.0002, 100.000, 100.000, 0.989, 0.807, 
6, 252, 0.0103, 0.0002, 100.000, 100.000, 0.988, 0.785, 
6, 252, 0.0031, 0.0002, 100.000, 100.000, 0.990, 0.777, 
6, 252, 0.0067, 0.0002, 100.000, 100.000, 0.988, 0.784, 
6, 252, 0.0077, 0.0002, 100.000, 100.000, 0.986, 0.769, 
6, 252, 0.0290, 0.0002, 98.438, 100.000, 0.985, 0.767, 
6, 252, 0.0469, 0.0002, 98.438, 100.000, 0.988, 0.783, 
6, 252, 0.0277, 0.0002, 98.438, 100.000, 0.990, 0.743, 
6, 252, 0.0017, 0.0002, 100.000, 100.000, 0.989, 0.748, 
6, 252, 0.0126, 0.0002, 100.000, 100.000, 0.987, 0.769, 
6, 252, 0.0272, 0.0002, 98.438, 100.000, 0.988, 0.771, 
6, 252, 0.0162, 0.0002, 100.000, 100.000, 0.988, 0.818, 
6, 252, 0.0488, 0.0002, 96.875, 100.000, 0.988, 0.749, 
6, 252, 0.0506, 0.0002, 98.438, 100.000, 0.987, 0.754, 
6, 252, 0.0059, 0.0002, 100.000, 100.000, 0.987, 0.769, 
6, 252, 0.0069, 0.0002, 100.000, 100.000, 0.987, 0.793, 
6, 252, 0.0715, 0.0002, 96.875, 100.000, 0.987, 0.763, 
6, 252, 0.0087, 0.0002, 100.000, 100.000, 0.989, 0.767, 
6, 252, 0.0105, 0.0002, 100.000, 100.000, 0.988, 0.762, 
6, 252, 0.0081, 0.0002, 100.000, 100.000, 0.987, 0.761, 
