epoch, neuron_units, loss, dl2_loss, top1, top5, dl2_p_acc, dl2_constraint_acc
[0] Train acc: 0.1406
1, 252, 2.2927, 0.0023, 14.062, 59.375, 0.103, 0.050, 
[15] Train acc: 0.1875
1, 252, 2.2763, 0.0023, 18.750, 68.750, 0.103, 0.055, 
[30] Train acc: 0.3125
1, 252, 2.2343, 0.0023, 31.250, 75.000, 0.205, 0.052, 
[45] Train acc: 0.3594
1, 252, 2.1083, 0.0022, 35.938, 89.062, 0.408, 0.049, 
[60] Train acc: 0.5625
1, 252, 1.8079, 0.0021, 56.250, 90.625, 0.576, 0.050, 
[75] Train acc: 0.6719
1, 252, 1.1560, 0.0017, 67.188, 95.312, 0.646, 0.053, 
[90] Train acc: 0.6250
1, 252, 1.0569, 0.0015, 62.500, 98.438, 0.674, 0.052, 
[105] Train acc: 0.7031
1, 252, 0.8945, 0.0013, 70.312, 95.312, 0.730, 0.054, 
[120] Train acc: 0.8125
1, 252, 0.5999, 0.0011, 81.250, 98.438, 0.806, 0.060, 
[135] Train acc: 0.8594
1, 252, 0.3908, 0.0010, 85.938, 100.000, 0.854, 0.075, 
[150] Train acc: 0.8594
1, 252, 0.5338, 0.0010, 85.938, 100.000, 0.820, 0.070, 
[165] Train acc: 0.8281
1, 252, 0.5438, 0.0010, 82.812, 98.438, 0.764, 0.091, 
[180] Train acc: 0.9062
1, 252, 0.4400, 0.0009, 90.625, 98.438, 0.846, 0.126, 
[195] Train acc: 0.9062
1, 252, 0.2807, 0.0009, 90.625, 100.000, 0.848, 0.134, 
[210] Train acc: 0.9219
1, 252, 0.3620, 0.0009, 92.188, 98.438, 0.857, 0.116, 
[225] Train acc: 0.8906
1, 252, 0.3961, 0.0008, 89.062, 100.000, 0.886, 0.133, 
[240] Train acc: 0.8750
1, 252, 0.4191, 0.0008, 87.500, 98.438, 0.877, 0.170, 
[255] Train acc: 0.8281
1, 252, 0.4304, 0.0008, 82.812, 100.000, 0.853, 0.173, 
[270] Train acc: 0.9219
1, 252, 0.2301, 0.0008, 92.188, 100.000, 0.844, 0.176, 
[285] Train acc: 0.9375
1, 252, 0.2475, 0.0007, 93.750, 100.000, 0.920, 0.220, 
[300] Train acc: 0.9062
1, 252, 0.2684, 0.0007, 90.625, 100.000, 0.911, 0.233, 
[315] Train acc: 0.9375
1, 252, 0.2690, 0.0007, 93.750, 98.438, 0.921, 0.223, 
[330] Train acc: 0.9062
1, 252, 0.3765, 0.0007, 90.625, 98.438, 0.864, 0.219, 
[345] Train acc: 0.8594
1, 252, 0.4717, 0.0007, 85.938, 98.438, 0.908, 0.252, 
[360] Train acc: 0.8750
1, 252, 0.2840, 0.0007, 87.500, 100.000, 0.908, 0.242, 
[375] Train acc: 0.9375
1, 252, 0.1569, 0.0007, 93.750, 100.000, 0.922, 0.255, 
[390] Train acc: 0.9219
1, 252, 0.2107, 0.0006, 92.188, 100.000, 0.915, 0.264, 
[405] Train acc: 0.9375
1, 252, 0.1972, 0.0006, 93.750, 100.000, 0.917, 0.248, 
[420] Train acc: 0.9375
1, 252, 0.2407, 0.0006, 93.750, 100.000, 0.935, 0.284, 
[435] Train acc: 0.9219
1, 252, 0.2249, 0.0006, 92.188, 100.000, 0.934, 0.273, 
[450] Train acc: 0.9219
1, 252, 0.1830, 0.0006, 92.188, 100.000, 0.942, 0.320, 
[465] Train acc: 0.8906
1, 252, 0.3452, 0.0006, 89.062, 100.000, 0.912, 0.310, 
[480] Train acc: 1.0000
1, 252, 0.0759, 0.0006, 100.000, 100.000, 0.935, 0.343, 
[495] Train acc: 0.9531
1, 252, 0.1630, 0.0006, 95.312, 100.000, 0.947, 0.316, 
[510] Train acc: 0.9219
1, 252, 0.1678, 0.0005, 92.188, 100.000, 0.948, 0.332, 
[525] Train acc: 0.9531
1, 252, 0.1374, 0.0006, 95.312, 100.000, 0.945, 0.308, 
[540] Train acc: 0.9531
1, 252, 0.2549, 0.0006, 95.312, 98.438, 0.932, 0.303, 
[555] Train acc: 0.9688
1, 252, 0.1706, 0.0005, 96.875, 98.438, 0.953, 0.358, 
[570] Train acc: 0.9531
1, 252, 0.1493, 0.0005, 95.312, 100.000, 0.924, 0.381, 
[585] Train acc: 0.9844
1, 252, 0.0839, 0.0005, 98.438, 100.000, 0.950, 0.342, 
[600] Train acc: 0.9531
1, 252, 0.1911, 0.0005, 95.312, 100.000, 0.951, 0.362, 
[615] Train acc: 0.9531
1, 252, 0.1562, 0.0005, 95.312, 100.000, 0.951, 0.361, 
[630] Train acc: 0.9375
1, 252, 0.3316, 0.0005, 93.750, 100.000, 0.956, 0.356, 
[645] Train acc: 0.9688
1, 252, 0.1515, 0.0005, 96.875, 100.000, 0.956, 0.361, 
[660] Train acc: 0.9688
1, 252, 0.1340, 0.0005, 96.875, 100.000, 0.956, 0.409, 
[675] Train acc: 0.9219
1, 252, 0.1611, 0.0005, 92.188, 100.000, 0.956, 0.405, 
[690] Train acc: 0.9688
1, 252, 0.1636, 0.0005, 96.875, 98.438, 0.957, 0.362, 
[705] Train acc: 0.8906
1, 252, 0.3456, 0.0005, 89.062, 100.000, 0.951, 0.387, 
[720] Train acc: 1.0000
1, 252, 0.0531, 0.0005, 100.000, 100.000, 0.958, 0.425, 
[735] Train acc: 0.9375
1, 252, 0.1569, 0.0005, 93.750, 100.000, 0.957, 0.377, 
[750] Train acc: 0.9688
1, 252, 0.0697, 0.0005, 96.875, 100.000, 0.950, 0.433, 
[765] Train acc: 0.9062
1, 252, 0.2833, 0.0005, 90.625, 100.000, 0.946, 0.366, 
[780] Train acc: 0.9219
1, 252, 0.1946, 0.0005, 92.188, 100.000, 0.964, 0.337, 
[795] Train acc: 0.9375
1, 252, 0.1266, 0.0005, 93.750, 100.000, 0.960, 0.292, 
[810] Train acc: 1.0000
1, 252, 0.0542, 0.0005, 100.000, 100.000, 0.964, 0.343, 
[825] Train acc: 0.9531
1, 252, 0.1051, 0.0005, 95.312, 100.000, 0.960, 0.350, 
[840] Train acc: 0.9531
1, 252, 0.1322, 0.0005, 95.312, 100.000, 0.968, 0.388, 
[855] Train acc: 0.9375
1, 252, 0.1512, 0.0005, 93.750, 100.000, 0.942, 0.372, 
[870] Train acc: 0.9531
1, 252, 0.1509, 0.0004, 95.312, 100.000, 0.964, 0.410, 
[885] Train acc: 0.9375
1, 252, 0.1358, 0.0005, 93.750, 100.000, 0.959, 0.365, 
[900] Train acc: 0.9531
1, 252, 0.1066, 0.0004, 95.312, 100.000, 0.962, 0.451, 
[915] Train acc: 0.9375
1, 252, 0.1932, 0.0004, 93.750, 100.000, 0.960, 0.449, 
[930] Train acc: 0.9375
1, 252, 0.1555, 0.0004, 93.750, 100.000, 0.964, 0.453, 
[0] Train acc: 0.9531
2, 252, 0.1419, 0.0004, 95.312, 100.000, 0.963, 0.471, 
[15] Train acc: 0.9844
2, 252, 0.0728, 0.0004, 98.438, 100.000, 0.968, 0.493, 
[30] Train acc: 0.9688
2, 252, 0.0831, 0.0004, 96.875, 100.000, 0.955, 0.496, 
[45] Train acc: 0.9688
2, 252, 0.0926, 0.0004, 96.875, 100.000, 0.965, 0.503, 
[60] Train acc: 0.9844
2, 252, 0.0453, 0.0004, 98.438, 100.000, 0.963, 0.468, 
[75] Train acc: 0.9688
2, 252, 0.1387, 0.0004, 96.875, 100.000, 0.966, 0.464, 
[90] Train acc: 0.9375
2, 252, 0.3302, 0.0004, 93.750, 100.000, 0.967, 0.448, 
[105] Train acc: 0.9844
2, 252, 0.0469, 0.0004, 98.438, 100.000, 0.969, 0.418, 
[120] Train acc: 0.9844
2, 252, 0.0899, 0.0004, 98.438, 100.000, 0.970, 0.453, 
[135] Train acc: 0.9688
2, 252, 0.1524, 0.0004, 96.875, 100.000, 0.963, 0.444, 
[150] Train acc: 0.9531
2, 252, 0.0857, 0.0004, 95.312, 100.000, 0.967, 0.502, 
[165] Train acc: 0.9844
2, 252, 0.0723, 0.0004, 98.438, 100.000, 0.968, 0.492, 
[180] Train acc: 0.9531
2, 252, 0.0809, 0.0004, 95.312, 100.000, 0.967, 0.526, 
[195] Train acc: 0.9844
2, 252, 0.0929, 0.0004, 98.438, 100.000, 0.960, 0.484, 
[210] Train acc: 0.9688
2, 252, 0.0649, 0.0004, 96.875, 100.000, 0.973, 0.576, 
[225] Train acc: 0.9531
2, 252, 0.1443, 0.0004, 95.312, 100.000, 0.966, 0.547, 
[240] Train acc: 0.9531
2, 252, 0.1491, 0.0004, 95.312, 100.000, 0.966, 0.457, 
[255] Train acc: 1.0000
2, 252, 0.0272, 0.0004, 100.000, 100.000, 0.968, 0.494, 
[270] Train acc: 0.9844
2, 252, 0.0611, 0.0003, 98.438, 100.000, 0.973, 0.563, 
[285] Train acc: 0.9844
2, 252, 0.0364, 0.0003, 98.438, 100.000, 0.975, 0.597, 
[300] Train acc: 0.9688
2, 252, 0.0821, 0.0004, 96.875, 100.000, 0.969, 0.556, 
[315] Train acc: 0.9375
2, 252, 0.1149, 0.0004, 93.750, 100.000, 0.975, 0.537, 
[330] Train acc: 0.9688
2, 252, 0.0534, 0.0004, 96.875, 100.000, 0.968, 0.516, 
[345] Train acc: 0.9531
2, 252, 0.2329, 0.0004, 95.312, 100.000, 0.976, 0.492, 
[360] Train acc: 0.9688
2, 252, 0.0643, 0.0004, 96.875, 100.000, 0.962, 0.406, 
[375] Train acc: 0.9688
2, 252, 0.1032, 0.0004, 96.875, 100.000, 0.976, 0.449, 
[390] Train acc: 0.9844
2, 252, 0.0273, 0.0004, 98.438, 100.000, 0.975, 0.499, 
[405] Train acc: 0.9844
2, 252, 0.0432, 0.0004, 98.438, 100.000, 0.968, 0.498, 
[420] Train acc: 0.9844
2, 252, 0.0258, 0.0003, 98.438, 100.000, 0.976, 0.539, 
[435] Train acc: 0.9844
2, 252, 0.0375, 0.0004, 98.438, 100.000, 0.977, 0.504, 
[450] Train acc: 0.9844
2, 252, 0.0817, 0.0003, 98.438, 100.000, 0.974, 0.552, 
[465] Train acc: 0.9688
2, 252, 0.0876, 0.0004, 96.875, 100.000, 0.972, 0.511, 
[480] Train acc: 0.9688
2, 252, 0.0873, 0.0004, 96.875, 100.000, 0.969, 0.507, 
[495] Train acc: 0.9531
2, 252, 0.1178, 0.0004, 95.312, 100.000, 0.972, 0.535, 
[510] Train acc: 1.0000
2, 252, 0.0177, 0.0004, 100.000, 100.000, 0.974, 0.479, 
[525] Train acc: 0.9688
2, 252, 0.1225, 0.0004, 96.875, 100.000, 0.978, 0.499, 
[540] Train acc: 0.9688
2, 252, 0.0677, 0.0004, 96.875, 100.000, 0.977, 0.447, 
[555] Train acc: 1.0000
2, 252, 0.0318, 0.0004, 100.000, 100.000, 0.977, 0.493, 
[570] Train acc: 0.9531
2, 252, 0.1975, 0.0004, 95.312, 100.000, 0.971, 0.489, 
[585] Train acc: 1.0000
2, 252, 0.0184, 0.0004, 100.000, 100.000, 0.964, 0.467, 
[600] Train acc: 0.9531
2, 252, 0.1874, 0.0004, 95.312, 100.000, 0.964, 0.494, 
[615] Train acc: 0.9531
2, 252, 0.1911, 0.0004, 95.312, 100.000, 0.974, 0.516, 
[630] Train acc: 0.9844
2, 252, 0.0757, 0.0004, 98.438, 100.000, 0.970, 0.497, 
[645] Train acc: 0.9062
2, 252, 0.2339, 0.0003, 90.625, 100.000, 0.980, 0.552, 
[660] Train acc: 0.9844
2, 252, 0.0507, 0.0003, 98.438, 100.000, 0.977, 0.554, 
[675] Train acc: 0.9844
2, 252, 0.0637, 0.0003, 98.438, 100.000, 0.978, 0.605, 
[690] Train acc: 0.9688
2, 252, 0.0459, 0.0003, 96.875, 100.000, 0.975, 0.618, 
[705] Train acc: 0.9844
2, 252, 0.0947, 0.0003, 98.438, 100.000, 0.970, 0.603, 
[720] Train acc: 0.9688
2, 252, 0.0641, 0.0003, 96.875, 100.000, 0.977, 0.604, 
[735] Train acc: 0.9844
2, 252, 0.1057, 0.0003, 98.438, 100.000, 0.959, 0.609, 
[750] Train acc: 1.0000
2, 252, 0.0183, 0.0003, 100.000, 100.000, 0.978, 0.604, 
[765] Train acc: 1.0000
2, 252, 0.0371, 0.0003, 100.000, 100.000, 0.978, 0.624, 
[780] Train acc: 0.9844
2, 252, 0.0421, 0.0003, 98.438, 100.000, 0.974, 0.640, 
[795] Train acc: 0.9688
2, 252, 0.0918, 0.0003, 96.875, 100.000, 0.976, 0.567, 
[810] Train acc: 0.9688
2, 252, 0.0796, 0.0003, 96.875, 100.000, 0.976, 0.602, 
[825] Train acc: 0.9375
2, 252, 0.2884, 0.0003, 93.750, 100.000, 0.979, 0.596, 
[840] Train acc: 1.0000
2, 252, 0.0218, 0.0003, 100.000, 100.000, 0.975, 0.589, 
[855] Train acc: 1.0000
2, 252, 0.0167, 0.0003, 100.000, 100.000, 0.980, 0.602, 
[870] Train acc: 0.9844
2, 252, 0.0273, 0.0003, 98.438, 100.000, 0.978, 0.601, 
[885] Train acc: 0.9688
2, 252, 0.0610, 0.0003, 96.875, 100.000, 0.977, 0.604, 
[900] Train acc: 0.9375
2, 252, 0.1101, 0.0003, 93.750, 100.000, 0.978, 0.563, 
[915] Train acc: 0.9844
2, 252, 0.0516, 0.0003, 98.438, 100.000, 0.981, 0.625, 
[930] Train acc: 0.9688
2, 252, 0.1069, 0.0003, 96.875, 100.000, 0.971, 0.575, 
[0] Train acc: 0.9688
3, 252, 0.1489, 0.0003, 96.875, 100.000, 0.969, 0.558, 
[15] Train acc: 1.0000
3, 252, 0.0289, 0.0003, 100.000, 100.000, 0.981, 0.596, 
[30] Train acc: 0.9844
3, 252, 0.0524, 0.0003, 98.438, 100.000, 0.977, 0.610, 
[45] Train acc: 0.9688
3, 252, 0.0788, 0.0004, 96.875, 100.000, 0.970, 0.546, 
[60] Train acc: 1.0000
3, 252, 0.0204, 0.0003, 100.000, 100.000, 0.981, 0.635, 
[75] Train acc: 0.9531
3, 252, 0.1291, 0.0003, 95.312, 100.000, 0.969, 0.583, 
[90] Train acc: 0.9688
3, 252, 0.0700, 0.0003, 96.875, 100.000, 0.975, 0.623, 
[105] Train acc: 1.0000
3, 252, 0.0225, 0.0003, 100.000, 100.000, 0.981, 0.606, 
[120] Train acc: 1.0000
3, 252, 0.0228, 0.0003, 100.000, 100.000, 0.979, 0.618, 
[135] Train acc: 0.9531
3, 252, 0.0802, 0.0003, 95.312, 100.000, 0.981, 0.579, 
[150] Train acc: 1.0000
3, 252, 0.0099, 0.0003, 100.000, 100.000, 0.974, 0.553, 
[165] Train acc: 0.9688
3, 252, 0.1813, 0.0003, 96.875, 100.000, 0.982, 0.578, 
[180] Train acc: 0.9531
3, 252, 0.1139, 0.0003, 95.312, 100.000, 0.980, 0.628, 
[195] Train acc: 0.9844
3, 252, 0.0672, 0.0003, 98.438, 100.000, 0.977, 0.608, 
[210] Train acc: 0.9688
3, 252, 0.0690, 0.0003, 96.875, 100.000, 0.971, 0.633, 
[225] Train acc: 1.0000
3, 252, 0.0137, 0.0003, 100.000, 100.000, 0.982, 0.649, 
[240] Train acc: 0.9688
3, 252, 0.0634, 0.0003, 96.875, 100.000, 0.979, 0.677, 
[255] Train acc: 0.9844
3, 252, 0.0525, 0.0003, 98.438, 100.000, 0.973, 0.637, 
[270] Train acc: 0.9531
3, 252, 0.1225, 0.0003, 95.312, 100.000, 0.982, 0.664, 
[285] Train acc: 0.9688
3, 252, 0.0596, 0.0003, 96.875, 100.000, 0.984, 0.641, 
[300] Train acc: 0.9844
3, 252, 0.0657, 0.0003, 98.438, 100.000, 0.980, 0.599, 
[315] Train acc: 0.9688
3, 252, 0.1433, 0.0003, 96.875, 100.000, 0.983, 0.613, 
[330] Train acc: 0.9531
3, 252, 0.1233, 0.0003, 95.312, 100.000, 0.978, 0.624, 
[345] Train acc: 1.0000
3, 252, 0.0148, 0.0003, 100.000, 100.000, 0.982, 0.653, 
[360] Train acc: 0.9844
3, 252, 0.0623, 0.0003, 98.438, 100.000, 0.979, 0.648, 
[375] Train acc: 1.0000
3, 252, 0.0419, 0.0003, 100.000, 100.000, 0.976, 0.682, 
[390] Train acc: 0.9375
3, 252, 0.2216, 0.0003, 93.750, 100.000, 0.967, 0.664, 
[405] Train acc: 0.9844
3, 252, 0.0486, 0.0003, 98.438, 100.000, 0.982, 0.688, 
[420] Train acc: 1.0000
3, 252, 0.0293, 0.0003, 100.000, 100.000, 0.983, 0.676, 
[435] Train acc: 0.9844
3, 252, 0.0260, 0.0003, 98.438, 100.000, 0.974, 0.619, 
[450] Train acc: 0.9844
3, 252, 0.0510, 0.0003, 98.438, 100.000, 0.979, 0.648, 
[465] Train acc: 0.9844
3, 252, 0.0471, 0.0003, 98.438, 100.000, 0.982, 0.636, 
[480] Train acc: 0.9844
3, 252, 0.1269, 0.0003, 98.438, 100.000, 0.982, 0.598, 
[495] Train acc: 0.9688
3, 252, 0.0567, 0.0003, 96.875, 100.000, 0.983, 0.667, 
[510] Train acc: 0.9531
3, 252, 0.0854, 0.0003, 95.312, 100.000, 0.982, 0.651, 
[525] Train acc: 0.9531
3, 252, 0.1040, 0.0003, 95.312, 100.000, 0.984, 0.640, 
[540] Train acc: 1.0000
3, 252, 0.0216, 0.0003, 100.000, 100.000, 0.982, 0.653, 
[555] Train acc: 0.9531
3, 252, 0.1553, 0.0003, 95.312, 100.000, 0.985, 0.564, 
[570] Train acc: 0.9844
3, 252, 0.0607, 0.0003, 98.438, 100.000, 0.978, 0.584, 
[585] Train acc: 1.0000
3, 252, 0.0113, 0.0003, 100.000, 100.000, 0.983, 0.656, 
[600] Train acc: 0.9375
3, 252, 0.1608, 0.0003, 93.750, 98.438, 0.980, 0.572, 
[615] Train acc: 0.9531
3, 252, 0.1858, 0.0003, 95.312, 100.000, 0.983, 0.607, 
[630] Train acc: 1.0000
3, 252, 0.0248, 0.0003, 100.000, 100.000, 0.983, 0.641, 
[645] Train acc: 0.9688
3, 252, 0.2095, 0.0003, 96.875, 100.000, 0.983, 0.632, 
[660] Train acc: 1.0000
3, 252, 0.0344, 0.0003, 100.000, 100.000, 0.983, 0.574, 
[675] Train acc: 1.0000
3, 252, 0.0165, 0.0003, 100.000, 100.000, 0.984, 0.611, 
[690] Train acc: 0.9844
3, 252, 0.0297, 0.0003, 98.438, 100.000, 0.984, 0.618, 
[705] Train acc: 1.0000
3, 252, 0.0265, 0.0003, 100.000, 100.000, 0.982, 0.620, 
[720] Train acc: 0.9844
3, 252, 0.0475, 0.0003, 98.438, 100.000, 0.983, 0.604, 
[735] Train acc: 0.9844
3, 252, 0.0325, 0.0003, 98.438, 100.000, 0.983, 0.629, 
[750] Train acc: 1.0000
3, 252, 0.0210, 0.0003, 100.000, 100.000, 0.985, 0.628, 
[765] Train acc: 1.0000
3, 252, 0.0205, 0.0003, 100.000, 100.000, 0.981, 0.627, 
[780] Train acc: 0.9531
3, 252, 0.1131, 0.0003, 95.312, 100.000, 0.983, 0.653, 
[795] Train acc: 0.9688
3, 252, 0.0429, 0.0003, 96.875, 100.000, 0.982, 0.679, 
[810] Train acc: 1.0000
3, 252, 0.0081, 0.0003, 100.000, 100.000, 0.978, 0.712, 
[825] Train acc: 1.0000
3, 252, 0.0135, 0.0002, 100.000, 100.000, 0.984, 0.700, 
[840] Train acc: 0.9531
3, 252, 0.0637, 0.0003, 95.312, 100.000, 0.981, 0.668, 
[855] Train acc: 1.0000
3, 252, 0.0079, 0.0003, 100.000, 100.000, 0.977, 0.612, 
[870] Train acc: 1.0000
3, 252, 0.0084, 0.0003, 100.000, 100.000, 0.982, 0.660, 
[885] Train acc: 1.0000
3, 252, 0.0130, 0.0003, 100.000, 100.000, 0.982, 0.659, 
[900] Train acc: 0.9844
3, 252, 0.0273, 0.0003, 98.438, 100.000, 0.981, 0.654, 
[915] Train acc: 0.9531
3, 252, 0.2454, 0.0003, 95.312, 100.000, 0.984, 0.644, 
[930] Train acc: 0.9844
3, 252, 0.0700, 0.0003, 98.438, 100.000, 0.987, 0.680, 
[0] Train acc: 0.9844
4, 252, 0.0492, 0.0003, 98.438, 100.000, 0.985, 0.679, 
[15] Train acc: 1.0000
4, 252, 0.0252, 0.0003, 100.000, 100.000, 0.984, 0.667, 
[30] Train acc: 0.9844
4, 252, 0.0465, 0.0003, 98.438, 100.000, 0.981, 0.674, 
[45] Train acc: 1.0000
4, 252, 0.0069, 0.0003, 100.000, 100.000, 0.985, 0.673, 
[60] Train acc: 1.0000
4, 252, 0.0200, 0.0003, 100.000, 100.000, 0.985, 0.657, 
[75] Train acc: 1.0000
4, 252, 0.0442, 0.0003, 100.000, 100.000, 0.973, 0.619, 
[90] Train acc: 0.9844
4, 252, 0.0424, 0.0002, 98.438, 100.000, 0.986, 0.724, 
[105] Train acc: 1.0000
4, 252, 0.0098, 0.0002, 100.000, 100.000, 0.984, 0.706, 
[120] Train acc: 0.9844
4, 252, 0.0582, 0.0003, 98.438, 100.000, 0.982, 0.662, 
[135] Train acc: 0.9844
4, 252, 0.0365, 0.0003, 98.438, 100.000, 0.985, 0.672, 
[150] Train acc: 0.9688
4, 252, 0.0530, 0.0003, 96.875, 100.000, 0.986, 0.687, 
[165] Train acc: 1.0000
4, 252, 0.0181, 0.0003, 100.000, 100.000, 0.983, 0.658, 
[180] Train acc: 0.9844
4, 252, 0.1068, 0.0002, 98.438, 100.000, 0.985, 0.702, 
[195] Train acc: 1.0000
4, 252, 0.0065, 0.0002, 100.000, 100.000, 0.984, 0.708, 
[210] Train acc: 0.9688
4, 252, 0.1149, 0.0003, 96.875, 100.000, 0.980, 0.690, 
[225] Train acc: 0.9844
4, 252, 0.0266, 0.0003, 98.438, 100.000, 0.984, 0.657, 
[240] Train acc: 1.0000
4, 252, 0.0188, 0.0003, 100.000, 100.000, 0.983, 0.666, 
[255] Train acc: 0.9844
4, 252, 0.1269, 0.0003, 98.438, 98.438, 0.984, 0.684, 
[270] Train acc: 1.0000
4, 252, 0.0097, 0.0002, 100.000, 100.000, 0.986, 0.709, 
[285] Train acc: 0.9844
4, 252, 0.0872, 0.0002, 98.438, 100.000, 0.986, 0.735, 
[300] Train acc: 1.0000
4, 252, 0.0138, 0.0003, 100.000, 100.000, 0.981, 0.689, 
[315] Train acc: 1.0000
4, 252, 0.0184, 0.0003, 100.000, 100.000, 0.985, 0.690, 
[330] Train acc: 1.0000
4, 252, 0.0371, 0.0003, 100.000, 100.000, 0.985, 0.677, 
[345] Train acc: 0.9531
4, 252, 0.0905, 0.0003, 95.312, 100.000, 0.983, 0.667, 
[360] Train acc: 0.9688
4, 252, 0.0696, 0.0003, 96.875, 100.000, 0.980, 0.643, 
[375] Train acc: 1.0000
4, 252, 0.0083, 0.0003, 100.000, 100.000, 0.987, 0.650, 
[390] Train acc: 1.0000
4, 252, 0.0169, 0.0003, 100.000, 100.000, 0.985, 0.689, 
[405] Train acc: 1.0000
4, 252, 0.0087, 0.0003, 100.000, 100.000, 0.983, 0.669, 
[420] Train acc: 0.9688
4, 252, 0.0532, 0.0003, 96.875, 100.000, 0.983, 0.693, 
[435] Train acc: 0.9688
4, 252, 0.0706, 0.0003, 96.875, 100.000, 0.984, 0.689, 
[450] Train acc: 0.9844
4, 252, 0.0191, 0.0003, 98.438, 100.000, 0.983, 0.686, 
[465] Train acc: 0.9844
4, 252, 0.0746, 0.0002, 98.438, 100.000, 0.986, 0.690, 
[480] Train acc: 0.9688
4, 252, 0.0676, 0.0002, 96.875, 100.000, 0.984, 0.708, 
[495] Train acc: 0.9844
4, 252, 0.0458, 0.0003, 98.438, 100.000, 0.986, 0.680, 
[510] Train acc: 0.9688
4, 252, 0.0589, 0.0002, 96.875, 100.000, 0.986, 0.694, 
[525] Train acc: 1.0000
4, 252, 0.0050, 0.0002, 100.000, 100.000, 0.985, 0.712, 
[540] Train acc: 1.0000
4, 252, 0.0088, 0.0003, 100.000, 100.000, 0.979, 0.689, 
[555] Train acc: 0.9844
4, 252, 0.0708, 0.0002, 98.438, 100.000, 0.984, 0.720, 
[570] Train acc: 1.0000
4, 252, 0.0223, 0.0003, 100.000, 100.000, 0.982, 0.712, 
[585] Train acc: 0.9531
4, 252, 0.1069, 0.0002, 95.312, 100.000, 0.986, 0.685, 
[600] Train acc: 1.0000
4, 252, 0.0118, 0.0002, 100.000, 100.000, 0.986, 0.711, 
[615] Train acc: 0.9844
4, 252, 0.0314, 0.0002, 98.438, 100.000, 0.986, 0.744, 
[630] Train acc: 0.9531
4, 252, 0.1357, 0.0002, 95.312, 100.000, 0.983, 0.686, 
[645] Train acc: 1.0000
4, 252, 0.0155, 0.0002, 100.000, 100.000, 0.984, 0.722, 
[660] Train acc: 1.0000
4, 252, 0.0163, 0.0002, 100.000, 100.000, 0.987, 0.706, 
[675] Train acc: 0.9688
4, 252, 0.0475, 0.0002, 96.875, 100.000, 0.985, 0.704, 
[690] Train acc: 0.9844
4, 252, 0.0805, 0.0002, 98.438, 100.000, 0.984, 0.724, 
[705] Train acc: 1.0000
4, 252, 0.0358, 0.0002, 100.000, 100.000, 0.986, 0.731, 
[720] Train acc: 0.9844
4, 252, 0.0912, 0.0002, 98.438, 100.000, 0.983, 0.737, 
[735] Train acc: 1.0000
4, 252, 0.0193, 0.0002, 100.000, 100.000, 0.981, 0.743, 
[750] Train acc: 1.0000
4, 252, 0.0035, 0.0002, 100.000, 100.000, 0.984, 0.741, 
[765] Train acc: 0.9375
4, 252, 0.1056, 0.0002, 93.750, 100.000, 0.983, 0.715, 
[780] Train acc: 0.9688
4, 252, 0.0596, 0.0002, 96.875, 100.000, 0.985, 0.733, 
[795] Train acc: 0.9531
4, 252, 0.1130, 0.0002, 95.312, 100.000, 0.983, 0.714, 
[810] Train acc: 0.9844
4, 252, 0.0195, 0.0002, 98.438, 100.000, 0.985, 0.693, 
[825] Train acc: 0.9688
4, 252, 0.0343, 0.0002, 96.875, 100.000, 0.985, 0.720, 
[840] Train acc: 1.0000
4, 252, 0.0193, 0.0002, 100.000, 100.000, 0.985, 0.699, 
[855] Train acc: 1.0000
4, 252, 0.0029, 0.0002, 100.000, 100.000, 0.985, 0.704, 
[870] Train acc: 0.9844
4, 252, 0.0470, 0.0003, 98.438, 100.000, 0.983, 0.691, 
[885] Train acc: 1.0000
4, 252, 0.0200, 0.0002, 100.000, 100.000, 0.983, 0.717, 
[900] Train acc: 0.9844
4, 252, 0.0475, 0.0003, 98.438, 100.000, 0.980, 0.676, 
[915] Train acc: 1.0000
4, 252, 0.0056, 0.0002, 100.000, 100.000, 0.987, 0.736, 
[930] Train acc: 0.9688
4, 252, 0.1391, 0.0002, 96.875, 100.000, 0.987, 0.701, 
[0] Train acc: 0.9531
5, 252, 0.1102, 0.0003, 95.312, 100.000, 0.983, 0.690, 
[15] Train acc: 0.9844
5, 252, 0.0720, 0.0002, 98.438, 100.000, 0.987, 0.703, 
[30] Train acc: 1.0000
5, 252, 0.0294, 0.0002, 100.000, 100.000, 0.987, 0.735, 
[45] Train acc: 0.9531
5, 252, 0.1029, 0.0002, 95.312, 100.000, 0.985, 0.723, 
[60] Train acc: 1.0000
5, 252, 0.0252, 0.0002, 100.000, 100.000, 0.983, 0.748, 
[75] Train acc: 0.9844
5, 252, 0.0287, 0.0002, 98.438, 100.000, 0.987, 0.740, 
[90] Train acc: 0.9531
5, 252, 0.1605, 0.0003, 95.312, 100.000, 0.984, 0.704, 
[105] Train acc: 0.9844
5, 252, 0.0386, 0.0002, 98.438, 100.000, 0.986, 0.706, 
[120] Train acc: 1.0000
5, 252, 0.0022, 0.0002, 100.000, 100.000, 0.985, 0.693, 
[135] Train acc: 0.9844
5, 252, 0.0400, 0.0002, 98.438, 100.000, 0.988, 0.705, 
[150] Train acc: 1.0000
5, 252, 0.0239, 0.0002, 100.000, 100.000, 0.988, 0.733, 
[165] Train acc: 0.9844
5, 252, 0.0322, 0.0002, 98.438, 100.000, 0.984, 0.704, 
[180] Train acc: 1.0000
5, 252, 0.0168, 0.0002, 100.000, 100.000, 0.986, 0.732, 
[195] Train acc: 0.9844
5, 252, 0.0289, 0.0002, 98.438, 100.000, 0.985, 0.739, 
[210] Train acc: 0.9688
5, 252, 0.2134, 0.0002, 96.875, 98.438, 0.986, 0.703, 
[225] Train acc: 0.9688
5, 252, 0.0581, 0.0002, 96.875, 100.000, 0.981, 0.732, 
[240] Train acc: 0.9844
5, 252, 0.0447, 0.0002, 98.438, 100.000, 0.987, 0.728, 
[255] Train acc: 0.9844
5, 252, 0.0388, 0.0002, 98.438, 100.000, 0.986, 0.706, 
[270] Train acc: 1.0000
5, 252, 0.0078, 0.0003, 100.000, 100.000, 0.983, 0.702, 
[285] Train acc: 0.9844
5, 252, 0.0373, 0.0002, 98.438, 100.000, 0.986, 0.680, 
[300] Train acc: 0.9688
5, 252, 0.0721, 0.0002, 96.875, 100.000, 0.986, 0.689, 
[315] Train acc: 0.9688
5, 252, 0.0610, 0.0002, 96.875, 100.000, 0.985, 0.702, 
[330] Train acc: 1.0000
5, 252, 0.0311, 0.0002, 100.000, 100.000, 0.985, 0.718, 
[345] Train acc: 1.0000
5, 252, 0.0053, 0.0002, 100.000, 100.000, 0.986, 0.705, 
[360] Train acc: 1.0000
5, 252, 0.0069, 0.0002, 100.000, 100.000, 0.988, 0.732, 
[375] Train acc: 1.0000
5, 252, 0.0180, 0.0002, 100.000, 100.000, 0.985, 0.747, 
[390] Train acc: 0.9844
5, 252, 0.0299, 0.0002, 98.438, 100.000, 0.987, 0.746, 
[405] Train acc: 0.9688
5, 252, 0.0394, 0.0002, 96.875, 100.000, 0.986, 0.757, 
[420] Train acc: 0.9844
5, 252, 0.0280, 0.0002, 98.438, 100.000, 0.987, 0.769, 
[435] Train acc: 0.9844
5, 252, 0.0364, 0.0002, 98.438, 100.000, 0.986, 0.783, 
[450] Train acc: 0.9688
5, 252, 0.0735, 0.0002, 96.875, 100.000, 0.987, 0.753, 
[465] Train acc: 0.9531
5, 252, 0.2302, 0.0003, 95.312, 100.000, 0.986, 0.676, 
[480] Train acc: 1.0000
5, 252, 0.0074, 0.0002, 100.000, 100.000, 0.985, 0.700, 
[495] Train acc: 0.9688
5, 252, 0.0723, 0.0003, 96.875, 100.000, 0.986, 0.700, 
[510] Train acc: 0.9531
5, 252, 0.0750, 0.0002, 95.312, 100.000, 0.987, 0.718, 
[525] Train acc: 0.9688
5, 252, 0.0753, 0.0002, 96.875, 100.000, 0.988, 0.764, 
[540] Train acc: 0.9688
5, 252, 0.1275, 0.0002, 96.875, 100.000, 0.988, 0.761, 
[555] Train acc: 0.9844
5, 252, 0.0237, 0.0002, 98.438, 100.000, 0.989, 0.746, 
[570] Train acc: 1.0000
5, 252, 0.0092, 0.0002, 100.000, 100.000, 0.987, 0.751, 
[585] Train acc: 1.0000
5, 252, 0.0076, 0.0002, 100.000, 100.000, 0.985, 0.742, 
[600] Train acc: 1.0000
5, 252, 0.0149, 0.0002, 100.000, 100.000, 0.986, 0.716, 
[615] Train acc: 0.9844
5, 252, 0.0203, 0.0002, 98.438, 100.000, 0.988, 0.689, 
[630] Train acc: 0.9375
5, 252, 0.1450, 0.0002, 93.750, 100.000, 0.988, 0.731, 
[645] Train acc: 1.0000
5, 252, 0.0040, 0.0002, 100.000, 100.000, 0.987, 0.736, 
[660] Train acc: 1.0000
5, 252, 0.0038, 0.0002, 100.000, 100.000, 0.987, 0.734, 
[675] Train acc: 1.0000
5, 252, 0.0193, 0.0002, 100.000, 100.000, 0.987, 0.723, 
[690] Train acc: 1.0000
5, 252, 0.0028, 0.0002, 100.000, 100.000, 0.987, 0.737, 
[705] Train acc: 1.0000
5, 252, 0.0094, 0.0002, 100.000, 100.000, 0.988, 0.731, 
[720] Train acc: 0.9844
5, 252, 0.0522, 0.0002, 98.438, 100.000, 0.988, 0.714, 
[735] Train acc: 0.9844
5, 252, 0.0574, 0.0002, 98.438, 100.000, 0.988, 0.728, 
[750] Train acc: 1.0000
5, 252, 0.0062, 0.0002, 100.000, 100.000, 0.986, 0.756, 
[765] Train acc: 0.9844
5, 252, 0.0172, 0.0002, 98.438, 100.000, 0.984, 0.714, 
[780] Train acc: 0.9531
5, 252, 0.2520, 0.0002, 95.312, 100.000, 0.987, 0.704, 
[795] Train acc: 0.9688
5, 252, 0.0624, 0.0002, 96.875, 100.000, 0.988, 0.722, 
[810] Train acc: 0.9844
5, 252, 0.0244, 0.0002, 98.438, 100.000, 0.986, 0.732, 
[825] Train acc: 1.0000
5, 252, 0.0097, 0.0002, 100.000, 100.000, 0.986, 0.750, 
[840] Train acc: 0.9844
5, 252, 0.0248, 0.0002, 98.438, 100.000, 0.988, 0.757, 
[855] Train acc: 1.0000
5, 252, 0.0125, 0.0002, 100.000, 100.000, 0.985, 0.765, 
[870] Train acc: 0.9688
5, 252, 0.1250, 0.0002, 96.875, 100.000, 0.980, 0.777, 
[885] Train acc: 1.0000
5, 252, 0.0025, 0.0002, 100.000, 100.000, 0.988, 0.732, 
[900] Train acc: 1.0000
5, 252, 0.0236, 0.0002, 100.000, 100.000, 0.987, 0.729, 
[915] Train acc: 0.9844
5, 252, 0.0192, 0.0002, 98.438, 100.000, 0.987, 0.712, 
[930] Train acc: 0.9844
5, 252, 0.0358, 0.0003, 98.438, 100.000, 0.984, 0.687, 
[0] Train acc: 1.0000
6, 252, 0.0100, 0.0002, 100.000, 100.000, 0.986, 0.737, 
[15] Train acc: 1.0000
6, 252, 0.0078, 0.0002, 100.000, 100.000, 0.990, 0.732, 
[30] Train acc: 0.9844
6, 252, 0.0399, 0.0002, 98.438, 100.000, 0.986, 0.696, 
[45] Train acc: 1.0000
6, 252, 0.0039, 0.0002, 100.000, 100.000, 0.989, 0.686, 
[60] Train acc: 0.9844
6, 252, 0.0358, 0.0002, 98.438, 100.000, 0.987, 0.715, 
[75] Train acc: 1.0000
6, 252, 0.0224, 0.0002, 100.000, 100.000, 0.987, 0.757, 
[90] Train acc: 1.0000
6, 252, 0.0267, 0.0002, 100.000, 100.000, 0.988, 0.774, 
[105] Train acc: 0.9844
6, 252, 0.0392, 0.0002, 98.438, 100.000, 0.987, 0.769, 
[120] Train acc: 0.9844
6, 252, 0.0495, 0.0002, 98.438, 100.000, 0.988, 0.786, 
[135] Train acc: 1.0000
6, 252, 0.0039, 0.0002, 100.000, 100.000, 0.989, 0.782, 
[150] Train acc: 1.0000
6, 252, 0.0166, 0.0002, 100.000, 100.000, 0.985, 0.759, 
[165] Train acc: 1.0000
6, 252, 0.0103, 0.0002, 100.000, 100.000, 0.986, 0.744, 
[180] Train acc: 1.0000
6, 252, 0.0103, 0.0002, 100.000, 100.000, 0.988, 0.773, 
[195] Train acc: 0.9688
6, 252, 0.0573, 0.0002, 96.875, 100.000, 0.987, 0.759, 
[210] Train acc: 0.9844
6, 252, 0.0431, 0.0002, 98.438, 100.000, 0.987, 0.731, 
[225] Train acc: 0.9688
6, 252, 0.0422, 0.0002, 96.875, 100.000, 0.989, 0.746, 
[240] Train acc: 1.0000
6, 252, 0.0054, 0.0002, 100.000, 100.000, 0.986, 0.740, 
[255] Train acc: 0.9844
6, 252, 0.0919, 0.0002, 98.438, 100.000, 0.986, 0.750, 
[270] Train acc: 1.0000
6, 252, 0.0132, 0.0002, 100.000, 100.000, 0.987, 0.731, 
[285] Train acc: 0.9688
6, 252, 0.1043, 0.0002, 96.875, 100.000, 0.988, 0.747, 
[300] Train acc: 0.9844
6, 252, 0.1036, 0.0002, 98.438, 100.000, 0.985, 0.702, 
[315] Train acc: 1.0000
6, 252, 0.0044, 0.0002, 100.000, 100.000, 0.988, 0.743, 
[330] Train acc: 1.0000
6, 252, 0.0161, 0.0002, 100.000, 100.000, 0.988, 0.728, 
[345] Train acc: 0.9688
6, 252, 0.1493, 0.0002, 96.875, 100.000, 0.989, 0.743, 
[360] Train acc: 0.9844
6, 252, 0.0295, 0.0002, 98.438, 100.000, 0.989, 0.721, 
[375] Train acc: 0.9844
6, 252, 0.0457, 0.0002, 98.438, 100.000, 0.985, 0.695, 
[390] Train acc: 0.9844
6, 252, 0.0532, 0.0002, 98.438, 100.000, 0.987, 0.734, 
[405] Train acc: 0.9844
6, 252, 0.0209, 0.0002, 98.438, 100.000, 0.985, 0.716, 
[420] Train acc: 1.0000
6, 252, 0.0041, 0.0002, 100.000, 100.000, 0.985, 0.746, 
[435] Train acc: 1.0000
6, 252, 0.0039, 0.0002, 100.000, 100.000, 0.987, 0.728, 
[450] Train acc: 1.0000
6, 252, 0.0092, 0.0002, 100.000, 100.000, 0.987, 0.751, 
[465] Train acc: 0.9844
6, 252, 0.0293, 0.0002, 98.438, 100.000, 0.989, 0.721, 
[480] Train acc: 1.0000
6, 252, 0.0078, 0.0002, 100.000, 100.000, 0.988, 0.718, 
[495] Train acc: 1.0000
6, 252, 0.0118, 0.0002, 100.000, 100.000, 0.987, 0.733, 
[510] Train acc: 0.9688
6, 252, 0.1119, 0.0002, 96.875, 100.000, 0.987, 0.744, 
[525] Train acc: 0.9688
6, 252, 0.0495, 0.0002, 96.875, 100.000, 0.991, 0.738, 
[540] Train acc: 0.9688
6, 252, 0.0535, 0.0002, 96.875, 100.000, 0.986, 0.717, 
[555] Train acc: 1.0000
6, 252, 0.0165, 0.0002, 100.000, 100.000, 0.988, 0.773, 
[570] Train acc: 0.9844
6, 252, 0.0528, 0.0002, 98.438, 100.000, 0.989, 0.755, 
[585] Train acc: 0.9844
6, 252, 0.0452, 0.0002, 98.438, 100.000, 0.988, 0.742, 
[600] Train acc: 1.0000
6, 252, 0.0011, 0.0002, 100.000, 100.000, 0.985, 0.740, 
[615] Train acc: 0.9844
6, 252, 0.0370, 0.0002, 98.438, 100.000, 0.988, 0.793, 
[630] Train acc: 0.9844
6, 252, 0.0510, 0.0002, 98.438, 100.000, 0.982, 0.759, 
[645] Train acc: 1.0000
6, 252, 0.0039, 0.0002, 100.000, 100.000, 0.989, 0.794, 
[660] Train acc: 1.0000
6, 252, 0.0106, 0.0002, 100.000, 100.000, 0.989, 0.774, 
[675] Train acc: 1.0000
6, 252, 0.0028, 0.0002, 100.000, 100.000, 0.990, 0.767, 
[690] Train acc: 1.0000
6, 252, 0.0075, 0.0002, 100.000, 100.000, 0.988, 0.770, 
[705] Train acc: 1.0000
6, 252, 0.0077, 0.0002, 100.000, 100.000, 0.987, 0.754, 
[720] Train acc: 0.9844
6, 252, 0.0294, 0.0002, 98.438, 100.000, 0.984, 0.753, 
[735] Train acc: 0.9844
6, 252, 0.0521, 0.0002, 98.438, 100.000, 0.988, 0.773, 
[750] Train acc: 0.9844
6, 252, 0.0211, 0.0002, 98.438, 100.000, 0.990, 0.729, 
[765] Train acc: 1.0000
6, 252, 0.0021, 0.0002, 100.000, 100.000, 0.987, 0.727, 
[780] Train acc: 1.0000
6, 252, 0.0118, 0.0002, 100.000, 100.000, 0.987, 0.736, 
[795] Train acc: 0.9844
6, 252, 0.0259, 0.0002, 98.438, 100.000, 0.989, 0.761, 
[810] Train acc: 1.0000
6, 252, 0.0199, 0.0002, 100.000, 100.000, 0.987, 0.785, 
[825] Train acc: 0.9688
6, 252, 0.0521, 0.0002, 96.875, 100.000, 0.987, 0.745, 
[840] Train acc: 0.9844
6, 252, 0.0415, 0.0002, 98.438, 100.000, 0.987, 0.745, 
[855] Train acc: 1.0000
6, 252, 0.0056, 0.0002, 100.000, 100.000, 0.987, 0.763, 
[870] Train acc: 1.0000
6, 252, 0.0069, 0.0002, 100.000, 100.000, 0.988, 0.787, 
[885] Train acc: 0.9688
6, 252, 0.0726, 0.0002, 96.875, 100.000, 0.988, 0.763, 
[900] Train acc: 1.0000
6, 252, 0.0110, 0.0002, 100.000, 100.000, 0.988, 0.759, 
[915] Train acc: 1.0000
6, 252, 0.0109, 0.0002, 100.000, 100.000, 0.988, 0.757, 
[930] Train acc: 1.0000
6, 252, 0.0092, 0.0002, 100.000, 100.000, 0.988, 0.747, 
[0] Train acc: 1.0000
epoch, neuron_units, loss, dl2_loss, top1, top5, dl2_p_acc, dl2_constraint_acc
[0] Train acc: 0.1406
1, 252, 2.2927, 0.0023, 14.062, 59.375, 0.103, 0.050, 
[15] Train acc: 0.1875
1, 252, 2.2763, 0.0023, 18.750, 68.750, 0.103, 0.055, 
[30] Train acc: 0.3125
1, 252, 2.2343, 0.0023, 31.250, 75.000, 0.205, 0.052, 
[45] Train acc: 0.3594
1, 252, 2.1083, 0.0022, 35.938, 89.062, 0.408, 0.049, 
[60] Train acc: 0.5625
1, 252, 1.8079, 0.0021, 56.250, 90.625, 0.576, 0.050, 
[75] Train acc: 0.6719
1, 252, 1.1560, 0.0017, 67.188, 95.312, 0.646, 0.053, 
[90] Train acc: 0.6250
1, 252, 1.0569, 0.0015, 62.500, 98.438, 0.674, 0.052, 
[105] Train acc: 0.7031
1, 252, 0.8945, 0.0013, 70.312, 95.312, 0.730, 0.054, 
[120] Train acc: 0.8125
1, 252, 0.5999, 0.0011, 81.250, 98.438, 0.806, 0.060, 
[135] Train acc: 0.8594
1, 252, 0.3908, 0.0010, 85.938, 100.000, 0.854, 0.075, 
[150] Train acc: 0.8594
1, 252, 0.5338, 0.0010, 85.938, 100.000, 0.820, 0.070, 
[165] Train acc: 0.8281
1, 252, 0.5438, 0.0010, 82.812, 98.438, 0.764, 0.091, 
[180] Train acc: 0.9062
1, 252, 0.4400, 0.0009, 90.625, 98.438, 0.846, 0.126, 
[195] Train acc: 0.9062
1, 252, 0.2807, 0.0009, 90.625, 100.000, 0.848, 0.134, 
[210] Train acc: 0.9219
1, 252, 0.3620, 0.0009, 92.188, 98.438, 0.857, 0.116, 
[225] Train acc: 0.8906
1, 252, 0.3961, 0.0008, 89.062, 100.000, 0.886, 0.133, 
[240] Train acc: 0.8750
1, 252, 0.4191, 0.0008, 87.500, 98.438, 0.877, 0.170, 
[255] Train acc: 0.8281
1, 252, 0.4304, 0.0008, 82.812, 100.000, 0.853, 0.173, 
[270] Train acc: 0.9219
1, 252, 0.2301, 0.0008, 92.188, 100.000, 0.844, 0.176, 
[285] Train acc: 0.9375
1, 252, 0.2475, 0.0007, 93.750, 100.000, 0.920, 0.220, 
[300] Train acc: 0.9062
1, 252, 0.2684, 0.0007, 90.625, 100.000, 0.911, 0.233, 
[315] Train acc: 0.9375
1, 252, 0.2690, 0.0007, 93.750, 98.438, 0.921, 0.223, 
[330] Train acc: 0.9062
1, 252, 0.3765, 0.0007, 90.625, 98.438, 0.864, 0.219, 
[345] Train acc: 0.8594
1, 252, 0.4717, 0.0007, 85.938, 98.438, 0.908, 0.252, 
[360] Train acc: 0.8750
1, 252, 0.2840, 0.0007, 87.500, 100.000, 0.908, 0.242, 
[375] Train acc: 0.9375
1, 252, 0.1569, 0.0007, 93.750, 100.000, 0.922, 0.255, 
[390] Train acc: 0.9219
1, 252, 0.2107, 0.0006, 92.188, 100.000, 0.915, 0.264, 
[405] Train acc: 0.9375
1, 252, 0.1972, 0.0006, 93.750, 100.000, 0.917, 0.248, 
[420] Train acc: 0.9375
1, 252, 0.2407, 0.0006, 93.750, 100.000, 0.935, 0.284, 
[435] Train acc: 0.9219
1, 252, 0.2249, 0.0006, 92.188, 100.000, 0.934, 0.273, 
[450] Train acc: 0.9219
1, 252, 0.1830, 0.0006, 92.188, 100.000, 0.942, 0.320, 
[465] Train acc: 0.8906
1, 252, 0.3452, 0.0006, 89.062, 100.000, 0.912, 0.310, 
[480] Train acc: 1.0000
1, 252, 0.0759, 0.0006, 100.000, 100.000, 0.935, 0.343, 
[495] Train acc: 0.9531
1, 252, 0.1630, 0.0006, 95.312, 100.000, 0.947, 0.316, 
[510] Train acc: 0.9219
1, 252, 0.1678, 0.0005, 92.188, 100.000, 0.948, 0.332, 
[525] Train acc: 0.9531
1, 252, 0.1374, 0.0006, 95.312, 100.000, 0.945, 0.308, 
[540] Train acc: 0.9531
1, 252, 0.2549, 0.0006, 95.312, 98.438, 0.932, 0.303, 
[555] Train acc: 0.9688
1, 252, 0.1706, 0.0005, 96.875, 98.438, 0.953, 0.358, 
[570] Train acc: 0.9531
1, 252, 0.1493, 0.0005, 95.312, 100.000, 0.924, 0.381, 
[585] Train acc: 0.9844
1, 252, 0.0839, 0.0005, 98.438, 100.000, 0.950, 0.342, 
[600] Train acc: 0.9531
1, 252, 0.1911, 0.0005, 95.312, 100.000, 0.951, 0.362, 
[615] Train acc: 0.9531
1, 252, 0.1562, 0.0005, 95.312, 100.000, 0.951, 0.361, 
[630] Train acc: 0.9375
1, 252, 0.3316, 0.0005, 93.750, 100.000, 0.956, 0.356, 
[645] Train acc: 0.9688
1, 252, 0.1515, 0.0005, 96.875, 100.000, 0.956, 0.361, 
[660] Train acc: 0.9688
1, 252, 0.1340, 0.0005, 96.875, 100.000, 0.956, 0.409, 
[675] Train acc: 0.9219
1, 252, 0.1611, 0.0005, 92.188, 100.000, 0.956, 0.405, 
[690] Train acc: 0.9688
1, 252, 0.1636, 0.0005, 96.875, 98.438, 0.957, 0.362, 
[705] Train acc: 0.8906
1, 252, 0.3456, 0.0005, 89.062, 100.000, 0.951, 0.387, 
[720] Train acc: 1.0000
1, 252, 0.0531, 0.0005, 100.000, 100.000, 0.958, 0.425, 
[735] Train acc: 0.9375
1, 252, 0.1569, 0.0005, 93.750, 100.000, 0.957, 0.377, 
[750] Train acc: 0.9688
1, 252, 0.0697, 0.0005, 96.875, 100.000, 0.950, 0.433, 
[765] Train acc: 0.9062
1, 252, 0.2833, 0.0005, 90.625, 100.000, 0.946, 0.366, 
[780] Train acc: 0.9219
1, 252, 0.1946, 0.0005, 92.188, 100.000, 0.964, 0.337, 
[795] Train acc: 0.9375
1, 252, 0.1266, 0.0005, 93.750, 100.000, 0.960, 0.292, 
[810] Train acc: 1.0000
1, 252, 0.0542, 0.0005, 100.000, 100.000, 0.964, 0.343, 
[825] Train acc: 0.9531
1, 252, 0.1051, 0.0005, 95.312, 100.000, 0.960, 0.350, 
[840] Train acc: 0.9531
1, 252, 0.1322, 0.0005, 95.312, 100.000, 0.968, 0.388, 
[855] Train acc: 0.9375
1, 252, 0.1512, 0.0005, 93.750, 100.000, 0.942, 0.372, 
[870] Train acc: 0.9531
1, 252, 0.1509, 0.0004, 95.312, 100.000, 0.964, 0.410, 
[885] Train acc: 0.9375
1, 252, 0.1358, 0.0005, 93.750, 100.000, 0.959, 0.365, 
[900] Train acc: 0.9531
1, 252, 0.1066, 0.0004, 95.312, 100.000, 0.962, 0.451, 
[915] Train acc: 0.9375
1, 252, 0.1932, 0.0004, 93.750, 100.000, 0.960, 0.449, 
[930] Train acc: 0.9375
1, 252, 0.1555, 0.0004, 93.750, 100.000, 0.964, 0.453, 
[0] Train acc: 0.9531
2, 252, 0.1419, 0.0004, 95.312, 100.000, 0.963, 0.471, 
[15] Train acc: 0.9844
2, 252, 0.0728, 0.0004, 98.438, 100.000, 0.968, 0.493, 
[30] Train acc: 0.9688
2, 252, 0.0831, 0.0004, 96.875, 100.000, 0.955, 0.496, 
[45] Train acc: 0.9688
2, 252, 0.0926, 0.0004, 96.875, 100.000, 0.965, 0.503, 
[60] Train acc: 0.9844
2, 252, 0.0453, 0.0004, 98.438, 100.000, 0.963, 0.468, 
[75] Train acc: 0.9688
2, 252, 0.1387, 0.0004, 96.875, 100.000, 0.966, 0.464, 
[90] Train acc: 0.9375
2, 252, 0.3302, 0.0004, 93.750, 100.000, 0.967, 0.448, 
[105] Train acc: 0.9844
2, 252, 0.0469, 0.0004, 98.438, 100.000, 0.969, 0.418, 
[120] Train acc: 0.9844
2, 252, 0.0899, 0.0004, 98.438, 100.000, 0.970, 0.453, 
[135] Train acc: 0.9688
2, 252, 0.1524, 0.0004, 96.875, 100.000, 0.963, 0.444, 
[150] Train acc: 0.9531
2, 252, 0.0857, 0.0004, 95.312, 100.000, 0.967, 0.502, 
[165] Train acc: 0.9844
2, 252, 0.0723, 0.0004, 98.438, 100.000, 0.968, 0.492, 
[180] Train acc: 0.9531
2, 252, 0.0809, 0.0004, 95.312, 100.000, 0.967, 0.526, 
[195] Train acc: 0.9844
2, 252, 0.0929, 0.0004, 98.438, 100.000, 0.960, 0.484, 
[210] Train acc: 0.9688
2, 252, 0.0649, 0.0004, 96.875, 100.000, 0.973, 0.576, 
[225] Train acc: 0.9531
2, 252, 0.1443, 0.0004, 95.312, 100.000, 0.966, 0.547, 
[240] Train acc: 0.9531
2, 252, 0.1491, 0.0004, 95.312, 100.000, 0.966, 0.457, 
[255] Train acc: 1.0000
2, 252, 0.0272, 0.0004, 100.000, 100.000, 0.968, 0.494, 
[270] Train acc: 0.9844
2, 252, 0.0611, 0.0003, 98.438, 100.000, 0.973, 0.563, 
[285] Train acc: 0.9844
2, 252, 0.0364, 0.0003, 98.438, 100.000, 0.975, 0.597, 
[300] Train acc: 0.9688
2, 252, 0.0821, 0.0004, 96.875, 100.000, 0.969, 0.556, 
[315] Train acc: 0.9375
2, 252, 0.1149, 0.0004, 93.750, 100.000, 0.975, 0.537, 
[330] Train acc: 0.9688
2, 252, 0.0534, 0.0004, 96.875, 100.000, 0.968, 0.516, 
[345] Train acc: 0.9531
2, 252, 0.2329, 0.0004, 95.312, 100.000, 0.976, 0.492, 
[360] Train acc: 0.9688
2, 252, 0.0643, 0.0004, 96.875, 100.000, 0.962, 0.406, 
[375] Train acc: 0.9688
2, 252, 0.1032, 0.0004, 96.875, 100.000, 0.976, 0.449, 
[390] Train acc: 0.9844
2, 252, 0.0273, 0.0004, 98.438, 100.000, 0.975, 0.499, 
[405] Train acc: 0.9844
2, 252, 0.0432, 0.0004, 98.438, 100.000, 0.968, 0.498, 
[420] Train acc: 0.9844
2, 252, 0.0258, 0.0003, 98.438, 100.000, 0.976, 0.539, 
[435] Train acc: 0.9844
2, 252, 0.0375, 0.0004, 98.438, 100.000, 0.977, 0.504, 
[450] Train acc: 0.9844
2, 252, 0.0817, 0.0003, 98.438, 100.000, 0.974, 0.552, 
[465] Train acc: 0.9688
2, 252, 0.0876, 0.0004, 96.875, 100.000, 0.972, 0.511, 
[480] Train acc: 0.9688
2, 252, 0.0873, 0.0004, 96.875, 100.000, 0.969, 0.507, 
[495] Train acc: 0.9531
2, 252, 0.1178, 0.0004, 95.312, 100.000, 0.972, 0.535, 
[510] Train acc: 1.0000
2, 252, 0.0177, 0.0004, 100.000, 100.000, 0.974, 0.479, 
[525] Train acc: 0.9688
2, 252, 0.1225, 0.0004, 96.875, 100.000, 0.978, 0.499, 
[540] Train acc: 0.9688
2, 252, 0.0677, 0.0004, 96.875, 100.000, 0.977, 0.447, 
[555] Train acc: 1.0000
2, 252, 0.0318, 0.0004, 100.000, 100.000, 0.977, 0.493, 
[570] Train acc: 0.9531
2, 252, 0.1975, 0.0004, 95.312, 100.000, 0.971, 0.489, 
[585] Train acc: 1.0000
2, 252, 0.0184, 0.0004, 100.000, 100.000, 0.964, 0.467, 
[600] Train acc: 0.9531
2, 252, 0.1874, 0.0004, 95.312, 100.000, 0.964, 0.494, 
[615] Train acc: 0.9531
2, 252, 0.1911, 0.0004, 95.312, 100.000, 0.974, 0.516, 
[630] Train acc: 0.9844
2, 252, 0.0757, 0.0004, 98.438, 100.000, 0.970, 0.497, 
[645] Train acc: 0.9062
2, 252, 0.2339, 0.0003, 90.625, 100.000, 0.980, 0.552, 
[660] Train acc: 0.9844
2, 252, 0.0507, 0.0003, 98.438, 100.000, 0.977, 0.554, 
[675] Train acc: 0.9844
2, 252, 0.0637, 0.0003, 98.438, 100.000, 0.978, 0.605, 
[690] Train acc: 0.9688
2, 252, 0.0459, 0.0003, 96.875, 100.000, 0.975, 0.618, 
[705] Train acc: 0.9844
2, 252, 0.0947, 0.0003, 98.438, 100.000, 0.970, 0.603, 
[720] Train acc: 0.9688
2, 252, 0.0641, 0.0003, 96.875, 100.000, 0.977, 0.604, 
[735] Train acc: 0.9844
2, 252, 0.1057, 0.0003, 98.438, 100.000, 0.959, 0.609, 
[750] Train acc: 1.0000
2, 252, 0.0183, 0.0003, 100.000, 100.000, 0.978, 0.604, 
[765] Train acc: 1.0000
2, 252, 0.0371, 0.0003, 100.000, 100.000, 0.978, 0.624, 
[780] Train acc: 0.9844
2, 252, 0.0421, 0.0003, 98.438, 100.000, 0.974, 0.640, 
[795] Train acc: 0.9688
2, 252, 0.0918, 0.0003, 96.875, 100.000, 0.976, 0.567, 
[810] Train acc: 0.9688
2, 252, 0.0796, 0.0003, 96.875, 100.000, 0.976, 0.602, 
[825] Train acc: 0.9375
2, 252, 0.2884, 0.0003, 93.750, 100.000, 0.979, 0.596, 
[840] Train acc: 1.0000
2, 252, 0.0218, 0.0003, 100.000, 100.000, 0.975, 0.589, 
[855] Train acc: 1.0000
2, 252, 0.0167, 0.0003, 100.000, 100.000, 0.980, 0.602, 
[870] Train acc: 0.9844
2, 252, 0.0273, 0.0003, 98.438, 100.000, 0.978, 0.601, 
[885] Train acc: 0.9688
2, 252, 0.0610, 0.0003, 96.875, 100.000, 0.977, 0.604, 
[900] Train acc: 0.9375
2, 252, 0.1101, 0.0003, 93.750, 100.000, 0.978, 0.563, 
[915] Train acc: 0.9844
2, 252, 0.0516, 0.0003, 98.438, 100.000, 0.981, 0.625, 
[930] Train acc: 0.9688
2, 252, 0.1069, 0.0003, 96.875, 100.000, 0.971, 0.575, 
[0] Train acc: 0.9688
3, 252, 0.1489, 0.0003, 96.875, 100.000, 0.969, 0.558, 
[15] Train acc: 1.0000
3, 252, 0.0289, 0.0003, 100.000, 100.000, 0.981, 0.596, 
[30] Train acc: 0.9844
3, 252, 0.0524, 0.0003, 98.438, 100.000, 0.977, 0.610, 
[45] Train acc: 0.9688
3, 252, 0.0788, 0.0004, 96.875, 100.000, 0.970, 0.546, 
[60] Train acc: 1.0000
3, 252, 0.0204, 0.0003, 100.000, 100.000, 0.981, 0.635, 
[75] Train acc: 0.9531
3, 252, 0.1291, 0.0003, 95.312, 100.000, 0.969, 0.583, 
[90] Train acc: 0.9688
3, 252, 0.0700, 0.0003, 96.875, 100.000, 0.975, 0.623, 
[105] Train acc: 1.0000
3, 252, 0.0225, 0.0003, 100.000, 100.000, 0.981, 0.606, 
[120] Train acc: 1.0000
3, 252, 0.0228, 0.0003, 100.000, 100.000, 0.979, 0.618, 
[135] Train acc: 0.9531
3, 252, 0.0802, 0.0003, 95.312, 100.000, 0.981, 0.579, 
[150] Train acc: 1.0000
3, 252, 0.0099, 0.0003, 100.000, 100.000, 0.974, 0.553, 
[165] Train acc: 0.9688
3, 252, 0.1813, 0.0003, 96.875, 100.000, 0.982, 0.578, 
[180] Train acc: 0.9531
3, 252, 0.1139, 0.0003, 95.312, 100.000, 0.980, 0.628, 
[195] Train acc: 0.9844
3, 252, 0.0672, 0.0003, 98.438, 100.000, 0.977, 0.608, 
[210] Train acc: 0.9688
3, 252, 0.0690, 0.0003, 96.875, 100.000, 0.971, 0.633, 
[225] Train acc: 1.0000
3, 252, 0.0137, 0.0003, 100.000, 100.000, 0.982, 0.649, 
[240] Train acc: 0.9688
3, 252, 0.0634, 0.0003, 96.875, 100.000, 0.979, 0.677, 
[255] Train acc: 0.9844
3, 252, 0.0525, 0.0003, 98.438, 100.000, 0.973, 0.637, 
[270] Train acc: 0.9531
3, 252, 0.1225, 0.0003, 95.312, 100.000, 0.982, 0.664, 
[285] Train acc: 0.9688
3, 252, 0.0596, 0.0003, 96.875, 100.000, 0.984, 0.641, 
[300] Train acc: 0.9844
3, 252, 0.0657, 0.0003, 98.438, 100.000, 0.980, 0.599, 
[315] Train acc: 0.9688
3, 252, 0.1433, 0.0003, 96.875, 100.000, 0.983, 0.613, 
[330] Train acc: 0.9531
3, 252, 0.1233, 0.0003, 95.312, 100.000, 0.978, 0.624, 
[345] Train acc: 1.0000
3, 252, 0.0148, 0.0003, 100.000, 100.000, 0.982, 0.653, 
[360] Train acc: 0.9844
3, 252, 0.0623, 0.0003, 98.438, 100.000, 0.979, 0.648, 
[375] Train acc: 1.0000
3, 252, 0.0419, 0.0003, 100.000, 100.000, 0.976, 0.682, 
[390] Train acc: 0.9375
3, 252, 0.2216, 0.0003, 93.750, 100.000, 0.967, 0.664, 
[405] Train acc: 0.9844
3, 252, 0.0486, 0.0003, 98.438, 100.000, 0.982, 0.688, 
[420] Train acc: 1.0000
3, 252, 0.0293, 0.0003, 100.000, 100.000, 0.983, 0.676, 
[435] Train acc: 0.9844
3, 252, 0.0260, 0.0003, 98.438, 100.000, 0.974, 0.619, 
[450] Train acc: 0.9844
3, 252, 0.0510, 0.0003, 98.438, 100.000, 0.979, 0.648, 
[465] Train acc: 0.9844
3, 252, 0.0471, 0.0003, 98.438, 100.000, 0.982, 0.636, 
[480] Train acc: 0.9844
3, 252, 0.1269, 0.0003, 98.438, 100.000, 0.982, 0.598, 
[495] Train acc: 0.9688
3, 252, 0.0567, 0.0003, 96.875, 100.000, 0.983, 0.667, 
[510] Train acc: 0.9531
3, 252, 0.0854, 0.0003, 95.312, 100.000, 0.982, 0.651, 
[525] Train acc: 0.9531
3, 252, 0.1040, 0.0003, 95.312, 100.000, 0.984, 0.640, 
[540] Train acc: 1.0000
3, 252, 0.0216, 0.0003, 100.000, 100.000, 0.982, 0.653, 
[555] Train acc: 0.9531
3, 252, 0.1553, 0.0003, 95.312, 100.000, 0.985, 0.564, 
[570] Train acc: 0.9844
3, 252, 0.0607, 0.0003, 98.438, 100.000, 0.978, 0.584, 
[585] Train acc: 1.0000
3, 252, 0.0113, 0.0003, 100.000, 100.000, 0.983, 0.656, 
[600] Train acc: 0.9375
3, 252, 0.1608, 0.0003, 93.750, 98.438, 0.980, 0.572, 
[615] Train acc: 0.9531
3, 252, 0.1858, 0.0003, 95.312, 100.000, 0.983, 0.607, 
[630] Train acc: 1.0000
3, 252, 0.0248, 0.0003, 100.000, 100.000, 0.983, 0.641, 
[645] Train acc: 0.9688
3, 252, 0.2095, 0.0003, 96.875, 100.000, 0.983, 0.632, 
[660] Train acc: 1.0000
3, 252, 0.0344, 0.0003, 100.000, 100.000, 0.983, 0.574, 
[675] Train acc: 1.0000
3, 252, 0.0165, 0.0003, 100.000, 100.000, 0.984, 0.611, 
[690] Train acc: 0.9844
3, 252, 0.0297, 0.0003, 98.438, 100.000, 0.984, 0.618, 
[705] Train acc: 1.0000
3, 252, 0.0265, 0.0003, 100.000, 100.000, 0.982, 0.620, 
[720] Train acc: 0.9844
3, 252, 0.0475, 0.0003, 98.438, 100.000, 0.983, 0.604, 
[735] Train acc: 0.9844
3, 252, 0.0325, 0.0003, 98.438, 100.000, 0.983, 0.629, 
[750] Train acc: 1.0000
3, 252, 0.0210, 0.0003, 100.000, 100.000, 0.985, 0.628, 
[765] Train acc: 1.0000
3, 252, 0.0205, 0.0003, 100.000, 100.000, 0.981, 0.627, 
[780] Train acc: 0.9531
3, 252, 0.1131, 0.0003, 95.312, 100.000, 0.983, 0.653, 
[795] Train acc: 0.9688
3, 252, 0.0429, 0.0003, 96.875, 100.000, 0.982, 0.679, 
[810] Train acc: 1.0000
3, 252, 0.0081, 0.0003, 100.000, 100.000, 0.978, 0.712, 
[825] Train acc: 1.0000
3, 252, 0.0135, 0.0002, 100.000, 100.000, 0.984, 0.700, 
[840] Train acc: 0.9531
3, 252, 0.0637, 0.0003, 95.312, 100.000, 0.981, 0.668, 
[855] Train acc: 1.0000
3, 252, 0.0079, 0.0003, 100.000, 100.000, 0.977, 0.612, 
[870] Train acc: 1.0000
3, 252, 0.0084, 0.0003, 100.000, 100.000, 0.982, 0.660, 
[885] Train acc: 1.0000
3, 252, 0.0130, 0.0003, 100.000, 100.000, 0.982, 0.659, 
[900] Train acc: 0.9844
3, 252, 0.0273, 0.0003, 98.438, 100.000, 0.981, 0.654, 
[915] Train acc: 0.9531
3, 252, 0.2454, 0.0003, 95.312, 100.000, 0.984, 0.644, 
[930] Train acc: 0.9844
3, 252, 0.0700, 0.0003, 98.438, 100.000, 0.987, 0.680, 
[0] Train acc: 0.9844
4, 252, 0.0492, 0.0003, 98.438, 100.000, 0.985, 0.679, 
[15] Train acc: 1.0000
4, 252, 0.0252, 0.0003, 100.000, 100.000, 0.984, 0.667, 
[30] Train acc: 0.9844
4, 252, 0.0465, 0.0003, 98.438, 100.000, 0.981, 0.674, 
[45] Train acc: 1.0000
4, 252, 0.0069, 0.0003, 100.000, 100.000, 0.985, 0.673, 
[60] Train acc: 1.0000
4, 252, 0.0200, 0.0003, 100.000, 100.000, 0.985, 0.657, 
[75] Train acc: 1.0000
4, 252, 0.0442, 0.0003, 100.000, 100.000, 0.973, 0.619, 
[90] Train acc: 0.9844
4, 252, 0.0424, 0.0002, 98.438, 100.000, 0.986, 0.724, 
[105] Train acc: 1.0000
4, 252, 0.0098, 0.0002, 100.000, 100.000, 0.984, 0.706, 
[120] Train acc: 0.9844
4, 252, 0.0582, 0.0003, 98.438, 100.000, 0.982, 0.662, 
[135] Train acc: 0.9844
4, 252, 0.0365, 0.0003, 98.438, 100.000, 0.985, 0.672, 
[150] Train acc: 0.9688
4, 252, 0.0530, 0.0003, 96.875, 100.000, 0.986, 0.687, 
[165] Train acc: 1.0000
4, 252, 0.0181, 0.0003, 100.000, 100.000, 0.983, 0.658, 
[180] Train acc: 0.9844
4, 252, 0.1068, 0.0002, 98.438, 100.000, 0.985, 0.702, 
[195] Train acc: 1.0000
4, 252, 0.0065, 0.0002, 100.000, 100.000, 0.984, 0.708, 
[210] Train acc: 0.9688
4, 252, 0.1149, 0.0003, 96.875, 100.000, 0.980, 0.690, 
[225] Train acc: 0.9844
4, 252, 0.0266, 0.0003, 98.438, 100.000, 0.984, 0.657, 
[240] Train acc: 1.0000
4, 252, 0.0188, 0.0003, 100.000, 100.000, 0.983, 0.666, 
[255] Train acc: 0.9844
4, 252, 0.1269, 0.0003, 98.438, 98.438, 0.984, 0.684, 
[270] Train acc: 1.0000
4, 252, 0.0097, 0.0002, 100.000, 100.000, 0.986, 0.709, 
[285] Train acc: 0.9844
4, 252, 0.0872, 0.0002, 98.438, 100.000, 0.986, 0.735, 
[300] Train acc: 1.0000
4, 252, 0.0138, 0.0003, 100.000, 100.000, 0.981, 0.689, 
[315] Train acc: 1.0000
4, 252, 0.0184, 0.0003, 100.000, 100.000, 0.985, 0.690, 
[330] Train acc: 1.0000
4, 252, 0.0371, 0.0003, 100.000, 100.000, 0.985, 0.677, 
[345] Train acc: 0.9531
4, 252, 0.0905, 0.0003, 95.312, 100.000, 0.983, 0.667, 
[360] Train acc: 0.9688
4, 252, 0.0696, 0.0003, 96.875, 100.000, 0.980, 0.643, 
[375] Train acc: 1.0000
4, 252, 0.0083, 0.0003, 100.000, 100.000, 0.987, 0.650, 
[390] Train acc: 1.0000
4, 252, 0.0169, 0.0003, 100.000, 100.000, 0.985, 0.689, 
[405] Train acc: 1.0000
4, 252, 0.0087, 0.0003, 100.000, 100.000, 0.983, 0.669, 
[420] Train acc: 0.9688
4, 252, 0.0532, 0.0003, 96.875, 100.000, 0.983, 0.693, 
[435] Train acc: 0.9688
4, 252, 0.0706, 0.0003, 96.875, 100.000, 0.984, 0.689, 
[450] Train acc: 0.9844
4, 252, 0.0191, 0.0003, 98.438, 100.000, 0.983, 0.686, 
[465] Train acc: 0.9844
4, 252, 0.0746, 0.0002, 98.438, 100.000, 0.986, 0.690, 
[480] Train acc: 0.9688
4, 252, 0.0676, 0.0002, 96.875, 100.000, 0.984, 0.708, 
[495] Train acc: 0.9844
4, 252, 0.0458, 0.0003, 98.438, 100.000, 0.986, 0.680, 
[510] Train acc: 0.9688
4, 252, 0.0589, 0.0002, 96.875, 100.000, 0.986, 0.694, 
[525] Train acc: 1.0000
4, 252, 0.0050, 0.0002, 100.000, 100.000, 0.985, 0.712, 
[540] Train acc: 1.0000
4, 252, 0.0088, 0.0003, 100.000, 100.000, 0.979, 0.689, 
[555] Train acc: 0.9844
4, 252, 0.0708, 0.0002, 98.438, 100.000, 0.984, 0.720, 
[570] Train acc: 1.0000
4, 252, 0.0223, 0.0003, 100.000, 100.000, 0.982, 0.712, 
[585] Train acc: 0.9531
4, 252, 0.1069, 0.0002, 95.312, 100.000, 0.986, 0.685, 
[600] Train acc: 1.0000
4, 252, 0.0118, 0.0002, 100.000, 100.000, 0.986, 0.711, 
[615] Train acc: 0.9844
4, 252, 0.0314, 0.0002, 98.438, 100.000, 0.986, 0.744, 
[630] Train acc: 0.9531
4, 252, 0.1357, 0.0002, 95.312, 100.000, 0.983, 0.686, 
[645] Train acc: 1.0000
4, 252, 0.0155, 0.0002, 100.000, 100.000, 0.984, 0.722, 
[660] Train acc: 1.0000
4, 252, 0.0163, 0.0002, 100.000, 100.000, 0.987, 0.706, 
[675] Train acc: 0.9688
4, 252, 0.0475, 0.0002, 96.875, 100.000, 0.985, 0.704, 
[690] Train acc: 0.9844
4, 252, 0.0805, 0.0002, 98.438, 100.000, 0.984, 0.724, 
[705] Train acc: 1.0000
4, 252, 0.0358, 0.0002, 100.000, 100.000, 0.986, 0.731, 
[720] Train acc: 0.9844
4, 252, 0.0912, 0.0002, 98.438, 100.000, 0.983, 0.737, 
[735] Train acc: 1.0000
4, 252, 0.0193, 0.0002, 100.000, 100.000, 0.981, 0.743, 
[750] Train acc: 1.0000
4, 252, 0.0035, 0.0002, 100.000, 100.000, 0.984, 0.741, 
[765] Train acc: 0.9375
4, 252, 0.1056, 0.0002, 93.750, 100.000, 0.983, 0.715, 
[780] Train acc: 0.9688
4, 252, 0.0596, 0.0002, 96.875, 100.000, 0.985, 0.733, 
[795] Train acc: 0.9531
4, 252, 0.1130, 0.0002, 95.312, 100.000, 0.983, 0.714, 
[810] Train acc: 0.9844
4, 252, 0.0195, 0.0002, 98.438, 100.000, 0.985, 0.693, 
[825] Train acc: 0.9688
4, 252, 0.0343, 0.0002, 96.875, 100.000, 0.985, 0.720, 
[840] Train acc: 1.0000
4, 252, 0.0193, 0.0002, 100.000, 100.000, 0.985, 0.699, 
[855] Train acc: 1.0000
4, 252, 0.0029, 0.0002, 100.000, 100.000, 0.985, 0.704, 
[870] Train acc: 0.9844
4, 252, 0.0470, 0.0003, 98.438, 100.000, 0.983, 0.691, 
[885] Train acc: 1.0000
4, 252, 0.0200, 0.0002, 100.000, 100.000, 0.983, 0.717, 
[900] Train acc: 0.9844
4, 252, 0.0475, 0.0003, 98.438, 100.000, 0.980, 0.676, 
[915] Train acc: 1.0000
4, 252, 0.0056, 0.0002, 100.000, 100.000, 0.987, 0.736, 
[930] Train acc: 0.9688
4, 252, 0.1391, 0.0002, 96.875, 100.000, 0.987, 0.701, 
[0] Train acc: 0.9531
5, 252, 0.1102, 0.0003, 95.312, 100.000, 0.983, 0.690, 
[15] Train acc: 0.9844
5, 252, 0.0720, 0.0002, 98.438, 100.000, 0.987, 0.703, 
[30] Train acc: 1.0000
5, 252, 0.0294, 0.0002, 100.000, 100.000, 0.987, 0.735, 
[45] Train acc: 0.9531
5, 252, 0.1029, 0.0002, 95.312, 100.000, 0.985, 0.723, 
[60] Train acc: 1.0000
5, 252, 0.0252, 0.0002, 100.000, 100.000, 0.983, 0.748, 
[75] Train acc: 0.9844
5, 252, 0.0287, 0.0002, 98.438, 100.000, 0.987, 0.740, 
[90] Train acc: 0.9531
5, 252, 0.1605, 0.0003, 95.312, 100.000, 0.984, 0.704, 
[105] Train acc: 0.9844
5, 252, 0.0386, 0.0002, 98.438, 100.000, 0.986, 0.706, 
[120] Train acc: 1.0000
5, 252, 0.0022, 0.0002, 100.000, 100.000, 0.985, 0.693, 
[135] Train acc: 0.9844
5, 252, 0.0400, 0.0002, 98.438, 100.000, 0.988, 0.705, 
[150] Train acc: 1.0000
5, 252, 0.0239, 0.0002, 100.000, 100.000, 0.988, 0.733, 
[165] Train acc: 0.9844
5, 252, 0.0322, 0.0002, 98.438, 100.000, 0.984, 0.704, 
[180] Train acc: 1.0000
5, 252, 0.0168, 0.0002, 100.000, 100.000, 0.986, 0.732, 
[195] Train acc: 0.9844
5, 252, 0.0289, 0.0002, 98.438, 100.000, 0.985, 0.739, 
[210] Train acc: 0.9688
5, 252, 0.2134, 0.0002, 96.875, 98.438, 0.986, 0.703, 
[225] Train acc: 0.9688
5, 252, 0.0581, 0.0002, 96.875, 100.000, 0.981, 0.732, 
[240] Train acc: 0.9844
5, 252, 0.0447, 0.0002, 98.438, 100.000, 0.987, 0.728, 
[255] Train acc: 0.9844
5, 252, 0.0388, 0.0002, 98.438, 100.000, 0.986, 0.706, 
[270] Train acc: 1.0000
5, 252, 0.0078, 0.0003, 100.000, 100.000, 0.983, 0.702, 
[285] Train acc: 0.9844
5, 252, 0.0373, 0.0002, 98.438, 100.000, 0.986, 0.680, 
[300] Train acc: 0.9688
5, 252, 0.0721, 0.0002, 96.875, 100.000, 0.986, 0.689, 
[315] Train acc: 0.9688
5, 252, 0.0610, 0.0002, 96.875, 100.000, 0.985, 0.702, 
[330] Train acc: 1.0000
5, 252, 0.0311, 0.0002, 100.000, 100.000, 0.985, 0.718, 
[345] Train acc: 1.0000
5, 252, 0.0053, 0.0002, 100.000, 100.000, 0.986, 0.705, 
[360] Train acc: 1.0000
5, 252, 0.0069, 0.0002, 100.000, 100.000, 0.988, 0.732, 
[375] Train acc: 1.0000
5, 252, 0.0180, 0.0002, 100.000, 100.000, 0.985, 0.747, 
[390] Train acc: 0.9844
5, 252, 0.0299, 0.0002, 98.438, 100.000, 0.987, 0.746, 
[405] Train acc: 0.9688
5, 252, 0.0394, 0.0002, 96.875, 100.000, 0.986, 0.757, 
[420] Train acc: 0.9844
5, 252, 0.0280, 0.0002, 98.438, 100.000, 0.987, 0.769, 
[435] Train acc: 0.9844
5, 252, 0.0364, 0.0002, 98.438, 100.000, 0.986, 0.783, 
[450] Train acc: 0.9688
5, 252, 0.0735, 0.0002, 96.875, 100.000, 0.987, 0.753, 
[465] Train acc: 0.9531
5, 252, 0.2302, 0.0003, 95.312, 100.000, 0.986, 0.676, 
[480] Train acc: 1.0000
5, 252, 0.0074, 0.0002, 100.000, 100.000, 0.985, 0.700, 
[495] Train acc: 0.9688
5, 252, 0.0723, 0.0003, 96.875, 100.000, 0.986, 0.700, 
[510] Train acc: 0.9531
5, 252, 0.0750, 0.0002, 95.312, 100.000, 0.987, 0.718, 
[525] Train acc: 0.9688
5, 252, 0.0753, 0.0002, 96.875, 100.000, 0.988, 0.764, 
[540] Train acc: 0.9688
5, 252, 0.1275, 0.0002, 96.875, 100.000, 0.988, 0.761, 
[555] Train acc: 0.9844
5, 252, 0.0237, 0.0002, 98.438, 100.000, 0.989, 0.746, 
[570] Train acc: 1.0000
5, 252, 0.0092, 0.0002, 100.000, 100.000, 0.987, 0.751, 
[585] Train acc: 1.0000
5, 252, 0.0076, 0.0002, 100.000, 100.000, 0.985, 0.742, 
[600] Train acc: 1.0000
5, 252, 0.0149, 0.0002, 100.000, 100.000, 0.986, 0.716, 
[615] Train acc: 0.9844
5, 252, 0.0203, 0.0002, 98.438, 100.000, 0.988, 0.689, 
[630] Train acc: 0.9375
5, 252, 0.1450, 0.0002, 93.750, 100.000, 0.988, 0.731, 
[645] Train acc: 1.0000
5, 252, 0.0040, 0.0002, 100.000, 100.000, 0.987, 0.736, 
[660] Train acc: 1.0000
5, 252, 0.0038, 0.0002, 100.000, 100.000, 0.987, 0.734, 
[675] Train acc: 1.0000
5, 252, 0.0193, 0.0002, 100.000, 100.000, 0.987, 0.723, 
[690] Train acc: 1.0000
5, 252, 0.0028, 0.0002, 100.000, 100.000, 0.987, 0.737, 
[705] Train acc: 1.0000
5, 252, 0.0094, 0.0002, 100.000, 100.000, 0.988, 0.731, 
[720] Train acc: 0.9844
5, 252, 0.0522, 0.0002, 98.438, 100.000, 0.988, 0.714, 
[735] Train acc: 0.9844
5, 252, 0.0574, 0.0002, 98.438, 100.000, 0.988, 0.728, 
[750] Train acc: 1.0000
5, 252, 0.0062, 0.0002, 100.000, 100.000, 0.986, 0.756, 
[765] Train acc: 0.9844
5, 252, 0.0172, 0.0002, 98.438, 100.000, 0.984, 0.714, 
[780] Train acc: 0.9531
5, 252, 0.2520, 0.0002, 95.312, 100.000, 0.987, 0.704, 
[795] Train acc: 0.9688
5, 252, 0.0624, 0.0002, 96.875, 100.000, 0.988, 0.722, 
[810] Train acc: 0.9844
5, 252, 0.0244, 0.0002, 98.438, 100.000, 0.986, 0.732, 
[825] Train acc: 1.0000
5, 252, 0.0097, 0.0002, 100.000, 100.000, 0.986, 0.750, 
[840] Train acc: 0.9844
5, 252, 0.0248, 0.0002, 98.438, 100.000, 0.988, 0.757, 
[855] Train acc: 1.0000
5, 252, 0.0125, 0.0002, 100.000, 100.000, 0.985, 0.765, 
[870] Train acc: 0.9688
5, 252, 0.1250, 0.0002, 96.875, 100.000, 0.980, 0.777, 
[885] Train acc: 1.0000
5, 252, 0.0025, 0.0002, 100.000, 100.000, 0.988, 0.732, 
[900] Train acc: 1.0000
5, 252, 0.0236, 0.0002, 100.000, 100.000, 0.987, 0.729, 
[915] Train acc: 0.9844
5, 252, 0.0192, 0.0002, 98.438, 100.000, 0.987, 0.712, 
[930] Train acc: 0.9844
5, 252, 0.0358, 0.0003, 98.438, 100.000, 0.984, 0.687, 
[0] Train acc: 1.0000
6, 252, 0.0100, 0.0002, 100.000, 100.000, 0.986, 0.737, 
[15] Train acc: 1.0000
6, 252, 0.0078, 0.0002, 100.000, 100.000, 0.990, 0.732, 
[30] Train acc: 0.9844
6, 252, 0.0399, 0.0002, 98.438, 100.000, 0.986, 0.696, 
[45] Train acc: 1.0000
6, 252, 0.0039, 0.0002, 100.000, 100.000, 0.989, 0.686, 
[60] Train acc: 0.9844
6, 252, 0.0358, 0.0002, 98.438, 100.000, 0.987, 0.715, 
[75] Train acc: 1.0000
6, 252, 0.0224, 0.0002, 100.000, 100.000, 0.987, 0.757, 
[90] Train acc: 1.0000
6, 252, 0.0267, 0.0002, 100.000, 100.000, 0.988, 0.774, 
[105] Train acc: 0.9844
6, 252, 0.0392, 0.0002, 98.438, 100.000, 0.987, 0.769, 
[120] Train acc: 0.9844
6, 252, 0.0495, 0.0002, 98.438, 100.000, 0.988, 0.786, 
[135] Train acc: 1.0000
6, 252, 0.0039, 0.0002, 100.000, 100.000, 0.989, 0.782, 
[150] Train acc: 1.0000
6, 252, 0.0166, 0.0002, 100.000, 100.000, 0.985, 0.759, 
[165] Train acc: 1.0000
6, 252, 0.0103, 0.0002, 100.000, 100.000, 0.986, 0.744, 
[180] Train acc: 1.0000
6, 252, 0.0103, 0.0002, 100.000, 100.000, 0.988, 0.773, 
[195] Train acc: 0.9688
6, 252, 0.0573, 0.0002, 96.875, 100.000, 0.987, 0.759, 
[210] Train acc: 0.9844
6, 252, 0.0431, 0.0002, 98.438, 100.000, 0.987, 0.731, 
[225] Train acc: 0.9688
6, 252, 0.0422, 0.0002, 96.875, 100.000, 0.989, 0.746, 
[240] Train acc: 1.0000
6, 252, 0.0054, 0.0002, 100.000, 100.000, 0.986, 0.740, 
[255] Train acc: 0.9844
6, 252, 0.0919, 0.0002, 98.438, 100.000, 0.986, 0.750, 
[270] Train acc: 1.0000
6, 252, 0.0132, 0.0002, 100.000, 100.000, 0.987, 0.731, 
[285] Train acc: 0.9688
6, 252, 0.1043, 0.0002, 96.875, 100.000, 0.988, 0.747, 
[300] Train acc: 0.9844
6, 252, 0.1036, 0.0002, 98.438, 100.000, 0.985, 0.702, 
[315] Train acc: 1.0000
6, 252, 0.0044, 0.0002, 100.000, 100.000, 0.988, 0.743, 
[330] Train acc: 1.0000
6, 252, 0.0161, 0.0002, 100.000, 100.000, 0.988, 0.728, 
[345] Train acc: 0.9688
6, 252, 0.1493, 0.0002, 96.875, 100.000, 0.989, 0.743, 
[360] Train acc: 0.9844
6, 252, 0.0295, 0.0002, 98.438, 100.000, 0.989, 0.721, 
[375] Train acc: 0.9844
6, 252, 0.0457, 0.0002, 98.438, 100.000, 0.985, 0.695, 
[390] Train acc: 0.9844
6, 252, 0.0532, 0.0002, 98.438, 100.000, 0.987, 0.734, 
[405] Train acc: 0.9844
6, 252, 0.0209, 0.0002, 98.438, 100.000, 0.985, 0.716, 
[420] Train acc: 1.0000
6, 252, 0.0041, 0.0002, 100.000, 100.000, 0.985, 0.746, 
[435] Train acc: 1.0000
6, 252, 0.0039, 0.0002, 100.000, 100.000, 0.987, 0.728, 
[450] Train acc: 1.0000
6, 252, 0.0092, 0.0002, 100.000, 100.000, 0.987, 0.751, 
[465] Train acc: 0.9844
6, 252, 0.0293, 0.0002, 98.438, 100.000, 0.989, 0.721, 
[480] Train acc: 1.0000
6, 252, 0.0078, 0.0002, 100.000, 100.000, 0.988, 0.718, 
[495] Train acc: 1.0000
6, 252, 0.0118, 0.0002, 100.000, 100.000, 0.987, 0.733, 
[510] Train acc: 0.9688
6, 252, 0.1119, 0.0002, 96.875, 100.000, 0.987, 0.744, 
[525] Train acc: 0.9688
6, 252, 0.0495, 0.0002, 96.875, 100.000, 0.991, 0.738, 
[540] Train acc: 0.9688
6, 252, 0.0535, 0.0002, 96.875, 100.000, 0.986, 0.717, 
[555] Train acc: 1.0000
6, 252, 0.0165, 0.0002, 100.000, 100.000, 0.988, 0.773, 
[570] Train acc: 0.9844
6, 252, 0.0528, 0.0002, 98.438, 100.000, 0.989, 0.755, 
[585] Train acc: 0.9844
6, 252, 0.0452, 0.0002, 98.438, 100.000, 0.988, 0.742, 
[600] Train acc: 1.0000
6, 252, 0.0011, 0.0002, 100.000, 100.000, 0.985, 0.740, 
[615] Train acc: 0.9844
6, 252, 0.0370, 0.0002, 98.438, 100.000, 0.988, 0.793, 
[630] Train acc: 0.9844
6, 252, 0.0510, 0.0002, 98.438, 100.000, 0.982, 0.759, 
[645] Train acc: 1.0000
6, 252, 0.0039, 0.0002, 100.000, 100.000, 0.989, 0.794, 
[660] Train acc: 1.0000
6, 252, 0.0106, 0.0002, 100.000, 100.000, 0.989, 0.774, 
[675] Train acc: 1.0000
6, 252, 0.0028, 0.0002, 100.000, 100.000, 0.990, 0.767, 
[690] Train acc: 1.0000
6, 252, 0.0075, 0.0002, 100.000, 100.000, 0.988, 0.770, 
[705] Train acc: 1.0000
6, 252, 0.0077, 0.0002, 100.000, 100.000, 0.987, 0.754, 
[720] Train acc: 0.9844
6, 252, 0.0294, 0.0002, 98.438, 100.000, 0.984, 0.753, 
[735] Train acc: 0.9844
6, 252, 0.0521, 0.0002, 98.438, 100.000, 0.988, 0.773, 
[750] Train acc: 0.9844
6, 252, 0.0211, 0.0002, 98.438, 100.000, 0.990, 0.729, 
[765] Train acc: 1.0000
6, 252, 0.0021, 0.0002, 100.000, 100.000, 0.987, 0.727, 
[780] Train acc: 1.0000
6, 252, 0.0118, 0.0002, 100.000, 100.000, 0.987, 0.736, 
[795] Train acc: 0.9844
6, 252, 0.0259, 0.0002, 98.438, 100.000, 0.989, 0.761, 
[810] Train acc: 1.0000
6, 252, 0.0199, 0.0002, 100.000, 100.000, 0.987, 0.785, 
[825] Train acc: 0.9688
6, 252, 0.0521, 0.0002, 96.875, 100.000, 0.987, 0.745, 
[840] Train acc: 0.9844
6, 252, 0.0415, 0.0002, 98.438, 100.000, 0.987, 0.745, 
[855] Train acc: 1.0000
6, 252, 0.0056, 0.0002, 100.000, 100.000, 0.987, 0.763, 
[870] Train acc: 1.0000
6, 252, 0.0069, 0.0002, 100.000, 100.000, 0.988, 0.787, 
[885] Train acc: 0.9688
6, 252, 0.0726, 0.0002, 96.875, 100.000, 0.988, 0.763, 
[900] Train acc: 1.0000
6, 252, 0.0110, 0.0002, 100.000, 100.000, 0.988, 0.759, 
[915] Train acc: 1.0000
6, 252, 0.0109, 0.0002, 100.000, 100.000, 0.988, 0.757, 
[930] Train acc: 1.0000
6, 252, 0.0092, 0.0002, 100.000, 100.000, 0.988, 0.747, 
[0] Train acc: 1.0000
