epoch, neuron_units, loss, dl2_loss, top1, top5, dl2_p_acc, dl2_constraint_acc
[0] Train acc: 0.1406
1, 252, 2.2927, 0.0023, 14.062, 59.375, 0.103, 0.421, 
[15] Train acc: 0.1875
1, 252, 2.2763, 0.0023, 18.750, 68.750, 0.103, 0.426, 
[30] Train acc: 0.3125
1, 252, 2.2343, 0.0023, 31.250, 75.000, 0.205, 0.428, 
[45] Train acc: 0.3594
1, 252, 2.1083, 0.0022, 35.938, 89.062, 0.408, 0.432, 
[60] Train acc: 0.5625
1, 252, 1.8079, 0.0021, 56.250, 90.625, 0.576, 0.432, 
[75] Train acc: 0.6719
1, 252, 1.1560, 0.0017, 67.188, 95.312, 0.646, 0.432, 
[90] Train acc: 0.6250
1, 252, 1.0569, 0.0015, 62.500, 98.438, 0.674, 0.440, 
[105] Train acc: 0.7031
1, 252, 0.8945, 0.0013, 70.312, 95.312, 0.730, 0.415, 
[120] Train acc: 0.8125
1, 252, 0.5999, 0.0011, 81.250, 98.438, 0.806, 0.425, 
[135] Train acc: 0.8594
1, 252, 0.3908, 0.0010, 85.938, 100.000, 0.854, 0.431, 
[150] Train acc: 0.8594
1, 252, 0.5338, 0.0010, 85.938, 100.000, 0.820, 0.426, 
[165] Train acc: 0.8281
1, 252, 0.5438, 0.0010, 82.812, 98.438, 0.764, 0.426, 
[180] Train acc: 0.9062
1, 252, 0.4400, 0.0009, 90.625, 98.438, 0.846, 0.426, 
[195] Train acc: 0.9062
1, 252, 0.2807, 0.0009, 90.625, 100.000, 0.848, 0.430, 
[210] Train acc: 0.9219
1, 252, 0.3620, 0.0009, 92.188, 98.438, 0.857, 0.427, 
[225] Train acc: 0.8906
1, 252, 0.3961, 0.0008, 89.062, 100.000, 0.886, 0.417, 
[240] Train acc: 0.8750
1, 252, 0.4191, 0.0008, 87.500, 98.438, 0.877, 0.425, 
[255] Train acc: 0.8281
1, 252, 0.4304, 0.0008, 82.812, 100.000, 0.853, 0.431, 
[270] Train acc: 0.9219
1, 252, 0.2301, 0.0008, 92.188, 100.000, 0.844, 0.433, 
[285] Train acc: 0.9375
1, 252, 0.2473, 0.0007, 93.750, 100.000, 0.920, 0.430, 
[300] Train acc: 0.9062
1, 252, 0.2676, 0.0007, 90.625, 100.000, 0.912, 0.440, 
[315] Train acc: 0.9375
1, 252, 0.2680, 0.0007, 93.750, 98.438, 0.920, 0.438, 
[330] Train acc: 0.9062
1, 252, 0.3760, 0.0007, 90.625, 98.438, 0.864, 0.429, 
[345] Train acc: 0.8594
1, 252, 0.4707, 0.0007, 85.938, 98.438, 0.908, 0.435, 
[360] Train acc: 0.8750
1, 252, 0.2857, 0.0007, 87.500, 100.000, 0.908, 0.425, 
[375] Train acc: 0.9375
1, 252, 0.1565, 0.0007, 93.750, 100.000, 0.922, 0.426, 
[390] Train acc: 0.9219
1, 252, 0.2108, 0.0006, 92.188, 100.000, 0.914, 0.418, 
[405] Train acc: 0.9375
1, 252, 0.1969, 0.0006, 93.750, 100.000, 0.917, 0.430, 
[420] Train acc: 0.9219
1, 252, 0.2400, 0.0006, 92.188, 100.000, 0.936, 0.430, 
[435] Train acc: 0.9219
1, 252, 0.2270, 0.0006, 92.188, 100.000, 0.933, 0.437, 
[450] Train acc: 0.9219
1, 252, 0.1798, 0.0006, 92.188, 100.000, 0.942, 0.433, 
[465] Train acc: 0.8906
1, 252, 0.3462, 0.0006, 89.062, 100.000, 0.916, 0.432, 
[480] Train acc: 1.0000
1, 252, 0.0755, 0.0006, 100.000, 100.000, 0.934, 0.430, 
[495] Train acc: 0.9531
1, 252, 0.1632, 0.0006, 95.312, 100.000, 0.947, 0.433, 
[510] Train acc: 0.9219
1, 252, 0.1653, 0.0005, 92.188, 100.000, 0.949, 0.431, 
[525] Train acc: 0.9531
1, 252, 0.1390, 0.0006, 95.312, 100.000, 0.945, 0.436, 
[540] Train acc: 0.9531
1, 252, 0.2509, 0.0006, 95.312, 98.438, 0.934, 0.440, 
[555] Train acc: 0.9531
1, 252, 0.1703, 0.0005, 95.312, 98.438, 0.953, 0.434, 
[570] Train acc: 0.9531
1, 252, 0.1515, 0.0005, 95.312, 100.000, 0.923, 0.429, 
[585] Train acc: 0.9844
1, 252, 0.0830, 0.0005, 98.438, 100.000, 0.950, 0.439, 
[600] Train acc: 0.9531
1, 252, 0.1891, 0.0005, 95.312, 100.000, 0.951, 0.421, 
[615] Train acc: 0.9531
1, 252, 0.1560, 0.0005, 95.312, 100.000, 0.951, 0.425, 
[630] Train acc: 0.9375
1, 252, 0.3314, 0.0005, 93.750, 100.000, 0.956, 0.416, 
[645] Train acc: 0.9688
1, 252, 0.1526, 0.0005, 96.875, 100.000, 0.956, 0.434, 
[660] Train acc: 0.9688
1, 252, 0.1363, 0.0005, 96.875, 100.000, 0.955, 0.430, 
[675] Train acc: 0.9219
1, 252, 0.1621, 0.0005, 92.188, 100.000, 0.956, 0.426, 
[690] Train acc: 0.9688
1, 252, 0.1655, 0.0005, 96.875, 98.438, 0.958, 0.443, 
[705] Train acc: 0.8906
1, 252, 0.3465, 0.0005, 89.062, 100.000, 0.951, 0.429, 
[720] Train acc: 1.0000
1, 252, 0.0519, 0.0005, 100.000, 100.000, 0.958, 0.426, 
[735] Train acc: 0.9375
1, 252, 0.1611, 0.0005, 93.750, 100.000, 0.956, 0.433, 
[750] Train acc: 0.9688
1, 252, 0.0681, 0.0005, 96.875, 100.000, 0.951, 0.430, 
[765] Train acc: 0.9062
1, 252, 0.2858, 0.0005, 90.625, 100.000, 0.946, 0.424, 
[780] Train acc: 0.9219
1, 252, 0.1961, 0.0005, 92.188, 100.000, 0.964, 0.427, 
[795] Train acc: 0.9375
1, 252, 0.1240, 0.0005, 93.750, 100.000, 0.959, 0.433, 
[810] Train acc: 1.0000
1, 252, 0.0541, 0.0005, 100.000, 100.000, 0.963, 0.442, 
[825] Train acc: 0.9531
1, 252, 0.1063, 0.0005, 95.312, 100.000, 0.961, 0.421, 
[840] Train acc: 0.9531
1, 252, 0.1269, 0.0005, 95.312, 100.000, 0.969, 0.435, 
[855] Train acc: 0.9375
1, 252, 0.1498, 0.0005, 93.750, 100.000, 0.944, 0.435, 
[870] Train acc: 0.9531
1, 252, 0.1492, 0.0004, 95.312, 100.000, 0.964, 0.427, 
[885] Train acc: 0.9375
1, 252, 0.1354, 0.0005, 93.750, 100.000, 0.960, 0.429, 
[900] Train acc: 0.9531
1, 252, 0.1045, 0.0004, 95.312, 100.000, 0.963, 0.423, 
[915] Train acc: 0.9375
1, 252, 0.1984, 0.0004, 93.750, 100.000, 0.960, 0.425, 
[930] Train acc: 0.9375
1, 252, 0.1602, 0.0004, 93.750, 100.000, 0.964, 0.436, 
[0] Train acc: 0.9531
2, 252, 0.1422, 0.0004, 95.312, 100.000, 0.963, 0.432, 
[15] Train acc: 0.9844
2, 252, 0.0743, 0.0004, 98.438, 100.000, 0.967, 0.420, 
[30] Train acc: 0.9688
2, 252, 0.0818, 0.0004, 96.875, 100.000, 0.955, 0.428, 
[45] Train acc: 0.9688
2, 252, 0.0931, 0.0004, 96.875, 100.000, 0.966, 0.425, 
[60] Train acc: 0.9844
2, 252, 0.0457, 0.0004, 98.438, 100.000, 0.963, 0.426, 
[75] Train acc: 0.9688
2, 252, 0.1403, 0.0004, 96.875, 100.000, 0.966, 0.421, 
[90] Train acc: 0.9375
2, 252, 0.3260, 0.0004, 93.750, 100.000, 0.968, 0.429, 
[105] Train acc: 0.9844
2, 252, 0.0472, 0.0004, 98.438, 100.000, 0.969, 0.445, 
[120] Train acc: 0.9844
2, 252, 0.0902, 0.0004, 98.438, 100.000, 0.970, 0.435, 
[135] Train acc: 0.9688
2, 252, 0.1529, 0.0004, 96.875, 100.000, 0.963, 0.426, 
[150] Train acc: 0.9531
2, 252, 0.0850, 0.0004, 95.312, 100.000, 0.967, 0.420, 
[165] Train acc: 0.9844
2, 252, 0.0711, 0.0004, 98.438, 100.000, 0.968, 0.443, 
[180] Train acc: 0.9531
2, 252, 0.0894, 0.0004, 95.312, 100.000, 0.967, 0.443, 
[195] Train acc: 0.9688
2, 252, 0.0980, 0.0004, 96.875, 100.000, 0.961, 0.424, 
[210] Train acc: 0.9688
2, 252, 0.0667, 0.0004, 96.875, 100.000, 0.973, 0.426, 
[225] Train acc: 0.9531
2, 252, 0.1516, 0.0004, 95.312, 100.000, 0.965, 0.424, 
[240] Train acc: 0.9531
2, 252, 0.1471, 0.0004, 95.312, 100.000, 0.966, 0.425, 
[255] Train acc: 1.0000
2, 252, 0.0243, 0.0004, 100.000, 100.000, 0.968, 0.433, 
[270] Train acc: 0.9844
2, 252, 0.0624, 0.0003, 98.438, 100.000, 0.973, 0.438, 
[285] Train acc: 0.9844
2, 252, 0.0390, 0.0003, 98.438, 100.000, 0.975, 0.428, 
[300] Train acc: 0.9688
2, 252, 0.0785, 0.0004, 96.875, 100.000, 0.969, 0.428, 
[315] Train acc: 0.9375
2, 252, 0.1171, 0.0004, 93.750, 100.000, 0.976, 0.426, 
[330] Train acc: 0.9688
2, 252, 0.0509, 0.0004, 96.875, 100.000, 0.970, 0.429, 
[345] Train acc: 0.9531
2, 252, 0.2349, 0.0004, 95.312, 100.000, 0.977, 0.437, 
[360] Train acc: 0.9688
2, 252, 0.0656, 0.0004, 96.875, 100.000, 0.962, 0.437, 
[375] Train acc: 0.9531
2, 252, 0.1001, 0.0004, 95.312, 100.000, 0.976, 0.438, 
[390] Train acc: 0.9844
2, 252, 0.0292, 0.0004, 98.438, 100.000, 0.973, 0.424, 
[405] Train acc: 0.9844
2, 252, 0.0423, 0.0004, 98.438, 100.000, 0.969, 0.450, 
[420] Train acc: 0.9844
2, 252, 0.0240, 0.0003, 98.438, 100.000, 0.976, 0.438, 
[435] Train acc: 0.9844
2, 252, 0.0399, 0.0004, 98.438, 100.000, 0.977, 0.417, 
[450] Train acc: 0.9844
2, 252, 0.0881, 0.0004, 98.438, 100.000, 0.974, 0.419, 
[465] Train acc: 0.9688
2, 252, 0.0881, 0.0004, 96.875, 100.000, 0.974, 0.423, 
[480] Train acc: 0.9688
2, 252, 0.0879, 0.0004, 96.875, 100.000, 0.969, 0.438, 
[495] Train acc: 0.9375
2, 252, 0.1214, 0.0004, 93.750, 100.000, 0.972, 0.428, 
[510] Train acc: 1.0000
2, 252, 0.0172, 0.0004, 100.000, 100.000, 0.974, 0.432, 
[525] Train acc: 0.9688
2, 252, 0.1268, 0.0004, 96.875, 100.000, 0.978, 0.428, 
[540] Train acc: 0.9688
2, 252, 0.0655, 0.0004, 96.875, 100.000, 0.978, 0.431, 
[555] Train acc: 1.0000
2, 252, 0.0348, 0.0004, 100.000, 100.000, 0.977, 0.434, 
[570] Train acc: 0.9375
2, 252, 0.1934, 0.0004, 93.750, 100.000, 0.972, 0.440, 
[585] Train acc: 1.0000
2, 252, 0.0182, 0.0004, 100.000, 100.000, 0.966, 0.438, 
[600] Train acc: 0.9531
2, 252, 0.1915, 0.0004, 95.312, 100.000, 0.964, 0.426, 
[615] Train acc: 0.9531
2, 252, 0.1949, 0.0004, 95.312, 100.000, 0.973, 0.438, 
[630] Train acc: 0.9844
2, 252, 0.0737, 0.0004, 98.438, 100.000, 0.972, 0.433, 
[645] Train acc: 0.9062
2, 252, 0.2306, 0.0003, 90.625, 100.000, 0.980, 0.432, 
[660] Train acc: 0.9844
2, 252, 0.0522, 0.0003, 98.438, 100.000, 0.977, 0.439, 
[675] Train acc: 0.9844
2, 252, 0.0637, 0.0003, 98.438, 100.000, 0.978, 0.419, 
[690] Train acc: 0.9688
2, 252, 0.0455, 0.0003, 96.875, 100.000, 0.974, 0.440, 
[705] Train acc: 0.9844
2, 252, 0.0957, 0.0003, 98.438, 100.000, 0.970, 0.441, 
[720] Train acc: 0.9688
2, 252, 0.0663, 0.0003, 96.875, 100.000, 0.976, 0.441, 
[735] Train acc: 0.9844
2, 252, 0.1004, 0.0003, 98.438, 100.000, 0.960, 0.439, 
[750] Train acc: 1.0000
2, 252, 0.0186, 0.0003, 100.000, 100.000, 0.978, 0.428, 
[765] Train acc: 0.9844
2, 252, 0.0402, 0.0003, 98.438, 100.000, 0.978, 0.435, 
[780] Train acc: 0.9844
2, 252, 0.0377, 0.0003, 98.438, 100.000, 0.974, 0.426, 
[795] Train acc: 0.9688
2, 252, 0.0857, 0.0003, 96.875, 100.000, 0.977, 0.442, 
[810] Train acc: 0.9688
2, 252, 0.0765, 0.0003, 96.875, 100.000, 0.976, 0.433, 
[825] Train acc: 0.9375
2, 252, 0.2790, 0.0003, 93.750, 100.000, 0.979, 0.433, 
[840] Train acc: 1.0000
2, 252, 0.0193, 0.0003, 100.000, 100.000, 0.974, 0.429, 
[855] Train acc: 1.0000
2, 252, 0.0162, 0.0003, 100.000, 100.000, 0.980, 0.436, 
[870] Train acc: 0.9844
2, 252, 0.0265, 0.0003, 98.438, 100.000, 0.978, 0.430, 
[885] Train acc: 0.9844
2, 252, 0.0532, 0.0003, 98.438, 100.000, 0.977, 0.429, 
[900] Train acc: 0.9375
2, 252, 0.1047, 0.0003, 93.750, 100.000, 0.979, 0.427, 
[915] Train acc: 0.9844
2, 252, 0.0519, 0.0003, 98.438, 100.000, 0.981, 0.437, 
[930] Train acc: 0.9688
2, 252, 0.1086, 0.0003, 96.875, 100.000, 0.971, 0.423, 
[0] Train acc: 0.9688
3, 252, 0.1501, 0.0003, 96.875, 100.000, 0.970, 0.432, 
[15] Train acc: 1.0000
3, 252, 0.0251, 0.0003, 100.000, 100.000, 0.981, 0.435, 
[30] Train acc: 0.9844
3, 252, 0.0499, 0.0003, 98.438, 100.000, 0.977, 0.423, 
[45] Train acc: 0.9688
3, 252, 0.0734, 0.0004, 96.875, 100.000, 0.970, 0.437, 
[60] Train acc: 1.0000
3, 252, 0.0208, 0.0003, 100.000, 100.000, 0.980, 0.426, 
[75] Train acc: 0.9688
3, 252, 0.1420, 0.0003, 96.875, 100.000, 0.967, 0.439, 
[90] Train acc: 0.9688
3, 252, 0.0717, 0.0003, 96.875, 100.000, 0.974, 0.435, 
[105] Train acc: 1.0000
3, 252, 0.0252, 0.0003, 100.000, 100.000, 0.981, 0.441, 
[120] Train acc: 1.0000
3, 252, 0.0197, 0.0003, 100.000, 100.000, 0.979, 0.414, 
[135] Train acc: 0.9531
3, 252, 0.0737, 0.0003, 95.312, 100.000, 0.981, 0.441, 
[150] Train acc: 1.0000
3, 252, 0.0099, 0.0003, 100.000, 100.000, 0.976, 0.430, 
[165] Train acc: 0.9688
3, 252, 0.1759, 0.0003, 96.875, 100.000, 0.981, 0.432, 
[180] Train acc: 0.9531
3, 252, 0.1120, 0.0003, 95.312, 100.000, 0.981, 0.425, 
[195] Train acc: 0.9844
3, 252, 0.0655, 0.0003, 98.438, 100.000, 0.977, 0.425, 
[210] Train acc: 0.9531
3, 252, 0.0744, 0.0003, 95.312, 100.000, 0.971, 0.436, 
[225] Train acc: 1.0000
3, 252, 0.0150, 0.0003, 100.000, 100.000, 0.982, 0.432, 
[240] Train acc: 0.9844
3, 252, 0.0536, 0.0003, 98.438, 100.000, 0.980, 0.439, 
[255] Train acc: 0.9844
3, 252, 0.0566, 0.0003, 98.438, 100.000, 0.973, 0.436, 
[270] Train acc: 0.9688
3, 252, 0.1104, 0.0003, 96.875, 100.000, 0.981, 0.441, 
[285] Train acc: 0.9688
3, 252, 0.0566, 0.0003, 96.875, 100.000, 0.984, 0.443, 
[300] Train acc: 0.9844
3, 252, 0.0678, 0.0003, 98.438, 100.000, 0.981, 0.435, 
[315] Train acc: 0.9688
3, 252, 0.1390, 0.0003, 96.875, 100.000, 0.983, 0.435, 
[330] Train acc: 0.9531
3, 252, 0.1307, 0.0003, 95.312, 100.000, 0.979, 0.445, 
[345] Train acc: 1.0000
3, 252, 0.0148, 0.0003, 100.000, 100.000, 0.982, 0.440, 
[360] Train acc: 0.9844
3, 252, 0.0636, 0.0003, 98.438, 100.000, 0.979, 0.433, 
[375] Train acc: 1.0000
3, 252, 0.0416, 0.0003, 100.000, 100.000, 0.976, 0.432, 
[390] Train acc: 0.9375
3, 252, 0.2297, 0.0003, 93.750, 100.000, 0.965, 0.432, 
[405] Train acc: 0.9844
3, 252, 0.0452, 0.0003, 98.438, 100.000, 0.982, 0.438, 
[420] Train acc: 1.0000
3, 252, 0.0281, 0.0003, 100.000, 100.000, 0.983, 0.443, 
[435] Train acc: 0.9844
3, 252, 0.0278, 0.0003, 98.438, 100.000, 0.974, 0.430, 
[450] Train acc: 0.9844
3, 252, 0.0485, 0.0003, 98.438, 100.000, 0.979, 0.441, 
[465] Train acc: 1.0000
3, 252, 0.0423, 0.0003, 100.000, 100.000, 0.982, 0.439, 
[480] Train acc: 0.9844
3, 252, 0.1305, 0.0003, 98.438, 100.000, 0.981, 0.432, 
[495] Train acc: 0.9688
3, 252, 0.0578, 0.0003, 96.875, 100.000, 0.982, 0.433, 
[510] Train acc: 0.9688
3, 252, 0.0865, 0.0003, 96.875, 100.000, 0.982, 0.443, 
[525] Train acc: 0.9531
3, 252, 0.1020, 0.0003, 95.312, 100.000, 0.983, 0.442, 
[540] Train acc: 1.0000
3, 252, 0.0191, 0.0003, 100.000, 100.000, 0.983, 0.426, 
[555] Train acc: 0.9531
3, 252, 0.1622, 0.0003, 95.312, 100.000, 0.985, 0.434, 
[570] Train acc: 0.9844
3, 252, 0.0546, 0.0003, 98.438, 100.000, 0.978, 0.429, 
[585] Train acc: 1.0000
3, 252, 0.0108, 0.0003, 100.000, 100.000, 0.983, 0.438, 
[600] Train acc: 0.9531
3, 252, 0.1549, 0.0003, 95.312, 100.000, 0.981, 0.426, 
[615] Train acc: 0.9531
3, 252, 0.1733, 0.0003, 95.312, 100.000, 0.983, 0.440, 
[630] Train acc: 1.0000
3, 252, 0.0238, 0.0003, 100.000, 100.000, 0.984, 0.435, 
[645] Train acc: 0.9688
3, 252, 0.2059, 0.0003, 96.875, 100.000, 0.982, 0.430, 
[660] Train acc: 1.0000
3, 252, 0.0328, 0.0003, 100.000, 100.000, 0.983, 0.423, 
[675] Train acc: 1.0000
3, 252, 0.0158, 0.0003, 100.000, 100.000, 0.984, 0.421, 
[690] Train acc: 0.9844
3, 252, 0.0297, 0.0003, 98.438, 100.000, 0.984, 0.432, 
[705] Train acc: 1.0000
3, 252, 0.0261, 0.0003, 100.000, 100.000, 0.983, 0.426, 
[720] Train acc: 0.9844
3, 252, 0.0484, 0.0003, 98.438, 100.000, 0.984, 0.433, 
[735] Train acc: 0.9844
3, 252, 0.0383, 0.0003, 98.438, 100.000, 0.981, 0.431, 
[750] Train acc: 1.0000
3, 252, 0.0242, 0.0003, 100.000, 100.000, 0.985, 0.420, 
[765] Train acc: 1.0000
3, 252, 0.0230, 0.0003, 100.000, 100.000, 0.981, 0.436, 
[780] Train acc: 0.9688
3, 252, 0.1031, 0.0003, 96.875, 100.000, 0.984, 0.436, 
[795] Train acc: 0.9688
3, 252, 0.0400, 0.0003, 96.875, 100.000, 0.983, 0.427, 
[810] Train acc: 1.0000
3, 252, 0.0077, 0.0003, 100.000, 100.000, 0.977, 0.432, 
[825] Train acc: 1.0000
3, 252, 0.0114, 0.0002, 100.000, 100.000, 0.983, 0.443, 
[840] Train acc: 0.9531
3, 252, 0.0659, 0.0003, 95.312, 100.000, 0.981, 0.432, 
[855] Train acc: 1.0000
3, 252, 0.0088, 0.0003, 100.000, 100.000, 0.978, 0.437, 
[870] Train acc: 1.0000
3, 252, 0.0065, 0.0003, 100.000, 100.000, 0.982, 0.436, 
[885] Train acc: 1.0000
3, 252, 0.0153, 0.0003, 100.000, 100.000, 0.983, 0.430, 
[900] Train acc: 0.9844
3, 252, 0.0251, 0.0003, 98.438, 100.000, 0.981, 0.416, 
[915] Train acc: 0.9531
3, 252, 0.2445, 0.0003, 95.312, 100.000, 0.984, 0.435, 
[930] Train acc: 0.9844
3, 252, 0.0619, 0.0003, 98.438, 100.000, 0.987, 0.436, 
[0] Train acc: 0.9844
4, 252, 0.0490, 0.0003, 98.438, 100.000, 0.986, 0.417, 
[15] Train acc: 1.0000
4, 252, 0.0256, 0.0003, 100.000, 100.000, 0.984, 0.441, 
[30] Train acc: 0.9844
4, 252, 0.0464, 0.0003, 98.438, 100.000, 0.980, 0.434, 
[45] Train acc: 1.0000
4, 252, 0.0067, 0.0003, 100.000, 100.000, 0.985, 0.434, 
[60] Train acc: 1.0000
4, 252, 0.0234, 0.0003, 100.000, 100.000, 0.985, 0.442, 
[75] Train acc: 0.9844
4, 252, 0.0512, 0.0003, 98.438, 100.000, 0.973, 0.448, 
[90] Train acc: 0.9844
4, 252, 0.0420, 0.0002, 98.438, 100.000, 0.986, 0.441, 
[105] Train acc: 1.0000
4, 252, 0.0132, 0.0003, 100.000, 100.000, 0.984, 0.438, 
[120] Train acc: 0.9844
4, 252, 0.0523, 0.0003, 98.438, 100.000, 0.984, 0.417, 
[135] Train acc: 0.9844
4, 252, 0.0351, 0.0003, 98.438, 100.000, 0.986, 0.438, 
[150] Train acc: 0.9688
4, 252, 0.0495, 0.0003, 96.875, 100.000, 0.986, 0.441, 
[165] Train acc: 1.0000
4, 252, 0.0170, 0.0003, 100.000, 100.000, 0.982, 0.440, 
[180] Train acc: 0.9844
4, 252, 0.1124, 0.0002, 98.438, 100.000, 0.985, 0.433, 
[195] Train acc: 1.0000
4, 252, 0.0074, 0.0002, 100.000, 100.000, 0.983, 0.438, 
[210] Train acc: 0.9688
4, 252, 0.1098, 0.0003, 96.875, 100.000, 0.980, 0.443, 
[225] Train acc: 0.9844
4, 252, 0.0262, 0.0003, 98.438, 100.000, 0.985, 0.429, 
[240] Train acc: 1.0000
4, 252, 0.0203, 0.0003, 100.000, 100.000, 0.982, 0.437, 
[255] Train acc: 0.9844
4, 252, 0.1230, 0.0003, 98.438, 98.438, 0.984, 0.426, 
[270] Train acc: 1.0000
4, 252, 0.0095, 0.0002, 100.000, 100.000, 0.985, 0.442, 
[285] Train acc: 0.9844
4, 252, 0.0919, 0.0002, 98.438, 100.000, 0.986, 0.446, 
[300] Train acc: 1.0000
4, 252, 0.0137, 0.0003, 100.000, 100.000, 0.981, 0.426, 
[315] Train acc: 1.0000
4, 252, 0.0170, 0.0002, 100.000, 100.000, 0.985, 0.448, 
[330] Train acc: 0.9688
4, 252, 0.0415, 0.0003, 96.875, 100.000, 0.985, 0.440, 
[345] Train acc: 0.9531
4, 252, 0.0926, 0.0003, 95.312, 100.000, 0.983, 0.431, 
[360] Train acc: 0.9688
4, 252, 0.0735, 0.0003, 96.875, 100.000, 0.979, 0.434, 
[375] Train acc: 1.0000
4, 252, 0.0085, 0.0003, 100.000, 100.000, 0.987, 0.440, 
[390] Train acc: 1.0000
4, 252, 0.0141, 0.0003, 100.000, 100.000, 0.985, 0.441, 
[405] Train acc: 1.0000
4, 252, 0.0082, 0.0003, 100.000, 100.000, 0.983, 0.446, 
[420] Train acc: 0.9688
4, 252, 0.0491, 0.0003, 96.875, 100.000, 0.982, 0.441, 
[435] Train acc: 0.9844
4, 252, 0.0682, 0.0003, 98.438, 100.000, 0.985, 0.443, 
[450] Train acc: 1.0000
4, 252, 0.0189, 0.0003, 100.000, 100.000, 0.983, 0.424, 
[465] Train acc: 0.9844
4, 252, 0.0690, 0.0003, 98.438, 100.000, 0.985, 0.453, 
[480] Train acc: 0.9688
4, 252, 0.0650, 0.0002, 96.875, 100.000, 0.984, 0.436, 
[495] Train acc: 0.9844
4, 252, 0.0433, 0.0003, 98.438, 100.000, 0.986, 0.452, 
[510] Train acc: 0.9688
4, 252, 0.0584, 0.0003, 96.875, 100.000, 0.986, 0.440, 
[525] Train acc: 1.0000
4, 252, 0.0049, 0.0002, 100.000, 100.000, 0.985, 0.436, 
[540] Train acc: 1.0000
4, 252, 0.0088, 0.0003, 100.000, 100.000, 0.980, 0.445, 
[555] Train acc: 0.9844
4, 252, 0.0660, 0.0002, 98.438, 100.000, 0.985, 0.432, 
[570] Train acc: 1.0000
4, 252, 0.0238, 0.0003, 100.000, 100.000, 0.982, 0.434, 
[585] Train acc: 0.9531
4, 252, 0.1068, 0.0003, 95.312, 100.000, 0.986, 0.447, 
[600] Train acc: 1.0000
4, 252, 0.0131, 0.0002, 100.000, 100.000, 0.987, 0.440, 
[615] Train acc: 0.9844
4, 252, 0.0329, 0.0002, 98.438, 100.000, 0.985, 0.442, 
[630] Train acc: 0.9531
4, 252, 0.1284, 0.0002, 95.312, 100.000, 0.982, 0.439, 
[645] Train acc: 1.0000
4, 252, 0.0141, 0.0002, 100.000, 100.000, 0.984, 0.437, 
[660] Train acc: 1.0000
4, 252, 0.0164, 0.0002, 100.000, 100.000, 0.987, 0.432, 
[675] Train acc: 0.9531
4, 252, 0.0542, 0.0002, 95.312, 100.000, 0.986, 0.436, 
[690] Train acc: 0.9844
4, 252, 0.0741, 0.0002, 98.438, 100.000, 0.984, 0.427, 
[705] Train acc: 0.9844
4, 252, 0.0347, 0.0002, 98.438, 100.000, 0.986, 0.449, 
[720] Train acc: 0.9844
4, 252, 0.0883, 0.0002, 98.438, 100.000, 0.983, 0.444, 
[735] Train acc: 1.0000
4, 252, 0.0180, 0.0002, 100.000, 100.000, 0.982, 0.444, 
[750] Train acc: 1.0000
4, 252, 0.0037, 0.0002, 100.000, 100.000, 0.983, 0.440, 
[765] Train acc: 0.9375
4, 252, 0.1026, 0.0002, 93.750, 100.000, 0.983, 0.440, 
[780] Train acc: 0.9688
4, 252, 0.0618, 0.0002, 96.875, 100.000, 0.986, 0.448, 
[795] Train acc: 0.9531
4, 252, 0.1134, 0.0002, 95.312, 100.000, 0.984, 0.445, 
[810] Train acc: 0.9844
4, 252, 0.0255, 0.0002, 98.438, 100.000, 0.985, 0.445, 
[825] Train acc: 0.9688
4, 252, 0.0317, 0.0002, 96.875, 100.000, 0.985, 0.442, 
[840] Train acc: 1.0000
4, 252, 0.0205, 0.0002, 100.000, 100.000, 0.986, 0.420, 
[855] Train acc: 1.0000
4, 252, 0.0028, 0.0002, 100.000, 100.000, 0.986, 0.435, 
[870] Train acc: 0.9844
4, 252, 0.0441, 0.0003, 98.438, 100.000, 0.982, 0.440, 
[885] Train acc: 1.0000
4, 252, 0.0189, 0.0002, 100.000, 100.000, 0.983, 0.441, 
[900] Train acc: 0.9844
4, 252, 0.0483, 0.0003, 98.438, 100.000, 0.981, 0.444, 
[915] Train acc: 1.0000
4, 252, 0.0061, 0.0002, 100.000, 100.000, 0.988, 0.434, 
[930] Train acc: 0.9688
4, 252, 0.1484, 0.0002, 96.875, 100.000, 0.988, 0.433, 
[0] Train acc: 0.9531
5, 252, 0.1111, 0.0003, 95.312, 100.000, 0.983, 0.447, 
[15] Train acc: 0.9844
5, 252, 0.0725, 0.0002, 98.438, 100.000, 0.987, 0.446, 
[30] Train acc: 1.0000
5, 252, 0.0307, 0.0002, 100.000, 100.000, 0.988, 0.461, 
[45] Train acc: 0.9531
5, 252, 0.0974, 0.0002, 95.312, 100.000, 0.987, 0.444, 
[60] Train acc: 1.0000
5, 252, 0.0257, 0.0002, 100.000, 100.000, 0.983, 0.450, 
[75] Train acc: 0.9844
5, 252, 0.0265, 0.0002, 98.438, 100.000, 0.987, 0.459, 
[90] Train acc: 0.9531
5, 252, 0.1579, 0.0003, 95.312, 100.000, 0.984, 0.429, 
[105] Train acc: 0.9844
5, 252, 0.0386, 0.0002, 98.438, 100.000, 0.986, 0.457, 
[120] Train acc: 1.0000
5, 252, 0.0017, 0.0002, 100.000, 100.000, 0.986, 0.441, 
[135] Train acc: 0.9844
5, 252, 0.0378, 0.0002, 98.438, 100.000, 0.988, 0.422, 
[150] Train acc: 1.0000
5, 252, 0.0248, 0.0002, 100.000, 100.000, 0.988, 0.442, 
[165] Train acc: 0.9844
5, 252, 0.0313, 0.0002, 98.438, 100.000, 0.984, 0.434, 
[180] Train acc: 1.0000
5, 252, 0.0177, 0.0002, 100.000, 100.000, 0.986, 0.438, 
[195] Train acc: 0.9844
5, 252, 0.0261, 0.0002, 98.438, 100.000, 0.986, 0.441, 
[210] Train acc: 0.9688
5, 252, 0.2018, 0.0002, 96.875, 98.438, 0.986, 0.445, 
[225] Train acc: 0.9688
5, 252, 0.0630, 0.0002, 96.875, 100.000, 0.982, 0.446, 
[240] Train acc: 0.9844
5, 252, 0.0421, 0.0002, 98.438, 100.000, 0.987, 0.446, 
[255] Train acc: 0.9844
5, 252, 0.0400, 0.0002, 98.438, 100.000, 0.986, 0.443, 
[270] Train acc: 1.0000
5, 252, 0.0125, 0.0003, 100.000, 100.000, 0.983, 0.448, 
[285] Train acc: 0.9844
5, 252, 0.0382, 0.0002, 98.438, 100.000, 0.986, 0.442, 
[300] Train acc: 0.9844
5, 252, 0.0596, 0.0002, 98.438, 100.000, 0.988, 0.446, 
[315] Train acc: 0.9688
5, 252, 0.0619, 0.0002, 96.875, 100.000, 0.985, 0.437, 
[330] Train acc: 0.9688
5, 252, 0.0354, 0.0002, 96.875, 100.000, 0.986, 0.444, 
[345] Train acc: 1.0000
5, 252, 0.0056, 0.0002, 100.000, 100.000, 0.985, 0.446, 
[360] Train acc: 1.0000
5, 252, 0.0058, 0.0002, 100.000, 100.000, 0.987, 0.423, 
[375] Train acc: 1.0000
5, 252, 0.0171, 0.0002, 100.000, 100.000, 0.984, 0.450, 
[390] Train acc: 0.9844
5, 252, 0.0335, 0.0002, 98.438, 100.000, 0.987, 0.451, 
[405] Train acc: 0.9688
5, 252, 0.0375, 0.0002, 96.875, 100.000, 0.986, 0.451, 
[420] Train acc: 0.9844
5, 252, 0.0315, 0.0002, 98.438, 100.000, 0.987, 0.452, 
[435] Train acc: 0.9844
5, 252, 0.0440, 0.0002, 98.438, 100.000, 0.986, 0.448, 
[450] Train acc: 0.9688
5, 252, 0.0599, 0.0002, 96.875, 100.000, 0.987, 0.447, 
[465] Train acc: 0.9531
5, 252, 0.2102, 0.0002, 95.312, 100.000, 0.986, 0.451, 
[480] Train acc: 1.0000
5, 252, 0.0091, 0.0002, 100.000, 100.000, 0.985, 0.439, 
[495] Train acc: 0.9688
5, 252, 0.0673, 0.0002, 96.875, 100.000, 0.985, 0.427, 
[510] Train acc: 0.9531
5, 252, 0.0763, 0.0002, 95.312, 100.000, 0.988, 0.436, 
[525] Train acc: 0.9688
5, 252, 0.0685, 0.0002, 96.875, 100.000, 0.988, 0.441, 
[540] Train acc: 0.9688
5, 252, 0.1217, 0.0002, 96.875, 100.000, 0.988, 0.440, 
[555] Train acc: 0.9844
5, 252, 0.0280, 0.0002, 98.438, 100.000, 0.989, 0.431, 
[570] Train acc: 1.0000
5, 252, 0.0093, 0.0002, 100.000, 100.000, 0.987, 0.449, 
[585] Train acc: 1.0000
5, 252, 0.0100, 0.0002, 100.000, 100.000, 0.985, 0.451, 
[600] Train acc: 1.0000
5, 252, 0.0176, 0.0002, 100.000, 100.000, 0.985, 0.446, 
[615] Train acc: 0.9844
5, 252, 0.0287, 0.0002, 98.438, 100.000, 0.988, 0.440, 
[630] Train acc: 0.9219
5, 252, 0.1512, 0.0002, 92.188, 100.000, 0.987, 0.429, 
[645] Train acc: 1.0000
5, 252, 0.0033, 0.0002, 100.000, 100.000, 0.987, 0.443, 
[660] Train acc: 1.0000
5, 252, 0.0050, 0.0002, 100.000, 100.000, 0.987, 0.451, 
[675] Train acc: 1.0000
5, 252, 0.0227, 0.0002, 100.000, 100.000, 0.988, 0.431, 
[690] Train acc: 1.0000
5, 252, 0.0036, 0.0002, 100.000, 100.000, 0.987, 0.451, 
[705] Train acc: 1.0000
5, 252, 0.0076, 0.0002, 100.000, 100.000, 0.988, 0.437, 
[720] Train acc: 0.9844
5, 252, 0.0513, 0.0002, 98.438, 100.000, 0.987, 0.442, 
[735] Train acc: 0.9844
5, 252, 0.0698, 0.0002, 98.438, 100.000, 0.987, 0.443, 
[750] Train acc: 1.0000
5, 252, 0.0060, 0.0002, 100.000, 100.000, 0.986, 0.445, 
[765] Train acc: 0.9844
5, 252, 0.0171, 0.0003, 98.438, 100.000, 0.983, 0.448, 
[780] Train acc: 0.9531
5, 252, 0.2504, 0.0002, 95.312, 100.000, 0.987, 0.447, 
[795] Train acc: 0.9688
5, 252, 0.0540, 0.0002, 96.875, 100.000, 0.987, 0.443, 
[810] Train acc: 0.9844
5, 252, 0.0298, 0.0002, 98.438, 100.000, 0.986, 0.431, 
[825] Train acc: 1.0000
5, 252, 0.0093, 0.0002, 100.000, 100.000, 0.984, 0.428, 
[840] Train acc: 0.9844
5, 252, 0.0289, 0.0002, 98.438, 100.000, 0.988, 0.453, 
[855] Train acc: 1.0000
5, 252, 0.0141, 0.0002, 100.000, 100.000, 0.985, 0.444, 
[870] Train acc: 0.9688
5, 252, 0.1173, 0.0002, 96.875, 100.000, 0.982, 0.441, 
[885] Train acc: 1.0000
5, 252, 0.0029, 0.0002, 100.000, 100.000, 0.986, 0.431, 
[900] Train acc: 1.0000
5, 252, 0.0236, 0.0002, 100.000, 100.000, 0.987, 0.442, 
[915] Train acc: 1.0000
5, 252, 0.0157, 0.0002, 100.000, 100.000, 0.987, 0.435, 
[930] Train acc: 0.9844
5, 252, 0.0355, 0.0003, 98.438, 100.000, 0.985, 0.440, 
[0] Train acc: 1.0000
6, 252, 0.0077, 0.0002, 100.000, 100.000, 0.986, 0.435, 
[15] Train acc: 1.0000
6, 252, 0.0069, 0.0002, 100.000, 100.000, 0.990, 0.444, 
[30] Train acc: 1.0000
6, 252, 0.0320, 0.0002, 100.000, 100.000, 0.987, 0.441, 
[45] Train acc: 1.0000
6, 252, 0.0037, 0.0002, 100.000, 100.000, 0.989, 0.440, 
[60] Train acc: 0.9844
6, 252, 0.0310, 0.0002, 98.438, 100.000, 0.988, 0.423, 
[75] Train acc: 0.9844
6, 252, 0.0252, 0.0002, 98.438, 100.000, 0.987, 0.445, 
[90] Train acc: 1.0000
6, 252, 0.0226, 0.0002, 100.000, 100.000, 0.987, 0.440, 
[105] Train acc: 0.9688
6, 252, 0.0455, 0.0002, 96.875, 100.000, 0.987, 0.445, 
[120] Train acc: 0.9844
6, 252, 0.0428, 0.0002, 98.438, 100.000, 0.988, 0.449, 
[135] Train acc: 1.0000
6, 252, 0.0032, 0.0002, 100.000, 100.000, 0.988, 0.448, 
[150] Train acc: 1.0000
6, 252, 0.0162, 0.0002, 100.000, 100.000, 0.985, 0.442, 
[165] Train acc: 1.0000
6, 252, 0.0108, 0.0002, 100.000, 100.000, 0.986, 0.439, 
[180] Train acc: 1.0000
6, 252, 0.0093, 0.0002, 100.000, 100.000, 0.988, 0.455, 
[195] Train acc: 0.9531
6, 252, 0.0641, 0.0002, 95.312, 100.000, 0.988, 0.455, 
[210] Train acc: 0.9844
6, 252, 0.0510, 0.0002, 98.438, 100.000, 0.988, 0.449, 
[225] Train acc: 0.9688
6, 252, 0.0479, 0.0002, 96.875, 100.000, 0.989, 0.447, 
[240] Train acc: 1.0000
6, 252, 0.0071, 0.0002, 100.000, 100.000, 0.986, 0.440, 
[255] Train acc: 0.9844
6, 252, 0.0890, 0.0002, 98.438, 100.000, 0.987, 0.444, 
[270] Train acc: 1.0000
6, 252, 0.0099, 0.0002, 100.000, 100.000, 0.988, 0.438, 
[285] Train acc: 0.9688
6, 252, 0.1037, 0.0002, 96.875, 100.000, 0.988, 0.437, 
[300] Train acc: 0.9844
6, 252, 0.0990, 0.0002, 98.438, 100.000, 0.985, 0.458, 
[315] Train acc: 1.0000
6, 252, 0.0039, 0.0002, 100.000, 100.000, 0.988, 0.445, 
[330] Train acc: 1.0000
6, 252, 0.0165, 0.0002, 100.000, 100.000, 0.988, 0.445, 
[345] Train acc: 0.9688
6, 252, 0.1460, 0.0002, 96.875, 100.000, 0.988, 0.438, 
[360] Train acc: 0.9844
6, 252, 0.0293, 0.0002, 98.438, 100.000, 0.989, 0.437, 
[375] Train acc: 0.9844
6, 252, 0.0530, 0.0003, 98.438, 100.000, 0.985, 0.436, 
[390] Train acc: 0.9844
6, 252, 0.0525, 0.0002, 98.438, 100.000, 0.987, 0.447, 
[405] Train acc: 0.9844
6, 252, 0.0208, 0.0002, 98.438, 100.000, 0.985, 0.444, 
[420] Train acc: 1.0000
6, 252, 0.0034, 0.0002, 100.000, 100.000, 0.985, 0.443, 
[435] Train acc: 1.0000
6, 252, 0.0031, 0.0002, 100.000, 100.000, 0.988, 0.446, 
[450] Train acc: 1.0000
6, 252, 0.0083, 0.0002, 100.000, 100.000, 0.987, 0.446, 
[465] Train acc: 0.9844
6, 252, 0.0316, 0.0002, 98.438, 100.000, 0.989, 0.446, 
[480] Train acc: 1.0000
6, 252, 0.0076, 0.0002, 100.000, 100.000, 0.988, 0.452, 
[495] Train acc: 1.0000
6, 252, 0.0132, 0.0002, 100.000, 100.000, 0.987, 0.443, 
[510] Train acc: 0.9688
6, 252, 0.1074, 0.0002, 96.875, 100.000, 0.986, 0.447, 
[525] Train acc: 0.9688
6, 252, 0.0541, 0.0002, 96.875, 100.000, 0.991, 0.449, 
[540] Train acc: 0.9688
6, 252, 0.0622, 0.0002, 96.875, 100.000, 0.985, 0.451, 
[555] Train acc: 1.0000
6, 252, 0.0138, 0.0002, 100.000, 100.000, 0.989, 0.451, 
[570] Train acc: 0.9844
6, 252, 0.0553, 0.0002, 98.438, 100.000, 0.989, 0.459, 
[585] Train acc: 0.9844
6, 252, 0.0454, 0.0002, 98.438, 100.000, 0.988, 0.445, 
[600] Train acc: 1.0000
6, 252, 0.0010, 0.0002, 100.000, 100.000, 0.986, 0.430, 
[615] Train acc: 0.9844
6, 252, 0.0376, 0.0002, 98.438, 100.000, 0.988, 0.450, 
[630] Train acc: 0.9844
6, 252, 0.0523, 0.0002, 98.438, 100.000, 0.982, 0.459, 
[645] Train acc: 1.0000
6, 252, 0.0097, 0.0002, 100.000, 100.000, 0.989, 0.440, 
[660] Train acc: 1.0000
6, 252, 0.0105, 0.0002, 100.000, 100.000, 0.989, 0.445, 
[675] Train acc: 1.0000
6, 252, 0.0029, 0.0002, 100.000, 100.000, 0.989, 0.441, 
[690] Train acc: 1.0000
6, 252, 0.0066, 0.0002, 100.000, 100.000, 0.987, 0.449, 
[705] Train acc: 1.0000
6, 252, 0.0072, 0.0002, 100.000, 100.000, 0.986, 0.456, 
[720] Train acc: 0.9844
6, 252, 0.0383, 0.0002, 98.438, 100.000, 0.985, 0.435, 
[735] Train acc: 0.9844
6, 252, 0.0485, 0.0002, 98.438, 100.000, 0.988, 0.446, 
[750] Train acc: 0.9844
6, 252, 0.0240, 0.0002, 98.438, 100.000, 0.989, 0.452, 
[765] Train acc: 1.0000
6, 252, 0.0020, 0.0002, 100.000, 100.000, 0.988, 0.437, 
[780] Train acc: 1.0000
6, 252, 0.0093, 0.0002, 100.000, 100.000, 0.988, 0.442, 
[795] Train acc: 0.9844
6, 252, 0.0299, 0.0002, 98.438, 100.000, 0.988, 0.438, 
[810] Train acc: 1.0000
6, 252, 0.0196, 0.0002, 100.000, 100.000, 0.988, 0.435, 
[825] Train acc: 0.9688
6, 252, 0.0554, 0.0002, 96.875, 100.000, 0.988, 0.451, 
[840] Train acc: 0.9844
6, 252, 0.0489, 0.0002, 98.438, 100.000, 0.987, 0.434, 
[855] Train acc: 1.0000
6, 252, 0.0058, 0.0002, 100.000, 100.000, 0.987, 0.454, 
[870] Train acc: 1.0000
6, 252, 0.0059, 0.0002, 100.000, 100.000, 0.988, 0.442, 
[885] Train acc: 0.9688
6, 252, 0.0620, 0.0002, 96.875, 100.000, 0.987, 0.451, 
[900] Train acc: 1.0000
6, 252, 0.0079, 0.0002, 100.000, 100.000, 0.987, 0.436, 
[915] Train acc: 1.0000
6, 252, 0.0101, 0.0002, 100.000, 100.000, 0.988, 0.453, 
[930] Train acc: 1.0000
6, 252, 0.0074, 0.0002, 100.000, 100.000, 0.988, 0.450, 
[0] Train acc: 1.0000, Constr acc: 0.7188, CE loss: 0.005, DL2 loss: 34.292
