epoch, neuron_units, loss, dl2_loss, top1, top5, dl2_p_acc, dl2_constraint_acc
[0] Train acc: 0.1406
1, 252, 2.2927, 0.0023, 14.062, 59.375, 0.103, 0.003, 
[15] Train acc: 0.1875
1, 252, 2.2763, 0.0023, 18.750, 68.750, 0.103, 0.004, 
[30] Train acc: 0.3125
1, 252, 2.2343, 0.0023, 31.250, 75.000, 0.205, 0.004, 
[45] Train acc: 0.3594
1, 252, 2.1083, 0.0022, 35.938, 89.062, 0.408, 0.003, 
[60] Train acc: 0.5625
1, 252, 1.8079, 0.0021, 56.250, 90.625, 0.576, 0.005, 
[75] Train acc: 0.6719
1, 252, 1.1560, 0.0017, 67.188, 95.312, 0.646, 0.005, 
[90] Train acc: 0.6250
1, 252, 1.0569, 0.0015, 62.500, 98.438, 0.674, 0.002, 
[105] Train acc: 0.7031
1, 252, 0.8945, 0.0013, 70.312, 95.312, 0.730, 0.003, 
[120] Train acc: 0.8125
1, 252, 0.5999, 0.0011, 81.250, 98.438, 0.806, 0.005, 
[135] Train acc: 0.8594
1, 252, 0.3908, 0.0010, 85.938, 100.000, 0.854, 0.003, 
[150] Train acc: 0.8594
1, 252, 0.5338, 0.0010, 85.938, 100.000, 0.820, 0.003, 
[165] Train acc: 0.8281
1, 252, 0.5438, 0.0010, 82.812, 98.438, 0.764, 0.002, 
[180] Train acc: 0.9062
1, 252, 0.4400, 0.0009, 90.625, 98.438, 0.846, 0.003, 
[195] Train acc: 0.9062
1, 252, 0.2807, 0.0009, 90.625, 100.000, 0.848, 0.004, 
[210] Train acc: 0.9219
1, 252, 0.3626, 0.0009, 92.188, 98.438, 0.857, 0.003, 
[225] Train acc: 0.8750
1, 252, 0.3995, 0.0008, 87.500, 100.000, 0.887, 0.002, 
[240] Train acc: 0.8750
1, 252, 0.4170, 0.0008, 87.500, 98.438, 0.877, 0.004, 
[255] Train acc: 0.8281
1, 252, 0.4295, 0.0008, 82.812, 100.000, 0.851, 0.003, 
[270] Train acc: 0.9219
1, 252, 0.2311, 0.0008, 92.188, 100.000, 0.843, 0.003, 
[285] Train acc: 0.9375
1, 252, 0.2467, 0.0007, 93.750, 100.000, 0.920, 0.005, 
[300] Train acc: 0.9062
1, 252, 0.2694, 0.0007, 90.625, 100.000, 0.911, 0.006, 
[315] Train acc: 0.9219
1, 252, 0.2680, 0.0007, 92.188, 98.438, 0.922, 0.006, 
[330] Train acc: 0.9062
1, 252, 0.3726, 0.0007, 90.625, 98.438, 0.864, 0.004, 
[345] Train acc: 0.8594
1, 252, 0.4701, 0.0007, 85.938, 98.438, 0.908, 0.004, 
[360] Train acc: 0.8750
1, 252, 0.2838, 0.0007, 87.500, 100.000, 0.909, 0.004, 
[375] Train acc: 0.9375
1, 252, 0.1560, 0.0007, 93.750, 100.000, 0.923, 0.007, 
[390] Train acc: 0.9062
1, 252, 0.2070, 0.0006, 90.625, 100.000, 0.915, 0.006, 
[405] Train acc: 0.9375
1, 252, 0.1975, 0.0006, 93.750, 100.000, 0.918, 0.006, 
[420] Train acc: 0.9219
1, 252, 0.2446, 0.0006, 92.188, 100.000, 0.936, 0.008, 
[435] Train acc: 0.9219
1, 252, 0.2261, 0.0006, 92.188, 100.000, 0.935, 0.007, 
[450] Train acc: 0.9219
1, 252, 0.1807, 0.0006, 92.188, 100.000, 0.942, 0.008, 
[465] Train acc: 0.8906
1, 252, 0.3503, 0.0006, 89.062, 100.000, 0.914, 0.006, 
[480] Train acc: 1.0000
1, 252, 0.0762, 0.0006, 100.000, 100.000, 0.934, 0.010, 
[495] Train acc: 0.9531
1, 252, 0.1621, 0.0006, 95.312, 100.000, 0.948, 0.009, 
[510] Train acc: 0.9219
1, 252, 0.1649, 0.0005, 92.188, 100.000, 0.949, 0.009, 
[525] Train acc: 0.9531
1, 252, 0.1392, 0.0006, 95.312, 100.000, 0.945, 0.013, 
[540] Train acc: 0.9531
1, 252, 0.2543, 0.0006, 95.312, 98.438, 0.933, 0.007, 
[555] Train acc: 0.9688
1, 252, 0.1702, 0.0005, 96.875, 98.438, 0.953, 0.015, 
[570] Train acc: 0.9531
1, 252, 0.1492, 0.0005, 95.312, 100.000, 0.925, 0.011, 
[585] Train acc: 0.9844
1, 252, 0.0822, 0.0005, 98.438, 100.000, 0.950, 0.012, 
[600] Train acc: 0.9531
1, 252, 0.1890, 0.0005, 95.312, 100.000, 0.951, 0.010, 
[615] Train acc: 0.9531
1, 252, 0.1561, 0.0005, 95.312, 100.000, 0.951, 0.008, 
[630] Train acc: 0.9375
1, 252, 0.3362, 0.0005, 93.750, 100.000, 0.956, 0.008, 
[645] Train acc: 0.9688
1, 252, 0.1513, 0.0005, 96.875, 100.000, 0.956, 0.008, 
[660] Train acc: 0.9688
1, 252, 0.1354, 0.0005, 96.875, 100.000, 0.956, 0.012, 
[675] Train acc: 0.9375
1, 252, 0.1571, 0.0005, 93.750, 100.000, 0.956, 0.012, 
[690] Train acc: 0.9688
1, 252, 0.1637, 0.0005, 96.875, 98.438, 0.958, 0.008, 
[705] Train acc: 0.8906
1, 252, 0.3415, 0.0005, 89.062, 100.000, 0.953, 0.013, 
[720] Train acc: 1.0000
1, 252, 0.0550, 0.0005, 100.000, 100.000, 0.958, 0.015, 
[735] Train acc: 0.9375
1, 252, 0.1595, 0.0005, 93.750, 100.000, 0.956, 0.013, 
[750] Train acc: 0.9688
1, 252, 0.0683, 0.0005, 96.875, 100.000, 0.950, 0.015, 
[765] Train acc: 0.9062
1, 252, 0.2801, 0.0005, 90.625, 100.000, 0.945, 0.014, 
[780] Train acc: 0.9219
1, 252, 0.1975, 0.0005, 92.188, 100.000, 0.965, 0.009, 
[795] Train acc: 0.9375
1, 252, 0.1232, 0.0005, 93.750, 100.000, 0.960, 0.010, 
[810] Train acc: 1.0000
1, 252, 0.0531, 0.0005, 100.000, 100.000, 0.963, 0.011, 
[825] Train acc: 0.9531
1, 252, 0.1005, 0.0005, 95.312, 100.000, 0.959, 0.009, 
[840] Train acc: 0.9531
1, 252, 0.1271, 0.0005, 95.312, 100.000, 0.969, 0.008, 
[855] Train acc: 0.9375
1, 252, 0.1566, 0.0005, 93.750, 100.000, 0.942, 0.012, 
[870] Train acc: 0.9531
1, 252, 0.1490, 0.0004, 95.312, 100.000, 0.963, 0.015, 
[885] Train acc: 0.9375
1, 252, 0.1344, 0.0005, 93.750, 100.000, 0.959, 0.010, 
[900] Train acc: 0.9531
1, 252, 0.1105, 0.0004, 95.312, 100.000, 0.962, 0.014, 
[915] Train acc: 0.9375
1, 252, 0.1970, 0.0004, 93.750, 100.000, 0.960, 0.014, 
[930] Train acc: 0.9375
1, 252, 0.1600, 0.0004, 93.750, 100.000, 0.965, 0.019, 
[0] Train acc: 0.9531
2, 252, 0.1407, 0.0004, 95.312, 100.000, 0.963, 0.024, 
[15] Train acc: 0.9844
2, 252, 0.0752, 0.0004, 98.438, 100.000, 0.967, 0.025, 
[30] Train acc: 0.9688
2, 252, 0.0801, 0.0004, 96.875, 100.000, 0.955, 0.028, 
[45] Train acc: 0.9688
2, 252, 0.0949, 0.0004, 96.875, 100.000, 0.965, 0.035, 
[60] Train acc: 0.9844
2, 252, 0.0438, 0.0004, 98.438, 100.000, 0.963, 0.020, 
[75] Train acc: 0.9688
2, 252, 0.1399, 0.0004, 96.875, 100.000, 0.966, 0.025, 
[90] Train acc: 0.9375
2, 252, 0.3302, 0.0004, 93.750, 100.000, 0.967, 0.022, 
[105] Train acc: 0.9844
2, 252, 0.0491, 0.0004, 98.438, 100.000, 0.970, 0.013, 
[120] Train acc: 0.9688
2, 252, 0.0914, 0.0004, 96.875, 100.000, 0.970, 0.013, 
[135] Train acc: 0.9688
2, 252, 0.1508, 0.0004, 96.875, 100.000, 0.964, 0.021, 
[150] Train acc: 0.9531
2, 252, 0.0793, 0.0004, 95.312, 100.000, 0.967, 0.023, 
[165] Train acc: 0.9844
2, 252, 0.0713, 0.0004, 98.438, 100.000, 0.969, 0.023, 
[180] Train acc: 0.9531
2, 252, 0.0830, 0.0004, 95.312, 100.000, 0.966, 0.034, 
[195] Train acc: 0.9844
2, 252, 0.0966, 0.0004, 98.438, 100.000, 0.961, 0.026, 
[210] Train acc: 0.9688
2, 252, 0.0620, 0.0004, 96.875, 100.000, 0.973, 0.035, 
[225] Train acc: 0.9531
2, 252, 0.1448, 0.0004, 95.312, 100.000, 0.965, 0.038, 
[240] Train acc: 0.9531
2, 252, 0.1479, 0.0004, 95.312, 100.000, 0.967, 0.023, 
[255] Train acc: 1.0000
2, 252, 0.0279, 0.0004, 100.000, 100.000, 0.968, 0.033, 
[270] Train acc: 0.9844
2, 252, 0.0609, 0.0003, 98.438, 100.000, 0.974, 0.046, 
[285] Train acc: 0.9844
2, 252, 0.0342, 0.0003, 98.438, 100.000, 0.975, 0.050, 
[300] Train acc: 0.9688
2, 252, 0.0782, 0.0004, 96.875, 100.000, 0.969, 0.041, 
[315] Train acc: 0.9375
2, 252, 0.1122, 0.0004, 93.750, 100.000, 0.975, 0.033, 
[330] Train acc: 0.9688
2, 252, 0.0469, 0.0004, 96.875, 100.000, 0.968, 0.037, 
[345] Train acc: 0.9531
2, 252, 0.2345, 0.0004, 95.312, 100.000, 0.977, 0.022, 
[360] Train acc: 0.9688
2, 252, 0.0647, 0.0004, 96.875, 100.000, 0.962, 0.013, 
[375] Train acc: 0.9531
2, 252, 0.1035, 0.0004, 95.312, 100.000, 0.976, 0.018, 
[390] Train acc: 0.9844
2, 252, 0.0274, 0.0004, 98.438, 100.000, 0.974, 0.025, 
[405] Train acc: 0.9844
2, 252, 0.0408, 0.0004, 98.438, 100.000, 0.968, 0.019, 
[420] Train acc: 0.9844
2, 252, 0.0255, 0.0004, 98.438, 100.000, 0.976, 0.030, 
[435] Train acc: 0.9844
2, 252, 0.0391, 0.0004, 98.438, 100.000, 0.977, 0.026, 
[450] Train acc: 0.9844
2, 252, 0.0888, 0.0003, 98.438, 100.000, 0.975, 0.031, 
[465] Train acc: 0.9688
2, 252, 0.0860, 0.0004, 96.875, 100.000, 0.972, 0.028, 
[480] Train acc: 0.9688
2, 252, 0.0826, 0.0004, 96.875, 100.000, 0.969, 0.034, 
[495] Train acc: 0.9375
2, 252, 0.1246, 0.0004, 93.750, 100.000, 0.972, 0.031, 
[510] Train acc: 1.0000
2, 252, 0.0169, 0.0004, 100.000, 100.000, 0.974, 0.026, 
[525] Train acc: 0.9688
2, 252, 0.1215, 0.0004, 96.875, 100.000, 0.977, 0.027, 
[540] Train acc: 0.9844
2, 252, 0.0627, 0.0004, 98.438, 100.000, 0.977, 0.022, 
[555] Train acc: 1.0000
2, 252, 0.0338, 0.0004, 100.000, 100.000, 0.977, 0.026, 
[570] Train acc: 0.9531
2, 252, 0.1980, 0.0004, 95.312, 100.000, 0.972, 0.028, 
[585] Train acc: 1.0000
2, 252, 0.0180, 0.0004, 100.000, 100.000, 0.965, 0.029, 
[600] Train acc: 0.9531
2, 252, 0.1889, 0.0004, 95.312, 100.000, 0.966, 0.027, 
[615] Train acc: 0.9531
2, 252, 0.1996, 0.0004, 95.312, 100.000, 0.972, 0.034, 
[630] Train acc: 0.9844
2, 252, 0.0752, 0.0004, 98.438, 100.000, 0.971, 0.035, 
[645] Train acc: 0.9062
2, 252, 0.2343, 0.0003, 90.625, 100.000, 0.980, 0.034, 
[660] Train acc: 0.9844
2, 252, 0.0542, 0.0003, 98.438, 100.000, 0.978, 0.040, 
[675] Train acc: 0.9844
2, 252, 0.0672, 0.0003, 98.438, 100.000, 0.977, 0.043, 
[690] Train acc: 0.9688
2, 252, 0.0481, 0.0003, 96.875, 100.000, 0.975, 0.054, 
[705] Train acc: 0.9844
2, 252, 0.0961, 0.0003, 98.438, 100.000, 0.970, 0.058, 
[720] Train acc: 0.9688
2, 252, 0.0633, 0.0003, 96.875, 100.000, 0.976, 0.046, 
[735] Train acc: 0.9844
2, 252, 0.0988, 0.0004, 98.438, 100.000, 0.959, 0.057, 
[750] Train acc: 0.9844
2, 252, 0.0208, 0.0003, 98.438, 100.000, 0.978, 0.051, 
[765] Train acc: 0.9688
2, 252, 0.0411, 0.0003, 96.875, 100.000, 0.978, 0.054, 
[780] Train acc: 0.9844
2, 252, 0.0408, 0.0003, 98.438, 100.000, 0.975, 0.056, 
[795] Train acc: 0.9688
2, 252, 0.0842, 0.0003, 96.875, 100.000, 0.976, 0.036, 
[810] Train acc: 0.9688
2, 252, 0.0810, 0.0003, 96.875, 100.000, 0.976, 0.043, 
[825] Train acc: 0.9375
2, 252, 0.2803, 0.0003, 93.750, 100.000, 0.979, 0.037, 
[840] Train acc: 1.0000
2, 252, 0.0204, 0.0003, 100.000, 100.000, 0.974, 0.048, 
[855] Train acc: 1.0000
2, 252, 0.0160, 0.0003, 100.000, 100.000, 0.980, 0.050, 
[870] Train acc: 1.0000
2, 252, 0.0261, 0.0003, 100.000, 100.000, 0.978, 0.048, 
[885] Train acc: 0.9844
2, 252, 0.0547, 0.0003, 98.438, 100.000, 0.977, 0.044, 
[900] Train acc: 0.9375
2, 252, 0.1150, 0.0003, 93.750, 100.000, 0.979, 0.037, 
[915] Train acc: 0.9688
2, 252, 0.0495, 0.0003, 96.875, 100.000, 0.981, 0.051, 
[930] Train acc: 0.9688
2, 252, 0.1090, 0.0003, 96.875, 100.000, 0.971, 0.045, 
[0] Train acc: 0.9688
3, 252, 0.1437, 0.0003, 96.875, 100.000, 0.970, 0.042, 
[15] Train acc: 1.0000
3, 252, 0.0285, 0.0003, 100.000, 100.000, 0.981, 0.044, 
[30] Train acc: 0.9844
3, 252, 0.0529, 0.0003, 98.438, 100.000, 0.978, 0.055, 
[45] Train acc: 0.9688
3, 252, 0.0809, 0.0004, 96.875, 100.000, 0.969, 0.045, 
[60] Train acc: 1.0000
3, 252, 0.0216, 0.0003, 100.000, 100.000, 0.981, 0.053, 
[75] Train acc: 0.9688
3, 252, 0.1329, 0.0003, 96.875, 100.000, 0.969, 0.054, 
[90] Train acc: 0.9844
3, 252, 0.0656, 0.0003, 98.438, 100.000, 0.976, 0.062, 
[105] Train acc: 1.0000
3, 252, 0.0243, 0.0003, 100.000, 100.000, 0.981, 0.040, 
[120] Train acc: 1.0000
3, 252, 0.0218, 0.0003, 100.000, 100.000, 0.979, 0.050, 
[135] Train acc: 0.9531
3, 252, 0.0817, 0.0003, 95.312, 100.000, 0.981, 0.045, 
[150] Train acc: 1.0000
3, 252, 0.0099, 0.0003, 100.000, 100.000, 0.975, 0.050, 
[165] Train acc: 0.9844
3, 252, 0.1767, 0.0003, 98.438, 100.000, 0.981, 0.039, 
[180] Train acc: 0.9531
3, 252, 0.1106, 0.0003, 95.312, 100.000, 0.981, 0.057, 
[195] Train acc: 0.9844
3, 252, 0.0700, 0.0003, 98.438, 100.000, 0.976, 0.057, 
[210] Train acc: 0.9531
3, 252, 0.0754, 0.0003, 95.312, 100.000, 0.972, 0.052, 
[225] Train acc: 1.0000
3, 252, 0.0133, 0.0003, 100.000, 100.000, 0.983, 0.062, 
[240] Train acc: 0.9688
3, 252, 0.0620, 0.0003, 96.875, 100.000, 0.980, 0.071, 
[255] Train acc: 0.9844
3, 252, 0.0525, 0.0003, 98.438, 100.000, 0.972, 0.068, 
[270] Train acc: 0.9688
3, 252, 0.0948, 0.0003, 96.875, 100.000, 0.982, 0.058, 
[285] Train acc: 0.9688
3, 252, 0.0618, 0.0003, 96.875, 100.000, 0.984, 0.061, 
[300] Train acc: 0.9844
3, 252, 0.0618, 0.0003, 98.438, 100.000, 0.981, 0.045, 
[315] Train acc: 0.9688
3, 252, 0.1432, 0.0003, 96.875, 100.000, 0.983, 0.048, 
[330] Train acc: 0.9531
3, 252, 0.1283, 0.0003, 95.312, 100.000, 0.978, 0.054, 
[345] Train acc: 1.0000
3, 252, 0.0156, 0.0003, 100.000, 100.000, 0.982, 0.056, 
[360] Train acc: 0.9844
3, 252, 0.0625, 0.0003, 98.438, 100.000, 0.979, 0.070, 
[375] Train acc: 1.0000
3, 252, 0.0429, 0.0003, 100.000, 100.000, 0.977, 0.076, 
[390] Train acc: 0.9375
3, 252, 0.2170, 0.0003, 93.750, 100.000, 0.966, 0.083, 
[405] Train acc: 0.9844
3, 252, 0.0477, 0.0003, 98.438, 100.000, 0.982, 0.066, 
[420] Train acc: 1.0000
3, 252, 0.0266, 0.0003, 100.000, 100.000, 0.982, 0.063, 
[435] Train acc: 0.9844
3, 252, 0.0296, 0.0003, 98.438, 100.000, 0.972, 0.044, 
[450] Train acc: 0.9844
3, 252, 0.0515, 0.0003, 98.438, 100.000, 0.979, 0.058, 
[465] Train acc: 1.0000
3, 252, 0.0425, 0.0003, 100.000, 100.000, 0.982, 0.045, 
[480] Train acc: 0.9844
3, 252, 0.1283, 0.0003, 98.438, 100.000, 0.981, 0.051, 
[495] Train acc: 0.9688
3, 252, 0.0506, 0.0003, 96.875, 100.000, 0.983, 0.062, 
[510] Train acc: 0.9688
3, 252, 0.0836, 0.0003, 96.875, 100.000, 0.982, 0.058, 
[525] Train acc: 0.9531
3, 252, 0.1020, 0.0003, 95.312, 100.000, 0.984, 0.055, 
[540] Train acc: 1.0000
3, 252, 0.0214, 0.0003, 100.000, 100.000, 0.982, 0.072, 
[555] Train acc: 0.9531
3, 252, 0.1520, 0.0003, 95.312, 100.000, 0.985, 0.032, 
[570] Train acc: 0.9844
3, 252, 0.0536, 0.0003, 98.438, 100.000, 0.978, 0.047, 
[585] Train acc: 1.0000
3, 252, 0.0112, 0.0003, 100.000, 100.000, 0.982, 0.059, 
[600] Train acc: 0.9375
3, 252, 0.1640, 0.0003, 93.750, 100.000, 0.980, 0.053, 
[615] Train acc: 0.9531
3, 252, 0.1815, 0.0003, 95.312, 100.000, 0.982, 0.049, 
[630] Train acc: 1.0000
3, 252, 0.0235, 0.0003, 100.000, 100.000, 0.984, 0.056, 
[645] Train acc: 0.9688
3, 252, 0.2124, 0.0003, 96.875, 100.000, 0.983, 0.052, 
[660] Train acc: 1.0000
3, 252, 0.0341, 0.0003, 100.000, 100.000, 0.983, 0.040, 
[675] Train acc: 1.0000
3, 252, 0.0153, 0.0003, 100.000, 100.000, 0.984, 0.063, 
[690] Train acc: 0.9844
3, 252, 0.0284, 0.0003, 98.438, 100.000, 0.985, 0.053, 
[705] Train acc: 1.0000
3, 252, 0.0274, 0.0003, 100.000, 100.000, 0.983, 0.064, 
[720] Train acc: 0.9844
3, 252, 0.0483, 0.0003, 98.438, 100.000, 0.984, 0.058, 
[735] Train acc: 0.9844
3, 252, 0.0342, 0.0003, 98.438, 100.000, 0.982, 0.056, 
[750] Train acc: 0.9844
3, 252, 0.0250, 0.0003, 98.438, 100.000, 0.986, 0.053, 
[765] Train acc: 1.0000
3, 252, 0.0191, 0.0003, 100.000, 100.000, 0.981, 0.051, 
[780] Train acc: 0.9531
3, 252, 0.1058, 0.0003, 95.312, 100.000, 0.984, 0.069, 
[795] Train acc: 0.9688
3, 252, 0.0497, 0.0003, 96.875, 100.000, 0.982, 0.081, 
[810] Train acc: 1.0000
3, 252, 0.0074, 0.0003, 100.000, 100.000, 0.978, 0.095, 
[825] Train acc: 1.0000
3, 252, 0.0133, 0.0002, 100.000, 100.000, 0.984, 0.082, 
[840] Train acc: 0.9531
3, 252, 0.0715, 0.0003, 95.312, 100.000, 0.981, 0.054, 
[855] Train acc: 1.0000
3, 252, 0.0085, 0.0003, 100.000, 100.000, 0.978, 0.040, 
[870] Train acc: 1.0000
3, 252, 0.0084, 0.0003, 100.000, 100.000, 0.981, 0.058, 
[885] Train acc: 1.0000
3, 252, 0.0144, 0.0003, 100.000, 100.000, 0.983, 0.064, 
[900] Train acc: 0.9844
3, 252, 0.0241, 0.0003, 98.438, 100.000, 0.981, 0.064, 
[915] Train acc: 0.9531
3, 252, 0.2423, 0.0003, 95.312, 100.000, 0.983, 0.061, 
[930] Train acc: 0.9844
3, 252, 0.0708, 0.0003, 98.438, 100.000, 0.987, 0.065, 
[0] Train acc: 0.9844
4, 252, 0.0484, 0.0003, 98.438, 100.000, 0.985, 0.065, 
[15] Train acc: 1.0000
4, 252, 0.0244, 0.0003, 100.000, 100.000, 0.983, 0.071, 
[30] Train acc: 0.9844
4, 252, 0.0416, 0.0003, 98.438, 100.000, 0.981, 0.081, 
[45] Train acc: 1.0000
4, 252, 0.0063, 0.0003, 100.000, 100.000, 0.985, 0.073, 
[60] Train acc: 1.0000
4, 252, 0.0215, 0.0003, 100.000, 100.000, 0.984, 0.067, 
[75] Train acc: 1.0000
4, 252, 0.0432, 0.0003, 100.000, 100.000, 0.972, 0.088, 
[90] Train acc: 0.9844
4, 252, 0.0448, 0.0002, 98.438, 100.000, 0.985, 0.109, 
[105] Train acc: 1.0000
4, 252, 0.0111, 0.0002, 100.000, 100.000, 0.984, 0.090, 
[120] Train acc: 0.9844
4, 252, 0.0530, 0.0003, 98.438, 100.000, 0.982, 0.062, 
[135] Train acc: 0.9844
4, 252, 0.0300, 0.0003, 98.438, 100.000, 0.985, 0.083, 
[150] Train acc: 0.9688
4, 252, 0.0593, 0.0002, 96.875, 100.000, 0.985, 0.084, 
[165] Train acc: 1.0000
4, 252, 0.0173, 0.0003, 100.000, 100.000, 0.982, 0.078, 
[180] Train acc: 0.9844
4, 252, 0.1133, 0.0002, 98.438, 100.000, 0.985, 0.096, 
[195] Train acc: 1.0000
4, 252, 0.0079, 0.0003, 100.000, 100.000, 0.983, 0.094, 
[210] Train acc: 0.9531
4, 252, 0.1191, 0.0003, 95.312, 100.000, 0.980, 0.098, 
[225] Train acc: 1.0000
4, 252, 0.0161, 0.0003, 100.000, 100.000, 0.985, 0.069, 
[240] Train acc: 1.0000
4, 252, 0.0187, 0.0003, 100.000, 100.000, 0.982, 0.056, 
[255] Train acc: 0.9844
4, 252, 0.1243, 0.0003, 98.438, 98.438, 0.983, 0.073, 
[270] Train acc: 1.0000
4, 252, 0.0103, 0.0002, 100.000, 100.000, 0.986, 0.094, 
[285] Train acc: 0.9688
4, 252, 0.0890, 0.0002, 96.875, 100.000, 0.986, 0.104, 
[300] Train acc: 1.0000
4, 252, 0.0147, 0.0003, 100.000, 100.000, 0.981, 0.087, 
[315] Train acc: 1.0000
4, 252, 0.0182, 0.0002, 100.000, 100.000, 0.985, 0.087, 
[330] Train acc: 1.0000
4, 252, 0.0325, 0.0003, 100.000, 100.000, 0.985, 0.079, 
[345] Train acc: 0.9531
4, 252, 0.0922, 0.0003, 95.312, 100.000, 0.983, 0.068, 
[360] Train acc: 0.9688
4, 252, 0.0669, 0.0003, 96.875, 100.000, 0.979, 0.066, 
[375] Train acc: 1.0000
4, 252, 0.0089, 0.0003, 100.000, 100.000, 0.987, 0.071, 
[390] Train acc: 1.0000
4, 252, 0.0179, 0.0003, 100.000, 100.000, 0.985, 0.080, 
[405] Train acc: 1.0000
4, 252, 0.0076, 0.0003, 100.000, 100.000, 0.982, 0.084, 
[420] Train acc: 0.9688
4, 252, 0.0540, 0.0003, 96.875, 100.000, 0.982, 0.098, 
[435] Train acc: 0.9688
4, 252, 0.0744, 0.0003, 96.875, 100.000, 0.984, 0.085, 
[450] Train acc: 1.0000
4, 252, 0.0152, 0.0003, 100.000, 100.000, 0.983, 0.088, 
[465] Train acc: 0.9844
4, 252, 0.0753, 0.0002, 98.438, 100.000, 0.985, 0.078, 
[480] Train acc: 0.9688
4, 252, 0.0678, 0.0002, 96.875, 100.000, 0.984, 0.091, 
[495] Train acc: 0.9844
4, 252, 0.0385, 0.0003, 98.438, 100.000, 0.985, 0.084, 
[510] Train acc: 0.9531
4, 252, 0.0576, 0.0003, 95.312, 100.000, 0.987, 0.074, 
[525] Train acc: 1.0000
4, 252, 0.0055, 0.0002, 100.000, 100.000, 0.985, 0.102, 
[540] Train acc: 1.0000
4, 252, 0.0088, 0.0003, 100.000, 100.000, 0.980, 0.091, 
[555] Train acc: 0.9844
4, 252, 0.0672, 0.0002, 98.438, 100.000, 0.984, 0.107, 
[570] Train acc: 1.0000
4, 252, 0.0215, 0.0003, 100.000, 100.000, 0.982, 0.106, 
[585] Train acc: 0.9531
4, 252, 0.1056, 0.0002, 95.312, 100.000, 0.986, 0.078, 
[600] Train acc: 1.0000
4, 252, 0.0105, 0.0002, 100.000, 100.000, 0.987, 0.087, 
[615] Train acc: 0.9844
4, 252, 0.0304, 0.0002, 98.438, 100.000, 0.986, 0.122, 
[630] Train acc: 0.9531
4, 252, 0.1299, 0.0002, 95.312, 100.000, 0.983, 0.094, 
[645] Train acc: 1.0000
4, 252, 0.0146, 0.0002, 100.000, 100.000, 0.985, 0.108, 
[660] Train acc: 1.0000
4, 252, 0.0169, 0.0002, 100.000, 100.000, 0.987, 0.103, 
[675] Train acc: 0.9688
4, 252, 0.0538, 0.0002, 96.875, 100.000, 0.986, 0.099, 
[690] Train acc: 0.9844
4, 252, 0.0774, 0.0002, 98.438, 100.000, 0.983, 0.103, 
[705] Train acc: 1.0000
4, 252, 0.0300, 0.0002, 100.000, 100.000, 0.986, 0.119, 
[720] Train acc: 0.9844
4, 252, 0.0937, 0.0002, 98.438, 100.000, 0.983, 0.120, 
[735] Train acc: 1.0000
4, 252, 0.0191, 0.0002, 100.000, 100.000, 0.980, 0.125, 
[750] Train acc: 1.0000
4, 252, 0.0044, 0.0002, 100.000, 100.000, 0.983, 0.138, 
[765] Train acc: 0.9531
4, 252, 0.0958, 0.0002, 95.312, 100.000, 0.985, 0.114, 
[780] Train acc: 0.9688
4, 252, 0.0661, 0.0002, 96.875, 100.000, 0.985, 0.114, 
[795] Train acc: 0.9531
4, 252, 0.1070, 0.0002, 95.312, 100.000, 0.983, 0.110, 
[810] Train acc: 1.0000
4, 252, 0.0131, 0.0002, 100.000, 100.000, 0.985, 0.106, 
[825] Train acc: 0.9688
4, 252, 0.0316, 0.0002, 96.875, 100.000, 0.985, 0.099, 
[840] Train acc: 1.0000
4, 252, 0.0235, 0.0002, 100.000, 100.000, 0.986, 0.101, 
[855] Train acc: 1.0000
4, 252, 0.0032, 0.0002, 100.000, 100.000, 0.986, 0.096, 
[870] Train acc: 0.9844
4, 252, 0.0457, 0.0003, 98.438, 100.000, 0.983, 0.081, 
[885] Train acc: 1.0000
4, 252, 0.0180, 0.0002, 100.000, 100.000, 0.983, 0.090, 
[900] Train acc: 0.9844
4, 252, 0.0469, 0.0003, 98.438, 100.000, 0.980, 0.091, 
[915] Train acc: 1.0000
4, 252, 0.0054, 0.0002, 100.000, 100.000, 0.987, 0.108, 
[930] Train acc: 0.9688
4, 252, 0.1351, 0.0002, 96.875, 100.000, 0.988, 0.087, 
[0] Train acc: 0.9531
5, 252, 0.1104, 0.0003, 95.312, 100.000, 0.982, 0.084, 
[15] Train acc: 0.9844
5, 252, 0.0755, 0.0002, 98.438, 100.000, 0.987, 0.086, 
[30] Train acc: 1.0000
5, 252, 0.0264, 0.0002, 100.000, 100.000, 0.988, 0.107, 
[45] Train acc: 0.9531
5, 252, 0.0984, 0.0002, 95.312, 100.000, 0.986, 0.122, 
[60] Train acc: 1.0000
5, 252, 0.0236, 0.0002, 100.000, 100.000, 0.983, 0.116, 
[75] Train acc: 0.9844
5, 252, 0.0256, 0.0002, 98.438, 100.000, 0.988, 0.110, 
[90] Train acc: 0.9531
5, 252, 0.1569, 0.0003, 95.312, 100.000, 0.984, 0.097, 
[105] Train acc: 0.9844
5, 252, 0.0473, 0.0002, 98.438, 100.000, 0.987, 0.098, 
[120] Train acc: 1.0000
5, 252, 0.0015, 0.0002, 100.000, 100.000, 0.986, 0.076, 
[135] Train acc: 0.9844
5, 252, 0.0393, 0.0002, 98.438, 100.000, 0.988, 0.071, 
[150] Train acc: 1.0000
5, 252, 0.0231, 0.0002, 100.000, 100.000, 0.988, 0.099, 
[165] Train acc: 0.9844
5, 252, 0.0324, 0.0002, 98.438, 100.000, 0.984, 0.082, 
[180] Train acc: 0.9844
5, 252, 0.0189, 0.0002, 98.438, 100.000, 0.985, 0.090, 
[195] Train acc: 1.0000
5, 252, 0.0243, 0.0002, 100.000, 100.000, 0.986, 0.093, 
[210] Train acc: 0.9688
5, 252, 0.2014, 0.0002, 96.875, 98.438, 0.986, 0.081, 
[225] Train acc: 0.9688
5, 252, 0.0636, 0.0002, 96.875, 100.000, 0.981, 0.114, 
[240] Train acc: 0.9844
5, 252, 0.0409, 0.0002, 98.438, 100.000, 0.988, 0.111, 
[255] Train acc: 0.9844
5, 252, 0.0414, 0.0002, 98.438, 100.000, 0.985, 0.092, 
[270] Train acc: 1.0000
5, 252, 0.0077, 0.0002, 100.000, 100.000, 0.984, 0.103, 
[285] Train acc: 0.9844
5, 252, 0.0314, 0.0002, 98.438, 100.000, 0.986, 0.085, 
[300] Train acc: 0.9688
5, 252, 0.0770, 0.0002, 96.875, 100.000, 0.987, 0.097, 
[315] Train acc: 0.9688
5, 252, 0.0528, 0.0002, 96.875, 100.000, 0.986, 0.116, 
[330] Train acc: 0.9844
5, 252, 0.0357, 0.0002, 98.438, 100.000, 0.986, 0.093, 
[345] Train acc: 1.0000
5, 252, 0.0078, 0.0002, 100.000, 100.000, 0.986, 0.087, 
[360] Train acc: 1.0000
5, 252, 0.0062, 0.0002, 100.000, 100.000, 0.988, 0.105, 
[375] Train acc: 1.0000
5, 252, 0.0182, 0.0002, 100.000, 100.000, 0.985, 0.130, 
[390] Train acc: 0.9844
5, 252, 0.0347, 0.0002, 98.438, 100.000, 0.986, 0.111, 
[405] Train acc: 0.9844
5, 252, 0.0357, 0.0002, 98.438, 100.000, 0.986, 0.137, 
[420] Train acc: 0.9844
5, 252, 0.0288, 0.0002, 98.438, 100.000, 0.987, 0.146, 
[435] Train acc: 1.0000
5, 252, 0.0384, 0.0002, 100.000, 100.000, 0.987, 0.181, 
[450] Train acc: 0.9688
5, 252, 0.0746, 0.0002, 96.875, 100.000, 0.986, 0.137, 
[465] Train acc: 0.9531
5, 252, 0.2299, 0.0003, 95.312, 100.000, 0.985, 0.110, 
[480] Train acc: 1.0000
5, 252, 0.0095, 0.0002, 100.000, 100.000, 0.985, 0.098, 
[495] Train acc: 0.9688
5, 252, 0.0636, 0.0002, 96.875, 100.000, 0.985, 0.089, 
[510] Train acc: 0.9531
5, 252, 0.0753, 0.0002, 95.312, 100.000, 0.987, 0.103, 
[525] Train acc: 0.9688
5, 252, 0.0763, 0.0002, 96.875, 100.000, 0.988, 0.146, 
[540] Train acc: 0.9688
5, 252, 0.1208, 0.0002, 96.875, 100.000, 0.988, 0.144, 
[555] Train acc: 0.9844
5, 252, 0.0301, 0.0002, 98.438, 100.000, 0.990, 0.132, 
[570] Train acc: 1.0000
5, 252, 0.0098, 0.0002, 100.000, 100.000, 0.986, 0.124, 
[585] Train acc: 1.0000
5, 252, 0.0090, 0.0002, 100.000, 100.000, 0.985, 0.134, 
[600] Train acc: 1.0000
5, 252, 0.0170, 0.0002, 100.000, 100.000, 0.985, 0.112, 
[615] Train acc: 0.9844
5, 252, 0.0246, 0.0002, 98.438, 100.000, 0.988, 0.116, 
[630] Train acc: 0.9219
5, 252, 0.1508, 0.0002, 92.188, 100.000, 0.987, 0.122, 
[645] Train acc: 1.0000
5, 252, 0.0039, 0.0002, 100.000, 100.000, 0.987, 0.133, 
[660] Train acc: 1.0000
5, 252, 0.0033, 0.0002, 100.000, 100.000, 0.987, 0.117, 
[675] Train acc: 1.0000
5, 252, 0.0219, 0.0002, 100.000, 100.000, 0.987, 0.103, 
[690] Train acc: 1.0000
5, 252, 0.0031, 0.0002, 100.000, 100.000, 0.986, 0.106, 
[705] Train acc: 1.0000
5, 252, 0.0078, 0.0002, 100.000, 100.000, 0.988, 0.107, 
[720] Train acc: 0.9844
5, 252, 0.0540, 0.0002, 98.438, 100.000, 0.986, 0.107, 
[735] Train acc: 0.9844
5, 252, 0.0684, 0.0002, 98.438, 100.000, 0.987, 0.117, 
[750] Train acc: 1.0000
5, 252, 0.0082, 0.0002, 100.000, 100.000, 0.986, 0.129, 
[765] Train acc: 1.0000
5, 252, 0.0112, 0.0002, 100.000, 100.000, 0.983, 0.107, 
[780] Train acc: 0.9531
5, 252, 0.2455, 0.0002, 95.312, 100.000, 0.988, 0.108, 
[795] Train acc: 0.9688
5, 252, 0.0589, 0.0002, 96.875, 100.000, 0.988, 0.109, 
[810] Train acc: 0.9844
5, 252, 0.0220, 0.0002, 98.438, 100.000, 0.986, 0.107, 
[825] Train acc: 1.0000
5, 252, 0.0090, 0.0002, 100.000, 100.000, 0.983, 0.113, 
[840] Train acc: 0.9844
5, 252, 0.0306, 0.0002, 98.438, 100.000, 0.987, 0.114, 
[855] Train acc: 1.0000
5, 252, 0.0127, 0.0002, 100.000, 100.000, 0.985, 0.141, 
[870] Train acc: 0.9688
5, 252, 0.1107, 0.0002, 96.875, 100.000, 0.980, 0.155, 
[885] Train acc: 1.0000
5, 252, 0.0024, 0.0002, 100.000, 100.000, 0.987, 0.115, 
[900] Train acc: 1.0000
5, 252, 0.0236, 0.0002, 100.000, 100.000, 0.987, 0.118, 
[915] Train acc: 0.9844
5, 252, 0.0203, 0.0002, 98.438, 100.000, 0.987, 0.101, 
[930] Train acc: 0.9844
5, 252, 0.0435, 0.0002, 98.438, 100.000, 0.986, 0.103, 
[0] Train acc: 1.0000
6, 252, 0.0085, 0.0002, 100.000, 100.000, 0.985, 0.112, 
[15] Train acc: 1.0000
6, 252, 0.0074, 0.0002, 100.000, 100.000, 0.990, 0.106, 
[30] Train acc: 0.9844
6, 252, 0.0378, 0.0002, 98.438, 100.000, 0.986, 0.082, 
[45] Train acc: 1.0000
6, 252, 0.0035, 0.0002, 100.000, 100.000, 0.989, 0.094, 
[60] Train acc: 1.0000
6, 252, 0.0291, 0.0002, 100.000, 100.000, 0.987, 0.103, 
[75] Train acc: 1.0000
6, 252, 0.0240, 0.0002, 100.000, 100.000, 0.986, 0.130, 
[90] Train acc: 1.0000
6, 252, 0.0225, 0.0002, 100.000, 100.000, 0.987, 0.135, 
[105] Train acc: 0.9688
6, 252, 0.0429, 0.0002, 96.875, 100.000, 0.987, 0.136, 
[120] Train acc: 0.9844
6, 252, 0.0526, 0.0002, 98.438, 100.000, 0.988, 0.151, 
[135] Train acc: 1.0000
6, 252, 0.0031, 0.0002, 100.000, 100.000, 0.988, 0.156, 
[150] Train acc: 1.0000
6, 252, 0.0227, 0.0002, 100.000, 100.000, 0.986, 0.139, 
[165] Train acc: 1.0000
6, 252, 0.0111, 0.0002, 100.000, 100.000, 0.986, 0.129, 
[180] Train acc: 1.0000
6, 252, 0.0106, 0.0002, 100.000, 100.000, 0.988, 0.159, 
[195] Train acc: 0.9688
6, 252, 0.0541, 0.0002, 96.875, 100.000, 0.988, 0.149, 
[210] Train acc: 0.9844
6, 252, 0.0496, 0.0002, 98.438, 100.000, 0.987, 0.113, 
[225] Train acc: 0.9688
6, 252, 0.0520, 0.0002, 96.875, 100.000, 0.989, 0.118, 
[240] Train acc: 1.0000
6, 252, 0.0066, 0.0002, 100.000, 100.000, 0.986, 0.127, 
[255] Train acc: 0.9844
6, 252, 0.0878, 0.0002, 98.438, 100.000, 0.987, 0.107, 
[270] Train acc: 1.0000
6, 252, 0.0132, 0.0002, 100.000, 100.000, 0.988, 0.112, 
[285] Train acc: 0.9688
6, 252, 0.0930, 0.0002, 96.875, 100.000, 0.988, 0.123, 
[300] Train acc: 0.9844
6, 252, 0.1033, 0.0002, 98.438, 100.000, 0.985, 0.098, 
[315] Train acc: 1.0000
6, 252, 0.0046, 0.0002, 100.000, 100.000, 0.988, 0.118, 
[330] Train acc: 0.9844
6, 252, 0.0216, 0.0002, 98.438, 100.000, 0.988, 0.113, 
[345] Train acc: 0.9688
6, 252, 0.1465, 0.0002, 96.875, 100.000, 0.989, 0.109, 
[360] Train acc: 0.9844
6, 252, 0.0298, 0.0002, 98.438, 100.000, 0.990, 0.114, 
[375] Train acc: 0.9844
6, 252, 0.0448, 0.0003, 98.438, 100.000, 0.984, 0.103, 
[390] Train acc: 0.9844
6, 252, 0.0541, 0.0002, 98.438, 100.000, 0.987, 0.104, 
[405] Train acc: 1.0000
6, 252, 0.0164, 0.0002, 100.000, 100.000, 0.984, 0.108, 
[420] Train acc: 1.0000
6, 252, 0.0045, 0.0002, 100.000, 100.000, 0.985, 0.101, 
[435] Train acc: 1.0000
6, 252, 0.0035, 0.0002, 100.000, 100.000, 0.988, 0.116, 
[450] Train acc: 1.0000
6, 252, 0.0090, 0.0002, 100.000, 100.000, 0.986, 0.110, 
[465] Train acc: 0.9844
6, 252, 0.0272, 0.0002, 98.438, 100.000, 0.989, 0.097, 
[480] Train acc: 1.0000
6, 252, 0.0067, 0.0002, 100.000, 100.000, 0.988, 0.105, 
[495] Train acc: 1.0000
6, 252, 0.0115, 0.0002, 100.000, 100.000, 0.987, 0.097, 
[510] Train acc: 0.9688
6, 252, 0.1064, 0.0002, 96.875, 100.000, 0.986, 0.128, 
[525] Train acc: 0.9688
6, 252, 0.0514, 0.0002, 96.875, 100.000, 0.991, 0.116, 
[540] Train acc: 0.9844
6, 252, 0.0582, 0.0002, 98.438, 100.000, 0.986, 0.110, 
[555] Train acc: 1.0000
6, 252, 0.0139, 0.0002, 100.000, 100.000, 0.989, 0.127, 
[570] Train acc: 0.9688
6, 252, 0.0436, 0.0002, 96.875, 100.000, 0.989, 0.132, 
[585] Train acc: 0.9844
6, 252, 0.0471, 0.0002, 98.438, 100.000, 0.988, 0.149, 
[600] Train acc: 1.0000
6, 252, 0.0010, 0.0002, 100.000, 100.000, 0.986, 0.135, 
[615] Train acc: 1.0000
6, 252, 0.0274, 0.0002, 100.000, 100.000, 0.989, 0.166, 
[630] Train acc: 0.9844
6, 252, 0.0533, 0.0002, 98.438, 100.000, 0.981, 0.172, 
[645] Train acc: 1.0000
6, 252, 0.0045, 0.0002, 100.000, 100.000, 0.989, 0.172, 
[660] Train acc: 1.0000
6, 252, 0.0103, 0.0002, 100.000, 100.000, 0.988, 0.159, 
[675] Train acc: 1.0000
6, 252, 0.0031, 0.0002, 100.000, 100.000, 0.990, 0.155, 
[690] Train acc: 1.0000
6, 252, 0.0067, 0.0002, 100.000, 100.000, 0.988, 0.161, 
[705] Train acc: 1.0000
6, 252, 0.0077, 0.0002, 100.000, 100.000, 0.986, 0.160, 
[720] Train acc: 0.9844
6, 252, 0.0290, 0.0002, 98.438, 100.000, 0.985, 0.158, 
[735] Train acc: 0.9844
6, 252, 0.0469, 0.0002, 98.438, 100.000, 0.988, 0.173, 
[750] Train acc: 0.9844
6, 252, 0.0277, 0.0002, 98.438, 100.000, 0.990, 0.126, 
[765] Train acc: 1.0000
6, 252, 0.0017, 0.0002, 100.000, 100.000, 0.989, 0.113, 
[780] Train acc: 1.0000
6, 252, 0.0126, 0.0002, 100.000, 100.000, 0.987, 0.119, 
[795] Train acc: 0.9844
6, 252, 0.0272, 0.0002, 98.438, 100.000, 0.988, 0.123, 
[810] Train acc: 1.0000
6, 252, 0.0162, 0.0002, 100.000, 100.000, 0.988, 0.148, 
[825] Train acc: 0.9688
6, 252, 0.0488, 0.0002, 96.875, 100.000, 0.988, 0.138, 
[840] Train acc: 0.9844
6, 252, 0.0506, 0.0002, 98.438, 100.000, 0.987, 0.118, 
[855] Train acc: 1.0000
6, 252, 0.0059, 0.0002, 100.000, 100.000, 0.987, 0.133, 
[870] Train acc: 1.0000
6, 252, 0.0069, 0.0002, 100.000, 100.000, 0.987, 0.164, 
[885] Train acc: 0.9688
6, 252, 0.0715, 0.0002, 96.875, 100.000, 0.987, 0.142, 
[900] Train acc: 1.0000
6, 252, 0.0087, 0.0002, 100.000, 100.000, 0.989, 0.134, 
[915] Train acc: 1.0000
6, 252, 0.0105, 0.0002, 100.000, 100.000, 0.988, 0.145, 
[930] Train acc: 1.0000
6, 252, 0.0081, 0.0002, 100.000, 100.000, 0.987, 0.131, 
[0] Train acc: 1.0000, Constr acc: 0.7812, CE loss: 0.005, DL2 loss: 30.176
