epoch, neuron_units, loss, dl2_loss, top1, top5, dl2_p_acc, dl2_constraint_acc
[0] Train acc: 0.1406
1, 252, 2.2927, 0.0023, 14.062, 59.375, 0.103, 1.000, 
[15] Train acc: 0.1875
1, 252, 2.2763, 0.0023, 18.750, 68.750, 0.103, 1.000, 
[30] Train acc: 0.3125
1, 252, 2.2343, 0.0023, 31.250, 75.000, 0.205, 1.000, 
[45] Train acc: 0.3594
1, 252, 2.1083, 0.0022, 35.938, 89.062, 0.408, 1.000, 
[60] Train acc: 0.5625
1, 252, 1.8079, 0.0021, 56.250, 90.625, 0.576, 1.000, 
[75] Train acc: 0.6719
1, 252, 1.1560, 0.0017, 67.188, 95.312, 0.646, 1.000, 
[90] Train acc: 0.6250
1, 252, 1.0569, 0.0015, 62.500, 98.438, 0.674, 1.000, 
[105] Train acc: 0.7031
1, 252, 0.8945, 0.0013, 70.312, 95.312, 0.730, 1.000, 
[120] Train acc: 0.8125
1, 252, 0.5999, 0.0011, 81.250, 98.438, 0.806, 0.999, 
[135] Train acc: 0.8594
1, 252, 0.3908, 0.0010, 85.938, 100.000, 0.854, 0.998, 
[150] Train acc: 0.8594
1, 252, 0.5338, 0.0010, 85.938, 100.000, 0.820, 0.999, 
[165] Train acc: 0.8281
1, 252, 0.5438, 0.0010, 82.812, 98.438, 0.764, 0.996, 
[180] Train acc: 0.9062
1, 252, 0.4400, 0.0009, 90.625, 98.438, 0.846, 0.991, 
[195] Train acc: 0.9062
1, 252, 0.2807, 0.0009, 90.625, 100.000, 0.848, 0.983, 
[210] Train acc: 0.9219
1, 252, 0.3626, 0.0009, 92.188, 98.438, 0.857, 0.991, 
[225] Train acc: 0.8750
1, 252, 0.3995, 0.0008, 87.500, 100.000, 0.887, 0.983, 
[240] Train acc: 0.8750
1, 252, 0.4170, 0.0008, 87.500, 98.438, 0.877, 0.972, 
[255] Train acc: 0.8281
1, 252, 0.4295, 0.0008, 82.812, 100.000, 0.851, 0.977, 
[270] Train acc: 0.9219
1, 252, 0.2311, 0.0008, 92.188, 100.000, 0.843, 0.978, 
[285] Train acc: 0.9375
1, 252, 0.2467, 0.0007, 93.750, 100.000, 0.920, 0.957, 
[300] Train acc: 0.9062
1, 252, 0.2694, 0.0007, 90.625, 100.000, 0.911, 0.957, 
[315] Train acc: 0.9219
1, 252, 0.2680, 0.0007, 92.188, 98.438, 0.922, 0.955, 
[330] Train acc: 0.9062
1, 252, 0.3726, 0.0007, 90.625, 98.438, 0.864, 0.957, 
[345] Train acc: 0.8594
1, 252, 0.4701, 0.0007, 85.938, 98.438, 0.908, 0.953, 
[360] Train acc: 0.8750
1, 252, 0.2838, 0.0007, 87.500, 100.000, 0.909, 0.953, 
[375] Train acc: 0.9375
1, 252, 0.1560, 0.0007, 93.750, 100.000, 0.923, 0.946, 
[390] Train acc: 0.9062
1, 252, 0.2070, 0.0006, 90.625, 100.000, 0.915, 0.942, 
[405] Train acc: 0.9375
1, 252, 0.1975, 0.0006, 93.750, 100.000, 0.918, 0.951, 
[420] Train acc: 0.9219
1, 252, 0.2446, 0.0006, 92.188, 100.000, 0.936, 0.936, 
[435] Train acc: 0.9219
1, 252, 0.2261, 0.0006, 92.188, 100.000, 0.935, 0.948, 
[450] Train acc: 0.9219
1, 252, 0.1807, 0.0006, 92.188, 100.000, 0.942, 0.924, 
[465] Train acc: 0.8906
1, 252, 0.3503, 0.0006, 89.062, 100.000, 0.914, 0.913, 
[480] Train acc: 1.0000
1, 252, 0.0762, 0.0006, 100.000, 100.000, 0.934, 0.905, 
[495] Train acc: 0.9531
1, 252, 0.1621, 0.0006, 95.312, 100.000, 0.948, 0.916, 
[510] Train acc: 0.9219
1, 252, 0.1649, 0.0005, 92.188, 100.000, 0.949, 0.913, 
[525] Train acc: 0.9531
1, 252, 0.1392, 0.0006, 95.312, 100.000, 0.945, 0.918, 
[540] Train acc: 0.9531
1, 252, 0.2543, 0.0006, 95.312, 98.438, 0.933, 0.925, 
[555] Train acc: 0.9688
1, 252, 0.1702, 0.0005, 96.875, 98.438, 0.953, 0.889, 
[570] Train acc: 0.9531
1, 252, 0.1492, 0.0005, 95.312, 100.000, 0.925, 0.878, 
[585] Train acc: 0.9844
1, 252, 0.0822, 0.0005, 98.438, 100.000, 0.950, 0.907, 
[600] Train acc: 0.9531
1, 252, 0.1890, 0.0005, 95.312, 100.000, 0.951, 0.896, 
[615] Train acc: 0.9531
1, 252, 0.1561, 0.0005, 95.312, 100.000, 0.951, 0.894, 
[630] Train acc: 0.9375
1, 252, 0.3362, 0.0005, 93.750, 100.000, 0.956, 0.905, 
[645] Train acc: 0.9688
1, 252, 0.1513, 0.0005, 96.875, 100.000, 0.956, 0.899, 
[660] Train acc: 0.9688
1, 252, 0.1354, 0.0005, 96.875, 100.000, 0.956, 0.871, 
[675] Train acc: 0.9375
1, 252, 0.1571, 0.0005, 93.750, 100.000, 0.956, 0.868, 
[690] Train acc: 0.9688
1, 252, 0.1637, 0.0005, 96.875, 98.438, 0.958, 0.901, 
[705] Train acc: 0.8906
1, 252, 0.3415, 0.0005, 89.062, 100.000, 0.953, 0.881, 
[720] Train acc: 1.0000
1, 252, 0.0550, 0.0005, 100.000, 100.000, 0.958, 0.856, 
[735] Train acc: 0.9375
1, 252, 0.1595, 0.0005, 93.750, 100.000, 0.956, 0.892, 
[750] Train acc: 0.9688
1, 252, 0.0683, 0.0005, 96.875, 100.000, 0.950, 0.844, 
[765] Train acc: 0.9062
1, 252, 0.2801, 0.0005, 90.625, 100.000, 0.945, 0.885, 
[780] Train acc: 0.9219
1, 252, 0.1975, 0.0005, 92.188, 100.000, 0.965, 0.910, 
[795] Train acc: 0.9375
1, 252, 0.1232, 0.0005, 93.750, 100.000, 0.960, 0.928, 
[810] Train acc: 1.0000
1, 252, 0.0531, 0.0005, 100.000, 100.000, 0.963, 0.904, 
[825] Train acc: 0.9531
1, 252, 0.1005, 0.0005, 95.312, 100.000, 0.959, 0.904, 
[840] Train acc: 0.9531
1, 252, 0.1271, 0.0005, 95.312, 100.000, 0.969, 0.897, 
[855] Train acc: 0.9375
1, 252, 0.1566, 0.0005, 93.750, 100.000, 0.942, 0.889, 
[870] Train acc: 0.9531
1, 252, 0.1490, 0.0004, 95.312, 100.000, 0.963, 0.870, 
[885] Train acc: 0.9375
1, 252, 0.1344, 0.0005, 93.750, 100.000, 0.959, 0.897, 
[900] Train acc: 0.9531
1, 252, 0.1105, 0.0004, 95.312, 100.000, 0.962, 0.851, 
[915] Train acc: 0.9375
1, 252, 0.1970, 0.0004, 93.750, 100.000, 0.960, 0.851, 
[930] Train acc: 0.9375
1, 252, 0.1600, 0.0004, 93.750, 100.000, 0.965, 0.846, 
[0] Train acc: 0.9531
2, 252, 0.1407, 0.0004, 95.312, 100.000, 0.963, 0.831, 
[15] Train acc: 0.9844
2, 252, 0.0752, 0.0004, 98.438, 100.000, 0.967, 0.825, 
[30] Train acc: 0.9688
2, 252, 0.0801, 0.0004, 96.875, 100.000, 0.955, 0.807, 
[45] Train acc: 0.9688
2, 252, 0.0949, 0.0004, 96.875, 100.000, 0.965, 0.792, 
[60] Train acc: 0.9844
2, 252, 0.0438, 0.0004, 98.438, 100.000, 0.963, 0.834, 
[75] Train acc: 0.9688
2, 252, 0.1399, 0.0004, 96.875, 100.000, 0.966, 0.833, 
[90] Train acc: 0.9375
2, 252, 0.3302, 0.0004, 93.750, 100.000, 0.967, 0.847, 
[105] Train acc: 0.9844
2, 252, 0.0491, 0.0004, 98.438, 100.000, 0.970, 0.873, 
[120] Train acc: 0.9688
2, 252, 0.0914, 0.0004, 96.875, 100.000, 0.970, 0.854, 
[135] Train acc: 0.9688
2, 252, 0.1508, 0.0004, 96.875, 100.000, 0.964, 0.843, 
[150] Train acc: 0.9531
2, 252, 0.0793, 0.0004, 95.312, 100.000, 0.967, 0.825, 
[165] Train acc: 0.9844
2, 252, 0.0713, 0.0004, 98.438, 100.000, 0.969, 0.826, 
[180] Train acc: 0.9531
2, 252, 0.0830, 0.0004, 95.312, 100.000, 0.966, 0.787, 
[195] Train acc: 0.9844
2, 252, 0.0966, 0.0004, 98.438, 100.000, 0.961, 0.826, 
[210] Train acc: 0.9688
2, 252, 0.0620, 0.0004, 96.875, 100.000, 0.973, 0.756, 
[225] Train acc: 0.9531
2, 252, 0.1448, 0.0004, 95.312, 100.000, 0.965, 0.765, 
[240] Train acc: 0.9531
2, 252, 0.1479, 0.0004, 95.312, 100.000, 0.967, 0.839, 
[255] Train acc: 1.0000
2, 252, 0.0279, 0.0004, 100.000, 100.000, 0.968, 0.815, 
[270] Train acc: 0.9844
2, 252, 0.0609, 0.0003, 98.438, 100.000, 0.974, 0.770, 
[285] Train acc: 0.9844
2, 252, 0.0342, 0.0003, 98.438, 100.000, 0.975, 0.732, 
[300] Train acc: 0.9688
2, 252, 0.0782, 0.0004, 96.875, 100.000, 0.969, 0.768, 
[315] Train acc: 0.9375
2, 252, 0.1122, 0.0004, 93.750, 100.000, 0.975, 0.791, 
[330] Train acc: 0.9688
2, 252, 0.0469, 0.0004, 96.875, 100.000, 0.968, 0.780, 
[345] Train acc: 0.9531
2, 252, 0.2345, 0.0004, 95.312, 100.000, 0.977, 0.823, 
[360] Train acc: 0.9688
2, 252, 0.0647, 0.0004, 96.875, 100.000, 0.962, 0.879, 
[375] Train acc: 0.9531
2, 252, 0.1035, 0.0004, 95.312, 100.000, 0.976, 0.853, 
[390] Train acc: 0.9844
2, 252, 0.0274, 0.0004, 98.438, 100.000, 0.974, 0.814, 
[405] Train acc: 0.9844
2, 252, 0.0408, 0.0004, 98.438, 100.000, 0.968, 0.809, 
[420] Train acc: 0.9844
2, 252, 0.0255, 0.0004, 98.438, 100.000, 0.976, 0.775, 
[435] Train acc: 0.9844
2, 252, 0.0391, 0.0004, 98.438, 100.000, 0.977, 0.803, 
[450] Train acc: 0.9844
2, 252, 0.0888, 0.0003, 98.438, 100.000, 0.975, 0.775, 
[465] Train acc: 0.9688
2, 252, 0.0860, 0.0004, 96.875, 100.000, 0.972, 0.794, 
[480] Train acc: 0.9688
2, 252, 0.0826, 0.0004, 96.875, 100.000, 0.969, 0.804, 
[495] Train acc: 0.9375
2, 252, 0.1246, 0.0004, 93.750, 100.000, 0.972, 0.778, 
[510] Train acc: 1.0000
2, 252, 0.0169, 0.0004, 100.000, 100.000, 0.974, 0.823, 
[525] Train acc: 0.9688
2, 252, 0.1215, 0.0004, 96.875, 100.000, 0.977, 0.816, 
[540] Train acc: 0.9844
2, 252, 0.0627, 0.0004, 98.438, 100.000, 0.977, 0.850, 
[555] Train acc: 1.0000
2, 252, 0.0338, 0.0004, 100.000, 100.000, 0.977, 0.828, 
[570] Train acc: 0.9531
2, 252, 0.1980, 0.0004, 95.312, 100.000, 0.972, 0.810, 
[585] Train acc: 1.0000
2, 252, 0.0180, 0.0004, 100.000, 100.000, 0.965, 0.817, 
[600] Train acc: 0.9531
2, 252, 0.1889, 0.0004, 95.312, 100.000, 0.966, 0.793, 
[615] Train acc: 0.9531
2, 252, 0.1996, 0.0004, 95.312, 100.000, 0.972, 0.796, 
[630] Train acc: 0.9844
2, 252, 0.0752, 0.0004, 98.438, 100.000, 0.971, 0.786, 
[645] Train acc: 0.9062
2, 252, 0.2343, 0.0003, 90.625, 100.000, 0.980, 0.772, 
[660] Train acc: 0.9844
2, 252, 0.0542, 0.0003, 98.438, 100.000, 0.978, 0.754, 
[675] Train acc: 0.9844
2, 252, 0.0672, 0.0003, 98.438, 100.000, 0.977, 0.722, 
[690] Train acc: 0.9688
2, 252, 0.0481, 0.0003, 96.875, 100.000, 0.975, 0.707, 
[705] Train acc: 0.9844
2, 252, 0.0961, 0.0003, 98.438, 100.000, 0.970, 0.718, 
[720] Train acc: 0.9688
2, 252, 0.0633, 0.0003, 96.875, 100.000, 0.976, 0.726, 
[735] Train acc: 0.9844
2, 252, 0.0988, 0.0004, 98.438, 100.000, 0.959, 0.721, 
[750] Train acc: 0.9844
2, 252, 0.0208, 0.0003, 98.438, 100.000, 0.978, 0.744, 
[765] Train acc: 0.9688
2, 252, 0.0411, 0.0003, 96.875, 100.000, 0.978, 0.706, 
[780] Train acc: 0.9844
2, 252, 0.0408, 0.0003, 98.438, 100.000, 0.975, 0.707, 
[795] Train acc: 0.9688
2, 252, 0.0842, 0.0003, 96.875, 100.000, 0.976, 0.755, 
[810] Train acc: 0.9688
2, 252, 0.0810, 0.0003, 96.875, 100.000, 0.976, 0.720, 
[825] Train acc: 0.9375
2, 252, 0.2803, 0.0003, 93.750, 100.000, 0.979, 0.741, 
[840] Train acc: 1.0000
2, 252, 0.0204, 0.0003, 100.000, 100.000, 0.974, 0.732, 
[855] Train acc: 1.0000
2, 252, 0.0160, 0.0003, 100.000, 100.000, 0.980, 0.716, 
[870] Train acc: 1.0000
2, 252, 0.0261, 0.0003, 100.000, 100.000, 0.978, 0.723, 
[885] Train acc: 0.9844
2, 252, 0.0547, 0.0003, 98.438, 100.000, 0.977, 0.743, 
[900] Train acc: 0.9375
2, 252, 0.1150, 0.0003, 93.750, 100.000, 0.979, 0.762, 
[915] Train acc: 0.9688
2, 252, 0.0495, 0.0003, 96.875, 100.000, 0.981, 0.701, 
[930] Train acc: 0.9688
2, 252, 0.1090, 0.0003, 96.875, 100.000, 0.971, 0.747, 
[0] Train acc: 0.9688
3, 252, 0.1437, 0.0003, 96.875, 100.000, 0.970, 0.756, 
[15] Train acc: 1.0000
3, 252, 0.0285, 0.0003, 100.000, 100.000, 0.981, 0.736, 
[30] Train acc: 0.9844
3, 252, 0.0529, 0.0003, 98.438, 100.000, 0.978, 0.723, 
[45] Train acc: 0.9688
3, 252, 0.0809, 0.0004, 96.875, 100.000, 0.969, 0.766, 
[60] Train acc: 1.0000
3, 252, 0.0216, 0.0003, 100.000, 100.000, 0.981, 0.725, 
[75] Train acc: 0.9688
3, 252, 0.1329, 0.0003, 96.875, 100.000, 0.969, 0.734, 
[90] Train acc: 0.9844
3, 252, 0.0656, 0.0003, 98.438, 100.000, 0.976, 0.707, 
[105] Train acc: 1.0000
3, 252, 0.0243, 0.0003, 100.000, 100.000, 0.981, 0.739, 
[120] Train acc: 1.0000
3, 252, 0.0218, 0.0003, 100.000, 100.000, 0.979, 0.713, 
[135] Train acc: 0.9531
3, 252, 0.0817, 0.0003, 95.312, 100.000, 0.981, 0.737, 
[150] Train acc: 1.0000
3, 252, 0.0099, 0.0003, 100.000, 100.000, 0.975, 0.751, 
[165] Train acc: 0.9844
3, 252, 0.1767, 0.0003, 98.438, 100.000, 0.981, 0.763, 
[180] Train acc: 0.9531
3, 252, 0.1106, 0.0003, 95.312, 100.000, 0.981, 0.713, 
[195] Train acc: 0.9844
3, 252, 0.0700, 0.0003, 98.438, 100.000, 0.976, 0.716, 
[210] Train acc: 0.9531
3, 252, 0.0754, 0.0003, 95.312, 100.000, 0.972, 0.711, 
[225] Train acc: 1.0000
3, 252, 0.0133, 0.0003, 100.000, 100.000, 0.983, 0.668, 
[240] Train acc: 0.9688
3, 252, 0.0620, 0.0003, 96.875, 100.000, 0.980, 0.651, 
[255] Train acc: 0.9844
3, 252, 0.0525, 0.0003, 98.438, 100.000, 0.972, 0.681, 
[270] Train acc: 0.9688
3, 252, 0.0948, 0.0003, 96.875, 100.000, 0.982, 0.656, 
[285] Train acc: 0.9688
3, 252, 0.0618, 0.0003, 96.875, 100.000, 0.984, 0.687, 
[300] Train acc: 0.9844
3, 252, 0.0618, 0.0003, 98.438, 100.000, 0.981, 0.746, 
[315] Train acc: 0.9688
3, 252, 0.1432, 0.0003, 96.875, 100.000, 0.983, 0.726, 
[330] Train acc: 0.9531
3, 252, 0.1283, 0.0003, 95.312, 100.000, 0.978, 0.708, 
[345] Train acc: 1.0000
3, 252, 0.0156, 0.0003, 100.000, 100.000, 0.982, 0.683, 
[360] Train acc: 0.9844
3, 252, 0.0625, 0.0003, 98.438, 100.000, 0.979, 0.672, 
[375] Train acc: 1.0000
3, 252, 0.0429, 0.0003, 100.000, 100.000, 0.977, 0.639, 
[390] Train acc: 0.9375
3, 252, 0.2170, 0.0003, 93.750, 100.000, 0.966, 0.656, 
[405] Train acc: 0.9844
3, 252, 0.0477, 0.0003, 98.438, 100.000, 0.982, 0.638, 
[420] Train acc: 1.0000
3, 252, 0.0266, 0.0003, 100.000, 100.000, 0.982, 0.649, 
[435] Train acc: 0.9844
3, 252, 0.0296, 0.0003, 98.438, 100.000, 0.972, 0.724, 
[450] Train acc: 0.9844
3, 252, 0.0515, 0.0003, 98.438, 100.000, 0.979, 0.679, 
[465] Train acc: 1.0000
3, 252, 0.0425, 0.0003, 100.000, 100.000, 0.982, 0.687, 
[480] Train acc: 0.9844
3, 252, 0.1283, 0.0003, 98.438, 100.000, 0.981, 0.723, 
[495] Train acc: 0.9688
3, 252, 0.0506, 0.0003, 96.875, 100.000, 0.983, 0.656, 
[510] Train acc: 0.9688
3, 252, 0.0836, 0.0003, 96.875, 100.000, 0.982, 0.684, 
[525] Train acc: 0.9531
3, 252, 0.1020, 0.0003, 95.312, 100.000, 0.984, 0.681, 
[540] Train acc: 1.0000
3, 252, 0.0214, 0.0003, 100.000, 100.000, 0.982, 0.666, 
[555] Train acc: 0.9531
3, 252, 0.1520, 0.0003, 95.312, 100.000, 0.985, 0.781, 
[570] Train acc: 0.9844
3, 252, 0.0536, 0.0003, 98.438, 100.000, 0.978, 0.732, 
[585] Train acc: 1.0000
3, 252, 0.0112, 0.0003, 100.000, 100.000, 0.982, 0.669, 
[600] Train acc: 0.9375
3, 252, 0.1640, 0.0003, 93.750, 100.000, 0.980, 0.735, 
[615] Train acc: 0.9531
3, 252, 0.1815, 0.0003, 95.312, 100.000, 0.982, 0.712, 
[630] Train acc: 1.0000
3, 252, 0.0235, 0.0003, 100.000, 100.000, 0.984, 0.680, 
[645] Train acc: 0.9688
3, 252, 0.2124, 0.0003, 96.875, 100.000, 0.983, 0.696, 
[660] Train acc: 1.0000
3, 252, 0.0341, 0.0003, 100.000, 100.000, 0.983, 0.740, 
[675] Train acc: 1.0000
3, 252, 0.0153, 0.0003, 100.000, 100.000, 0.984, 0.687, 
[690] Train acc: 0.9844
3, 252, 0.0284, 0.0003, 98.438, 100.000, 0.985, 0.684, 
[705] Train acc: 1.0000
3, 252, 0.0274, 0.0003, 100.000, 100.000, 0.983, 0.685, 
[720] Train acc: 0.9844
3, 252, 0.0483, 0.0003, 98.438, 100.000, 0.984, 0.715, 
[735] Train acc: 0.9844
3, 252, 0.0342, 0.0003, 98.438, 100.000, 0.982, 0.700, 
[750] Train acc: 0.9844
3, 252, 0.0250, 0.0003, 98.438, 100.000, 0.986, 0.697, 
[765] Train acc: 1.0000
3, 252, 0.0191, 0.0003, 100.000, 100.000, 0.981, 0.691, 
[780] Train acc: 0.9531
3, 252, 0.1058, 0.0003, 95.312, 100.000, 0.984, 0.668, 
[795] Train acc: 0.9688
3, 252, 0.0497, 0.0003, 96.875, 100.000, 0.982, 0.642, 
[810] Train acc: 1.0000
3, 252, 0.0074, 0.0003, 100.000, 100.000, 0.978, 0.592, 
[825] Train acc: 1.0000
3, 252, 0.0133, 0.0002, 100.000, 100.000, 0.984, 0.596, 
[840] Train acc: 0.9531
3, 252, 0.0715, 0.0003, 95.312, 100.000, 0.981, 0.644, 
[855] Train acc: 1.0000
3, 252, 0.0085, 0.0003, 100.000, 100.000, 0.978, 0.711, 
[870] Train acc: 1.0000
3, 252, 0.0084, 0.0003, 100.000, 100.000, 0.981, 0.694, 
[885] Train acc: 1.0000
3, 252, 0.0144, 0.0003, 100.000, 100.000, 0.983, 0.680, 
[900] Train acc: 0.9844
3, 252, 0.0241, 0.0003, 98.438, 100.000, 0.981, 0.687, 
[915] Train acc: 0.9531
3, 252, 0.2423, 0.0003, 95.312, 100.000, 0.983, 0.682, 
[930] Train acc: 0.9844
3, 252, 0.0708, 0.0003, 98.438, 100.000, 0.987, 0.649, 
[0] Train acc: 0.9844
4, 252, 0.0484, 0.0003, 98.438, 100.000, 0.985, 0.674, 
[15] Train acc: 1.0000
4, 252, 0.0244, 0.0003, 100.000, 100.000, 0.983, 0.658, 
[30] Train acc: 0.9844
4, 252, 0.0416, 0.0003, 98.438, 100.000, 0.981, 0.648, 
[45] Train acc: 1.0000
4, 252, 0.0063, 0.0003, 100.000, 100.000, 0.985, 0.657, 
[60] Train acc: 1.0000
4, 252, 0.0215, 0.0003, 100.000, 100.000, 0.984, 0.662, 
[75] Train acc: 1.0000
4, 252, 0.0432, 0.0003, 100.000, 100.000, 0.972, 0.665, 
[90] Train acc: 0.9844
4, 252, 0.0448, 0.0002, 98.438, 100.000, 0.985, 0.571, 
[105] Train acc: 1.0000
4, 252, 0.0111, 0.0002, 100.000, 100.000, 0.984, 0.603, 
[120] Train acc: 0.9844
4, 252, 0.0530, 0.0003, 98.438, 100.000, 0.982, 0.671, 
[135] Train acc: 0.9844
4, 252, 0.0300, 0.0003, 98.438, 100.000, 0.985, 0.643, 
[150] Train acc: 0.9688
4, 252, 0.0593, 0.0002, 96.875, 100.000, 0.985, 0.617, 
[165] Train acc: 1.0000
4, 252, 0.0173, 0.0003, 100.000, 100.000, 0.982, 0.652, 
[180] Train acc: 0.9844
4, 252, 0.1133, 0.0002, 98.438, 100.000, 0.985, 0.604, 
[195] Train acc: 1.0000
4, 252, 0.0079, 0.0003, 100.000, 100.000, 0.983, 0.621, 
[210] Train acc: 0.9531
4, 252, 0.1191, 0.0003, 95.312, 100.000, 0.980, 0.614, 
[225] Train acc: 1.0000
4, 252, 0.0161, 0.0003, 100.000, 100.000, 0.985, 0.662, 
[240] Train acc: 1.0000
4, 252, 0.0187, 0.0003, 100.000, 100.000, 0.982, 0.663, 
[255] Train acc: 0.9844
4, 252, 0.1243, 0.0003, 98.438, 98.438, 0.983, 0.632, 
[270] Train acc: 1.0000
4, 252, 0.0103, 0.0002, 100.000, 100.000, 0.986, 0.601, 
[285] Train acc: 0.9688
4, 252, 0.0890, 0.0002, 96.875, 100.000, 0.986, 0.585, 
[300] Train acc: 1.0000
4, 252, 0.0147, 0.0003, 100.000, 100.000, 0.981, 0.611, 
[315] Train acc: 1.0000
4, 252, 0.0182, 0.0002, 100.000, 100.000, 0.985, 0.623, 
[330] Train acc: 1.0000
4, 252, 0.0325, 0.0003, 100.000, 100.000, 0.985, 0.630, 
[345] Train acc: 0.9531
4, 252, 0.0922, 0.0003, 95.312, 100.000, 0.983, 0.650, 
[360] Train acc: 0.9688
4, 252, 0.0669, 0.0003, 96.875, 100.000, 0.979, 0.670, 
[375] Train acc: 1.0000
4, 252, 0.0089, 0.0003, 100.000, 100.000, 0.987, 0.677, 
[390] Train acc: 1.0000
4, 252, 0.0179, 0.0003, 100.000, 100.000, 0.985, 0.634, 
[405] Train acc: 1.0000
4, 252, 0.0076, 0.0003, 100.000, 100.000, 0.982, 0.641, 
[420] Train acc: 0.9688
4, 252, 0.0540, 0.0003, 96.875, 100.000, 0.982, 0.609, 
[435] Train acc: 0.9688
4, 252, 0.0744, 0.0003, 96.875, 100.000, 0.984, 0.629, 
[450] Train acc: 1.0000
4, 252, 0.0152, 0.0003, 100.000, 100.000, 0.983, 0.627, 
[465] Train acc: 0.9844
4, 252, 0.0753, 0.0002, 98.438, 100.000, 0.985, 0.640, 
[480] Train acc: 0.9688
4, 252, 0.0678, 0.0002, 96.875, 100.000, 0.984, 0.605, 
[495] Train acc: 0.9844
4, 252, 0.0385, 0.0003, 98.438, 100.000, 0.985, 0.643, 
[510] Train acc: 0.9531
4, 252, 0.0576, 0.0003, 95.312, 100.000, 0.987, 0.648, 
[525] Train acc: 1.0000
4, 252, 0.0055, 0.0002, 100.000, 100.000, 0.985, 0.602, 
[540] Train acc: 1.0000
4, 252, 0.0088, 0.0003, 100.000, 100.000, 0.980, 0.602, 
[555] Train acc: 0.9844
4, 252, 0.0672, 0.0002, 98.438, 100.000, 0.984, 0.576, 
[570] Train acc: 1.0000
4, 252, 0.0215, 0.0003, 100.000, 100.000, 0.982, 0.585, 
[585] Train acc: 0.9531
4, 252, 0.1056, 0.0002, 95.312, 100.000, 0.986, 0.626, 
[600] Train acc: 1.0000
4, 252, 0.0105, 0.0002, 100.000, 100.000, 0.987, 0.605, 
[615] Train acc: 0.9844
4, 252, 0.0304, 0.0002, 98.438, 100.000, 0.986, 0.558, 
[630] Train acc: 0.9531
4, 252, 0.1299, 0.0002, 95.312, 100.000, 0.983, 0.627, 
[645] Train acc: 1.0000
4, 252, 0.0146, 0.0002, 100.000, 100.000, 0.985, 0.567, 
[660] Train acc: 1.0000
4, 252, 0.0169, 0.0002, 100.000, 100.000, 0.987, 0.596, 
[675] Train acc: 0.9688
4, 252, 0.0538, 0.0002, 96.875, 100.000, 0.986, 0.593, 
[690] Train acc: 0.9844
4, 252, 0.0774, 0.0002, 98.438, 100.000, 0.983, 0.588, 
[705] Train acc: 1.0000
4, 252, 0.0300, 0.0002, 100.000, 100.000, 0.986, 0.562, 
[720] Train acc: 0.9844
4, 252, 0.0937, 0.0002, 98.438, 100.000, 0.983, 0.562, 
[735] Train acc: 1.0000
4, 252, 0.0191, 0.0002, 100.000, 100.000, 0.980, 0.554, 
[750] Train acc: 1.0000
4, 252, 0.0044, 0.0002, 100.000, 100.000, 0.983, 0.540, 
[765] Train acc: 0.9531
4, 252, 0.0958, 0.0002, 95.312, 100.000, 0.985, 0.566, 
[780] Train acc: 0.9688
4, 252, 0.0661, 0.0002, 96.875, 100.000, 0.985, 0.572, 
[795] Train acc: 0.9531
4, 252, 0.1070, 0.0002, 95.312, 100.000, 0.983, 0.580, 
[810] Train acc: 1.0000
4, 252, 0.0131, 0.0002, 100.000, 100.000, 0.985, 0.606, 
[825] Train acc: 0.9688
4, 252, 0.0316, 0.0002, 96.875, 100.000, 0.985, 0.582, 
[840] Train acc: 1.0000
4, 252, 0.0235, 0.0002, 100.000, 100.000, 0.986, 0.589, 
[855] Train acc: 1.0000
4, 252, 0.0032, 0.0002, 100.000, 100.000, 0.986, 0.603, 
[870] Train acc: 0.9844
4, 252, 0.0457, 0.0003, 98.438, 100.000, 0.983, 0.614, 
[885] Train acc: 1.0000
4, 252, 0.0180, 0.0002, 100.000, 100.000, 0.983, 0.590, 
[900] Train acc: 0.9844
4, 252, 0.0469, 0.0003, 98.438, 100.000, 0.980, 0.615, 
[915] Train acc: 1.0000
4, 252, 0.0054, 0.0002, 100.000, 100.000, 0.987, 0.556, 
[930] Train acc: 0.9688
4, 252, 0.1351, 0.0002, 96.875, 100.000, 0.988, 0.604, 
[0] Train acc: 0.9531
5, 252, 0.1104, 0.0003, 95.312, 100.000, 0.982, 0.624, 
[15] Train acc: 0.9844
5, 252, 0.0755, 0.0002, 98.438, 100.000, 0.987, 0.614, 
[30] Train acc: 1.0000
5, 252, 0.0264, 0.0002, 100.000, 100.000, 0.988, 0.566, 
[45] Train acc: 0.9531
5, 252, 0.0984, 0.0002, 95.312, 100.000, 0.986, 0.568, 
[60] Train acc: 1.0000
5, 252, 0.0236, 0.0002, 100.000, 100.000, 0.983, 0.559, 
[75] Train acc: 0.9844
5, 252, 0.0256, 0.0002, 98.438, 100.000, 0.988, 0.560, 
[90] Train acc: 0.9531
5, 252, 0.1569, 0.0003, 95.312, 100.000, 0.984, 0.622, 
[105] Train acc: 0.9844
5, 252, 0.0473, 0.0002, 98.438, 100.000, 0.987, 0.606, 
[120] Train acc: 1.0000
5, 252, 0.0015, 0.0002, 100.000, 100.000, 0.986, 0.639, 
[135] Train acc: 0.9844
5, 252, 0.0393, 0.0002, 98.438, 100.000, 0.988, 0.623, 
[150] Train acc: 1.0000
5, 252, 0.0231, 0.0002, 100.000, 100.000, 0.988, 0.584, 
[165] Train acc: 0.9844
5, 252, 0.0324, 0.0002, 98.438, 100.000, 0.984, 0.624, 
[180] Train acc: 0.9844
5, 252, 0.0189, 0.0002, 98.438, 100.000, 0.985, 0.603, 
[195] Train acc: 1.0000
5, 252, 0.0243, 0.0002, 100.000, 100.000, 0.986, 0.583, 
[210] Train acc: 0.9688
5, 252, 0.2014, 0.0002, 96.875, 98.438, 0.986, 0.616, 
[225] Train acc: 0.9688
5, 252, 0.0636, 0.0002, 96.875, 100.000, 0.981, 0.570, 
[240] Train acc: 0.9844
5, 252, 0.0409, 0.0002, 98.438, 100.000, 0.988, 0.572, 
[255] Train acc: 0.9844
5, 252, 0.0414, 0.0002, 98.438, 100.000, 0.985, 0.617, 
[270] Train acc: 1.0000
5, 252, 0.0077, 0.0002, 100.000, 100.000, 0.984, 0.589, 
[285] Train acc: 0.9844
5, 252, 0.0314, 0.0002, 98.438, 100.000, 0.986, 0.606, 
[300] Train acc: 0.9688
5, 252, 0.0770, 0.0002, 96.875, 100.000, 0.987, 0.617, 
[315] Train acc: 0.9688
5, 252, 0.0528, 0.0002, 96.875, 100.000, 0.986, 0.595, 
[330] Train acc: 0.9844
5, 252, 0.0357, 0.0002, 98.438, 100.000, 0.986, 0.593, 
[345] Train acc: 1.0000
5, 252, 0.0078, 0.0002, 100.000, 100.000, 0.986, 0.596, 
[360] Train acc: 1.0000
5, 252, 0.0062, 0.0002, 100.000, 100.000, 0.988, 0.580, 
[375] Train acc: 1.0000
5, 252, 0.0182, 0.0002, 100.000, 100.000, 0.985, 0.543, 
[390] Train acc: 0.9844
5, 252, 0.0347, 0.0002, 98.438, 100.000, 0.986, 0.534, 
[405] Train acc: 0.9844
5, 252, 0.0357, 0.0002, 98.438, 100.000, 0.986, 0.520, 
[420] Train acc: 0.9844
5, 252, 0.0288, 0.0002, 98.438, 100.000, 0.987, 0.500, 
[435] Train acc: 1.0000
5, 252, 0.0384, 0.0002, 100.000, 100.000, 0.987, 0.459, 
[450] Train acc: 0.9688
5, 252, 0.0746, 0.0002, 96.875, 100.000, 0.986, 0.514, 
[465] Train acc: 0.9531
5, 252, 0.2299, 0.0003, 95.312, 100.000, 0.985, 0.598, 
[480] Train acc: 1.0000
5, 252, 0.0095, 0.0002, 100.000, 100.000, 0.985, 0.593, 
[495] Train acc: 0.9688
5, 252, 0.0636, 0.0002, 96.875, 100.000, 0.985, 0.602, 
[510] Train acc: 0.9531
5, 252, 0.0753, 0.0002, 95.312, 100.000, 0.987, 0.586, 
[525] Train acc: 0.9688
5, 252, 0.0763, 0.0002, 96.875, 100.000, 0.988, 0.491, 
[540] Train acc: 0.9688
5, 252, 0.1208, 0.0002, 96.875, 100.000, 0.988, 0.495, 
[555] Train acc: 0.9844
5, 252, 0.0301, 0.0002, 98.438, 100.000, 0.990, 0.528, 
[570] Train acc: 1.0000
5, 252, 0.0098, 0.0002, 100.000, 100.000, 0.986, 0.524, 
[585] Train acc: 1.0000
5, 252, 0.0090, 0.0002, 100.000, 100.000, 0.985, 0.529, 
[600] Train acc: 1.0000
5, 252, 0.0170, 0.0002, 100.000, 100.000, 0.985, 0.566, 
[615] Train acc: 0.9844
5, 252, 0.0246, 0.0002, 98.438, 100.000, 0.988, 0.576, 
[630] Train acc: 0.9219
5, 252, 0.1508, 0.0002, 92.188, 100.000, 0.987, 0.540, 
[645] Train acc: 1.0000
5, 252, 0.0039, 0.0002, 100.000, 100.000, 0.987, 0.526, 
[660] Train acc: 1.0000
5, 252, 0.0033, 0.0002, 100.000, 100.000, 0.987, 0.534, 
[675] Train acc: 1.0000
5, 252, 0.0219, 0.0002, 100.000, 100.000, 0.987, 0.562, 
[690] Train acc: 1.0000
5, 252, 0.0031, 0.0002, 100.000, 100.000, 0.986, 0.564, 
[705] Train acc: 1.0000
5, 252, 0.0078, 0.0002, 100.000, 100.000, 0.988, 0.554, 
[720] Train acc: 0.9844
5, 252, 0.0540, 0.0002, 98.438, 100.000, 0.986, 0.571, 
[735] Train acc: 0.9844
5, 252, 0.0684, 0.0002, 98.438, 100.000, 0.987, 0.544, 
[750] Train acc: 1.0000
5, 252, 0.0082, 0.0002, 100.000, 100.000, 0.986, 0.504, 
[765] Train acc: 1.0000
5, 252, 0.0112, 0.0002, 100.000, 100.000, 0.983, 0.582, 
[780] Train acc: 0.9531
5, 252, 0.2455, 0.0002, 95.312, 100.000, 0.988, 0.580, 
[795] Train acc: 0.9688
5, 252, 0.0589, 0.0002, 96.875, 100.000, 0.988, 0.574, 
[810] Train acc: 0.9844
5, 252, 0.0220, 0.0002, 98.438, 100.000, 0.986, 0.554, 
[825] Train acc: 1.0000
5, 252, 0.0090, 0.0002, 100.000, 100.000, 0.983, 0.527, 
[840] Train acc: 0.9844
5, 252, 0.0306, 0.0002, 98.438, 100.000, 0.987, 0.534, 
[855] Train acc: 1.0000
5, 252, 0.0127, 0.0002, 100.000, 100.000, 0.985, 0.497, 
[870] Train acc: 0.9688
5, 252, 0.1107, 0.0002, 96.875, 100.000, 0.980, 0.482, 
[885] Train acc: 1.0000
5, 252, 0.0024, 0.0002, 100.000, 100.000, 0.987, 0.556, 
[900] Train acc: 1.0000
5, 252, 0.0236, 0.0002, 100.000, 100.000, 0.987, 0.560, 
[915] Train acc: 0.9844
5, 252, 0.0203, 0.0002, 98.438, 100.000, 0.987, 0.582, 
[930] Train acc: 0.9844
5, 252, 0.0435, 0.0002, 98.438, 100.000, 0.986, 0.613, 
[0] Train acc: 1.0000
6, 252, 0.0085, 0.0002, 100.000, 100.000, 0.985, 0.543, 
[15] Train acc: 1.0000
6, 252, 0.0074, 0.0002, 100.000, 100.000, 0.990, 0.554, 
[30] Train acc: 0.9844
6, 252, 0.0378, 0.0002, 98.438, 100.000, 0.986, 0.606, 
[45] Train acc: 1.0000
6, 252, 0.0035, 0.0002, 100.000, 100.000, 0.989, 0.598, 
[60] Train acc: 1.0000
6, 252, 0.0291, 0.0002, 100.000, 100.000, 0.987, 0.560, 
[75] Train acc: 1.0000
6, 252, 0.0240, 0.0002, 100.000, 100.000, 0.986, 0.532, 
[90] Train acc: 1.0000
6, 252, 0.0225, 0.0002, 100.000, 100.000, 0.987, 0.515, 
[105] Train acc: 0.9688
6, 252, 0.0429, 0.0002, 96.875, 100.000, 0.987, 0.510, 
[120] Train acc: 0.9844
6, 252, 0.0526, 0.0002, 98.438, 100.000, 0.988, 0.479, 
[135] Train acc: 1.0000
6, 252, 0.0031, 0.0002, 100.000, 100.000, 0.988, 0.474, 
[150] Train acc: 1.0000
6, 252, 0.0227, 0.0002, 100.000, 100.000, 0.986, 0.514, 
[165] Train acc: 1.0000
6, 252, 0.0111, 0.0002, 100.000, 100.000, 0.986, 0.521, 
[180] Train acc: 1.0000
6, 252, 0.0106, 0.0002, 100.000, 100.000, 0.988, 0.492, 
[195] Train acc: 0.9688
6, 252, 0.0541, 0.0002, 96.875, 100.000, 0.988, 0.510, 
[210] Train acc: 0.9844
6, 252, 0.0496, 0.0002, 98.438, 100.000, 0.987, 0.557, 
[225] Train acc: 0.9688
6, 252, 0.0520, 0.0002, 96.875, 100.000, 0.989, 0.541, 
[240] Train acc: 1.0000
6, 252, 0.0066, 0.0002, 100.000, 100.000, 0.986, 0.538, 
[255] Train acc: 0.9844
6, 252, 0.0878, 0.0002, 98.438, 100.000, 0.987, 0.545, 
[270] Train acc: 1.0000
6, 252, 0.0132, 0.0002, 100.000, 100.000, 0.988, 0.571, 
[285] Train acc: 0.9688
6, 252, 0.0930, 0.0002, 96.875, 100.000, 0.988, 0.537, 
[300] Train acc: 0.9844
6, 252, 0.1033, 0.0002, 98.438, 100.000, 0.985, 0.608, 
[315] Train acc: 1.0000
6, 252, 0.0046, 0.0002, 100.000, 100.000, 0.988, 0.547, 
[330] Train acc: 0.9844
6, 252, 0.0216, 0.0002, 98.438, 100.000, 0.988, 0.553, 
[345] Train acc: 0.9688
6, 252, 0.1465, 0.0002, 96.875, 100.000, 0.989, 0.556, 
[360] Train acc: 0.9844
6, 252, 0.0298, 0.0002, 98.438, 100.000, 0.990, 0.566, 
[375] Train acc: 0.9844
6, 252, 0.0448, 0.0003, 98.438, 100.000, 0.984, 0.603, 
[390] Train acc: 0.9844
6, 252, 0.0541, 0.0002, 98.438, 100.000, 0.987, 0.569, 
[405] Train acc: 1.0000
6, 252, 0.0164, 0.0002, 100.000, 100.000, 0.984, 0.574, 
[420] Train acc: 1.0000
6, 252, 0.0045, 0.0002, 100.000, 100.000, 0.985, 0.564, 
[435] Train acc: 1.0000
6, 252, 0.0035, 0.0002, 100.000, 100.000, 0.988, 0.559, 
[450] Train acc: 1.0000
6, 252, 0.0090, 0.0002, 100.000, 100.000, 0.986, 0.547, 
[465] Train acc: 0.9844
6, 252, 0.0272, 0.0002, 98.438, 100.000, 0.989, 0.578, 
[480] Train acc: 1.0000
6, 252, 0.0067, 0.0002, 100.000, 100.000, 0.988, 0.589, 
[495] Train acc: 1.0000
6, 252, 0.0115, 0.0002, 100.000, 100.000, 0.987, 0.558, 
[510] Train acc: 0.9688
6, 252, 0.1064, 0.0002, 96.875, 100.000, 0.986, 0.541, 
[525] Train acc: 0.9688
6, 252, 0.0514, 0.0002, 96.875, 100.000, 0.991, 0.554, 
[540] Train acc: 0.9844
6, 252, 0.0582, 0.0002, 98.438, 100.000, 0.986, 0.577, 
[555] Train acc: 1.0000
6, 252, 0.0139, 0.0002, 100.000, 100.000, 0.989, 0.526, 
[570] Train acc: 0.9688
6, 252, 0.0436, 0.0002, 96.875, 100.000, 0.989, 0.503, 
[585] Train acc: 0.9844
6, 252, 0.0471, 0.0002, 98.438, 100.000, 0.988, 0.529, 
[600] Train acc: 1.0000
6, 252, 0.0010, 0.0002, 100.000, 100.000, 0.986, 0.532, 
[615] Train acc: 1.0000
6, 252, 0.0274, 0.0002, 100.000, 100.000, 0.989, 0.454, 
[630] Train acc: 0.9844
6, 252, 0.0533, 0.0002, 98.438, 100.000, 0.981, 0.483, 
[645] Train acc: 1.0000
6, 252, 0.0045, 0.0002, 100.000, 100.000, 0.989, 0.456, 
[660] Train acc: 1.0000
6, 252, 0.0103, 0.0002, 100.000, 100.000, 0.988, 0.475, 
[675] Train acc: 1.0000
6, 252, 0.0031, 0.0002, 100.000, 100.000, 0.990, 0.498, 
[690] Train acc: 1.0000
6, 252, 0.0067, 0.0002, 100.000, 100.000, 0.988, 0.484, 
[705] Train acc: 1.0000
6, 252, 0.0077, 0.0002, 100.000, 100.000, 0.986, 0.504, 
[720] Train acc: 0.9844
6, 252, 0.0290, 0.0002, 98.438, 100.000, 0.985, 0.512, 
[735] Train acc: 0.9844
6, 252, 0.0469, 0.0002, 98.438, 100.000, 0.988, 0.482, 
[750] Train acc: 0.9844
6, 252, 0.0277, 0.0002, 98.438, 100.000, 0.990, 0.538, 
[765] Train acc: 1.0000
6, 252, 0.0017, 0.0002, 100.000, 100.000, 0.989, 0.555, 
[780] Train acc: 1.0000
6, 252, 0.0126, 0.0002, 100.000, 100.000, 0.987, 0.533, 
[795] Train acc: 0.9844
6, 252, 0.0272, 0.0002, 98.438, 100.000, 0.988, 0.515, 
[810] Train acc: 1.0000
6, 252, 0.0162, 0.0002, 100.000, 100.000, 0.988, 0.483, 
[825] Train acc: 0.9688
6, 252, 0.0488, 0.0002, 96.875, 100.000, 0.988, 0.536, 
[840] Train acc: 0.9844
6, 252, 0.0506, 0.0002, 98.438, 100.000, 0.987, 0.527, 
[855] Train acc: 1.0000
6, 252, 0.0059, 0.0002, 100.000, 100.000, 0.987, 0.515, 
[870] Train acc: 1.0000
6, 252, 0.0069, 0.0002, 100.000, 100.000, 0.987, 0.476, 
[885] Train acc: 0.9688
6, 252, 0.0715, 0.0002, 96.875, 100.000, 0.987, 0.521, 
[900] Train acc: 1.0000
6, 252, 0.0087, 0.0002, 100.000, 100.000, 0.989, 0.513, 
[915] Train acc: 1.0000
6, 252, 0.0105, 0.0002, 100.000, 100.000, 0.988, 0.520, 
[930] Train acc: 1.0000
6, 252, 0.0081, 0.0002, 100.000, 100.000, 0.987, 0.526, 
[0] Train acc: 1.0000, Constr acc: 0.7812, CE loss: 0.005, DL2 loss: 11.384
