epoch, neuron_units, loss, dl2_loss, top1, top5, dl2_p_acc, dl2_constraint_acc
[0] Train acc: 0.1406
1, 252, 2.2927, 0.0023, 14.062, 59.375, 0.103, 0.000, 
[15] Train acc: 0.1875
1, 252, 2.2763, 0.0023, 18.750, 68.750, 0.103, 0.200, 
[30] Train acc: 0.3125
1, 252, 2.2343, 0.0023, 31.250, 75.000, 0.205, 1.000, 
[45] Train acc: 0.3594
1, 252, 2.1083, 0.0022, 35.938, 89.062, 0.408, 0.800, 
[60] Train acc: 0.5625
1, 252, 1.8079, 0.0021, 56.250, 90.625, 0.576, 0.800, 
[75] Train acc: 0.6719
1, 252, 1.1560, 0.0017, 67.188, 95.312, 0.646, 0.700, 
[90] Train acc: 0.6250
1, 252, 1.0569, 0.0015, 62.500, 98.438, 0.674, 0.800, 
[105] Train acc: 0.7031
1, 252, 0.8945, 0.0013, 70.312, 95.312, 0.730, 1.000, 
[120] Train acc: 0.8125
1, 252, 0.5999, 0.0011, 81.250, 98.438, 0.806, 0.700, 
[135] Train acc: 0.8594
1, 252, 0.3908, 0.0010, 85.938, 100.000, 0.854, 1.000, 
[150] Train acc: 0.8594
1, 252, 0.5338, 0.0010, 85.938, 100.000, 0.820, 0.800, 
[165] Train acc: 0.8281
1, 252, 0.5438, 0.0010, 82.812, 98.438, 0.764, 0.800, 
[180] Train acc: 0.9062
1, 252, 0.4400, 0.0009, 90.625, 98.438, 0.846, 0.700, 
[195] Train acc: 0.9062
1, 252, 0.2807, 0.0009, 90.625, 100.000, 0.848, 0.800, 
[210] Train acc: 0.9219
1, 252, 0.3620, 0.0009, 92.188, 98.438, 0.857, 0.700, 
[225] Train acc: 0.8906
1, 252, 0.3961, 0.0008, 89.062, 100.000, 0.886, 0.600, 
[240] Train acc: 0.8750
1, 252, 0.4191, 0.0008, 87.500, 98.438, 0.877, 0.700, 
[255] Train acc: 0.8281
1, 252, 0.4304, 0.0008, 82.812, 100.000, 0.853, 1.000, 
[270] Train acc: 0.9219
1, 252, 0.2301, 0.0008, 92.188, 100.000, 0.844, 1.000, 
[285] Train acc: 0.9375
1, 252, 0.2475, 0.0007, 93.750, 100.000, 0.920, 0.800, 
[300] Train acc: 0.9062
1, 252, 0.2684, 0.0007, 90.625, 100.000, 0.911, 1.000, 
[315] Train acc: 0.9375
1, 252, 0.2690, 0.0007, 93.750, 98.438, 0.921, 0.800, 
[330] Train acc: 0.9062
1, 252, 0.3765, 0.0007, 90.625, 98.438, 0.864, 0.800, 
[345] Train acc: 0.8594
1, 252, 0.4717, 0.0007, 85.938, 98.438, 0.908, 0.800, 
[360] Train acc: 0.8750
1, 252, 0.2840, 0.0007, 87.500, 100.000, 0.908, 0.900, 
[375] Train acc: 0.9375
1, 252, 0.1569, 0.0007, 93.750, 100.000, 0.922, 0.800, 
[390] Train acc: 0.9219
1, 252, 0.2107, 0.0006, 92.188, 100.000, 0.915, 0.700, 
[405] Train acc: 0.9375
1, 252, 0.1972, 0.0006, 93.750, 100.000, 0.917, 0.500, 
[420] Train acc: 0.9375
1, 252, 0.2407, 0.0006, 93.750, 100.000, 0.935, 0.800, 
[435] Train acc: 0.9219
1, 252, 0.2249, 0.0006, 92.188, 100.000, 0.934, 0.300, 
[450] Train acc: 0.9219
1, 252, 0.1830, 0.0006, 92.188, 100.000, 0.942, 0.500, 
[465] Train acc: 0.8906
1, 252, 0.3452, 0.0006, 89.062, 100.000, 0.912, 0.700, 
[480] Train acc: 1.0000
1, 252, 0.0759, 0.0006, 100.000, 100.000, 0.935, 0.400, 
[495] Train acc: 0.9531
1, 252, 0.1630, 0.0006, 95.312, 100.000, 0.947, 0.700, 
[510] Train acc: 0.9219
1, 252, 0.1678, 0.0005, 92.188, 100.000, 0.948, 0.500, 
[525] Train acc: 0.9531
1, 252, 0.1374, 0.0006, 95.312, 100.000, 0.945, 0.200, 
[540] Train acc: 0.9531
1, 252, 0.2549, 0.0006, 95.312, 98.438, 0.932, 0.200, 
[555] Train acc: 0.9688
1, 252, 0.1706, 0.0005, 96.875, 98.438, 0.953, 0.600, 
[570] Train acc: 0.9531
1, 252, 0.1493, 0.0005, 95.312, 100.000, 0.924, 0.400, 
[585] Train acc: 0.9844
1, 252, 0.0839, 0.0005, 98.438, 100.000, 0.950, 0.500, 
[600] Train acc: 0.9531
1, 252, 0.1911, 0.0005, 95.312, 100.000, 0.951, 0.500, 
[615] Train acc: 0.9531
1, 252, 0.1562, 0.0005, 95.312, 100.000, 0.951, 0.800, 
[630] Train acc: 0.9375
1, 252, 0.3316, 0.0005, 93.750, 100.000, 0.956, 0.500, 
[645] Train acc: 0.9688
1, 252, 0.1515, 0.0005, 96.875, 100.000, 0.956, 0.400, 
[660] Train acc: 0.9688
1, 252, 0.1340, 0.0005, 96.875, 100.000, 0.956, 0.400, 
[675] Train acc: 0.9219
1, 252, 0.1611, 0.0005, 92.188, 100.000, 0.956, 0.400, 
[690] Train acc: 0.9688
1, 252, 0.1636, 0.0005, 96.875, 98.438, 0.957, 0.300, 
[705] Train acc: 0.8906
1, 252, 0.3456, 0.0005, 89.062, 100.000, 0.951, 0.100, 
[720] Train acc: 1.0000
1, 252, 0.0531, 0.0005, 100.000, 100.000, 0.958, 0.200, 
[735] Train acc: 0.9375
1, 252, 0.1569, 0.0005, 93.750, 100.000, 0.957, 0.100, 
[750] Train acc: 0.9688
1, 252, 0.0697, 0.0005, 96.875, 100.000, 0.950, 0.300, 
[765] Train acc: 0.9062
1, 252, 0.2833, 0.0005, 90.625, 100.000, 0.946, 0.100, 
[780] Train acc: 0.9219
1, 252, 0.1946, 0.0005, 92.188, 100.000, 0.964, 0.400, 
[795] Train acc: 0.9375
1, 252, 0.1266, 0.0005, 93.750, 100.000, 0.960, 0.200, 
[810] Train acc: 1.0000
1, 252, 0.0542, 0.0005, 100.000, 100.000, 0.964, 0.100, 
[825] Train acc: 0.9531
1, 252, 0.1051, 0.0005, 95.312, 100.000, 0.960, 0.000, 
[840] Train acc: 0.9531
1, 252, 0.1322, 0.0005, 95.312, 100.000, 0.968, 0.400, 
[855] Train acc: 0.9375
1, 252, 0.1512, 0.0005, 93.750, 100.000, 0.942, 0.600, 
[870] Train acc: 0.9531
1, 252, 0.1509, 0.0004, 95.312, 100.000, 0.964, 0.200, 
[885] Train acc: 0.9375
1, 252, 0.1358, 0.0005, 93.750, 100.000, 0.959, 0.300, 
[900] Train acc: 0.9531
1, 252, 0.1066, 0.0004, 95.312, 100.000, 0.962, 0.400, 
[915] Train acc: 0.9375
1, 252, 0.1932, 0.0004, 93.750, 100.000, 0.960, 0.200, 
[930] Train acc: 0.9375
1, 252, 0.1555, 0.0004, 93.750, 100.000, 0.964, 0.300, 
[0] Train acc: 0.9531
2, 252, 0.1419, 0.0004, 95.312, 100.000, 0.963, 0.100, 
[15] Train acc: 0.9844
2, 252, 0.0728, 0.0004, 98.438, 100.000, 0.968, 0.100, 
[30] Train acc: 0.9688
2, 252, 0.0831, 0.0004, 96.875, 100.000, 0.955, 0.300, 
[45] Train acc: 0.9688
2, 252, 0.0926, 0.0004, 96.875, 100.000, 0.965, 0.300, 
[60] Train acc: 0.9844
2, 252, 0.0453, 0.0004, 98.438, 100.000, 0.963, 0.300, 
[75] Train acc: 0.9688
2, 252, 0.1387, 0.0004, 96.875, 100.000, 0.966, 0.000, 
[90] Train acc: 0.9375
2, 252, 0.3302, 0.0004, 93.750, 100.000, 0.967, 0.000, 
[105] Train acc: 0.9844
2, 252, 0.0469, 0.0004, 98.438, 100.000, 0.969, 0.200, 
[120] Train acc: 0.9844
2, 252, 0.0899, 0.0004, 98.438, 100.000, 0.970, 0.200, 
[135] Train acc: 0.9688
2, 252, 0.1524, 0.0004, 96.875, 100.000, 0.963, 0.100, 
[150] Train acc: 0.9531
2, 252, 0.0857, 0.0004, 95.312, 100.000, 0.967, 0.200, 
[165] Train acc: 0.9844
2, 252, 0.0723, 0.0004, 98.438, 100.000, 0.968, 0.100, 
[180] Train acc: 0.9531
2, 252, 0.0809, 0.0004, 95.312, 100.000, 0.967, 0.000, 
[195] Train acc: 0.9844
2, 252, 0.0929, 0.0004, 98.438, 100.000, 0.960, 0.200, 
[210] Train acc: 0.9688
2, 252, 0.0649, 0.0004, 96.875, 100.000, 0.973, 0.100, 
[225] Train acc: 0.9531
2, 252, 0.1443, 0.0004, 95.312, 100.000, 0.966, 0.100, 
[240] Train acc: 0.9531
2, 252, 0.1491, 0.0004, 95.312, 100.000, 0.966, 0.000, 
[255] Train acc: 1.0000
2, 252, 0.0272, 0.0004, 100.000, 100.000, 0.968, 0.000, 
[270] Train acc: 0.9844
2, 252, 0.0611, 0.0003, 98.438, 100.000, 0.973, 0.000, 
[285] Train acc: 0.9844
2, 252, 0.0364, 0.0003, 98.438, 100.000, 0.975, 0.200, 
[300] Train acc: 0.9688
2, 252, 0.0821, 0.0004, 96.875, 100.000, 0.969, 0.000, 
[315] Train acc: 0.9375
2, 252, 0.1149, 0.0004, 93.750, 100.000, 0.975, 0.000, 
[330] Train acc: 0.9688
2, 252, 0.0534, 0.0004, 96.875, 100.000, 0.968, 0.000, 
[345] Train acc: 0.9531
2, 252, 0.2329, 0.0004, 95.312, 100.000, 0.976, 0.000, 
[360] Train acc: 0.9688
2, 252, 0.0643, 0.0004, 96.875, 100.000, 0.962, 0.000, 
[375] Train acc: 0.9688
2, 252, 0.1032, 0.0004, 96.875, 100.000, 0.976, 0.000, 
[390] Train acc: 0.9844
2, 252, 0.0273, 0.0004, 98.438, 100.000, 0.975, 0.000, 
[405] Train acc: 0.9844
2, 252, 0.0432, 0.0004, 98.438, 100.000, 0.968, 0.000, 
[420] Train acc: 0.9844
2, 252, 0.0258, 0.0003, 98.438, 100.000, 0.976, 0.000, 
[435] Train acc: 0.9844
2, 252, 0.0375, 0.0004, 98.438, 100.000, 0.977, 0.000, 
[450] Train acc: 0.9844
2, 252, 0.0817, 0.0003, 98.438, 100.000, 0.974, 0.000, 
[465] Train acc: 0.9688
2, 252, 0.0876, 0.0004, 96.875, 100.000, 0.972, 0.000, 
[480] Train acc: 0.9688
2, 252, 0.0873, 0.0004, 96.875, 100.000, 0.969, 0.000, 
[495] Train acc: 0.9531
2, 252, 0.1178, 0.0004, 95.312, 100.000, 0.972, 0.000, 
[510] Train acc: 1.0000
2, 252, 0.0177, 0.0004, 100.000, 100.000, 0.974, 0.000, 
[525] Train acc: 0.9688
2, 252, 0.1225, 0.0004, 96.875, 100.000, 0.978, 0.000, 
[540] Train acc: 0.9688
2, 252, 0.0677, 0.0004, 96.875, 100.000, 0.977, 0.000, 
[555] Train acc: 1.0000
2, 252, 0.0318, 0.0004, 100.000, 100.000, 0.977, 0.000, 
[570] Train acc: 0.9531
2, 252, 0.1975, 0.0004, 95.312, 100.000, 0.971, 0.000, 
[585] Train acc: 1.0000
2, 252, 0.0184, 0.0004, 100.000, 100.000, 0.964, 0.000, 
[600] Train acc: 0.9531
2, 252, 0.1874, 0.0004, 95.312, 100.000, 0.964, 0.000, 
[615] Train acc: 0.9531
2, 252, 0.1911, 0.0004, 95.312, 100.000, 0.974, 0.000, 
[630] Train acc: 0.9844
2, 252, 0.0757, 0.0004, 98.438, 100.000, 0.970, 0.000, 
[645] Train acc: 0.9062
2, 252, 0.2339, 0.0003, 90.625, 100.000, 0.980, 0.000, 
[660] Train acc: 0.9844
2, 252, 0.0507, 0.0003, 98.438, 100.000, 0.977, 0.000, 
[675] Train acc: 0.9844
2, 252, 0.0637, 0.0003, 98.438, 100.000, 0.978, 0.000, 
[690] Train acc: 0.9688
2, 252, 0.0459, 0.0003, 96.875, 100.000, 0.975, 0.000, 
[705] Train acc: 0.9844
2, 252, 0.0947, 0.0003, 98.438, 100.000, 0.970, 0.000, 
[720] Train acc: 0.9688
2, 252, 0.0641, 0.0003, 96.875, 100.000, 0.977, 0.000, 
[735] Train acc: 0.9844
2, 252, 0.1057, 0.0003, 98.438, 100.000, 0.959, 0.000, 
[750] Train acc: 1.0000
2, 252, 0.0183, 0.0003, 100.000, 100.000, 0.978, 0.000, 
[765] Train acc: 1.0000
2, 252, 0.0371, 0.0003, 100.000, 100.000, 0.978, 0.000, 
[780] Train acc: 0.9844
2, 252, 0.0421, 0.0003, 98.438, 100.000, 0.974, 0.000, 
[795] Train acc: 0.9688
2, 252, 0.0918, 0.0003, 96.875, 100.000, 0.976, 0.000, 
[810] Train acc: 0.9688
2, 252, 0.0796, 0.0003, 96.875, 100.000, 0.976, 0.000, 
[825] Train acc: 0.9375
2, 252, 0.2884, 0.0003, 93.750, 100.000, 0.979, 0.000, 
[840] Train acc: 1.0000
2, 252, 0.0218, 0.0003, 100.000, 100.000, 0.975, 0.100, 
[855] Train acc: 1.0000
2, 252, 0.0167, 0.0003, 100.000, 100.000, 0.980, 0.000, 
[870] Train acc: 0.9844
2, 252, 0.0273, 0.0003, 98.438, 100.000, 0.978, 0.000, 
[885] Train acc: 0.9688
2, 252, 0.0610, 0.0003, 96.875, 100.000, 0.977, 0.000, 
[900] Train acc: 0.9375
2, 252, 0.1101, 0.0003, 93.750, 100.000, 0.978, 0.000, 
[915] Train acc: 0.9844
2, 252, 0.0516, 0.0003, 98.438, 100.000, 0.981, 0.000, 
[930] Train acc: 0.9688
2, 252, 0.1069, 0.0003, 96.875, 100.000, 0.971, 0.000, 
[0] Train acc: 0.9688
3, 252, 0.1489, 0.0003, 96.875, 100.000, 0.969, 0.000, 
[15] Train acc: 1.0000
3, 252, 0.0289, 0.0003, 100.000, 100.000, 0.981, 0.000, 
[30] Train acc: 0.9844
3, 252, 0.0524, 0.0003, 98.438, 100.000, 0.977, 0.000, 
[45] Train acc: 0.9688
3, 252, 0.0788, 0.0004, 96.875, 100.000, 0.970, 0.000, 
[60] Train acc: 1.0000
3, 252, 0.0204, 0.0003, 100.000, 100.000, 0.981, 0.000, 
[75] Train acc: 0.9531
3, 252, 0.1291, 0.0003, 95.312, 100.000, 0.969, 0.000, 
[90] Train acc: 0.9688
3, 252, 0.0700, 0.0003, 96.875, 100.000, 0.975, 0.000, 
[105] Train acc: 1.0000
3, 252, 0.0225, 0.0003, 100.000, 100.000, 0.981, 0.000, 
[120] Train acc: 1.0000
3, 252, 0.0228, 0.0003, 100.000, 100.000, 0.979, 0.000, 
[135] Train acc: 0.9531
3, 252, 0.0802, 0.0003, 95.312, 100.000, 0.981, 0.000, 
[150] Train acc: 1.0000
3, 252, 0.0099, 0.0003, 100.000, 100.000, 0.974, 0.000, 
[165] Train acc: 0.9688
3, 252, 0.1813, 0.0003, 96.875, 100.000, 0.982, 0.000, 
[180] Train acc: 0.9531
3, 252, 0.1139, 0.0003, 95.312, 100.000, 0.980, 0.000, 
[195] Train acc: 0.9844
3, 252, 0.0672, 0.0003, 98.438, 100.000, 0.977, 0.000, 
[210] Train acc: 0.9688
3, 252, 0.0690, 0.0003, 96.875, 100.000, 0.971, 0.000, 
[225] Train acc: 1.0000
3, 252, 0.0137, 0.0003, 100.000, 100.000, 0.982, 0.000, 
[240] Train acc: 0.9688
3, 252, 0.0634, 0.0003, 96.875, 100.000, 0.979, 0.000, 
[255] Train acc: 0.9844
3, 252, 0.0525, 0.0003, 98.438, 100.000, 0.973, 0.000, 
[270] Train acc: 0.9531
3, 252, 0.1225, 0.0003, 95.312, 100.000, 0.982, 0.000, 
[285] Train acc: 0.9688
3, 252, 0.0596, 0.0003, 96.875, 100.000, 0.984, 0.000, 
[300] Train acc: 0.9844
3, 252, 0.0657, 0.0003, 98.438, 100.000, 0.980, 0.000, 
[315] Train acc: 0.9688
3, 252, 0.1433, 0.0003, 96.875, 100.000, 0.983, 0.000, 
[330] Train acc: 0.9531
3, 252, 0.1233, 0.0003, 95.312, 100.000, 0.978, 0.000, 
[345] Train acc: 1.0000
3, 252, 0.0148, 0.0003, 100.000, 100.000, 0.982, 0.000, 
[360] Train acc: 0.9844
3, 252, 0.0623, 0.0003, 98.438, 100.000, 0.979, 0.000, 
[375] Train acc: 1.0000
3, 252, 0.0419, 0.0003, 100.000, 100.000, 0.976, 0.000, 
[390] Train acc: 0.9375
3, 252, 0.2216, 0.0003, 93.750, 100.000, 0.967, 0.000, 
[405] Train acc: 0.9844
3, 252, 0.0486, 0.0003, 98.438, 100.000, 0.982, 0.000, 
[420] Train acc: 1.0000
3, 252, 0.0293, 0.0003, 100.000, 100.000, 0.983, 0.000, 
[435] Train acc: 0.9844
3, 252, 0.0260, 0.0003, 98.438, 100.000, 0.974, 0.000, 
[450] Train acc: 0.9844
3, 252, 0.0510, 0.0003, 98.438, 100.000, 0.979, 0.000, 
[465] Train acc: 0.9844
3, 252, 0.0471, 0.0003, 98.438, 100.000, 0.982, 0.000, 
[480] Train acc: 0.9844
3, 252, 0.1269, 0.0003, 98.438, 100.000, 0.982, 0.000, 
[495] Train acc: 0.9688
3, 252, 0.0567, 0.0003, 96.875, 100.000, 0.983, 0.000, 
[510] Train acc: 0.9531
3, 252, 0.0854, 0.0003, 95.312, 100.000, 0.982, 0.000, 
[525] Train acc: 0.9531
3, 252, 0.1040, 0.0003, 95.312, 100.000, 0.984, 0.000, 
[540] Train acc: 1.0000
3, 252, 0.0216, 0.0003, 100.000, 100.000, 0.982, 0.000, 
[555] Train acc: 0.9531
3, 252, 0.1553, 0.0003, 95.312, 100.000, 0.985, 0.000, 
[570] Train acc: 0.9844
3, 252, 0.0607, 0.0003, 98.438, 100.000, 0.978, 0.000, 
[585] Train acc: 1.0000
3, 252, 0.0113, 0.0003, 100.000, 100.000, 0.983, 0.000, 
[600] Train acc: 0.9375
3, 252, 0.1608, 0.0003, 93.750, 98.438, 0.980, 0.000, 
[615] Train acc: 0.9531
3, 252, 0.1858, 0.0003, 95.312, 100.000, 0.983, 0.000, 
[630] Train acc: 1.0000
3, 252, 0.0248, 0.0003, 100.000, 100.000, 0.983, 0.000, 
[645] Train acc: 0.9688
3, 252, 0.2095, 0.0003, 96.875, 100.000, 0.983, 0.000, 
[660] Train acc: 1.0000
3, 252, 0.0344, 0.0003, 100.000, 100.000, 0.983, 0.000, 
[675] Train acc: 1.0000
3, 252, 0.0165, 0.0003, 100.000, 100.000, 0.984, 0.000, 
[690] Train acc: 0.9844
3, 252, 0.0297, 0.0003, 98.438, 100.000, 0.984, 0.000, 
[705] Train acc: 1.0000
3, 252, 0.0265, 0.0003, 100.000, 100.000, 0.982, 0.000, 
[720] Train acc: 0.9844
3, 252, 0.0475, 0.0003, 98.438, 100.000, 0.983, 0.000, 
[735] Train acc: 0.9844
3, 252, 0.0325, 0.0003, 98.438, 100.000, 0.983, 0.000, 
[750] Train acc: 1.0000
3, 252, 0.0210, 0.0003, 100.000, 100.000, 0.985, 0.000, 
[765] Train acc: 1.0000
3, 252, 0.0205, 0.0003, 100.000, 100.000, 0.981, 0.000, 
[780] Train acc: 0.9531
3, 252, 0.1131, 0.0003, 95.312, 100.000, 0.983, 0.000, 
[795] Train acc: 0.9688
3, 252, 0.0429, 0.0003, 96.875, 100.000, 0.982, 0.000, 
[810] Train acc: 1.0000
3, 252, 0.0081, 0.0003, 100.000, 100.000, 0.978, 0.000, 
[825] Train acc: 1.0000
3, 252, 0.0135, 0.0002, 100.000, 100.000, 0.984, 0.000, 
[840] Train acc: 0.9531
3, 252, 0.0637, 0.0003, 95.312, 100.000, 0.981, 0.000, 
[855] Train acc: 1.0000
3, 252, 0.0079, 0.0003, 100.000, 100.000, 0.977, 0.000, 
[870] Train acc: 1.0000
3, 252, 0.0084, 0.0003, 100.000, 100.000, 0.982, 0.000, 
[885] Train acc: 1.0000
3, 252, 0.0130, 0.0003, 100.000, 100.000, 0.982, 0.000, 
[900] Train acc: 0.9844
3, 252, 0.0273, 0.0003, 98.438, 100.000, 0.981, 0.000, 
[915] Train acc: 0.9531
3, 252, 0.2454, 0.0003, 95.312, 100.000, 0.984, 0.000, 
[930] Train acc: 0.9844
3, 252, 0.0700, 0.0003, 98.438, 100.000, 0.987, 0.000, 
[0] Train acc: 0.9844
4, 252, 0.0492, 0.0003, 98.438, 100.000, 0.985, 0.000, 
[15] Train acc: 1.0000
4, 252, 0.0252, 0.0003, 100.000, 100.000, 0.984, 0.000, 
[30] Train acc: 0.9844
4, 252, 0.0465, 0.0003, 98.438, 100.000, 0.981, 0.000, 
[45] Train acc: 1.0000
4, 252, 0.0069, 0.0003, 100.000, 100.000, 0.985, 0.000, 
[60] Train acc: 1.0000
4, 252, 0.0200, 0.0003, 100.000, 100.000, 0.985, 0.000, 
[75] Train acc: 1.0000
4, 252, 0.0442, 0.0003, 100.000, 100.000, 0.973, 0.000, 
[90] Train acc: 0.9844
4, 252, 0.0424, 0.0002, 98.438, 100.000, 0.986, 0.100, 
[105] Train acc: 1.0000
4, 252, 0.0098, 0.0002, 100.000, 100.000, 0.984, 0.000, 
[120] Train acc: 0.9844
4, 252, 0.0582, 0.0003, 98.438, 100.000, 0.982, 0.000, 
[135] Train acc: 0.9844
4, 252, 0.0365, 0.0003, 98.438, 100.000, 0.985, 0.000, 
[150] Train acc: 0.9688
4, 252, 0.0530, 0.0003, 96.875, 100.000, 0.986, 0.000, 
[165] Train acc: 1.0000
4, 252, 0.0181, 0.0003, 100.000, 100.000, 0.983, 0.000, 
[180] Train acc: 0.9844
4, 252, 0.1068, 0.0002, 98.438, 100.000, 0.985, 0.000, 
[195] Train acc: 1.0000
4, 252, 0.0065, 0.0002, 100.000, 100.000, 0.984, 0.000, 
[210] Train acc: 0.9688
4, 252, 0.1149, 0.0003, 96.875, 100.000, 0.980, 0.000, 
[225] Train acc: 0.9844
4, 252, 0.0266, 0.0003, 98.438, 100.000, 0.984, 0.000, 
[240] Train acc: 1.0000
4, 252, 0.0188, 0.0003, 100.000, 100.000, 0.983, 0.000, 
[255] Train acc: 0.9844
4, 252, 0.1269, 0.0003, 98.438, 98.438, 0.984, 0.000, 
[270] Train acc: 1.0000
4, 252, 0.0097, 0.0002, 100.000, 100.000, 0.986, 0.000, 
[285] Train acc: 0.9844
4, 252, 0.0872, 0.0002, 98.438, 100.000, 0.986, 0.000, 
[300] Train acc: 1.0000
4, 252, 0.0138, 0.0003, 100.000, 100.000, 0.981, 0.000, 
[315] Train acc: 1.0000
4, 252, 0.0184, 0.0003, 100.000, 100.000, 0.985, 0.000, 
[330] Train acc: 1.0000
4, 252, 0.0371, 0.0003, 100.000, 100.000, 0.985, 0.000, 
[345] Train acc: 0.9531
4, 252, 0.0905, 0.0003, 95.312, 100.000, 0.983, 0.000, 
[360] Train acc: 0.9688
4, 252, 0.0696, 0.0003, 96.875, 100.000, 0.980, 0.000, 
[375] Train acc: 1.0000
4, 252, 0.0083, 0.0003, 100.000, 100.000, 0.987, 0.000, 
[390] Train acc: 1.0000
4, 252, 0.0169, 0.0003, 100.000, 100.000, 0.985, 0.000, 
[405] Train acc: 1.0000
4, 252, 0.0087, 0.0003, 100.000, 100.000, 0.983, 0.000, 
[420] Train acc: 0.9688
4, 252, 0.0532, 0.0003, 96.875, 100.000, 0.983, 0.000, 
[435] Train acc: 0.9688
4, 252, 0.0706, 0.0003, 96.875, 100.000, 0.984, 0.000, 
[450] Train acc: 0.9844
4, 252, 0.0191, 0.0003, 98.438, 100.000, 0.983, 0.000, 
[465] Train acc: 0.9844
4, 252, 0.0746, 0.0002, 98.438, 100.000, 0.986, 0.000, 
[480] Train acc: 0.9688
4, 252, 0.0676, 0.0002, 96.875, 100.000, 0.984, 0.000, 
[495] Train acc: 0.9844
4, 252, 0.0458, 0.0003, 98.438, 100.000, 0.986, 0.000, 
[510] Train acc: 0.9688
4, 252, 0.0589, 0.0002, 96.875, 100.000, 0.986, 0.000, 
[525] Train acc: 1.0000
4, 252, 0.0050, 0.0002, 100.000, 100.000, 0.985, 0.000, 
[540] Train acc: 1.0000
4, 252, 0.0088, 0.0003, 100.000, 100.000, 0.979, 0.000, 
[555] Train acc: 0.9844
4, 252, 0.0708, 0.0002, 98.438, 100.000, 0.984, 0.000, 
[570] Train acc: 1.0000
4, 252, 0.0223, 0.0003, 100.000, 100.000, 0.982, 0.000, 
[585] Train acc: 0.9531
4, 252, 0.1069, 0.0002, 95.312, 100.000, 0.986, 0.000, 
[600] Train acc: 1.0000
4, 252, 0.0118, 0.0002, 100.000, 100.000, 0.986, 0.000, 
[615] Train acc: 0.9844
4, 252, 0.0314, 0.0002, 98.438, 100.000, 0.986, 0.000, 
[630] Train acc: 0.9531
4, 252, 0.1357, 0.0002, 95.312, 100.000, 0.983, 0.000, 
[645] Train acc: 1.0000
4, 252, 0.0155, 0.0002, 100.000, 100.000, 0.984, 0.000, 
[660] Train acc: 1.0000
4, 252, 0.0163, 0.0002, 100.000, 100.000, 0.987, 0.000, 
[675] Train acc: 0.9688
4, 252, 0.0475, 0.0002, 96.875, 100.000, 0.985, 0.000, 
[690] Train acc: 0.9844
4, 252, 0.0805, 0.0002, 98.438, 100.000, 0.984, 0.000, 
[705] Train acc: 1.0000
4, 252, 0.0358, 0.0002, 100.000, 100.000, 0.986, 0.000, 
[720] Train acc: 0.9844
4, 252, 0.0912, 0.0002, 98.438, 100.000, 0.983, 0.000, 
[735] Train acc: 1.0000
4, 252, 0.0193, 0.0002, 100.000, 100.000, 0.981, 0.000, 
[750] Train acc: 1.0000
4, 252, 0.0035, 0.0002, 100.000, 100.000, 0.984, 0.000, 
[765] Train acc: 0.9375
4, 252, 0.1056, 0.0002, 93.750, 100.000, 0.983, 0.000, 
[780] Train acc: 0.9688
4, 252, 0.0596, 0.0002, 96.875, 100.000, 0.985, 0.000, 
[795] Train acc: 0.9531
4, 252, 0.1130, 0.0002, 95.312, 100.000, 0.983, 0.000, 
[810] Train acc: 0.9844
4, 252, 0.0195, 0.0002, 98.438, 100.000, 0.985, 0.000, 
[825] Train acc: 0.9688
4, 252, 0.0343, 0.0002, 96.875, 100.000, 0.985, 0.000, 
[840] Train acc: 1.0000
4, 252, 0.0193, 0.0002, 100.000, 100.000, 0.985, 0.100, 
[855] Train acc: 1.0000
4, 252, 0.0029, 0.0002, 100.000, 100.000, 0.985, 0.000, 
[870] Train acc: 0.9844
4, 252, 0.0470, 0.0003, 98.438, 100.000, 0.983, 0.000, 
[885] Train acc: 1.0000
4, 252, 0.0200, 0.0002, 100.000, 100.000, 0.983, 0.000, 
[900] Train acc: 0.9844
4, 252, 0.0475, 0.0003, 98.438, 100.000, 0.980, 0.000, 
[915] Train acc: 1.0000
4, 252, 0.0056, 0.0002, 100.000, 100.000, 0.987, 0.000, 
[930] Train acc: 0.9688
4, 252, 0.1391, 0.0002, 96.875, 100.000, 0.987, 0.000, 
[0] Train acc: 0.9531
5, 252, 0.1102, 0.0003, 95.312, 100.000, 0.983, 0.000, 
[15] Train acc: 0.9844
5, 252, 0.0720, 0.0002, 98.438, 100.000, 0.987, 0.000, 
[30] Train acc: 1.0000
5, 252, 0.0294, 0.0002, 100.000, 100.000, 0.987, 0.000, 
[45] Train acc: 0.9531
5, 252, 0.1029, 0.0002, 95.312, 100.000, 0.985, 0.100, 
[60] Train acc: 1.0000
5, 252, 0.0252, 0.0002, 100.000, 100.000, 0.983, 0.000, 
[75] Train acc: 0.9844
5, 252, 0.0287, 0.0002, 98.438, 100.000, 0.987, 0.000, 
[90] Train acc: 0.9531
5, 252, 0.1605, 0.0003, 95.312, 100.000, 0.984, 0.000, 
[105] Train acc: 0.9844
5, 252, 0.0386, 0.0002, 98.438, 100.000, 0.986, 0.000, 
[120] Train acc: 1.0000
5, 252, 0.0022, 0.0002, 100.000, 100.000, 0.985, 0.000, 
[135] Train acc: 0.9844
5, 252, 0.0400, 0.0002, 98.438, 100.000, 0.988, 0.000, 
[150] Train acc: 1.0000
5, 252, 0.0239, 0.0002, 100.000, 100.000, 0.988, 0.000, 
[165] Train acc: 0.9844
5, 252, 0.0322, 0.0002, 98.438, 100.000, 0.984, 0.000, 
[180] Train acc: 1.0000
5, 252, 0.0168, 0.0002, 100.000, 100.000, 0.986, 0.000, 
[195] Train acc: 0.9844
5, 252, 0.0289, 0.0002, 98.438, 100.000, 0.985, 0.000, 
[210] Train acc: 0.9688
5, 252, 0.2134, 0.0002, 96.875, 98.438, 0.986, 0.000, 
[225] Train acc: 0.9688
5, 252, 0.0581, 0.0002, 96.875, 100.000, 0.981, 0.000, 
[240] Train acc: 0.9844
5, 252, 0.0447, 0.0002, 98.438, 100.000, 0.987, 0.000, 
[255] Train acc: 0.9844
5, 252, 0.0388, 0.0002, 98.438, 100.000, 0.986, 0.000, 
[270] Train acc: 1.0000
5, 252, 0.0078, 0.0003, 100.000, 100.000, 0.983, 0.000, 
[285] Train acc: 0.9844
5, 252, 0.0373, 0.0002, 98.438, 100.000, 0.986, 0.000, 
[300] Train acc: 0.9688
5, 252, 0.0721, 0.0002, 96.875, 100.000, 0.986, 0.000, 
[315] Train acc: 0.9688
5, 252, 0.0610, 0.0002, 96.875, 100.000, 0.985, 0.000, 
[330] Train acc: 1.0000
5, 252, 0.0311, 0.0002, 100.000, 100.000, 0.985, 0.000, 
[345] Train acc: 1.0000
5, 252, 0.0053, 0.0002, 100.000, 100.000, 0.986, 0.000, 
[360] Train acc: 1.0000
5, 252, 0.0069, 0.0002, 100.000, 100.000, 0.988, 0.000, 
[375] Train acc: 1.0000
5, 252, 0.0180, 0.0002, 100.000, 100.000, 0.985, 0.000, 
[390] Train acc: 0.9844
5, 252, 0.0299, 0.0002, 98.438, 100.000, 0.987, 0.000, 
[405] Train acc: 0.9688
5, 252, 0.0394, 0.0002, 96.875, 100.000, 0.986, 0.000, 
[420] Train acc: 0.9844
5, 252, 0.0280, 0.0002, 98.438, 100.000, 0.987, 0.000, 
[435] Train acc: 0.9844
5, 252, 0.0364, 0.0002, 98.438, 100.000, 0.986, 0.000, 
[450] Train acc: 0.9688
5, 252, 0.0735, 0.0002, 96.875, 100.000, 0.987, 0.000, 
[465] Train acc: 0.9531
5, 252, 0.2302, 0.0003, 95.312, 100.000, 0.986, 0.000, 
[480] Train acc: 1.0000
5, 252, 0.0074, 0.0002, 100.000, 100.000, 0.985, 0.000, 
[495] Train acc: 0.9688
5, 252, 0.0723, 0.0003, 96.875, 100.000, 0.986, 0.000, 
[510] Train acc: 0.9531
5, 252, 0.0750, 0.0002, 95.312, 100.000, 0.987, 0.000, 
[525] Train acc: 0.9688
5, 252, 0.0753, 0.0002, 96.875, 100.000, 0.988, 0.000, 
[540] Train acc: 0.9688
5, 252, 0.1275, 0.0002, 96.875, 100.000, 0.988, 0.000, 
[555] Train acc: 0.9844
5, 252, 0.0237, 0.0002, 98.438, 100.000, 0.989, 0.000, 
[570] Train acc: 1.0000
5, 252, 0.0092, 0.0002, 100.000, 100.000, 0.987, 0.000, 
[585] Train acc: 1.0000
5, 252, 0.0076, 0.0002, 100.000, 100.000, 0.985, 0.000, 
[600] Train acc: 1.0000
5, 252, 0.0149, 0.0002, 100.000, 100.000, 0.986, 0.000, 
[615] Train acc: 0.9844
5, 252, 0.0203, 0.0002, 98.438, 100.000, 0.988, 0.000, 
[630] Train acc: 0.9375
5, 252, 0.1450, 0.0002, 93.750, 100.000, 0.988, 0.000, 
[645] Train acc: 1.0000
5, 252, 0.0040, 0.0002, 100.000, 100.000, 0.987, 0.000, 
[660] Train acc: 1.0000
5, 252, 0.0038, 0.0002, 100.000, 100.000, 0.987, 0.000, 
[675] Train acc: 1.0000
5, 252, 0.0193, 0.0002, 100.000, 100.000, 0.987, 0.000, 
[690] Train acc: 1.0000
5, 252, 0.0028, 0.0002, 100.000, 100.000, 0.987, 0.000, 
[705] Train acc: 1.0000
5, 252, 0.0094, 0.0002, 100.000, 100.000, 0.988, 0.000, 
[720] Train acc: 0.9844
5, 252, 0.0522, 0.0002, 98.438, 100.000, 0.988, 0.000, 
[735] Train acc: 0.9844
5, 252, 0.0574, 0.0002, 98.438, 100.000, 0.988, 0.000, 
[750] Train acc: 1.0000
5, 252, 0.0062, 0.0002, 100.000, 100.000, 0.986, 0.000, 
[765] Train acc: 0.9844
5, 252, 0.0172, 0.0002, 98.438, 100.000, 0.984, 0.000, 
[780] Train acc: 0.9531
5, 252, 0.2520, 0.0002, 95.312, 100.000, 0.987, 0.000, 
[795] Train acc: 0.9688
5, 252, 0.0624, 0.0002, 96.875, 100.000, 0.988, 0.000, 
[810] Train acc: 0.9844
5, 252, 0.0244, 0.0002, 98.438, 100.000, 0.986, 0.000, 
[825] Train acc: 1.0000
5, 252, 0.0097, 0.0002, 100.000, 100.000, 0.986, 0.000, 
[840] Train acc: 0.9844
5, 252, 0.0248, 0.0002, 98.438, 100.000, 0.988, 0.000, 
[855] Train acc: 1.0000
5, 252, 0.0125, 0.0002, 100.000, 100.000, 0.985, 0.000, 
[870] Train acc: 0.9688
5, 252, 0.1250, 0.0002, 96.875, 100.000, 0.980, 0.000, 
[885] Train acc: 1.0000
5, 252, 0.0025, 0.0002, 100.000, 100.000, 0.988, 0.000, 
[900] Train acc: 1.0000
5, 252, 0.0236, 0.0002, 100.000, 100.000, 0.987, 0.000, 
[915] Train acc: 0.9844
5, 252, 0.0192, 0.0002, 98.438, 100.000, 0.987, 0.000, 
[930] Train acc: 0.9844
5, 252, 0.0358, 0.0003, 98.438, 100.000, 0.984, 0.000, 
[0] Train acc: 1.0000
6, 252, 0.0100, 0.0002, 100.000, 100.000, 0.986, 0.000, 
[15] Train acc: 1.0000
6, 252, 0.0078, 0.0002, 100.000, 100.000, 0.990, 0.000, 
[30] Train acc: 0.9844
6, 252, 0.0399, 0.0002, 98.438, 100.000, 0.986, 0.000, 
[45] Train acc: 1.0000
6, 252, 0.0039, 0.0002, 100.000, 100.000, 0.989, 0.000, 
[60] Train acc: 0.9844
6, 252, 0.0358, 0.0002, 98.438, 100.000, 0.987, 0.000, 
[75] Train acc: 1.0000
6, 252, 0.0224, 0.0002, 100.000, 100.000, 0.987, 0.000, 
[90] Train acc: 1.0000
6, 252, 0.0267, 0.0002, 100.000, 100.000, 0.988, 0.000, 
[105] Train acc: 0.9844
6, 252, 0.0392, 0.0002, 98.438, 100.000, 0.987, 0.000, 
[120] Train acc: 0.9844
6, 252, 0.0495, 0.0002, 98.438, 100.000, 0.988, 0.000, 
[135] Train acc: 1.0000
6, 252, 0.0039, 0.0002, 100.000, 100.000, 0.989, 0.000, 
[150] Train acc: 1.0000
6, 252, 0.0166, 0.0002, 100.000, 100.000, 0.985, 0.000, 
[165] Train acc: 1.0000
6, 252, 0.0103, 0.0002, 100.000, 100.000, 0.986, 0.000, 
[180] Train acc: 1.0000
6, 252, 0.0103, 0.0002, 100.000, 100.000, 0.988, 0.000, 
[195] Train acc: 0.9688
6, 252, 0.0573, 0.0002, 96.875, 100.000, 0.987, 0.000, 
[210] Train acc: 0.9844
6, 252, 0.0431, 0.0002, 98.438, 100.000, 0.987, 0.000, 
[225] Train acc: 0.9688
6, 252, 0.0422, 0.0002, 96.875, 100.000, 0.989, 0.000, 
[240] Train acc: 1.0000
6, 252, 0.0054, 0.0002, 100.000, 100.000, 0.986, 0.000, 
[255] Train acc: 0.9844
6, 252, 0.0919, 0.0002, 98.438, 100.000, 0.986, 0.000, 
[270] Train acc: 1.0000
6, 252, 0.0132, 0.0002, 100.000, 100.000, 0.987, 0.000, 
[285] Train acc: 0.9688
6, 252, 0.1043, 0.0002, 96.875, 100.000, 0.988, 0.000, 
[300] Train acc: 0.9844
6, 252, 0.1036, 0.0002, 98.438, 100.000, 0.985, 0.000, 
[315] Train acc: 1.0000
6, 252, 0.0044, 0.0002, 100.000, 100.000, 0.988, 0.000, 
[330] Train acc: 1.0000
6, 252, 0.0161, 0.0002, 100.000, 100.000, 0.988, 0.000, 
[345] Train acc: 0.9688
6, 252, 0.1493, 0.0002, 96.875, 100.000, 0.989, 0.000, 
[360] Train acc: 0.9844
6, 252, 0.0295, 0.0002, 98.438, 100.000, 0.989, 0.000, 
[375] Train acc: 0.9844
6, 252, 0.0457, 0.0002, 98.438, 100.000, 0.985, 0.000, 
[390] Train acc: 0.9844
6, 252, 0.0532, 0.0002, 98.438, 100.000, 0.987, 0.000, 
[405] Train acc: 0.9844
6, 252, 0.0209, 0.0002, 98.438, 100.000, 0.985, 0.000, 
[420] Train acc: 1.0000
6, 252, 0.0041, 0.0002, 100.000, 100.000, 0.985, 0.000, 
[435] Train acc: 1.0000
6, 252, 0.0039, 0.0002, 100.000, 100.000, 0.987, 0.000, 
[450] Train acc: 1.0000
6, 252, 0.0092, 0.0002, 100.000, 100.000, 0.987, 0.000, 
[465] Train acc: 0.9844
6, 252, 0.0293, 0.0002, 98.438, 100.000, 0.989, 0.000, 
[480] Train acc: 1.0000
6, 252, 0.0078, 0.0002, 100.000, 100.000, 0.988, 0.000, 
[495] Train acc: 1.0000
6, 252, 0.0118, 0.0002, 100.000, 100.000, 0.987, 0.000, 
[510] Train acc: 0.9688
6, 252, 0.1119, 0.0002, 96.875, 100.000, 0.987, 0.000, 
[525] Train acc: 0.9688
6, 252, 0.0495, 0.0002, 96.875, 100.000, 0.991, 0.000, 
[540] Train acc: 0.9688
6, 252, 0.0535, 0.0002, 96.875, 100.000, 0.986, 0.000, 
[555] Train acc: 1.0000
6, 252, 0.0165, 0.0002, 100.000, 100.000, 0.988, 0.000, 
[570] Train acc: 0.9844
6, 252, 0.0528, 0.0002, 98.438, 100.000, 0.989, 0.000, 
[585] Train acc: 0.9844
6, 252, 0.0452, 0.0002, 98.438, 100.000, 0.988, 0.000, 
[600] Train acc: 1.0000
6, 252, 0.0011, 0.0002, 100.000, 100.000, 0.985, 0.000, 
[615] Train acc: 0.9844
6, 252, 0.0370, 0.0002, 98.438, 100.000, 0.988, 0.000, 
[630] Train acc: 0.9844
6, 252, 0.0510, 0.0002, 98.438, 100.000, 0.982, 0.000, 
[645] Train acc: 1.0000
6, 252, 0.0039, 0.0002, 100.000, 100.000, 0.989, 0.000, 
[660] Train acc: 1.0000
6, 252, 0.0106, 0.0002, 100.000, 100.000, 0.989, 0.000, 
[675] Train acc: 1.0000
6, 252, 0.0028, 0.0002, 100.000, 100.000, 0.990, 0.000, 
[690] Train acc: 1.0000
6, 252, 0.0075, 0.0002, 100.000, 100.000, 0.988, 0.000, 
[705] Train acc: 1.0000
6, 252, 0.0077, 0.0002, 100.000, 100.000, 0.987, 0.000, 
[720] Train acc: 0.9844
6, 252, 0.0294, 0.0002, 98.438, 100.000, 0.984, 0.000, 
[735] Train acc: 0.9844
6, 252, 0.0521, 0.0002, 98.438, 100.000, 0.988, 0.000, 
[750] Train acc: 0.9844
6, 252, 0.0211, 0.0002, 98.438, 100.000, 0.990, 0.000, 
[765] Train acc: 1.0000
6, 252, 0.0021, 0.0002, 100.000, 100.000, 0.987, 0.000, 
[780] Train acc: 1.0000
6, 252, 0.0118, 0.0002, 100.000, 100.000, 0.987, 0.000, 
[795] Train acc: 0.9844
6, 252, 0.0259, 0.0002, 98.438, 100.000, 0.989, 0.000, 
[810] Train acc: 1.0000
6, 252, 0.0199, 0.0002, 100.000, 100.000, 0.987, 0.000, 
[825] Train acc: 0.9688
6, 252, 0.0521, 0.0002, 96.875, 100.000, 0.987, 0.000, 
[840] Train acc: 0.9844
6, 252, 0.0415, 0.0002, 98.438, 100.000, 0.987, 0.000, 
[855] Train acc: 1.0000
6, 252, 0.0056, 0.0002, 100.000, 100.000, 0.987, 0.000, 
[870] Train acc: 1.0000
6, 252, 0.0069, 0.0002, 100.000, 100.000, 0.988, 0.000, 
[885] Train acc: 0.9688
6, 252, 0.0726, 0.0002, 96.875, 100.000, 0.988, 0.000, 
[900] Train acc: 1.0000
6, 252, 0.0110, 0.0002, 100.000, 100.000, 0.988, 0.000, 
[915] Train acc: 1.0000
6, 252, 0.0109, 0.0002, 100.000, 100.000, 0.988, 0.000, 
[930] Train acc: 1.0000
6, 252, 0.0092, 0.0002, 100.000, 100.000, 0.988, 0.000, 
[0] Train acc: 1.0000, Constr acc: 0.0000, CE loss: 0.006, DL2 loss: 0.008
